-0.0005174928419465812
-0.0005122226449040083
-0.000528969666933557
-0.000548903234796354
-0.00056600411240193
-0.0005803688768235974
-0.0005964825883698241
-0.0006043572043605253
-0.0006215574989307572
-0.0006243794112145624
-0.0006423595813630088
-0.0006389797852599165
-0.0006557318392008292
-0.0006508210116341004
-0.0006613262980505272
-0.0006584154238601374
-0.0006682189084422738
-0.0006691342603345827
-0.0006779102594935387
-0.0006829369782836726
-0.0006925259831997766
-0.0006974813123067955
-0.0007120692193347297
-0.000720419171790143
-0.0007333567292476521
-0.0007443373520178058
-0.0007562707197775811
-0.0007651749786767191
-0.0007757014046592178
-0.0007854848299449678
-0.0007945258131983157
-0.000802747880400471
-0.0008118263268783164
-0.0008190750491844371
-0.0008277141892557884
-0.0008382776138624818
-0.0008459260075522068
-0.0008618151337700671
-0.0008702809047799684
-0.0008846846584754193
-0.0008947278985792893
-0.0009082133968686668
-0.0009199687150501009
-0.00093178836034038
-0.0009429539046218181
-0.0009556973140399888
-0.000967454569079236
-0.0009784833136054416
-0.0009901937501084323
-0.001000244775884047
-0.0010122475144642162
-0.0010233703150021494
-0.0010294293096939522
-0.0010380130224071588
-0.001049756494186805
-0.0010582146209112502
-0.0010708706166500713
-0.0010733077984646149
-0.0010934217277992725
-0.0011019509410820061
-0.0011126819197941765
-0.0011296614817969766
-0.0011447634127133993
-0.0011585516700777089
-0.0011853529113569315
-0.001202310996106093
-0.0012082402670488832
-0.0012279663549137336
-0.0012413854360510714
-0.0012357320553753569
-0.0011998342296076574
-0.0011417425995491363
-0.0011603889673043035
-0.0012247302020823166
-0.0013207469561767934
-0.0013318862983461906
-0.0013841325650870606
-0.001403372021877495
-0.001487702283069102
-0.0015397249033744136
-0.0016019071079768482
-0.0016509209538253628
-0.0017034236866475961
-0.0016133471031858477
-0.0016807621461697362
-0.001603600932167992
-0.0015504530886351875
-0.0015713611131466308
-0.0015121614996533226
-0.001480014008618417
-0.0016111573329562064
-0.0016099931869407807
-0.0016484048268505483
-0.0014560663412707135
-0.0017174410233745034
-0.001419458009799927
-0.0017593377096762194
-0.001548567795888602
-0.0020642450587041337
0.0011309299775576435
0.0093965704182291
0.015346851449217994
0.016235481078424374
0.018590559853530177
0.02779370916476302
0.041331514055981566
0.04654838938960847
0.04186886164084013
0.03574733099814189
0.028759570992995052
0.01826060100004248
0.003889960811136527
-0.0036562165147776444
-0.00967879083019199
-0.020959323434126167
-0.030658230922310223
-0.032883201194176384
-0.030028849784131513
-0.028638173952172694
-0.02773925194657774
-0.022655114558116342
-0.010556883727330046
0.0013668611550736501
0.006571377983137834
0.010118689703346336
0.013273127457000706
0.015072673765480948
0.014665753702163479
0.013583701582628529
0.014352813897502904
0.012861302746996164
0.01062783617949452
0.01011759723091124
0.010535513396973069
0.008337114364692281
0.003989093111114204
0.0020329155945533403
0.0011336621545398795
-0.0023279818172513792
-0.00717651883864556
-0.010561949755611215
-0.012660581275528986
-0.014266647792730014
-0.012787779746794452
-0.008041622199902003
-0.005043559988802928
-0.00545391510246895
-0.005409647258396155
-0.002989765392456404
2.4345680455796776e-05
0.001951293623386357
0.003332908403715349
0.005021334518416386
0.0052082922202002484
0.004144083327528528
0.0037336034413758715
0.0043016456169511896
0.0036887718675342645
0.0017304368421021564
0.0002501777958611489
-0.0005340715566014235
-0.0013193137014979996
-0.002588447430103691
-0.003403904626133437
-0.0034047208684636105
-0.003138016765534007
-0.002851875347021315
-0.002518155375260593
-0.00155238113348429
-0.00042871236260175064
-0.00037134410140138687
-0.000463865242452695
-6.983525295844485e-07
0.00040629156172138797
0.0005021421902351498
0.0010209725148428634
0.0020001436443857017
0.0021959383853155153
0.0015715847713050279
0.0014223082337166632
0.0015640142369481565
0.001500924639111948
0.001312137478764401
0.001234879172910408
0.0010161151293919368
0.00031219934539000824
-0.0003064111726839005
-0.00048224089120553075
-0.00037267480723805844
-0.00043519692663067074
-0.0007620551410173396
-0.000818048834704726
-0.00048519010778553086
-0.00022573579710084623
-6.148653336868277e-05
0.0002712214702333993
0.0005377685411683192
0.000663653632397693
0.0007139527309897242
0.0007950700691350301
0.0009475132564472773
0.00082634863200484
0.0005307963906228674
0.00020771168147473625
-0.00023974169814854252
-0.00069689220350753
-0.00110765703736414
-0.0013208620298384044
-0.001358860021650407
-0.0012422573451222926
-0.0010694539145191138
-0.0008870690137619794
-0.000753048920169355
-0.0006925704087935136
-0.0005342751863253135
-0.00040823742335150206
-0.0002561851200989233
-1.2679960365109165e-05
0.00024217735799353255
0.0005054036639621976
0.0007679571389013453
0.0008871751987918839
0.0009255309667938979
0.0010082982329851324
0.0010589024764172486
0.00118526436816721
0.0014758546685536026
0.001715296683546091
0.0016179221797714169
0.0012658976216486661
0.0007292743089335076
0.0001911115681834625
-0.0002871616989528356
-0.0006335211794287288
-0.0007694958358894531
-0.0008631402433843565
-0.0010310819513933895
-0.0011462833950350718
-0.0011165461381618938
-0.0008711354385609816
-0.0005315382975330954
-0.00019095957558478216
0.00010884706944663458
0.00040910415750675415
0.0007303282053630147
0.001013597021190838
0.001091095024774152
0.0010120987319501714
0.0008819941178283053
0.0006864326091570607
0.00043660827278575357
0.00019969768695314512
-2.555595495219849e-05
-0.00024722745011409745
-0.00046315288791183226
-0.0006211227008310239
-0.0006837904129302967
-0.0006430441187473589
-0.0005611494038146759
-0.0006332471261095757
-0.0007976473528316083
-0.0008815595277801192
-0.0008534044145580706
-0.000720256407354547
-0.0005158990254410061
-0.00033572201932337666
-0.00012263526000161497
6.199080436032102e-05
0.00018355838871622745
0.00023943378024619653
0.0002500976651629209
0.00021488872746194078
0.00022542894064490285
0.00030537734347507977
0.00038981787480248673
0.00048042146774313163
0.0005449473726712476
0.000512618354540791
0.0002831515238804744
8.133990577025019e-05
-7.770984846812488e-06
2.694330463193402e-05
7.550162680550846e-05
-4.7201936077764805e-06
-0.00010568489165672392
-0.00016150815353181325
-0.0002084877125212939
-0.0002135140915165595
-0.00018476890830105116
-0.0002386661171739092
-0.00030318825168656956
-0.0002599872633481492
-0.00014312027270841292
-2.7048135584190796e-05
4.8941553850507494e-05
0.0001253780848154139
0.0001461702686281034
0.00010256318392527249
4.2319318782625025e-05
5.126052904438287e-05
9.148059361887596e-05
0.00013258845291675572
0.0001762346987957433
0.0002594803916990575
0.00034475161321660967
0.00034049376699259073
0.0002505654482822478
0.00010078863130838649
-6.947900300529033e-05
-0.0002873391250253417
-0.0004895297287114129
-0.000588212518499487
-0.0005858076963465459
-0.0005552073177413915
-0.0004511489437676018
-0.0002751034164360564
-4.05931837636902e-05
0.0001866806543029974
0.00036263858569169066
0.0004824202932722811
0.0005538345216719844
0.00047761027610977003
0.0003928932504263954
0.0002668031542658818
0.00023166644878728137
0.00011380112314002917
0.00012675175432823606
-8.986626823592221e-05
3.5989335734184076e-05
-7.313117081601429e-05
-1.6048443255151014e-05
-4.581405948729102e-05
-2.8667531200336778e-05
-3.465215888404953e-05
-3.0138799022965714e-05
-2.1639363624957023e-05
-2.2172738298975277e-05
-1.4323360450103038e-05
-1.7567312950591077e-05
-1.0849184738645446e-05
-1.0687368160209676e-05
-5.805495657679237e-06
-5.828653826387385e-06
-9.960895049677975e-07
-1.007447386040702e-06
1.174164596062907e-06
8.486946318956532e-07
3.3485244593766934e-06
2.584764761674372e-06
2.9798057485474864e-06
2.398571540706228e-06
2.193226648892631e-06
1.618501086537603e-06
1.3216174447876097e-06
9.88989801198846e-07
6.427491164791603e-07
4.0800771547281917e-07
1.2020251736110862e-07
8.218198291212817e-08
-7.212369938769652e-08
-1.1640602067181961e-07
-2.200057679269292e-07
-1.920255290632257e-07
-2.488760777056079e-07
-2.263237363965033e-07
-2.2369903954536606e-07
-1.8386178248907398e-07
-1.843733774871555e-07
-1.5808124656383274e-07
-1.378919061281519e-07
-1.1395629228249347e-07
-9.69687651752784e-08
-8.011986500264766e-08
-6.610026828408194e-08
-5.759376285868062e-08
-5.034021578948812e-08
-4.681060497362631e-08
-4.244655289211384e-08
-4.382396708656308e-08
-4.476233220928249e-08
-4.7241275349940715e-08
-4.862171132705671e-08
-5.213171042322672e-08
-5.443608961318812e-08
-5.7222897129061145e-08
-5.965666955484034e-08
-6.243732783703035e-08
-6.446186143855767e-08
-6.636118780965067e-08
-6.808906081448227e-08
-6.969599026943399e-08
-7.106981125620197e-08
-7.226771598457587e-08
-7.343321929990845e-08
-7.447060074248363e-08
-7.546677491905227e-08
-7.640126153431182e-08
-7.739814864623357e-08
-7.833978634547156e-08
-7.9299352622169e-08
-8.027171787645601e-08
-8.130668802510191e-08
-8.234892558069314e-08
-8.343573795147746e-08
-8.455703037779129e-08
-8.571633771854329e-08
-8.689795291308812e-08
-8.811302180445658e-08
-8.935848031790469e-08
-9.062853082082191e-08
-9.192006262029838e-08
-9.323367052796894e-08
-9.457050456087267e-08
-9.592583364757216e-08
-9.730059853061421e-08
-9.869418673305141e-08
-1.001074940083801e-07
-1.0153806589047231e-07
-1.0298788916243478e-07
-1.0445714770430546e-07
-1.059463468336061e-07
-1.0745493578745088e-07
-1.0898420123479913e-07
-1.1053445904754544e-07
-1.121061056459996e-07
-1.1369947754656662e-07
-1.1531529286318287e-07
-1.1695393194351145e-07
-1.1861569154149321e-07
-1.2030103202845255e-07
-1.2201041482175212e-07
-1.2374422037162054e-07
-1.2550271957757157e-07
-1.27286331806295e-07
-1.290954181115342e-07
-1.3093033239975488e-07
-1.327913943510034e-07
-1.3467900810901212e-07
-1.3659352747497078e-07
-1.3853531133280889e-07
-1.4050472539779701e-07
-1.425021707518806e-07
-1.445280301043861e-07
-1.4658269435383585e-07
-1.4866656784101595e-07
-1.5078006642722797e-07
-1.529236054458212e-07
-1.5509760751576673e-07
-1.573025077194275e-07
-1.5953874597557545e-07
-1.6180676668762226e-07
-1.6410702088556902e-07
-1.6643996981975705e-07
-1.6880607916634933e-07
-1.7120582082911194e-07
-1.7363967360936963e-07
-1.7610812428375702e-07
-1.7861166498161487e-07
-1.8115079490074e-07
-1.837260205982496e-07
-1.863378559202166e-07
-1.8898682128303326e-07
-1.9167344458755628e-07
-1.9439826139621124e-07
-1.9716181475339448e-07
-1.9996465520184456e-07
-2.0280734119664488e-07
-2.0569043920453658e-07
-2.086145236056356e-07
-2.1158017693309562e-07
-2.1458799005774762e-07
-2.1763856231782472e-07
-2.2073250148871293e-07
-2.2387042399458741e-07
-2.270529550709886e-07
-2.3028072885920197e-07
-2.3355438848708535e-07
-2.3687458624530597e-07
-2.402419837166858e-07
-2.436572519111846e-07
-2.471210713447217e-07
-2.5063413221538557e-07
-2.541971345376042e-07
-2.578107882819934e-07
-2.614758135155849e-07
-2.651929405438026e-07
-2.689629100573448e-07
-2.7278647325991684e-07
-2.7666439204217783e-07
-2.805974391225513e-07
-2.8458639820980137e-07
-2.8863206414465664e-07
-2.9273524306488e-07
-2.9689675257941854e-07
-3.011174219169936e-07
-3.0539809208550536e-07
-3.0973961604550547e-07
-3.1414285890145007e-07
-3.186086980532985e-07
-3.2313802333827266e-07
-3.2773173726932735e-07
-3.323907552010602e-07
-3.371160055020187e-07
-3.419084297258683e-07
-3.46768982794894e-07
-3.516986332393105e-07
-3.566983633542821e-07
-3.6176916938908876e-07
-3.6691206174016815e-07
-3.721280651872009e-07
-3.774182190858274e-07
-3.8278357755746457e-07
-3.8822520969478917e-07
-3.937441997942451e-07
-3.993416475875475e-07
-4.0501866841867896e-07
-4.1077639348406723e-07
-4.166159700762055e-07
-4.225385618114976e-07
-4.2854534882834144e-07
-4.3463752801838973e-07
-4.4081631330204546e-07
-4.4708293588617684e-07
-4.53438644477922e-07
-4.598847055008247e-07
-4.6642240339873605e-07
-4.730530408793266e-07
-4.797779391751077e-07
-4.865984382805468e-07
-4.935158972529875e-07
-5.00531694490314e-07
-5.076472279622653e-07
-5.148639154903766e-07
-5.221831950775221e-07
-5.29606525183086e-07
-5.371353849859895e-07
-5.447712746727094e-07
-5.525157157703991e-07
-5.603702514617409e-07
-5.683364468409263e-07
-5.764158892471562e-07
-5.8461018859451e-07
-5.929209777013797e-07
-6.01349912580278e-07
-6.098986727679227e-07
-6.185689616861414e-07
-6.273625070064338e-07
-6.362810609410939e-07
-6.453264005882166e-07
-6.545003283200046e-07
-6.638046721590138e-07
-6.732412860921248e-07
-6.828120504442264e-07
-6.925188722906733e-07
-7.023636858375704e-07
-7.123484527648953e-07
-7.224751626272734e-07
-7.327458332799346e-07
-7.431625112725489e-07
-7.537272722459097e-07
-7.644422213282087e-07
-7.75309493573922e-07
-7.863312544307481e-07
-7.975097001132784e-07
-8.088470580240473e-07
-8.203455872425884e-07
-8.320075789688464e-07
-8.438353569942898e-07
-8.558312781346703e-07
-8.679977326806984e-07
-8.803371449201682e-07
-8.928519735963854e-07
-9.055447124339507e-07
-9.184178906028527e-07
-9.314740731958965e-07
-9.447158618432563e-07
-9.58145895100539e-07
-9.717668490380471e-07
-9.855814377618204e-07
-9.995924139940084e-07
-1.0138025695929898e-06
-1.0282147360643566e-06
-1.04283178517235e-06
-1.0576566295171714e-06
-1.0726922231264681e-06
-1.0879415619926918e-06
-1.103407684690009e-06
-1.1190936730017561e-06
-1.1350026525192448e-06
-1.1511377932894905e-06
-1.1675023104035557e-06
-1.1840994646716277e-06
-1.2009325632610177e-06
-1.2180049603339972e-06
-1.2353200577617986e-06
-1.2528813057354556e-06
-1.2706922035321706e-06
-1.2887563001536396e-06
-1.3070771950443355e-06
-1.325658538854624e-06
-1.3445040341136198e-06
-1.3636174359899704e-06
-1.3830025530184352e-06
-1.4026632478939005e-06
-1.4226034382273391e-06
-1.4428270973054574e-06
-1.463338254911544e-06
-1.4841409981310324e-06
-1.505239472127356e-06
-1.5266378809609548e-06
-1.5483404884919266e-06
-1.570351619209064e-06
-1.592675659062466e-06
-1.6153170563372975e-06
-1.6382803225741677e-06
-1.6615700334579597e-06
-1.6851908296979315e-06
-1.7091474179779104e-06
-1.7334445719073555e-06
-1.7580871329702513e-06
-1.7830800114419093e-06
-1.8084281874081176e-06
-1.8341367117730156e-06
-1.8602107072398632e-06
-1.886655369320975e-06
-1.91347596738365e-06
-1.9406778457237497e-06
-1.9682664246173723e-06
-1.9962472013659166e-06
-2.0246257514261456e-06
-2.0534077295342873e-06
-2.0825988708049817e-06
-2.112204991874464e-06
-2.142231992074105e-06
-2.172685854599126e-06
-2.2035726477047466e-06
-2.2348985259058526e-06
-2.266669731210494e-06
-2.2988925943759862e-06
-2.3315735361677248e-06
-2.3647190685854164e-06
-2.398335796216164e-06
-2.4324304175563256e-06
-2.467009726332941e-06
-2.502080612828625e-06
-2.5376500652793225e-06
-2.573725171290276e-06
-2.6103131192074325e-06
-2.6474211995495124e-06
-2.685056806496131e-06
-2.7232274393454003e-06
-2.7619407040029714e-06
-2.8012043144735183e-06
-2.8410260944468704e-06
-2.8814139788561205e-06
-2.9223760154178414e-06
-2.963920366220226e-06
-3.0060553094252845e-06
-3.0487892408745474e-06
-3.0921306757494132e-06
-3.1360882502820195e-06
-3.1806707234886445e-06
-3.225886978926271e-06
-3.271746026390406e-06
-3.318257003721674e-06
-3.36542917876736e-06
-3.4132719511149098e-06
-3.4617948539524728e-06
-3.511007555944681e-06
-3.560919863215329e-06
-3.611541721379116e-06
-3.6628832173432623e-06
-3.714954581423061e-06
-3.7677661893826164e-06
-3.821328564527788e-06
-3.875652379712398e-06
-3.930748459480995e-06
-3.986627782341613e-06
-4.043301482868958e-06
-4.100780853890707e-06
-4.159077348733211e-06
-4.218202583581698e-06
-4.278168339820736e-06
-4.338986566273552e-06
-4.400669381596483e-06
-4.463229076715836e-06
-4.526678117337379e-06
-4.591029146369912e-06
-4.656294986387982e-06
-4.722488642316144e-06
-4.7896233039510395e-06
-4.857712348577516e-06
-4.926769343617391e-06
-4.9968080494174755e-06
-5.067842421969948e-06
-5.139886615598355e-06
-5.212954985840288e-06
-5.287062092350879e-06
-5.3622227017922225e-06
-5.438451790708927e-06
-5.515764548509779e-06
-5.594176380579238e-06
-5.67370291132917e-06
-5.754359987252423e-06
-5.836163680104684e-06
-5.919130290148633e-06
-6.003276349389285e-06
-6.088618624791408e-06
-6.1751741216714144e-06
-6.262960087145028e-06
-6.351994013523409e-06
-6.4422936417434114e-06
-6.533876964931934e-06
-6.626762232037471e-06
-6.720967951457963e-06
-6.816512894668072e-06
-6.91341609998296e-06
-7.011696876387967e-06
-7.111374807395807e-06
-7.212469754877505e-06
-7.315001863047999e-06
-7.41899156251561e-06
-7.524459574353526e-06
-7.631426914157585e-06
-7.739914896280902e-06
-7.849945138100418e-06
-7.961539564337234e-06
-8.074720411341453e-06
-8.189510231579723e-06
-8.305931898131398e-06
-8.424008609274453e-06
-8.543763893025918e-06
-8.665221611874508e-06
-8.788405967546226e-06
-8.91334150586524e-06
-9.040053121523546e-06
-9.168566063152506e-06
-9.298905938292894e-06
-9.43109871858692e-06
-9.5651707447996e-06
-9.701148732222536e-06
-9.839059775855474e-06
-9.978931355997213e-06
-1.0120791343469118e-05
-1.0264668005442338e-05
-1.0410590010783533e-05
-1.0558586436090067e-05
-1.0708686771088627e-05
-1.0860920924958485e-05
-1.1015319231856704e-05
-1.1171912457436437e-05
-1.133073180437452e-05
-1.149180891925954e-05
-1.1655175898225709e-05
-1.1820865294106094e-05
-1.1988910121998728e-05
-1.215934386688099e-05
-1.233220048915367e-05
-1.2507514432708977e-05
-1.2685320630271809e-05
-1.2865654512027617e-05
-1.3048552010922853e-05
-1.3234049571825583e-05
-1.3422184156414803e-05
-1.3612993253187319e-05
-1.3806514882058534e-05
-1.4002787605206659e-05
-1.420185053100097e-05
-1.4403743325962812e-05
-1.4608506218058079e-05
-1.4816180009945875e-05
-1.50268060811773e-05
-1.5240426403038336e-05
-1.5457083539566945e-05
-1.56768206643357e-05
-1.5899681559630664e-05
-1.6125710635867126e-05
-1.635495292818829e-05
-1.6587454119673976e-05
-1.6823260533852533e-05
-1.706241916318488e-05
-1.7304977656148795e-05
-1.755098435240397e-05
-1.780048826314969e-05
-1.805353911386474e-05
-1.8310187317360305e-05
-1.8570484024807194e-05
-1.8834481090707327e-05
-1.9102231132683367e-05
-1.9373787488265073e-05
-1.964920428354974e-05
-1.9928536381351122e-05
-2.021183945989923e-05
-2.0499169950098477e-05
-2.0790585128179574e-05
-2.1086143036189712e-05
-2.1385902596198912e-05
-2.1689923505122853e-05
-2.1998266380822635e-05
-2.2310992619360346e-05
-2.2628164586270625e-05
-2.2949845421843724e-05
-2.3276099293080836e-05
-2.3606991130686872e-05
-2.3942586958344988e-05
-2.428295354477009e-05
-2.4628158827515656e-05
-2.4978271461449934e-05
-2.5333361357831864e-05
-2.569349910590545e-05
-2.605875665378707e-05
-2.6429206573144672e-05
-2.6804922915285058e-05
-2.718598028206569e-05
-2.7572454898696632e-05
-2.7964423442862377e-05
-2.836196439118233e-05
-2.8765156537527203e-05
-2.9174080697985677e-05
-2.958881781533397e-05
-3.0009451143369953e-05
-3.0436063802022372e-05
-3.086874158647027e-05
-3.1307569822589345e-05
-3.175263695330164e-05
-3.2204030538193046e-05
-3.2661841783163104e-05
-3.3126160500578954e-05
-3.359708078961145e-05
-3.4074694721458244e-05
-3.455909943855066e-05
-3.5050389259331757e-05
-3.554866453821961e-05
-3.605402183202717e-05
-3.6566564839297136e-05
-3.708639243742257e-05
-3.761361167998502e-05
-3.814832395261636e-05
-3.869063969299353e-05
-3.9240662729282054e-05
-3.979850746079963e-05
-4.03642793576493e-05
-4.093809807675957e-05
-4.152006944646381e-05
-4.211031983467387e-05
-4.270895430412945e-05
-4.331610713870031e-05
-4.393188153655413e-05
-4.455642113763514e-05
-4.5189826031590734e-05
-4.5832250297938725e-05
-4.648379064022977e-05
-4.714461136974633e-05
-4.781480679985628e-05
-4.8494550523852146e-05
-4.918393523738196e-05
-4.98831440075267e-05
-5.0592267153519216e-05
-5.131149877222797e-05
-5.204092502474194e-05
-5.278075359688996e-05
-5.3531063375491486e-05
-5.42920800079239e-05
-5.506386976877404e-05
-5.584668290706848e-05
-5.66405659627935e-05
-5.7445801443026896e-05
-5.826240873444441e-05
-5.909071048263185e-05
-5.9930690566451384e-05
-6.078272171441057e-05
-6.164674098968416e-05
-6.252318442780277e-05
-6.34119276923333e-05
-6.431348647887225e-05
-6.522765787993299e-05
-6.615505504025841e-05
-6.70953790757082e-05
-6.804935903494125e-05
-6.90165783241513e-05
-6.999791171835546e-05
-7.09927830364655e-05
-7.200227093904295e-05
-7.302556597793487e-05
-7.406403541064901e-05
-7.511654785200949e-05
-7.6184850148109e-05
-7.726739294566256e-05
-7.836640857347894e-05
-7.947981184636588e-05
-8.061045515124523e-05
-8.175556262622949e-05
-8.291878894706173e-05
-8.409644299435721e-05
-8.52932781306837e-05
-8.650428134433286e-05
-8.773583961877145e-05
-8.898109378375693e-05
-9.024817536086322e-05
-9.152910071340802e-05
-9.28321226993413e-05
-9.415039870062925e-05
-9.54899165482425e-05
-9.684631247857409e-05
-9.822419715908165e-05
-9.961895817751682e-05
-0.00010103676998161198
-0.00010247068110420029
-0.0001039304931716601
-0.00010540390508911954
-0.00010690823047112327
-0.00010842022857202125
-0.00010997219079841771
-0.00011152260247215481
-0.00011312370111913597
-0.00011471396195395335
-0.00011636560671916167
-0.00011799663238940637
-0.00011970068844350526
-0.00012137285278003432
-0.00012313199226054224
-0.00012484555381754277
-0.00012666239699571716
-0.0001284177825889225
-0.00013029541354465414
-0.00013209158584913416
-0.00013403452623167184
-0.0001358695128081261
-0.00013788239972239958
-0.00013975430513221503
-0.0001418425120851153
-0.0001437485784211794
-0.00014591846302077806
-0.0001478550371395368
-0.00015011472902869485
-0.0001520760218128598
-0.00015443630287380675
-0.00015641360710035024
-0.0001588878393713536
-0.00016087209815052878
-0.00016346953977867257
-0.00016546003220645894
-0.00016818566572317922
-0.00017016962649406666
-0.0001730495769140326
-0.0001750010467926489
-0.0001780730491702659
-0.00017995073425822704
-0.00018325910110105273
-0.00018501757135113914
-0.00018861998177853098
-0.00019019122786423197
-0.00019417610059180822
-0.00019547100903292893
-0.00019994663388997783
-0.00020082353306964066
-0.00020600741576303969
-0.00020611361390252513
-0.00021263226781655879
-0.00021076079814757662
-0.00022127982774027542
-0.00021462061473865798
-0.00022699180313735508
-0.00022236880893741436
-0.0002333754993110985
-0.00022919106325076206
-0.00023587380695885705
-0.00023351938662522116
-0.00024098781071563396
-0.00024206076878827425
-0.00024600546308641447
-0.00025432970157728354
-0.00025539802997326215
-0.00026307644508792756
-0.00026514222576890433
-0.0002726507967054688
-0.0002764737765955836
-0.0002821968214367671
-0.0002856805317258983
-0.0002924899534199689
-0.00029374380570369783
-0.0003019111098879507
-0.00030262179303211934
-0.00031079465000531995
-0.0003121904195461304
-0.000319048145208092
-0.0003234754297582339
-0.00032841441104584056
-0.0003349037972865856
-0.00033800130542776543
-0.0003442391063889316
-0.0003481602402802261
-0.0003558854131411201
-0.00035790171511494424
-0.00036664963925691534
-0.0003665534012642821
-0.00037335399508935384
-0.000371435224593848
-0.0003824514817170629
-0.00037996123606537976
-0.0003902081811542011
-0.00039271975330303793
-0.0004029852265988951
-0.00040667555000502574
-0.00041692864010314866
-0.00042161502548718156
-0.0004306574835712253
-0.0004372247131015477
-0.00044348541746892117
-0.0004554734329520841
-0.00045818766517139744
-0.00047002141495573974
-0.0004695672280357096
-0.0004808312870682328
-0.0004785895862155681
-0.0004941475481823655
-0.0004910733085164828
-0.000503817202453383
-0.0005021836144782402
-0.0005135427728452858
-0.0005101675394690862
-0.0005218426736431907
-0.0005170535472500486
-0.0005357755613697424
9.608581157947538e-06
0.0001917822788599341
9.615494935574873e-06
0.00013978883496912602
3.0934847335899185e-05
5.288253728973503e-05
0.0001297120661869263
5.733272395299846e-05
0.00018518853164995212
0.00015926413734443557
0.0002136518961931811
0.00028315714387921846
0.00021225975269886874
0.00026914710017077333
0.00029537360564252054
0.000280524694739086
0.00035607315847448065
0.00023211055902359998
0.00034994931729097453
0.0002515969959262814
0.00039620400312656784
0.0002617331405854184
0.00048498242995778174
0.0003201133463051959
0.0004837766723440283
0.0004201734190395791
0.00041072729994000534
0.00044724247431696275
0.00034527574399620235
0.0005412768480012388
0.00033358366118062976
0.0005263382084309622
0.0004430703513449611
0.0005703690868850417
0.00048518491029777287
0.0005784977918594737
0.0005274968092499203
0.0006021871547282322
0.0004553012259427172
0.0006220724924349231
0.00030697958777506433
0.0007166303627829244
9.228656965810338e-05
0.000768165796495678
-6.695462305810843e-05
0.0008447636989958926
-0.00013386635802748904
0.0007895402176441885
-1.2276544844978547e-05
0.0006841137242962337
-0.0009591965801357083
0.0015576393241172248
-0.0012205693804548357
0.0023378781890720105
-0.0019192716141325874
0.002960367567956852
-0.002275720859820581
0.0028139317283243604
-0.0023864304443167264
0.0038373812482905725
-0.0032272527722403835
0.005023956607012903
-0.00457081521136456
0.006809985976483085
-0.007968448157595306
0.010986893135940225
-0.013393378352094747
0.01946587702970958
-0.03027753444583114
0.058711953990515965
0.6132842146833201
0.367627153895972
0.1420683027466588
-0.0774726505608716
0.05054569329077596
0.10073062306728153
-0.12486860305171917
0.02015401543988184
-0.050281322806852026
-0.3247965664608763
-0.28299779675644066
-0.26700231834899474
-0.10049839990612994
0.013496815083749225
0.14713110872497254
0.14601824304646277
-0.01299513391583974
0.025480134508076513
-0.04926064392578353
-0.07485137210199276
-0.054024114237445645
0.049773203073144937
0.059067742716306076
0.061087113493811254
0.04150499212986026
0.016479950335218017
-0.022694739564153552
-0.08176084249440971
-0.02301332373115758
0.07357791362936067
0.07859341973119648
-0.024044616768695536
-0.08755638439694757
-0.060144985932764274
-0.00479588739623713
-0.00595189491736617
0.008214841651696312
0.0311930706970698
0.036935812817944724
-0.042289659842356594
-0.0723745344613483
-0.009450256961287352
0.04899998704654689
0.03241321560333539
0.014117354106437448
0.005503809797220259
-0.020430961655335707
-0.037720541834776966
-0.022557333733057537
0.027294736181125587
0.029871738442888568
0.01779588014303634
-0.012750292870841763
-0.008485809565533745
-0.004914568490786372
-0.007293702821443676
-0.00668022100883472
0.005551449170646098
0.01683666732898024
0.007652122661666367
-0.011249494909089362
-0.02753053705198856
-0.01476146035607828
-0.0031088233978884975
0.005539898527946762
0.004263319195577259
0.008500705363002911
0.003022985857314956
-0.013244137554223845
-0.02026580664880339
-0.006180682021714538
0.015854951409325982
0.020664828362465238
0.010803357572857313
0.00030844066392709505
-0.007113818909654665
-0.011822829280857688
-0.005237597441146944
0.009475484993274715
0.01817772472192575
0.006362112546697718
-0.008951110704343384
-0.013106584585938342
-0.004969390057119713
0.0017899133696576324
0.003554346069580729
0.006576057129289509
0.00567705458947592
-0.002325018348741979
-0.011611315549754551
-0.00859965286399886
-0.0004298973417205731
0.004255480528697541
0.002356723137684518
0.0015022051212277157
-0.0001987153171307634
-0.0012689796129136703
-0.0033285038391135478
-0.001610032319741142
0.0033037621816818415
0.007454111623117645
0.006498772340173641
0.0018730357635729422
-0.0006351116284758459
-0.0010120384841759197
-0.0030902789609067866
-0.0016665818034997388
0.0018507464321501296
0.0037356160163126957
-0.0006042402316214506
-0.0067479995039288684
-0.007447424080705737
-0.004743459417432151
-0.0008169340683960495
0.0014489859840438365
0.0013570312341621683
0.0003832605543501702
-0.002628511131662475
-0.004478941260898744
-0.0027324393317600957
0.0013317137389216608
0.0034826339345279175
0.0005975286119908291
-0.002205443526544503
-0.003885829071024626
-0.0040358885623296824
-0.003343228861928937
-0.0020654067652940053
0.00048484324081818006
0.00048326537957061114
-0.000997574204999279
-0.0030168922344338397
-0.0025503818931649183
-0.000829907222121758
-6.022386168494983e-05
0.0010088868285076805
0.0018877900536011113
0.0021244938438694204
0.000798640502836373
-0.001090028359648951
-0.000961161101834679
-9.087547754199306e-05
0.0009436150148807963
0.0006449737953811516
0.000315581404764764
-0.0002579250701118345
-0.0013541473620711742
-0.0022882901665241735
-0.0011737815888865832
0.0002617906879694475
0.0013818511798244898
9.284560504423198e-05
-0.0005932523662743458
-0.0012200776881603785
-0.0009583174645026391
-0.001137024202573492
0.0005249246001965841
0.0011800728433094955
0.001349640474292116
0.0005969250282656393
-0.00024827803075304404
-0.00018829867655875497
0.0004905650199418983
0.0006532323645982801
-2.6646549538181377e-05
-0.0003709998875923361
-0.0005046025776595707
-0.001027489397521494
-0.0016599490602473904
-0.0008927033970363794
-0.000594967932286912
-0.00015908669540009245
-0.00035768400892179786
0.00023727803118110425
-0.0002575462048649903
-0.0002745554420397079
-0.0006161597978538277
-0.0004398005127293408
0.00017794970589830292
-0.00023069705411341414
0.00019665975154107667
3.9487083858503065e-05
0.00016576763158146474
5.9743513102143144e-05
9.566507224711481e-05
5.1996221492562174e-05
2.6713361818154146e-05
1.7476099729190828e-05
2.569091535401598e-05
4.193382852567219e-05
2.6214091819163482e-05
1.6790501922663188e-05
8.868228496251851e-06
3.0323233423581314e-06
-9.251534212679352e-06
-6.39219098466263e-06
-3.4439754922593446e-06
1.4075903502150378e-07
-6.193910880924764e-06
-1.873165107386639e-06
-3.114998492463432e-06
-2.963854074823375e-06
-4.373994169664785e-06
-3.0402207519123533e-06
-3.109158048580137e-06
-2.265275506230344e-06
-1.4146476274754481e-06
-2.015341626806881e-07
2.7149425228529655e-07
1.9419032575756015e-08
9.604060958274749e-08
1.993539306044314e-07
2.7180614098489637e-07
1.3517439942340803e-07
3.616745048539262e-07
3.764665885052027e-07
3.4084304692457443e-07
2.1878839998805237e-07
2.5988884774642124e-07
1.7228442220117504e-07
9.539646563956595e-08
3.33513281169668e-08
3.0901848757278715e-08
6.13462069944809e-09
-6.097043518396236e-09
-9.709400099196339e-09
-1.2696490747114903e-08
-2.990976282146946e-08
-4.7637513922908676e-08
-4.5470940940287746e-08
-4.270725956667838e-08
-4.147512985911697e-08
-4.0039049328637055e-08
-3.1023027520808363e-08
-2.8072677366004295e-08
-2.5990890462151376e-08
-2.395348162051794e-08
-2.036888324009206e-08
-2.0187342441706788e-08
-1.9614016593741943e-08
-1.8300580718368098e-08
-1.6710177414984472e-08
-1.6442961220520635e-08
-1.6445197261408674e-08
-1.6447903688003552e-08
-1.6859929560049305e-08
-1.764886979267776e-08
-1.8292158372647943e-08
-1.8595593958428496e-08
-1.9119222964672283e-08
-1.9704126882967403e-08
-2.0188611150450536e-08
-2.055554085289308e-08
-2.1067888985020627e-08
-2.154523905421521e-08
-2.1956932787139255e-08
-2.2329284723315856e-08
-2.273130809624102e-08
-2.3076622534742852e-08
-2.3382358066252606e-08
-2.369326728519569e-08
-2.4028649497215282e-08
-2.4356484913147514e-08
-2.4678239492832883e-08
-2.5013225714212023e-08
-2.535566924824484e-08
-2.5695857528568178e-08
-2.6039144595743635e-08
-2.6397650878563772e-08
-2.6763232905562852e-08
-2.713345149084334e-08
-2.7511843100555544e-08
-2.7901770975591843e-08
-2.829737756680599e-08
-2.869839643270672e-08
-2.910634610544735e-08
-2.9521520588347838e-08
-2.994189137340425e-08
-3.036828515783421e-08
-3.080166519064953e-08
-3.1241551476466484e-08
-3.168708834699278e-08
-3.213866582932323e-08
-3.259677586967685e-08
-3.3061107326424685e-08
-3.353160376619313e-08
-3.400864648835794e-08
-3.449250041143159e-08
-3.498302196969921e-08
-3.5480360168968494e-08
-3.598476607869546e-08
-3.649634924558342e-08
-3.701509052023676e-08
-3.754115636325078e-08
-3.8074721360990826e-08
-3.861588102581359e-08
-3.9164715514086734e-08
-3.972137382305275e-08
-4.028598199869518e-08
-4.085862817982018e-08
-4.14394154871732e-08
-4.202847679347097e-08
-4.262593133368478e-08
-4.32318827713659e-08
-4.384645223742996e-08
-4.446976855916433e-08
-4.510195410136093e-08
-4.574312666844049e-08
-4.639341598107298e-08
-4.705295327466722e-08
-4.772186598233502e-08
-4.84002842084455e-08
-4.9088346238865786e-08
-4.978619056502775e-08
-5.0493954534096275e-08
-5.121177787067478e-08
-5.1939804970434905e-08
-5.2678181330055585e-08
-5.3427053285821924e-08
-5.418656953074929e-08
-5.4956882870665566e-08
-5.5738147584178874e-08
-5.653051838314452e-08
-5.733415261272804e-08
-5.81492109377052e-08
-5.897585651348097e-08
-5.981425375855588e-08
-6.06645695457389e-08
-6.152697356806569e-08
-6.240163795238896e-08
-6.328873644325202e-08
-6.418844550326597e-08
-6.510094474740033e-08
-6.602641631592125e-08
-6.696504478058765e-08
-6.791701644484616e-08
-6.888252110631016e-08
-6.986175157082039e-08
-7.085490282649973e-08
-7.186217272333109e-08
-7.288376153763345e-08
-7.391987328503064e-08
-7.497071489049462e-08
-7.603649483222535e-08
-7.711742594984292e-08
-7.821372337768126e-08
-7.932560581493109e-08
-8.045329463052253e-08
-8.159701447244677e-08
-8.275699352536248e-08
-8.393346300622495e-08
-8.512665713392847e-08
-8.63368134103315e-08
-8.756417284316864e-08
-8.880898080994293e-08
-9.007148488756993e-08
-9.13519365838486e-08
-9.265059101436907e-08
-9.396770745372096e-08
-9.53035478330061e-08
-9.665837763170315e-08
-9.803246818268149e-08
-9.942609291262172e-08
-1.0083952941414287e-07
-1.0227305924977864e-07
-1.0372696783141414e-07
-1.0520154535703652e-07
-1.066970855192334e-07
-1.0821388581484098e-07
-1.0975224915953791e-07
-1.1131248109017e-07
-1.1289489413278397e-07
-1.144998023217686e-07
-1.161275253640584e-07
-1.1777838856692584e-07
-1.194527202298245e-07
-1.2115085443100554e-07
-1.2287312858654496e-07
-1.2461988657241213e-07
-1.2639147690734695e-07
-1.2818825179724408e-07
-1.3001056955921214e-07
-1.3185879337452439e-07
-1.3373329125349054e-07
-1.3563443657105267e-07
-1.3756260860975367e-07
-1.3951819203411597e-07
-1.415015758871041e-07
-1.4351315523984665e-07
-1.4555333100602086e-07
-1.47622510410228e-07
-1.4972110443621511e-07
-1.5184953190000572e-07
-1.54008217428947e-07
-1.5619759041740622e-07
-1.5841808756467124e-07
-1.606701509129782e-07
-1.6295422988104116e-07
-1.6527077919409328e-07
-1.6762026013028564e-07
-1.7000314115733078e-07
-1.7241989719481154e-07
-1.7487100999191707e-07
-1.7735696754284103e-07
-1.7987826509899274e-07
-1.8243540564691352e-07
-1.8502889844590475e-07
-1.8765925968895758e-07
-1.9032701414206654e-07
-1.930326936549695e-07
-1.9577683710531122e-07
-1.9855999081699633e-07
-2.0138270954108057e-07
-2.0424555603992508e-07
-2.0714910057146848e-07
-2.100939217678508e-07
-2.1308060627055236e-07
-2.1610974942879607e-07
-2.1918195502283202e-07
-2.2229783473267837e-07
-2.254580095009855e-07
-2.2866310904479104e-07
-2.3191377237132383e-07
-2.3521064702631145e-07
-2.3855438947652566e-07
-2.41945667079095e-07
-2.453851546651262e-07
-2.4887353778036076e-07
-2.524115113128019e-07
-2.5599978049467e-07
-2.596390607969689e-07
-2.633300767289912e-07
-2.6707356377879627e-07
-2.708702680856998e-07
-2.7472094611701893e-07
-2.7862636558931893e-07
-2.825873037480553e-07
-2.866045504030688e-07
-2.90678906621363e-07
-2.9481118347550114e-07
-2.9900220439296396e-07
-3.0325280457143937e-07
-3.075638315177794e-07
-3.1193614361392594e-07
-3.1637061195972926e-07
-3.208681206619962e-07
-3.254295659138942e-07
-3.3005585623043995e-07
-3.34747913771985e-07
-3.3950667320536976e-07
-3.4433308314938196e-07
-3.4922810503791634e-07
-3.5419271416660923e-07
-3.592278998102577e-07
-3.6433466570322953e-07
-3.695140291511221e-07
-3.747670216408972e-07
-3.800946908228027e-07
-3.8549809824135403e-07
-3.909783197794236e-07
-3.9653644817879384e-07
-4.021735903154489e-07
-4.078908698505572e-07
-4.1368942697850297e-07
-4.195704149329363e-07
-4.2553500776700785e-07
-4.31584390267253e-07
-4.377197727839597e-07
-4.439423752524677e-07
-4.5025343692561793e-07
-4.5665421743686704e-07
-4.631459905539816e-07
-4.697300510585179e-07
-4.764077094315507e-07
-4.831802968942376e-07
-4.900491647469031e-07
-4.970156788469389e-07
-5.040812292373873e-07
-5.112472231902929e-07
-5.185150879254889e-07
-5.258862722677188e-07
-5.333622445105005e-07
-5.409444956787888e-07
-5.486345354884252e-07
-5.564338966068945e-07
-5.643441329496656e-07
-5.723668213109285e-07
-5.805035591602151e-07
-5.887559685391938e-07
-5.971256940563675e-07
-6.056144026509416e-07
-6.142237866533433e-07
-6.229555610175826e-07
-6.318114662916372e-07
-6.407932664073083e-07
-6.499027511505532e-07
-6.59141735977252e-07
-6.685120617291743e-07
-6.78015595639847e-07
-6.876542314040524e-07
-6.974298892938914e-07
-7.07344517923811e-07
-7.174000922876558e-07
-7.275986158785004e-07
-7.379421211066092e-07
-7.484326694101335e-07
-7.590723510031427e-07
-7.698632853814051e-07
-7.808076232318842e-07
-7.919075451405869e-07
-8.031652630286976e-07
-8.145830200055604e-07
-8.261630912720364e-07
-8.379077843234661e-07
-8.498194395065162e-07
-8.619004298882071e-07
-8.741531631207416e-07
-8.865800806487356e-07
-8.991836586980106e-07
-9.119664084664136e-07
-9.249308769963827e-07
-9.380796480440434e-07
-9.514153413991977e-07
-9.649406141065686e-07
-9.786581613643874e-07
-9.925707166870239e-07
-1.0066810521638936e-06
-1.0209919796416722e-06
-1.035506350294084e-06
-1.050227056693595e-06
-1.0651570319444859e-06
-1.080299250916239e-06
-1.095656730714517e-06
-1.1112325317245986e-06
-1.1270297577484212e-06
-1.1430515562769333e-06
-1.1593011198240966e-06
-1.1757816862295947e-06
-1.1924965398809467e-06
-1.2094490109346157e-06
-1.2266424770758858e-06
-1.2440803650558274e-06
-1.261766149271426e-06
-1.2797033535775007e-06
-1.2978955523622326e-06
-1.3163463701733324e-06
-1.3350594843192579e-06
-1.3540386229564643e-06
-1.3732875677342077e-06
-1.3928101551046942e-06
-1.4126102744638908e-06
-1.4326918710890618e-06
-1.4530589465579224e-06
-1.4737155595956168e-06
-1.4946658262755125e-06
-1.5159139209602879e-06
-1.537464076893473e-06
-1.5593205894069533e-06
-1.5814878131948512e-06
-1.6039701635547216e-06
-1.6267721227774048e-06
-1.6498982328269282e-06
-1.6733531051395245e-06
-1.69714140896976e-06
-1.7212678854114372e-06
-1.7457373437364601e-06
-1.7705546579086916e-06
-1.79572477452942e-06
-1.8212527079881566e-06
-1.847143545204719e-06
-1.8734024459831147e-06
-1.900034640240104e-06
-1.9270454374698508e-06
-1.9544402180696543e-06
-1.9822244415913792e-06
-2.01040364524016e-06
-2.0389834421037905e-06
-2.0679695287696784e-06
-2.0973676800755715e-06
-2.127183754414342e-06
-2.1574236915809786e-06
-2.1880935181179187e-06
-2.2191993459222837e-06
-2.2507473726807517e-06
-2.282743884213928e-06
-2.3151952570649864e-06
-2.3481079568894186e-06
-2.3814885417800316e-06
-2.415343663151725e-06
-2.4496800669637515e-06
-2.4845045959432342e-06
-2.519824189054984e-06
-2.555645883583167e-06
-2.5919768169286976e-06
-2.6288242291941898e-06
-2.666195462649231e-06
-2.7040979633701293e-06
-2.7425392840593798e-06
-2.7815270854593573e-06
-2.8210691352240948e-06
-2.8611733123794746e-06
-2.901847608344655e-06
-2.943100128329282e-06
-2.984939092167023e-06
-3.027372836535364e-06
-3.0704098167889937e-06
-3.114058608926114e-06
-3.1583279100542115e-06
-3.2032265409953978e-06
-3.248763448659292e-06
-3.294947706704494e-06
-3.3417885182031185e-06
-3.389295215929086e-06
-3.437477266778847e-06
-3.48634427128295e-06
-3.5359059664943557e-06
-3.58617222803205e-06
-3.637153072601272e-06
-3.6888586580911993e-06
-3.7412992877517304e-06
-3.794485410773098e-06
-3.848427625099211e-06
-3.903136679245158e-06
-3.958623474434276e-06
-4.014899066977868e-06
-4.071974670459165e-06
-4.129861658057473e-06
-4.188571564557857e-06
-4.248116087777511e-06
-4.30850709292089e-06
-4.369756613563196e-06
-4.431876854328783e-06
-4.494880193173516e-06
-4.558779184462495e-06
-4.623586560946122e-06
-4.689315235646826e-06
-4.755978305574847e-06
-4.8235890542937775e-06
-4.892160954291392e-06
-4.961707668906055e-06
-5.03224305658731e-06
-5.103781171456739e-06
-5.176336268414988e-06
-5.249922805009195e-06
-5.324555443911912e-06
-5.400249057018955e-06
-5.477018726816364e-06
-5.554879750143782e-06
-5.63384764168005e-06
-5.713938137027336e-06
-5.7951671953576644e-06
-5.8775510016814e-06
-5.96110597157664e-06
-6.0458487552143185e-06
-6.13179623814783e-06
-6.218965545321323e-06
-6.307374047344089e-06
-6.397039360292152e-06
-6.4879793515324954e-06
-6.580212140198157e-06
-6.6737561053740665e-06
-6.768629887293244e-06
-6.864852390141198e-06
-6.962442787667757e-06
-7.06142052534376e-06
-7.1618053254562724e-06
-7.263617190768004e-06
-7.366876407947703e-06
-7.4716035532152965e-06
-7.577819494346445e-06
-7.685545396002454e-06
-7.794802723855255e-06
-7.905613248072813e-06
-8.017999049413179e-06
-8.131982521423047e-06
-8.247586377350122e-06
-8.36483365120601e-06
-8.483747706735157e-06
-8.604352238333608e-06
-8.7266712783482e-06
-8.850729198853452e-06
-8.976550721324179e-06
-9.104160915840589e-06
-9.233585211182456e-06
-9.364849394749862e-06
-9.49797962395881e-06
-9.633002425383158e-06
-9.769944705223074e-06
-9.90883374841578e-06
-1.0049697232231706e-05
-1.0192563222972892e-05
-1.0337460191172739e-05
-1.0484417005410668e-05
-1.0633462952179621e-05
-1.0784627726856332e-05
-1.0937941454688222e-05
-1.1093434679814126e-05
-1.125113839195308e-05
-1.1411084008890464e-05
-1.157330340861894e-05
-1.1737828906249357e-05
-1.1904693295265462e-05
-1.2073929814616392e-05
-1.2245572198025644e-05
-1.2419654633343685e-05
-1.259621182433425e-05
-1.2775278933933702e-05
-1.2956891663848012e-05
-1.3141086177200943e-05
-1.3327899206591609e-05
-1.3517367942470545e-05
-1.3709530176750579e-05
-1.3904424156838471e-05
-1.4102088764487725e-05
-1.430256333584531e-05
-1.4505887871673262e-05
-1.4712102827516525e-05
-1.4921249359450286e-05
-1.5133369069407054e-05
-1.5348504305124234e-05
-1.5566697844223115e-05
-1.5787993264808472e-05
-1.6012434550324254e-05
-1.6240066548403988e-05
-1.647093447495839e-05
-1.670508449514444e-05
-1.6942563079722756e-05
-1.7183417762777864e-05
-1.742769629097077e-05
-1.7675447619661588e-05
-1.7926720799268177e-05
-1.8181566254522365e-05
-1.8440034365717838e-05
-1.8702177084786503e-05
-1.8968046140830914e-05
-1.9237695080907185e-05
-1.9511176988817208e-05
-1.9788547093668987e-05
-2.0069859825155465e-05
-2.0355172195541196e-05
-2.0644539964391793e-05
-2.093802202779438e-05
-2.1235675471108608e-05
-2.1537561165146327e-05
-2.1843737517293453e-05
-2.21542674885699e-05
-2.2469210770808417e-05
-2.2788632574533756e-05
-2.3112593759694723e-05
-2.344116205174573e-05
-2.3774399308292953e-05
-2.411237602526178e-05
-2.445515492687444e-05
-2.4802809486896524e-05
-2.5155403220541766e-05
-2.5513012769488332e-05
-2.5875702289172433e-05
-2.6243551983969884e-05
-2.6616626215825116e-05
-2.6995009436783096e-05
-2.737876555069652e-05
-2.7767984057991852e-05
-2.8162727802722256e-05
-2.8563091835330685e-05
-2.8969138009458245e-05
-2.9380966389061947e-05
-2.9798639081670113e-05
-3.022225983960675e-05
-3.065189173995578e-05
-3.108764382692489e-05
-3.152957486105869e-05
-3.197780879230037e-05
-3.243238778149549e-05
-3.289346319477679e-05
-3.336105175209738e-05
-3.383533470464699e-05
-3.431630828324957e-05
-3.480417464963789e-05
-3.5298917103226274e-05
-3.5800757304036215e-05
-3.6309659420297007e-05
-3.682587773417938e-05
-3.7349341483064805e-05
-3.788034996486146e-05
-3.841879380581863e-05
-3.8965013612509954e-05
-3.951886589676542e-05
-4.008073607730334e-05
-4.065043041511906e-05
-4.1228407566265383e-05
-4.1814389200356666e-05
-4.2408940069477846e-05
-4.30116713172903e-05
-4.36232709752686e-05
-4.424323091935939e-05
-4.48723669348337e-05
-4.5510044812124405e-05
-4.615722390961634e-05
-4.681311575104475e-05
-4.7478870045563476e-05
-4.815346992826427e-05
-4.883836382307827e-05
-4.9532167850102117e-05
-5.0236783388369526e-05
-5.095031093037619e-05
-5.167522836277243e-05
-5.2409036699718574e-05
-5.315483250226995e-05
-5.3909494662758226e-05
-5.467679145088663e-05
-5.5452837585827624e-05
-5.62423557220373e-05
-5.704025105894399e-05
-5.7852787523527836e-05
-5.8673016731910534e-05
-5.950931365106575e-05
-6.035247371504685e-05
-6.1213218184005e-05
-6.20799458689572e-05
-6.296590557839342e-05
-6.385668171488587e-05
-6.476893355855965e-05
-6.568392733855835e-05
-6.662386370165775e-05
-6.756300840867412e-05
-6.853230996647051e-05
-6.949528670414234e-05
-7.049542077407255e-05
-7.148550349722529e-05
-7.251297040058481e-05
-7.353707205259331e-05
-7.45864731330878e-05
-7.564821060621453e-05
-7.672374225795335e-05
-7.780820127248171e-05
-7.892852465950272e-05
-8.002483684382486e-05
-8.11967872145266e-05
-8.230582919270665e-05
-8.352186557775663e-05
-8.466222176354427e-05
-8.590864495135967e-05
-8.707900718843957e-05
-8.837326166472774e-05
-8.95514978496029e-05
-9.091250474854706e-05
-9.209007779236236e-05
-9.351451645251904e-05
-9.469930073307924e-05
-9.618782102575451e-05
-9.737481436801997e-05
-9.893987170217673e-05
-0.00010010675593740076
-0.00010178004065272868
-0.00010290585980968908
-0.00010469798662245469
-0.00010577149558256256
-0.00010769386859877175
-0.00010871113678436947
-0.00011075438761128792
-0.00011173506136449678
-0.00011389308837918971
-0.000114821820711139
-0.00011713864727877325
-0.00011793605007182767
-0.00012051919658368632
-0.00012107079852155013
-0.00012402685407052368
-0.00012425864941218584
-0.00012763241249948848
-0.0001275374947565834
-0.00013126528314628613
-0.00013091459500146063
-0.000135070536016451
-0.00013426804912552298
-0.00013913829450557663
-0.00013755041057460313
-0.0001435391435901409
-0.00014072123627514865
-0.00014812272478555155
-0.0001440270858796642
-0.00015278393748424483
-0.00014736739857277442
-0.00015779881536812784
-0.00015034840637216489
-0.00016363096671837083
-0.00015244915683844656
-0.000171183851609013
-0.0001519288230282514
-0.00018381327343054525
-0.00014060844826786593
-0.00022457534801276473
-0.00017249610766345135
-0.00021382959308473455
-0.00019919260475327258
-0.00020444021531727113
-0.0002214070781570987
-0.00017522026351257658
-0.0001907375641254372
-0.00021222355660614756
-0.00013311182121629808
-0.00021339198217288496
-0.00011405313345695667
-0.00017213517992905117
-0.00015230933771855776
-0.00012725833023749522
-0.00012197410144723642
-8.063975736088969e-05
-9.685562662919284e-05
-9.785206466536925e-05
-6.77808310044492e-05
-5.099885196975518e-05
-5.520116597948054e-05
-5.922571734297104e-05
-4.889147122960624e-05
-7.29589621290272e-05
-5.4364104180287115e-05
-6.998445104113363e-05
1.9940592552225578e-05
-9.43652949675737e-05
8.176093210396362e-05
-0.00011895756841620933
8.066936789384916e-05
-8.679077468997694e-05
-1.5246768397284694e-05
1.6096229871929925e-06
-4.700988709804553e-05
4.0163342791415765e-05
-1.6755634491070603e-05
2.50851928277073e-05
-9.06796816439715e-07
2.693483222659292e-05
7.514494331816285e-05
1.908439698368133e-05
0.00010274549122332019
-2.0211450594160847e-05
8.88316686607275e-05
-3.946301322820087e-05
3.63922751296754e-05
-8.038864039626177e-06
-1.6832873579738215e-05
-4.348675992681204e-05
3.483106964401899e-05
-4.6500542422218787e-05
7.03086939232659e-05
-1.441005811854152e-05
7.784297063455911e-05
5.916269153472681e-05
0.0001130815576004078
0.00010321647918611803
9.907192405753974e-05
0.00013201832118043448
7.31987004816137e-05
0.00016514422938321066
