0.00031452636827548116
9.537770851100513e-05
0.00024228364605499556
8.002222216129263e-05
0.0001659535982448891
2.5146685801719537e-05
0.00020454947946501678
-7.615886583505274e-07
0.00010700581444395701
0.00010626071892397694
-3.6044447991399452e-06
1.6402669203403192e-05
1.5577422938235557e-05
2.1045070372180874e-05
1.4520853040016083e-05
5.64530877209493e-05
-6.123760522401328e-05
7.64834023955505e-05
-1.3477597485005502e-05
0.00010637016031180447
-5.272102778417355e-05
0.0001518683770009156
-2.949942687369058e-06
0.00019773686562437384
-6.73013206345498e-05
0.0002462944819578922
-0.0001208871793699781
0.00018517711289357195
-4.1488027284437195e-05
0.00012143534874780909
4.365135553279073e-05
0.00011952893292638484
0.00016372242616201818
5.168660855764111e-05
0.0003510365045182015
-1.7989690103013383e-05
0.0003452207484795413
0.00012693862149068975
0.0002666574156546471
0.0001257080662729429
0.0002600332128784068
1.665733055326922e-05
0.00030422410911234586
5.953543987114723e-05
0.000307713427971544
8.797071300243041e-05
0.0003881786876750692
0.00018597515530600916
0.00034702939028081656
0.00043381812014863815
-0.0002621200992981104
7.650452608966022e-05
0.0004580442300474546
-0.00025918848568053977
0.0009889562533190609
-0.000624977101151778
0.0018510495279433826
-0.0017650481858227118
0.0023581452249094594
-0.002322630947086123
0.003599062883615888
-0.0035207083804285814
0.0054889311906848055
-0.005609638849034954
0.00834372628619376
-0.01065331368575679
0.015642938101102205
-0.02229864901955521
0.036606639078626754
-0.06960303857763253
0.2161915728270442
0.5572335653422534
0.26099769013070406
0.15555463337761705
0.012045427183717788
0.08890226445793485
-0.12753577174587372
-0.06308429692559266
0.0713691041300897
-0.06985675130100302
-0.2777756322256744
-0.3295132185125099
-0.26347468875856733
-0.11789122075308366
-0.04833525394442175
0.10540485225324092
0.23858442544923947
0.13301089217589954
-0.2088083180610077
-0.18007035657491752
0.01799120461409997
0.02743778676998812
0.08929606118223608
0.07938759967454131
0.10859320305291809
0.042626135866666824
-0.030957788397998526
-0.016000392261359752
0.06640853152085496
0.03240452137550899
-0.05819318702875391
-0.03905912622849507
0.03529215696608401
0.011419939111773386
-0.018302820715434178
-0.04011537734635569
-0.10002553212573972
-0.08286935478485774
-0.010149661190912847
0.03785461058091472
0.042283860834788994
-0.007884662769176267
-0.03747394578768419
-0.032461032863156394
-0.016131395664401155
0.01654505189245728
0.05300874964875821
0.07423895388597075
0.027572096360181812
-0.02205087781519726
-0.03399248343640074
-0.019279662764669088
-0.016373152273117923
-0.0012393365295964424
0.027614001984465376
0.029370848456499524
0.006936802498308406
-0.038544340639444785
-0.03833583448819805
-0.012419918164758039
0.0006172733023660691
0.00710224154339505
0.011756390904304637
0.006294984250894217
-0.01318417807600424
-0.019847565899229723
-0.010430179210553815
0.0008505669715950464
-0.0015183644725119492
-0.0027938316353650202
0.008778886788826257
0.018720417990600157
0.008366668209720728
-0.0027817334348624687
-0.003359195265806212
-0.003151102316529936
-0.002856359643898158
0.006090084708432
0.018348906948623123
0.012125630113479672
-0.006305188995581037
-0.019777238686396123
-0.016923365088034114
-0.008257749277138982
-0.003242430994585679
0.0044240488119942824
0.007089771804864738
0.0013661810967388467
-0.010284773980187652
-0.01298192993264768
-0.006170895543007855
0.0005671704121470775
0.0060684871675498325
0.010218163940013274
0.010409867911543254
0.003317221116816596
-0.00502666736381734
-0.0038732310194310245
0.0011166284408965469
0.005719756098699942
0.005272152332896941
0.0042442836661737895
0.0021732325442251257
-0.002509217932652721
-0.005603704808339237
-0.004244635648793708
-0.002254223895345057
-0.0035788718913807127
-0.003814907212764662
-0.0007223597288106419
0.0005561835026347216
-0.0023396816868297057
-0.005736143104574714
-0.004847345072445965
-0.002057347275030883
0.0002507135143143353
0.002369725425793096
0.00405791583003837
0.002132330606205059
-0.0025664904911297743
-0.004831199210981787
-0.0030627789754357148
-1.7353102775502906e-05
0.0017957064326873983
0.0024757261994860103
0.0013976163050078072
-0.0013801695306504443
-0.004158724611873814
-0.004727774949396267
-0.0029431439966555173
-0.00122295256866407
-0.00010666227480127851
0.00021670676710970464
-0.00037165271609703246
-0.002111151093152453
-0.0026086281894000785
-0.0015627061851086078
4.985204794667698e-05
0.0013865411237391108
0.001555120814798281
0.0019041537413129715
0.0015686555468459075
0.0011806655454513755
4.5431651599411003e-05
0.0002014817766635684
0.0004038641150509491
0.0008119645233397605
0.0008985139279027356
0.0012788565101655275
0.00036254110542043136
-0.0008355392786248681
-0.002291433416975991
-0.0022472144619972174
-0.0016739338910055702
-0.001109727234817258
-0.0004451360048359482
-0.0007280477656706531
-0.0007727657153016368
-0.0016944531629311836
-0.0009292669392081392
-0.00029403203986398685
0.0007719431227039581
0.0013274652146858627
0.0016427697828387906
0.001458365058833794
0.0010078386570376132
0.0007024880767519054
0.0004529722082313034
0.0005854268507845789
0.0005526523180137221
0.00021808330146035645
-0.0002902235320215776
-0.0007576196430456028
-0.0013022869216984998
-0.0011778755011066235
-0.0012636504118860338
-0.0008926554953559923
-0.0007663066775615048
-0.0005465979419616292
-0.0005090651056722381
-0.0002456187171508093
-3.824965564414241e-05
0.00029567968039339877
0.0005553910604384486
0.0008014854126396384
0.0011247593297705832
0.0012767078410390147
0.0015357339222484391
0.0015451385578925613
0.0012813846747470748
0.0008169786054437523
0.000847241558843674
0.0009976068122138624
0.001004874718283138
0.0005100707025526069
9.263591202632814e-05
-0.00020902861199585654
-3.6900363669555274e-05
-0.0003238919794421428
-0.00010328509311317347
-0.0002581225668992894
-0.0001052986860686674
-0.00016393559797416588
-3.1359255370758295e-05
-6.699961271810616e-05
-1.3061065152233302e-05
-4.9668733353958614e-05
-6.205888784491763e-06
-1.7046093481530838e-05
1.6664230962155652e-05
8.218503577799192e-06
3.261855861043297e-05
1.572329708377537e-05
2.0503528990846302e-05
7.72156386247432e-06
1.761092921867915e-05
8.418700826196175e-06
1.0458457890490797e-05
3.056188795978992e-06
4.866622611651516e-06
-7.720577784785742e-07
1.0555423480154789e-06
-2.240267359893914e-06
-1.0575508503993388e-06
-3.7046020760496374e-06
-1.7321703017872424e-06
-2.434115922146391e-06
-4.990418774615101e-07
-1.2294438663768112e-06
3.549369266325677e-08
-4.665312529530247e-07
3.147500544895573e-07
-8.78625105316794e-08
6.263825681744226e-07
3.877937238600833e-07
7.370515650076924e-07
4.672289003159727e-07
7.431888229851233e-07
5.258774879830178e-07
6.573546492606871e-07
4.685754357420212e-07
5.519325850552432e-07
3.938395232679689e-07
4.537391660094914e-07
3.674966551023035e-07
4.2458203030668306e-07
3.524861409441907e-07
3.874616858735001e-07
3.4699340271257474e-07
3.848162209077314e-07
3.611627205971882e-07
3.9549128345660973e-07
3.861044479746894e-07
4.126484413140806e-07
4.05149145865126e-07
4.2726142818715063e-07
4.246539150459805e-07
4.399417259035032e-07
4.3721357074338885e-07
4.49334813321621e-07
4.4850634217013033e-07
4.576925004464577e-07
4.5795214751245816e-07
4.656970994721711e-07
4.6643445437456743e-07
4.724865520478426e-07
4.741991182222183e-07
4.801496159695384e-07
4.827288467498803e-07
4.882807266518713e-07
4.916161074302976e-07
4.971376198160612e-07
5.00951431997923e-07
5.063988008898249e-07
5.107059800040642e-07
5.161267977431966e-07
5.206660182798624e-07
5.260719447609547e-07
5.308851437689326e-07
5.362864034198431e-07
5.412396805529185e-07
5.466434834300923e-07
5.517358060199568e-07
5.57151617140597e-07
5.62364170280695e-07
5.678410215270886e-07
5.731815446510802e-07
5.787177303493221e-07
5.841757618517754e-07
5.897984941041204e-07
5.953786833923051e-07
6.010916452014407e-07
6.067937360024894e-07
6.126096866922864e-07
6.184321545895386e-07
6.243536462252185e-07
6.30298601025361e-07
6.363312392281429e-07
6.423957558273317e-07
6.485405087256792e-07
6.547260882129894e-07
6.609864424600344e-07
6.67293133306459e-07
6.736715718325126e-07
6.801012418543913e-07
6.866001432009362e-07
6.931539200173177e-07
6.997761665347452e-07
7.064564941746581e-07
7.132046702181156e-07
7.200135709595212e-07
7.268905652217661e-07
7.338305550604312e-07
7.408389959919805e-07
7.479124926271924e-07
7.550551645849925e-07
7.622646644155637e-07
7.695441732581774e-07
7.768922465380135e-07
7.843113528039833e-07
7.918006034147128e-07
7.993619903813587e-07
8.069950880730363e-07
8.147015191297834e-07
8.224811702738587e-07
8.3033543219434e-07
8.3826443310819e-07
8.46269375255268e-07
8.543505624399733e-07
8.62509083428319e-07
8.707453711838658e-07
8.790604248107335e-07
8.87454777980445e-07
8.959293757455217e-07
9.044848254180157e-07
9.131220335650662e-07
9.218416681354424e-07
9.306446139157459e-07
9.395315827328415e-07
9.48503447519098e-07
9.575609601466042e-07
9.6670498945183e-07
9.759363176226749e-07
9.852558154471724e-07
9.946642942821639e-07
1.0041626293463835e-06
1.0137516563216153e-06
1.0234322605955429e-06
1.0332053007079678e-06
1.0430716723321826e-06
1.0530322554509058e-06
1.0630879596889437e-06
1.073239684916752e-06
1.0834883550307067e-06
1.0938348894871594e-06
1.1042802283318942e-06
1.1148253110312978e-06
1.1254710931309087e-06
1.1362185332992013e-06
1.1470686048700024e-06
1.1580222863596251e-06
1.1690805682552756e-06
1.1802444476616963e-06
1.1915149350002346e-06
1.20289304690515e-06
1.214379811728325e-06
1.225976266689549e-06
1.2376834597586928e-06
1.2495024478290442e-06
1.2614342989837254e-06
1.27348009051724e-06
1.285640911565314e-06
1.297917859003142e-06
1.3103120429308005e-06
1.3228245818808562e-06
1.3354566069786675e-06
1.348209258557288e-06
1.3610836886446265e-06
1.374081060611515e-06
1.3872025484951665e-06
1.40044933689314e-06
1.4138226223222791e-06
1.4273236131883554e-06
1.4409535287578101e-06
1.4547136003156824e-06
1.4686050711365528e-06
1.4826291951236525e-06
1.4967872395757476e-06
1.51108048272253e-06
1.5255102159550393e-06
1.5400777429522283e-06
1.5547843793331517e-06
1.5696314538751754e-06
1.5846203072246434e-06
1.599752293537926e-06
1.6150287793503804e-06
1.6304511441661562e-06
1.6460207819535277e-06
1.661739098563625e-06
1.6776075139092461e-06
1.6936274613160718e-06
1.7098003874393974e-06
1.7261277531765984e-06
1.742611033972441e-06
1.7592517184096199e-06
1.7760513091723967e-06
1.7930113237786538e-06
1.8101332943734616e-06
1.8274187676484144e-06
1.8448693047540266e-06
1.862486481626213e-06
1.8802718903108085e-06
1.8982271369684145e-06
1.9163538428484408e-06
1.9346536457863674e-06
1.9531281990178685e-06
1.9717791713675346e-06
1.9906082467874227e-06
2.0096171260398595e-06
2.0288075265576276e-06
2.0481811817174475e-06
2.067739841225927e-06
2.087485271904829e-06
2.1074192573615867e-06
2.1275435985073417e-06
2.1478601122336315e-06
2.1683706336181265e-06
2.1890770161713696e-06
2.209981130002375e-06
2.2310848629446603e-06
2.252390121363821e-06
2.2738988298948618e-06
2.2956129312466417e-06
2.3175343863666173e-06
2.3396651754532035e-06
2.362007297901543e-06
2.3845627717449186e-06
2.4073336341383887e-06
2.430321941660385e-06
2.4535297711913507e-06
2.4769592188924206e-06
2.500612400974664e-06
2.5244914534797505e-06
2.5485985342031604e-06
2.5729358203506296e-06
2.597505509837673e-06
2.622309822368366e-06
2.647350998330922e-06
2.672631299628029e-06
2.6981530094295422e-06
2.723918433256145e-06
2.749929898387916e-06
2.7761897543885413e-06
2.802700373147164e-06
2.829464149480985e-06
2.856483500452431e-06
2.883760867047067e-06
2.9112987127443454e-06
2.939099524668868e-06
2.9671658146679727e-06
2.99550011787289e-06
3.024104992643069e-06
3.0529830245477462e-06
3.0821368200502526e-06
3.1115690129917585e-06
3.1412822624563713e-06
3.1712792522243724e-06
3.201562693399239e-06
3.232135317462624e-06
3.262999889826776e-06
3.2941591958624786e-06
3.325616051060411e-06
3.3573732962752408e-06
3.3894338003692334e-06
3.42180046008467e-06
3.454476197945965e-06
3.4874639647418994e-06
3.5207667412486107e-06
3.554387535569282e-06
3.5883293839188626e-06
3.6225953523779655e-06
3.6571885374945314e-06
3.692112062627181e-06
3.7273690820891506e-06
3.762962780029931e-06
3.7988963721749785e-06
3.8351731051156635e-06
3.871796254066119e-06
3.908769128419215e-06
3.946095066870391e-06
3.983777441643769e-06
4.021819655842379e-06
4.0602251451558e-06
4.098997380059022e-06
4.1381398623637085e-06
4.177656126589981e-06
4.217549742692656e-06
4.257824314339603e-06
4.298483479478043e-06
4.339530910575716e-06
4.380970314894089e-06
4.422805435911562e-06
4.4650400520593716e-06
4.507677978068058e-06
4.550723065977402e-06
4.594179203817493e-06
4.6380503165395146e-06
4.682340366876387e-06
4.727053355265461e-06
4.772193320411004e-06
4.8177643398508024e-06
4.863770529790062e-06
4.910216046163929e-06
4.957105083996938e-06
5.004441878384003e-06
5.052230704953586e-06
5.100475880509114e-06
5.149181762760524e-06
5.198352751194235e-06
5.2479932872578905e-06
5.298107855232492e-06
5.348700981271798e-06
5.399777234918468e-06
5.451341230172657e-06
5.503397624687101e-06
5.555951120402025e-06
5.609006464200872e-06
5.66256844859378e-06
5.716641911387987e-06
5.771231736839688e-06
5.82634285573036e-06
5.881980246508212e-06
5.938148934695776e-06
5.99485399325507e-06
6.052100544193945e-06
6.109893758869667e-06
6.168238857261199e-06
6.227141109330092e-06
6.286605835646719e-06
6.346638407457063e-06
6.407244247243898e-06
6.468428828993941e-06
6.5301976796289934e-06
6.592556378635581e-06
6.655510558393682e-06
6.719065905380628e-06
6.7832281603454406e-06
6.848003118672258e-06
6.913396631551272e-06
6.979414605149531e-06
7.046063003145805e-06
7.113347845642479e-06
7.1812752102679706e-06
7.249851232224002e-06
7.319082105742766e-06
7.388974084450786e-06
7.459533481171156e-06
7.530766670161768e-06
7.602680083883956e-06
7.675280220050679e-06
7.748573635818663e-06
7.822566950415645e-06
7.897266848010467e-06
7.972680074510782e-06
8.04881344545344e-06
8.125673834093444e-06
8.203268184609099e-06
8.281603505587258e-06
8.360686872841598e-06
8.440525428869e-06
8.521126385227853e-06
8.60249702378359e-06
8.684644694143787e-06
8.767576815129968e-06
8.851300878832957e-06
8.935824447149285e-06
9.021155155074668e-06
9.107300708903476e-06
9.19426889060002e-06
9.282067556628338e-06
9.370704637499418e-06
9.460188138624994e-06
9.55052614199205e-06
9.641726809433288e-06
9.733798377389857e-06
9.826749162388697e-06
9.92058756056429e-06
1.0015322048793495e-05
1.011096118309191e-05
1.0207513602215803e-05
1.0304988027592075e-05
1.0403393264234086e-05
1.0502738200130705e-05
1.0603031808697691e-05
1.0704283148883081e-05
1.0806501366722367e-05
1.0909695695622773e-05
1.1013875456108253e-05
1.1119050058497684e-05
1.1225229002957346e-05
1.1332421879788664e-05
1.1440638371434421e-05
1.1549888252938238e-05
1.1660181392702542e-05
1.177152775272243e-05
1.1883937390256855e-05
1.1997420459423057e-05
1.2111987210358145e-05
1.2227647991657799e-05
1.2344413249985842e-05
1.246229353249256e-05
1.2581299487362868e-05
1.270144186393124e-05
1.282273151371506e-05
1.2945179392657188e-05
1.3068796560970807e-05
1.319359418439363e-05
1.3319583535212473e-05
1.3446775993629454e-05
1.3575183049261124e-05
1.3704816300264488e-05
1.3835687455590303e-05
1.3967808336237068e-05
1.4101190876509781e-05
1.4235847124277222e-05
1.437178924231083e-05
1.4509029510020519e-05
1.4647580324119282e-05
1.4787454199031405e-05
1.4928663768760866e-05
1.5071221788348719e-05
1.5215141134865794e-05
1.536043480772028e-05
1.550711593078331e-05
1.5655197753114555e-05
1.5804693650843646e-05
1.595561712706636e-05
1.610798181405325e-05
1.6261801474263746e-05
1.641709000200966e-05
1.657386142350087e-05
1.673212989911077e-05
1.6891909725532533e-05
1.7053215334502346e-05
1.7216061296430408e-05
1.738046232026627e-05
1.754643325587238e-05
1.771398909447856e-05
1.7883144971137313e-05
1.8053916165168982e-05
1.8226318100968836e-05
1.8400366351655623e-05
1.857607663834429e-05
1.8753464832262784e-05
1.8932546955359193e-05
1.9113339184491547e-05
1.929585784981626e-05
1.9480119437242753e-05
1.966614059060838e-05
1.9853938112034467e-05
2.004352896563743e-05
2.0234930275505767e-05
2.0428159330134008e-05
2.062323358361165e-05
2.08201706564954e-05
2.101898833645351e-05
2.1219704582088204e-05
2.142233752442689e-05
2.1626905466396536e-05
2.183342688489052e-05
2.2041920434660335e-05
2.2252404948144383e-05
2.2464899437658813e-05
2.26794230964288e-05
2.289599530200324e-05
2.3114635617194046e-05
2.333536379087376e-05
2.355819975950475e-05
2.3783163651165765e-05
2.4010275787002212e-05
2.4239556680711872e-05
2.447102704218246e-05
2.4704707779341835e-05
2.4940620000038223e-05
2.5178785012828852e-05
2.541922433030872e-05
2.5661959670699635e-05
2.5907012959662404e-05
2.6154406331656385e-05
2.6404162132242365e-05
2.665630292122815e-05
2.6910851474112543e-05
2.7167830782837712e-05
2.742726405934347e-05
2.768917473760748e-05
2.7953586474843863e-05
2.8220523154082823e-05
2.8490008886699204e-05
2.8762068014737824e-05
2.903672511230871e-05
2.9314004988058155e-05
2.959393268738464e-05
2.987653349549894e-05
3.016183293843178e-05
3.0449856785851135e-05
3.074063105417985e-05
3.1034182008318235e-05
3.133053616338386e-05
3.162972028804864e-05
3.193176140612328e-05
3.223668680018047e-05
3.2544524012677887e-05
3.285530084963235e-05
3.316904538238529e-05
3.348578595016886e-05
3.380555116365338e-05
3.412836990513996e-05
3.445427133387275e-05
3.478328488762069e-05
3.511544028489671e-05
3.54507675281346e-05
3.5789296905949525e-05
3.613105899664352e-05
3.6476084670459576e-05
3.682440509231795e-05
3.717605172466815e-05
3.753105633019023e-05
3.788945097536072e-05
3.825126803289839e-05
3.861654018397871e-05
3.898530042189803e-05
3.935758205678318e-05
3.973341871413419e-05
4.011284434195478e-05
4.049589321313994e-05
4.0882599925282906e-05
4.127299940990422e-05
4.166712692814416e-05
4.206501808075823e-05
4.246670880879151e-05
4.287223539165149e-05
4.328163446235651e-05
4.369494299632891e-05
4.411219832613271e-05
4.453343814490927e-05
4.495870049299607e-05
4.538802378708521e-05
4.5821446801365146e-05
4.625900868672738e-05
4.670074896843696e-05
4.714670753656002e-05
4.759692468296779e-05
4.805144106647481e-05
4.8510297737362415e-05
4.897353615058216e-05
4.944119813319987e-05
4.9913325945395275e-05
5.038996221286429e-05
5.087114999508614e-05
5.1356932760073133e-05
5.184735436952054e-05
5.23424591363878e-05
5.284229176806082e-05
5.334689742215787e-05
5.385632166653013e-05
5.437061053527098e-05
5.488981044388542e-05
5.541396833366567e-05
5.594313152071373e-05
5.647734779971186e-05
5.70166654469198e-05
5.756113318523912e-05
5.811080011360395e-05
5.866571588123738e-05
5.922593051784983e-05
5.979149456719927e-05
6.036245909862674e-05
6.093887545012772e-05
6.152079587427861e-05
6.210827309507949e-05
6.270135927227e-05
6.330010948271507e-05
6.390457720245992e-05
6.451481566529475e-05
6.513088395243387e-05
6.575283310196033e-05
6.638072186289541e-05
6.70146099531841e-05
6.765454612637199e-05
6.83006001392795e-05
6.895282091695003e-05
6.961127030121698e-05
7.027601377004866e-05
7.094709980468212e-05
7.162460150640301e-05
7.23085740243608e-05
7.299907554046085e-05
7.36961843445065e-05
7.43999393044148e-05
7.511043158497498e-05
7.582770634583739e-05
7.655182966176443e-05
7.72828913070977e-05
7.802091197020404e-05
7.87660128349476e-05
7.951821564563567e-05
8.027761045694445e-05
8.104427288649113e-05
8.181824036552912e-05
8.259962788392241e-05
8.338845839130993e-05
8.418484407254683e-05
8.49888237026556e-05
8.580048511365999e-05
8.661990351829319e-05
8.744714373534052e-05
8.828227603510002e-05
8.912540407580256e-05
8.997656797938213e-05
9.083585335354998e-05
9.17033498340305e-05
9.257915355609858e-05
9.346321918900832e-05
9.435587337826117e-05
9.525689510237042e-05
9.616657257432949e-05
9.708505233439746e-05
9.801195360351327e-05
9.894824184127906e-05
9.989274719117251e-05
0.00010084720510019924
0.00010180914485983118
0.00010278351281193913
0.00010376630618891096
0.00010476135453196204
0.00010576505210741622
0.00010677812086544176
0.00010780430966210474
0.00010883186873957788
0.00010987348547869882
0.0001109295978282401
0.00011197647287586169
0.00011305278393344506
0.00011412753975736673
0.00011520174289062477
0.00011631546685999389
0.00011739451109810985
0.00011851492987792825
0.00011963895881229088
0.00012074049386929381
0.00012191598937666762
0.0001230236631370677
0.0001242205950660589
0.00012536675730734055
0.00012655816279247192
0.00012775546582153045
0.00012893935386290752
0.00013017255467718918
0.00013138702116484782
0.0001326103182383749
0.0001338820461615764
0.00013511671147692014
0.000136395804942558
0.00013769745049201088
0.00013896162041834512
0.00014034517802458991
0.0001415944811439633
0.00014306958245026424
0.00014427572205306244
0.00014586048162281567
0.00014704697202953636
0.0001486859002299626
0.0001499763620177487
0.00015159699779243542
0.00015298575540254045
0.00015442653787816132
0.00015614066809216745
0.0001572627522581898
0.00015922080766265362
0.00016054048843340551
0.00016229302374620898
0.00016374106541458718
0.00016561914016942694
0.00016670208090867854
0.000169187350382103
0.00016950598343730785
0.0001728631967862996
0.00017271705988468333
0.00017622372198245004
0.00017689429460038264
0.00017716304019259853
0.00019031969476474963
0.00013414682657127142
0.00015088974113876795
7.475625356652763e-05
0.00018314707588532042
0.00013015898206740484
0.0002026307148262907
0.00027447043465930743
0.0001715758713245613
0.0002229010391888728
0.00024451926959877246
0.00024020899091532766
0.0003458135616803276
0.0003011187321730266
0.0003797368013520666
0.00044610758048729826
0.00034258711823281773
0.0004114036255755127
0.00031683599464583934
0.00033865152506077495
0.00026934342611457246
0.00027305319578212195
0.00022602286858378062
0.00022512776434370496
0.00015647662549178598
0.0003043300970715663
4.48116396511173e-05
0.00035615486484684433
3.865555793258063e-05
0.0002776938977906776
2.953376484166742e-05
0.0003012118170806512
3.230911622534221e-05
0.00019653038146716319
0.00016377553964152391
5.1431970758957705e-05
0.00022213021739750372
0.00013014894506412555
0.00017484119758270228
4.0772534617695025e-05
0.0002311166811690894
1.2117467418212418e-05
0.00013407901232756505
0.00011433400527202379
6.120766194636206e-05
7.950912117430189e-05
2.2389431191353556e-05
4.3975787123811956e-05
-0.00010473547055868095
0.0001306708217420069
-4.583448291456641e-05
0.00014009310048982275
8.004643858133028e-05
6.487602942913036e-05
0.00014975575576160584
0.00013960943708453096
7.971605763443853e-05
0.00019478240383699478
0.00012214682985288092
0.00025959697718483366
2.6975955019314327e-05
0.0002977583813372729
9.700207830828271e-05
-0.000693653020647209
-0.0006801570321417906
-0.0007024959069555159
-0.0007115920953020663
-0.0007244604980543754
-0.0007327147973026132
-0.0007422665950194934
-0.0007415349182333859
-0.000754355845499368
-0.0007467717995453646
-0.000757525095792438
-0.0007538780510256138
-0.0007592622272879419
-0.0007605186162729795
-0.000769301494503469
-0.000772764892235154
-0.0007824991926152281
-0.0007859769072692752
-0.0007944413846537479
-0.0008021049029094836
-0.0008088726806543857
-0.0008155472400567486
-0.0008237391338954767
-0.0008325962689110785
-0.0008350982271995255
-0.000846468107832796
-0.0008472194669771595
-0.0008601560907283266
-0.0008558598841003095
-0.0008743002763149643
-0.0008701208616006545
-0.0008811472162324023
-0.0008844319861015888
-0.0008925679611871147
-0.0008969778304695154
-0.0009073680210986942
-0.0009074679904805098
-0.0009172107156013863
-0.0009184857499889272
-0.0009273542157824447
-0.0009258845009910013
-0.0009367964833506248
-0.0009347206293743553
-0.0009471653871078122
-0.000947877252718315
-0.0009622063188093312
-0.0009646088300249611
-0.0009784776300331315
-0.0009882185792881068
-0.001001628486637781
-0.0010126506941463044
-0.0010248896282986741
-0.0010292460964456233
-0.0010374270053226276
-0.001040058242289394
-0.0010517146022247536
-0.001052799317762647
-0.0010882854216988857
-0.0011084181614349322
-0.0010995820403975612
-0.0011197634201459018
-0.0011588429483629734
-0.0011670081514884947
-0.0011665655917077787
-0.0011960456667136968
-0.001207074771287475
-0.00122623861541279
-0.0012171310968501266
-0.0012166035951672748
-0.001241286387280005
-0.0012601986601989052
-0.0011892805082440363
-0.0011204443679898122
-0.001178592102077497
-0.0012542697147265242
-0.0012663410236917856
-0.0013137673811518648
-0.0013784084858744993
-0.001365972098389396
-0.0013891100904707217
-0.0013673238443104054
-0.0014128471397798215
-0.0016334646589688975
-0.0016400900633736033
-0.0015562420574122132
-0.0013494142429045682
-0.0013577863793162786
-0.0014603339374885268
-0.0013129089737427828
-0.001289561842014586
-0.0014492437861928671
-0.0013111697380145534
-0.0011919974310485892
-0.0012138287647091013
-0.0014774824219384738
-0.0014254170763522863
-0.002051990280070068
-0.0015393002457416791
-0.0018376397678504194
-0.0009968623043269493
-0.00269608929632161
0.014963378337384838
0.039590973247847064
0.04630027432453108
0.04229288004410574
0.035954684480617616
0.03215133908612517
0.024357034777671704
0.01804510595563611
0.014620103990511274
0.004334980223812217
-0.007311573218157463
-0.016905722286338815
-0.028411101478812394
-0.03385615204126858
-0.029677467779879174
-0.019190484404954893
-0.012217822474247813
-0.0066792242381361645
-0.00047246798703634075
0.006499304851441031
0.014250566868812268
0.01489437631259549
0.00966481853665951
0.007314533524435168
0.008272848038487539
0.007487772617921146
0.0070556073277378
0.003961774727118855
-0.000302079153157923
0.0019396183405251306
0.004005168545021402
0.004049843761673512
0.0014587000978993844
0.0004885228884632727
0.003207202487464733
0.004927943168493487
0.0010461560381872215
-0.005550467021230274
-0.008205630130160693
-0.007137883192332281
-0.007281434013978357
-0.006412701215735959
-0.002720097626403941
-8.468483612751219e-08
-0.00010806247310336987
-0.0004972534039210524
-0.00034410890034175285
0.00032065379913552995
0.001244344251392668
0.0018791273919606744
0.0013613713237875162
-0.0012697883786056295
-0.0032556076910137616
-0.003507744530427624
-0.0019922299438718967
-0.0009911408031873367
-0.0009941383383503671
-0.0013994654621469732
-0.0015727334839669923
-0.0010198591987960037
-0.0006838559131460705
-0.00044253476486657553
-0.00014494028292942718
0.000641455165323535
0.0007773776774796091
-9.726326286193859e-05
-0.0007785821881402056
-0.00041434977828521975
0.00012153975113466612
4.337963913364474e-05
-8.012897115873378e-05
0.00024728461373496884
0.0008466605951966205
0.0007065138694609353
0.0003378577352105549
0.00042285147779434534
0.000401034095235224
7.665053284108434e-05
0.00021949729768138576
0.0005825001311090504
0.00015579994044361673
-0.0006087566016872507
-0.0005145238396733907
0.0004916774856418699
0.0012355928074022013
0.0011398856756937572
0.0006203354802193537
0.00018330510497315444
-4.375514820064439e-05
-0.00011692477203246613
3.257268770038066e-05
0.00044700050148673356
0.00046483147384231323
7.160101100839634e-06
-0.0003369734885575182
-0.00031242075174241007
-5.643855832980342e-05
0.00019524045167554306
7.466038939178338e-05
-0.0003467108330556732
-0.0007656063793470183
-0.0010047998256064103
-0.0010627288058017027
-0.0009926135857625557
-0.0009310525525202103
-0.0009310305465477275
-0.0010679346240871279
-0.001141044559358791
-0.0008681171443578976
-0.0005093903645862825
-0.0003693113888024478
-0.0002964317493686532
-3.303804843588304e-05
0.000278544203640756
0.0004412415519579034
0.0003680290075280592
0.0003597470690674908
0.0004657863147175955
0.000478632540123043
0.0004894140855508668
0.0006310728525296516
0.0007023568900752285
0.0004280195347853181
0.0001946406513265877
0.00015099163420528484
7.651865786670332e-05
7.113971382948146e-05
9.839595282131373e-05
0.00014949629727293906
8.808558104956502e-05
-7.521537134851035e-05
-0.0001955951614257954
-0.00017006496513260723
3.622526734725742e-05
0.00013962343431229285
0.00022098635090441647
0.0003530401459788474
0.00042734557292865936
0.0004603917213282278
0.0004784539709626795
0.00048553510517976365
0.0004214972961466736
0.00031079195091098845
0.0002410434549018127
0.0002507663009169367
0.00045595312858321183
0.0006620601656794025
0.0006888417947917482
0.0005383879938683125
0.0002627821341901056
-0.00016603473154185963
-0.0005904336042366286
-0.0008354626465705848
-0.0009005609792257536
-0.0009565574680613254
-0.001003495929765585
-0.0009540169159746395
-0.0007698927565706209
-0.0004908419549926098
-0.00020220019293075653
2.53959914096602e-05
0.0001675152123076949
0.00016771358561948156
9.996028516299409e-05
4.4253501632730266e-05
-9.820348484112292e-06
-5.67328369340994e-05
-4.87982657337833e-05
-7.1134774946427545e-06
-6.844708552677107e-06
-1.5132318008024865e-05
1.9323060719089253e-05
4.964969872463029e-05
0.00010732978096523381
0.00013447608778019773
9.905131767882827e-05
-1.4471762233485074e-05
-0.00015992443418865322
-0.00022422587181431753
-0.0002295091921631654
-0.00021249206093009544
-0.000132867531101183
3.924303369474275e-06
0.00010421411166553397
8.064548849145165e-05
-3.067998394008233e-05
-0.00018625175078555402
-0.0003401809823765048
-0.00048792548986933976
-0.0004793631609055386
-0.0003622899911028848
-0.00028123522219827233
-0.00022700689851600582
-0.0001514069749107205
-3.064996941821535e-05
0.0001665324763705744
0.00033239142947629694
0.0004212500074182867
0.0004366259615000685
0.00038492397475588854
0.0001620144234184578
-1.874360629817339e-07
3.721297612440771e-05
1.5849412405232404e-05
-0.0001637669602832218
-0.0003738114908112435
-0.00048103081517060747
-0.0005670400045851342
-0.0006197404196674243
-0.000567980142480306
-0.0004718506008361698
-0.0003683332316144478
-0.0003133201413995099
-0.0002476011747962685
-0.00010843635242168693
1.6423254794631467e-05
8.353163878069121e-05
8.791821243054351e-05
8.094503657183759e-05
4.834287253103529e-05
-1.4063612074330893e-05
-8.998952286808793e-05
-0.0001769792260901906
-0.00025745756889666805
-0.0002935388533657738
-0.00027923027533034614
-0.00023882978586869846
-0.0001713466401372998
-9.73885293628876e-05
-2.4179260336225085e-05
6.600251784677822e-05
0.00015541585500484376
0.00010664049305700134
3.488718293041614e-05
-8.025627366749563e-05
-0.00012255700439277095
0.00014047515672098733
-0.00015010969198255486
0.00011904290940841487
-8.53004650574483e-05
7.755385996315999e-05
-4.740109791890678e-05
5.2073739671386655e-05
-3.062656734702056e-05
2.2262635363116555e-05
-2.7232656278962394e-05
1.1106020553270537e-05
-1.4203510634277076e-05
1.103952189043049e-05
-1.2547161723789214e-05
7.39379945468705e-06
-9.696931417575944e-06
2.6525841676195653e-06
-8.5522356964407e-06
4.231952727708575e-06
-4.078600885360048e-06
1.7559572098735246e-06
-3.419772866477145e-06
1.331752521038787e-06
-2.9106722875971852e-06
2.8492983259690435e-07
-2.5481887587607954e-06
-2.225047453924267e-07
-2.4786198390628743e-06
-4.2961781299057783e-07
-1.974523825796072e-06
-4.866261356642671e-07
-1.9056166266222295e-06
-9.220004286180673e-07
-1.8093002012299457e-06
-1.0964930247088587e-06
-1.7734162357273611e-06
-1.2051402718555454e-06
-1.6438657683228754e-06
-1.3081923224115448e-06
-1.651022186868311e-06
-1.3656543885324276e-06
-1.6131223575365644e-06
-1.4370147909934829e-06
-1.6200440409210037e-06
-1.483062806903598e-06
-1.6212552362090027e-06
-1.5303772918648178e-06
-1.6297246168744863e-06
-1.5687636036770202e-06
-1.651888995475787e-06
-1.617397988624785e-06
-1.677352483457086e-06
-1.6530131591831676e-06
-1.7029643049041346e-06
-1.6912314523653653e-06
-1.730398796768529e-06
-1.7269151905725398e-06
-1.761879123986362e-06
-1.7636387852097354e-06
-1.7927763439938918e-06
-1.799644050911155e-06
-1.8262281441688323e-06
-1.8356396751276986e-06
-1.8594900044835054e-06
-1.871705849697772e-06
-1.8942770916706322e-06
-1.9082395288120607e-06
-1.929901754247277e-06
-1.945524708740103e-06
-1.9665337499478325e-06
-1.983107434506222e-06
-2.003821086056772e-06
-2.0214830792805163e-06
-2.0420585453209943e-06
-2.0604455475784498e-06
-2.0810784751557044e-06
-2.1001805558106424e-06
-2.1208938365665977e-06
-2.140580756818263e-06
-2.1615228313999002e-06
-2.1817527794229692e-06
-2.2029255351615085e-06
-2.2236667761422026e-06
-2.245160851897343e-06
-2.2663868271149447e-06
-2.2882097078617825e-06
-2.309907837382344e-06
-2.332098238144037e-06
-2.3542530785351096e-06
-2.3768273261920436e-06
-2.3994447733988178e-06
-2.4224265148236473e-06
-2.445499152228456e-06
-2.4689009878991336e-06
-2.4924359139874043e-06
-2.516272444747468e-06
-2.540270103886834e-06
-2.5645538278568775e-06
-2.5890218228567796e-06
-2.6137634787986794e-06
-2.638707081289906e-06
-2.663918601294611e-06
-2.6893459134225676e-06
-2.7150368840369796e-06
-2.7409552841089688e-06
-2.767136559897812e-06
-2.7935547855487304e-06
-2.820236224284874e-06
-2.8471631823277256e-06
-2.8743552602948554e-06
-2.9018001677762542e-06
-2.929512875318941e-06
-2.9574853939655463e-06
-2.9857291741282766e-06
-3.0142391005909925e-06
-3.0430242748925797e-06
-3.0720818081714165e-06
-3.1014189730461266e-06
-3.1310344409755107e-06
-3.16093428800394e-06
-3.191118339596874e-06
-3.2215917442192734e-06
-3.2523551871229068e-06
-3.2834132187578244e-06
-3.3147671434225466e-06
-3.346421058447811e-06
-3.378376747021391e-06
-3.410638016419532e-06
-3.4432069967629928e-06
-3.476087291172966e-06
-3.5092813095729766e-06
-3.542792529107161e-06
-3.5766235679000143e-06
-3.6107778274362503e-06
-3.6452581008244956e-06
-3.680067751564225e-06
-3.7152097110458116e-06
-3.750687334009705e-06
-3.786503672557716e-06
-3.822662091403057e-06
-3.859165745891097e-06
-3.896018027518014e-06
-3.9332221853566655e-06
-3.970781647392066e-06
-4.0086997486289065e-06
-4.0469799632010355e-06
-4.085625707234437e-06
-4.12464050662795e-06
-4.164027855441447e-06
-4.2037913369695175e-06
-4.243934521206804e-06
-4.284461052500121e-06
-4.3253745758564264e-06
-4.366678800138798e-06
-4.408377444886316e-06
-4.450474286172375e-06
-4.492973118307625e-06
-4.535877786999903e-06
-4.579192161736432e-06
-4.622920159945862e-06
-4.667065727193952e-06
-4.711632854573775e-06
-4.756625564584705e-06
-4.802047923855909e-06
-4.847904033021799e-06
-4.894198035973197e-06
-4.940934112672673e-06
-4.988116485972276e-06
-5.035749416507226e-06
-5.083837207786108e-06
-5.132384202590862e-06
-5.181394786666767e-06
-5.2308733863411705e-06
-5.280824471357075e-06
-5.331252553191637e-06
-5.382162187176568e-06
-5.433557971451161e-06
-5.4854445486729984e-06
-5.537826605344948e-06
-5.590708873133023e-06
-5.644096128529577e-06
-5.697993193945472e-06
-5.752404937575206e-06
-5.8073362743330664e-06
-5.862792165871832e-06
-5.9187776213931605e-06
-5.975297697782952e-06
-6.032357500345786e-06
-6.089962183031847e-06
-6.148116949103487e-06
-6.206827051433714e-06
-6.266097793094746e-06
-6.32593452776529e-06
-6.386342660299918e-06
-6.447327647114329e-06
-6.508894996763075e-06
-6.571050270381311e-06
-6.6337990822361195e-06
-6.697147100175635e-06
-6.761100046216847e-06
-6.825663696978957e-06
-6.890843884239353e-06
-6.95664649548271e-06
-7.02307747442308e-06
-7.090142821507457e-06
-7.157848594500915e-06
-7.226200909016571e-06
-7.2952059390618416e-06
-7.364869917601149e-06
-7.4351991371148646e-06
-7.506199950166442e-06
-7.577878769995206e-06
-7.650242071093852e-06
-7.723296389764355e-06
-7.797048324713134e-06
-7.871504537691255e-06
-7.94667175405247e-06
-8.022556763342704e-06
-8.099166419972792e-06
-8.176507643819109e-06
-8.254587420804157e-06
-8.333412803592473e-06
-8.412990912204856e-06
-8.493328934624277e-06
-8.574434127478015e-06
-8.656313816712098e-06
-8.738975398145049e-06
-8.822426338361104e-06
-8.90667417516834e-06
-8.99172651835372e-06
-9.077591050300413e-06
-9.164275526801877e-06
-9.251787777851195e-06
-9.34013570802426e-06
-9.429327297478244e-06
-9.519370602579768e-06
-9.610273756597535e-06
-9.702044970475446e-06
-9.79469253352271e-06
-9.8882248142638e-06
-9.982650261149438e-06
-1.0077977403266956e-05
-1.017421485119177e-05
-1.027137129764867e-05
-1.0369455518400162e-05
-1.0468476373022052e-05
-1.0568442805703994e-05
-1.0669363846052939e-05
-1.0771248609868473e-05
-1.0874106299983021e-05
-1.0977946207169813e-05
-1.1082777710921067e-05
-1.118861028025854e-05
-1.1295453474667301e-05
-1.1403316944859517e-05
-1.1512210433737283e-05
-1.1622143777258035e-05
-1.1733126905267535e-05
-1.1845169842471541e-05
-1.1958282709249412e-05
-1.2072475722698365e-05
-1.2187759197431278e-05
-1.230414354657153e-05
-1.2421639282674576e-05
-1.2540257018657427e-05
-1.2660007468839787e-05
-1.2780901449865732e-05
-1.2902949881613571e-05
-1.302616378825281e-05
-1.315055429923346e-05
-1.3276132650300086e-05
-1.3402910184454422e-05
-1.353089835300558e-05
-1.3660108716667587e-05
-1.3790552946531189e-05
-1.3922242825119475e-05
-1.4055190247488133e-05
-1.4189407222277989e-05
-1.4324905872801705e-05
-1.4461698438151399e-05
-1.4599797274259321e-05
-1.4739214855102184e-05
-1.4879963773740262e-05
-1.5022056743493536e-05
-1.5165506599073598e-05
-1.531032629777107e-05
-1.545652892062481e-05
-1.5604127673548608e-05
-1.5753135888581064e-05
-1.590356702507907e-05
-1.6055434670911306e-05
-1.6208752543712436e-05
-1.636353449210653e-05
-1.65197944969745e-05
-1.667754667268992e-05
-1.683680526841586e-05
-1.6997584669370576e-05
-1.715989939814807e-05
-1.7323764116037883e-05
-1.7489193624331068e-05
-1.7656202865642696e-05
-1.7824806925296815e-05
-1.7995021032657203e-05
-1.8166860562531624e-05
-1.8340341036525274e-05
-1.8515478124474618e-05
-1.8692287645869963e-05
-1.887078557123885e-05
-1.905098802363139e-05
-1.923291128005083e-05
-1.941657177294211e-05
-1.960198609167658e-05
-1.978917098401572e-05
-1.997814335765618e-05
-2.016892028177189e-05
-2.036151898852489e-05
-2.0555956874619913e-05
-2.07522515029185e-05
-2.095042060398832e-05
-2.11504820776902e-05
-2.135245399482737e-05
-2.1556354598729172e-05
-2.1762202307028202e-05
-2.1970015713103387e-05
-2.2179813587953564e-05
-2.239161488184322e-05
-2.2605438726052047e-05
-2.282130443451169e-05
-2.303923150545823e-05
-2.325923962345701e-05
-2.3481348661005016e-05
-2.3705578680370987e-05
-2.39319499354397e-05
-2.4160482873462636e-05
-2.4391198136963343e-05
-2.4624116565556415e-05
-2.485925919788588e-05
-2.5096647273525487e-05
-2.533630223476656e-05
-2.5578245728794143e-05
-2.582249960946762e-05
-2.6069085939323892e-05
-2.6318026991584316e-05
-2.656934525214604e-05
-2.682306342164948e-05
-2.7079204417504573e-05
-2.7337791375984383e-05
-2.7598847654244094e-05
-2.78623968325059e-05
-2.8128462716185177e-05
-2.8397069338024084e-05
-2.8668240960233785e-05
-2.8942002076723025e-05
-2.9218377415295756e-05
-2.9497391939867787e-05
-2.9779070852832892e-05
-3.0063439597175596e-05
-3.0350523858814244e-05
-3.064034956899527e-05
-3.093294290661586e-05
-3.122833030054506e-05
-3.152653843200171e-05
-3.1827594236992626e-05
-3.2131524908740735e-05
-3.2438357900159464e-05
-3.274812092633755e-05
-3.306084196699023e-05
-3.3376549269040055e-05
-3.3695271349146774e-05
-3.401703699627515e-05
-3.4341875274271886e-05
-3.466981552458069e-05
-3.500088736881014e-05
-3.533512071142568e-05
-3.5672545742484806e-05
-3.601319294032292e-05
-3.635709307429563e-05
-3.670427720759499e-05
-3.7054776700079864e-05
-3.740862321104991e-05
-3.7765848702127065e-05
-3.812648544015523e-05
-3.849056600009306e-05
-3.885812326795548e-05
-3.922919044380111e-05
-3.9603801044739255e-05
-3.9981988907931965e-05
-4.0363788193675285e-05
-4.0749233388458996e-05
-4.1138359308089424e-05
-4.153120110083525e-05
-4.1927794250619735e-05
-4.2328174580222734e-05
-4.273237825449143e-05
-4.314044178361491e-05
-4.355240202643259e-05
-4.3968296193776045e-05
-4.43881618518013e-05
-4.481203692538475e-05
-4.5239959701559845e-05
-4.567196883298617e-05
-4.610810334141171e-05
-4.654840262122907e-05
-4.699290644301567e-05
-4.7441654957152486e-05
-4.7894688697399496e-05
-4.835204858454802e-05
-4.881377593021142e-05
-4.92799124404942e-05
-4.9750500219739046e-05
-5.02255817743798e-05
-5.0705200016752465e-05
-5.118939826894772e-05
-5.1678220266768206e-05
-5.2171710163692445e-05
-5.266991253481183e-05
-5.317287238085615e-05
-5.36806351322889e-05
-5.41932466534273e-05
-5.471075324649905e-05
-5.523320165592689e-05
-5.576063907253417e-05
-5.6293113137773385e-05
-5.683067194802875e-05
-5.7373364058927774e-05
-5.7921238489802346e-05
-5.847434472808605e-05
-5.9032732733801246e-05
-5.95964529440571e-05
-6.016555627757158e-05
-6.07400941393042e-05
-6.132011842508231e-05
-6.190568152631228e-05
-6.24968363347464e-05
-6.309363624714298e-05
-6.369613517018068e-05
-6.430438752533582e-05
-6.491844825377738e-05
-6.553837282129675e-05
-6.616421722333888e-05
-6.679603799008459e-05
-6.743389219153229e-05
-6.807783744266574e-05
-6.872793190863114e-05
-6.938423431001518e-05
-7.004680392816028e-05
-7.071570061050462e-05
-7.139098477596155e-05
-7.207271742042372e-05
-7.276096012222825e-05
-7.345577504774272e-05
-7.415722495700156e-05
-7.48653732093573e-05
-7.558028376917618e-05
-7.630202121162812e-05
-7.703065072854246e-05
-7.776623813431077e-05
-7.850884987176452e-05
-7.925855301819934e-05
-8.001541529147788e-05
-8.077950505611258e-05
-8.155089132945198e-05
-8.232964378789649e-05
-8.31158327731827e-05
-8.390952929874821e-05
-8.471080505615077e-05
-8.551973242152812e-05
-8.633638446218702e-05
-8.716083494310746e-05
-8.799315833367839e-05
-8.88334298143959e-05
-8.968172528366013e-05
-9.05381213645937e-05
-9.140269541200058e-05
-9.227552551935689e-05
-9.31566905258422e-05
-9.404627002345379e-05
-9.494434436419215e-05
-9.585099466730626e-05
-9.676630282665801e-05
-9.769035151806167e-05
-9.862322420683148e-05
-9.95650051551898e-05
-0.00010051577942998336
-0.00010147563291040005
-0.00010244465229547117
-0.00010342292511242334
-0.00010441053972382622
-0.00010540758533636856
-0.00010641415200814407
-0.00010743033065774887
-0.00010845621307104474
-0.00010949189191142517
-0.00011053746072611288
-0.00011159301395605978
-0.00011265864694411077
-0.00011373445594304904
-0.00011482053812508678
-0.00011591699159031795
-0.00011702391537533493
-0.00011814140946218816
-0.00011926957478914915
-0.00012040851325447076
-0.00012155832773637983
-0.00012271912208446827
-0.00012389100115404149
-0.0001250740707994977
-0.00012626843787809762
-0.00012747421028529437
-0.00012869149695953223
-0.0001299204078344954
-0.00013116105395497187
-0.0001324135474087498
-0.0001336780012953714
-0.0001349545298991842
-0.00013624324851835903
-0.00013754427354010525
-0.00013885772256985474
-0.00014018371422795065
-0.0001415223683269626
-0.00014287380588291553
-0.00014423814898933046
-0.00014561552096404223
-0.00014700604638618106
-0.00014840985084195368
-0.00014982706139567858
-0.0001512578060092611
-0.00015270221424294424
-0.0001541604163970376
-0.00015563254468431355
-0.000157118731745495
-0.00015861911241204179
-0.00016013382193834586
-0.00016166299760458176
-0.00016320677750961653
-0.000164765301372485
-0.00016633871016947122
-0.00016792714614613275
-0.00016953075318707454
-0.0001711496760182093
-0.00017278406157814627
-0.0001744340570013342
-0.00017609981241306026
-0.00017778147730240594
-0.0001794792048801781
-0.00018119314810942236
-0.00018292346185166237
-0.00018467030326084922
-0.0001864338295785471
-0.0001882142015494899
-0.0001900115767710311
-0.00019182612434850347
-0.00019365799851390358
-0.00019550737610365444
-0.00019737441349489127
-0.00019925928870525743
-0.00020116216493349954
-0.00020308321931620355
-0.0002050226226571206
-0.0002069805510294656
-0.00020895718360990708
-0.00021095269086596007
-0.00021296727462459704
-0.00021500106784639282
-0.00021705436564929594
-0.00021912711522601287
-0.00022121960681943578
-0.0002233319938855123
-0.0002254643506202461
-0.00022761670110039772
-0.00022978983407379375
-0.0002319831910206926
-0.00023419757306328368
-0.0002364331007745678
-0.00023868978773189387
-0.00024096798823082153
-0.00024326792636356607
-0.00024558945096772984
-0.00024793290814681293
-0.00025029833186021556
-0.00025268560088439736
-0.0002550952284495557
-0.00025752714022948104
-0.0002599811786253847
-0.000262458623037469
-0.0002649579985133251
-0.00026748200827458196
-0.00027002806333962837
-0.0002726003667302932
-0.0002751937609343745
-0.000277816149629998
-0.0002804577325364651
-0.00028313043287725177
-0.00028582184490391486
-0.00028854448791029524
-0.000291287628456922
-0.0002940600921406411
-0.00029685705143517663
-0.0002996788852077867
-0.0003025323653587271
-0.0003054039678492375
-0.0003083155759432618
-0.0003112387292134016
-0.0003142102043240374
-0.00031718658945033805
-0.00032021338206530536
-0.0003232471107242219
-0.00032633273442264285
-0.0003294210298775569
-0.0003325695646282864
-0.0003357250744839991
-0.0003389232272974531
-0.00034215388829031933
-0.0003453958732986587
-0.0003487096136907293
-0.0003519843869385312
-0.0003553942611681472
-0.0003587042434950848
-0.00036220802994643003
-0.00036554969818282986
-0.00036914695294738235
-0.0003725455377840631
-0.0003761643043700908
-0.0003798017640671799
-0.00038285232929004156
-0.0003895980403818253
-0.00039464427240865584
-0.0004014352512306748
-0.0004069900865978755
-0.0004152068368706447
-0.0004140897476290024
-0.0004218581417541884
-0.0004208617776131871
-0.0004285286895296378
-0.0004281737540384152
-0.0004382677093718953
-0.00043965782014941765
-0.00044859349260469825
-0.00045322797507831524
-0.00046318421712129377
-0.0004750725128894901
-0.00048042035060549186
-0.0004969242412885975
-0.000500625511086597
-0.0005126151282384331
-0.0005155740260007081
-0.0005209689086576157
-0.0005208160611537253
-0.0005259428494150637
-0.0005272844976722839
-0.0005258330222836455
-0.0005317043138786325
-0.0005305913278087843
-0.0005353108285052066
-0.0005377627659555646
-0.0005420233054583433
-0.0005444711728069537
-0.0005524856685554381
-0.0005548578917440241
-0.0005659037487134337
-0.0005706896885314879
-0.0005764903395640982
-0.0005868792234805516
-0.0005880151433989967
-0.0006013525819388738
-0.0006031494982457315
-0.0006172129288623978
-0.0006173159867785066
-0.0006239674114111763
-0.0006269217549984959
-0.0006264305992876936
-0.0006285742077651857
-0.0006326806455733325
-0.000635335590265855
-0.0006353220263798247
-0.0006368707228596187
-0.0006387896316388112
-0.0006400273226310926
-0.0006491408167388647
-0.0006512592153264504
-0.0006667443109577896
-0.000665832541169835
-0.0006805816425639669
-0.0006805101265157706
-0.0006924082425852157
-0.000694818824638808
-0.0007080393106574316
