-0.000411382169434642
-0.0003774940678110782
-0.00042653770670015743
-0.0004329156764756462
-0.0004455300738037761
-0.0004430411372991166
-0.0004421736622672055
-0.00044081072181189707
-0.000440996479520211
-0.00044144446837936913
-0.00044682550342463816
-0.0004477237391964231
-0.0004506563880915658
-0.0004557970677614472
-0.0004562814039292044
-0.0004607746071660678
-0.0004591802552449079
-0.00046629465890771595
-0.00046421111252903954
-0.0004733948857474784
-0.00046573101595464303
-0.00048275434660149746
-0.0004636445978139383
-0.0004896525170434612
-0.0004727302344712917
-0.0004949892989627821
-0.00048371248627104255
-0.0004936956748994175
-0.000476097514892238
-0.0004841920222739069
-0.0004617482533886284
-0.00047332278980789387
-0.0004489370024871191
-0.00046247583181914406
-0.0004463970803398097
-0.0004561234011811057
-0.00044304656743344734
-0.0004546353864266972
-0.00044691352747491467
-0.0004623309439163796
-0.0004555208650185719
-0.0004573247382009445
-0.00044648993711625737
-0.0004441666176533531
-0.00042574781464626877
-0.0004217222019073526
-0.0004077724928158711
-0.0004042645164494025
-0.00039177602838954954
-0.0003935176191937317
-0.00039227841755863017
-0.00039936593602293326
-0.000407411040566558
-0.0004166582955085294
-0.000431730163031238
-0.00043695984305686315
-0.00044915092450427727
-0.0004517549360918533
-0.0004498746982799814
-0.00044541224733757605
-0.00043775115517600454
-0.00041872529111274714
-0.0004081861301227389
-0.0003894984671536841
-0.0003796956727838731
-0.00037217902429176336
-0.0003630861869648958
-0.00036124636979006664
-0.0003592604189448307
-0.00035841322450290517
-0.0003656992607954606
-0.0003718438604090469
-0.00038734500928002714
-0.00038485544065499185
-0.00040355948629014905
-0.0003945581630464787
-0.00040215618191489404
-0.0003957673533397222
-0.0003911322138587943
-0.00038130513017717337
-0.00037464717370561194
-0.0003657499012103845
-0.0003628913055033405
-0.00035460422356122466
-0.00035280546769759114
-0.00034798909599759056
-0.0003463013399374286
-0.00034478443322822554
-0.0003406571306358747
-0.00034170417662214233
-0.0003378995013371992
-0.000339538476797295
-0.0003300862411948443
-0.0003307481168790498
-0.00032285914118098427
-0.00032317084438038577
-0.00031857403966273985
-0.0003161859157240408
-0.00032091055866801006
-0.00031355782945286393
-0.0003243777104380705
-0.0003206954396886292
-0.0003309961760276603
-0.00033537067150970584
-0.0003432760403978926
-0.00034261878285590694
-0.0003496009975508931
-0.00034764960663284563
-0.00034741378710991563
-0.00035077338865701583
-0.00034993037719825037
-0.0003455258866601792
-0.00034191972491992687
-0.0003343933300559428
-0.0003360228974901515
-0.0003255083780947408
-0.0003275913040271192
-0.00032580796094125583
-0.00032877587284206887
-0.0003294837799069761
-0.0003250839015323528
-0.0003242826368983311
-0.0003186056209171777
-0.0003194790225431591
-0.0003113821080659791
-0.00031487194423590235
-0.00030420130532480926
-0.0003108287600987239
-0.00029998634954285047
-0.00031202919342994406
-0.00030747457396332887
-0.00032389651981435676
-0.0003278936862087051
-0.00033634067350741257
-0.0003531320895800088
-0.00035059271507620847
-0.0003646890319113713
-0.00035306332112180875
-0.0003595836177740201
-0.00034777526463998385
-0.0003426843346254662
-0.00033051149995696203
-0.00032281737752935737
-0.000310615344025962
-0.00030307011309138414
-0.0002909196758238004
-0.00028866175329010115
-0.00027998102068694055
-0.00028789137134826244
-0.00028260964360699026
-0.0002836550731160659
-0.00027358771502803195
-0.0002718879754985295
-0.00025982821658101563
-0.0002599325939915207
-0.0002450562834101224
-0.00024513614459853976
-0.00023102234099287526
-0.00022946774035334947
-0.00022217263088753368
-0.00021997666229250045
-0.00021712759260472471
-0.00022078619009330104
-0.00022487908123369166
-0.00023316417970458065
-0.00023692712774810143
-0.00024262659059198094
-0.0002430749948124139
-0.0002496904776651921
-0.00024679410708459417
-0.00025242049621210965
-0.0002433535219938335
-0.00025278950045456213
-0.0002442600610704669
-0.0002527038762884791
-0.00024905982564627356
-0.0002563587003783647
-0.00025459216737763567
-0.00026410268333295093
-0.0002600270891822622
-0.0002751601927683305
-0.0002665269405556069
-0.00028082113068747544
-0.0002727666820029893
-0.00028519691938374257
-0.00027532438511594415
-0.0002865368286792447
-0.00027631665795835813
-0.00028957979441541484
-0.0002812174738604395
-0.00028491636156794845
-0.00028535487885979275
-0.00029380948745174294
-0.0002923926415181826
-0.00031132874007573077
-0.0003135566724208126
-0.0003310902082222769
-0.00033896065258332046
-0.00034676446392695073
-0.0003544934587576894
-0.00036042826905632874
-0.00036710391243275665
-0.00037316741750260257
-0.00037910513469913056
-0.0003916611125963504
-0.00039001873480849444
-0.00040285321635493776
-0.00040099551741823707
-0.0004059309232762999
-0.00041043449141576853
-0.0004142555788176909
-0.0004166540916180014
-0.0004242718067278583
-0.00042347035563071846
-0.00043159438512521816
-0.00043185667143553607
-0.00042981015440530677
-0.0004299817697521512
-0.00043203233573786286
-0.0004258725131937527
-0.00043462495960009295
-0.00042881707510737796
-0.0004378362486233967
-0.0004371764914172519
-0.00044507496625682396
-0.0004486756501552616
-0.0004600318514445404
-0.00045947608387022175
-0.00046767737639920803
-0.0004668815881026748
-0.00047344444082125396
-0.00046716869902054827
-0.00047811152375635256
-0.0004717300225356148
-0.00048284140906835105
-0.00047782669354488546
-0.00048820095223165507
-0.00048390735228310655
-0.0004941546995299124
-0.0004899852262337182
-0.0004999074538604299
-0.0005018198201756818
-0.0005097032111683567
-0.0005100223241569623
-0.0005122855090834598
-0.0005105609398331828
-0.0005096992521013751
-0.0005057746070821212
-0.0005047121761292597
-0.0005086503193780243
-0.0005033846876085976
-0.0005142071509381192
-0.000504051825045127
-0.0005224584406325972
-0.000514448610908963
-0.0005293690958125628
-0.0005262961155903948
-0.0005392482235241597
-0.0005404816268304565
-0.0005538767328431907
-0.0005507418792596972
-0.0005574449425250223
-0.0005522673710751502
-0.0005658511954030179
-0.0005589589549035026
-0.000564355252307255
-0.0005603088316983968
-0.0005641132474426197
-0.0005604344570610687
-0.0005644911525932117
-0.0005602553691686524
-0.0005644189133358246
-0.0005682573190546479
-0.0005646728680011597
-0.0005702669477410278
-0.0005708629344733042
-0.0005705262337176791
-0.0005697268495787684
-0.0005679979620453814
-0.0005696902208913281
-0.0005665310866868025
-0.0005650000937989113
-0.0005658889922487692
-0.0005593792722445217
-0.0005305689855064338
-0.0005095635077187544
-0.0004974732134983854
-0.0005259926258112525
-0.000557174752087283
-0.0005337208325921493
-0.0005690652339866042
-0.0006385575576668453
-0.0006148680260791596
-0.000542332225754085
-0.000591782259211651
-0.000649592377092157
-0.000604542023394136
-0.0005714802183971867
-0.0005580919843990004
-0.0005653464845542168
-0.0005532541581244608
-0.0005411754759059081
-0.000482840178610128
-0.0005371451229462122
-0.0005440162071120652
-0.0006595002520523952
0.0005968527281535334
0.012673225454342164
0.02081366959218237
0.023057582277766463
0.022517711425490698
0.018604761250663467
0.01964769013390387
0.022866162336976737
0.014822069015285586
-0.012136083223605081
-0.024438408302284338
-0.019410871105486373
-0.01683155387405581
-0.020321666077623195
-0.018570010099834014
-0.011575116067813956
-0.008589721207967553
-0.007358050686902068
-0.001896846171731255
0.0018609221957781403
0.003157865499041312
0.008093368313100235
0.008443025266555139
0.008425599597746287
0.01298623697510964
0.01666997754590461
0.011554497107353671
0.006071766810139743
0.004194844211531984
0.004893382982890457
0.0034478800864317554
0.0005863133015600135
-0.0014820488929102075
-4.5882716230174174e-07
-0.0003168307355109601
-0.005260512521129961
-0.00764472156281892
-0.005295450685074024
-0.0034600619832259186
-0.002954802633433338
-0.002094617792145915
-0.002717241804969666
-0.0034502747360487833
-0.0031638365475761022
-0.001076902658524074
0.0005294344046783382
0.001129001699948672
0.0011455652872444384
0.0005497865305575965
0.00045440104214908154
0.0009259029606925882
0.001738004754343402
0.0022981228914496794
0.002499580810423086
0.0011781307783923622
2.123905777044277e-06
6.925768672525758e-05
0.00014079455210429958
-0.000753365300060875
-0.0011175055065645095
-0.0005643380980226673
-0.00018805800561933216
-0.0009342811389031465
-0.0014231333654632047
-0.0020120268124496745
-0.002160895060076126
-0.0021706453863283826
-0.0017733939108600838
-0.001416817500147128
-0.001028875101011593
-0.0010043399572217183
-0.0010347077016306925
-0.0004660804192247377
0.000145575591545693
5.393154543604229e-05
0.0006110029140109705
0.0013226057621494028
0.001914879637813129
0.0017740988688543361
0.0015136372257299492
0.0011763579236695604
0.0006463208006711939
0.0006001996029575975
0.0005267896146022123
0.0007677566393448061
0.0006867570444515707
-1.3415542125869213e-06
-0.0004673719960160465
-0.0004352955118354081
-0.00037931048270603785
-0.0005910711951551603
-0.0006436472814333285
-0.0003423035763867915
-0.0002248504136459113
-0.00040941678010236065
-0.0002405732568948503
-5.639987969916085e-05
0.00020308067166581564
0.00035572574678801574
0.0004240159737597326
0.0005636369966853123
0.0006621083746661989
0.0005286088935093558
0.0003902645326286819
0.00033780526342839704
0.00043606807597991264
0.0005161672524724838
0.0004738011023167295
0.00037857361416703396
0.00025692667326153917
0.00013445131618205109
8.98724112522062e-05
-1.8620202556134464e-05
-8.421472352387013e-05
-6.0133404916010615e-05
-8.386079676156182e-05
-6.236036825896227e-05
-9.124938921649343e-05
-5.530858714653734e-05
-6.050459169561049e-05
-4.239990782530898e-05
-6.0810582074852716e-05
-3.0205793050834935e-05
-3.708166089815163e-05
-1.9840801587240127e-05
-3.3357906013468425e-05
-4.952925432552919e-06
-2.569856112985593e-06
1.5016786060468445e-05
2.12586227516453e-06
1.163414084668168e-05
8.879734791570736e-07
1.2411565292229774e-05
3.881050447523599e-06
1.770252587416526e-05
9.29868726245855e-06
1.417514346196848e-05
3.6037258908504927e-06
8.90453286566985e-06
-2.0242593679264617e-06
2.3579345724638695e-06
-5.030618993075449e-06
9.297374252519291e-07
-5.337147451136323e-06
-7.404447143808226e-07
-4.695681336720368e-06
-7.831052747136926e-07
-7.39219404696796e-06
-1.7591433270799489e-06
-5.020536230221362e-06
1.1478367989088733e-06
-2.53113130759035e-06
1.2009385413521952e-06
-2.761935332832124e-06
9.530951842300073e-07
-3.340296148205302e-06
6.042373152737653e-07
-3.3720772927400735e-06
-1.8279416284089616e-07
-4.2935492299459615e-06
-1.3415445830830146e-06
-4.863818848708522e-06
-2.2098427741935707e-06
-5.747338360468263e-06
-2.842943182660958e-06
-6.111428770822364e-06
-3.851844600941703e-06
-6.805719036080514e-06
-4.446882283842249e-06
-7.086771741316692e-06
-4.79374462708637e-06
-6.990508021443285e-06
-4.631151309831936e-06
-6.7701025052050394e-06
-4.801687613034586e-06
-6.746785272517022e-06
-4.7269768896782525e-06
-6.459092237865766e-06
-4.6748116696972025e-06
-6.306842639242542e-06
-4.666017642027605e-06
-6.2756289612332e-06
-4.803000841631521e-06
-6.263432255282695e-06
-4.893871195879181e-06
-6.293321852288011e-06
-5.085763563653538e-06
-6.36297954798357e-06
-5.233312573248116e-06
-6.482626318051125e-06
-5.4407387756285484e-06
-6.590545087422593e-06
-5.639792857570455e-06
-6.710609252835731e-06
-5.814193228413558e-06
-6.805037033837721e-06
-5.995323506920646e-06
-6.946615847202957e-06
-6.171298432489515e-06
-7.036487412673351e-06
-6.328795831740891e-06
-7.136686978942327e-06
-6.4771779346799695e-06
-7.234845037439551e-06
-6.630947894036357e-06
-7.343132789509735e-06
-6.77677390342144e-06
-7.440745195234699e-06
-6.930136167139267e-06
-7.554562113540477e-06
-7.083057458856371e-06
-7.673738338373384e-06
-7.246670860223904e-06
-7.799912173082901e-06
-7.403663618693075e-06
-7.923984453882032e-06
-7.565513015165952e-06
-8.054186296630047e-06
-7.727115400874148e-06
-8.189598216216444e-06
-7.891195653235037e-06
-8.323167476766228e-06
-8.05150811999494e-06
-8.461916296607978e-06
-8.217043602880698e-06
-8.603535391709196e-06
-8.382110630356386e-06
-8.748125018364955e-06
-8.549062570467039e-06
-8.895224811117613e-06
-8.71777954003939e-06
-9.047918489805436e-06
-8.88978966320336e-06
-9.20306140878466e-06
-9.064255506093991e-06
-9.363419610494271e-06
-9.241760636049211e-06
-9.527105290079856e-06
-9.422057324522207e-06
-9.695536212896548e-06
-9.605494368966903e-06
-9.867392543603697e-06
-9.792150341288244e-06
-1.004338557065385e-05
-9.981123043931924e-06
-1.0222845960393772e-05
-1.0173439403602234e-05
-1.040633494724101e-05
-1.0368538364873635e-05
-1.059334317508232e-05
-1.0566879863342612e-05
-1.0784202369609741e-05
-1.0768104870974056e-05
-1.0978917038742436e-05
-1.097285140210052e-05
-1.1177552207793274e-05
-1.1180847862691891e-05
-1.1380171852835852e-05
-1.1392418645090425e-05
-1.1586778392568345e-05
-1.1607464769560578e-05
-1.1797595390469263e-05
-1.182637106265954e-05
-1.2012569939357908e-05
-1.2048982578645364e-05
-1.2231810675645915e-05
-1.2275507579437208e-05
-1.245532926819542e-05
-1.2506024352135236e-05
-1.2683293904592761e-05
-1.2740609265348042e-05
-1.291561643649604e-05
-1.2979312205279518e-05
-1.3152475625984939e-05
-1.3222266670726181e-05
-1.3393874776492114e-05
-1.346955730905336e-05
-1.3639928113528274e-05
-1.3721249007273527e-05
-1.3890672519276451e-05
-1.3977468314784283e-05
-1.4146224316003418e-05
-1.4238290196570951e-05
-1.4406629712449784e-05
-1.4503831345847841e-05
-1.467199721920845e-05
-1.4774162860959966e-05
-1.4942392669170888e-05
-1.5049406408414474e-05
-1.5217910093434154e-05
-1.532964344576185e-05
-1.5498633193189063e-05
-1.561498788955841e-05
-1.5784651513806714e-05
-1.5905524236806855e-05
-1.6076057412461002e-05
-1.6201369176129367e-05
-1.6372939986133918e-05
-1.650261584639756e-05
-1.6675399948529765e-05
-1.6809376234212277e-05
-1.6983530071441245e-05
-1.712175147024046e-05
-1.729743457743855e-05
-1.7439854970050933e-05
-1.7617212468158143e-05
-1.776379546660782e-05
-1.7942973224203726e-05
-1.809368573669478e-05
-1.827481893249908e-05
-1.8429639559494647e-05
-1.8612863416777894e-05
-1.8771774084896517e-05
-1.8957215630187285e-05
-1.9120206667428606e-05
-1.930799101835803e-05
-1.947505631239163e-05
-1.9665304200219853e-05
-1.9836446348093656e-05
-2.0029275505318057e-05
-2.020449917628173e-05
-2.0400024248477854e-05
-2.0579341498769673e-05
-2.0777674486917362e-05
-2.0961100663721328e-05
-2.1162351559523204e-05
-2.134990772065823e-05
-2.1554183868390352e-05
-2.17458942454382e-05
-2.1953301973422408e-05
-2.2149195853527644e-05
-2.235983913833909e-05
-2.255994922702646e-05
-2.277393138168473e-05
-2.2978294452610185e-05
-2.3195717071441448e-05
-2.3404373259142217e-05
-2.3625337556668806e-05
-2.3838330665358848e-05
-2.4062936551398433e-05
-2.4280313695138175e-05
-2.4508660933828517e-05
-2.473047235818972e-05
-2.4962659962045742e-05
-2.51889591643154e-05
-2.5425086125351515e-05
-2.565592949930421e-05
-2.589609445245619e-05
-2.6131541471715702e-05
-2.6375843250481002e-05
-2.661595609395676e-05
-2.6864493542633688e-05
-2.710933731248788e-05
-2.736220959298877e-05
-2.7611851998598575e-05
-2.7869158630975326e-05
-2.8123670158453702e-05
-2.83855111553223e-05
-2.864496479579819e-05
-2.89114407541502e-05
-2.917591216544782e-05
-2.9447124372144166e-05
-2.9716691675920015e-05
-2.9992742224194547e-05
-3.026748608655889e-05
-3.0548477914775415e-05
-3.0828481436526276e-05
-3.111451848356972e-05
-3.139986724625223e-05
-3.169105447363974e-05
-3.198183645997414e-05
-3.227827998763817e-05
-3.257458560971811e-05
-3.287639274220707e-05
-3.3178314810608164e-05
-3.3485594164344985e-05
-3.379322788649254e-05
-3.410608941865915e-05
-3.4419532394665785e-05
-3.473808751039843e-05
-3.505743973152508e-05
-3.538180132378725e-05
-3.570716518209744e-05
-3.6037447724759876e-05
-3.6368928006729785e-05
-3.670524760019875e-05
-3.704295150948984e-05
-3.7385425960586704e-05
-3.7729463117672376e-05
-3.807821199221283e-05
-3.842869445835998e-05
-3.878383915091523e-05
-3.914088143467669e-05
-3.950254522598696e-05
-3.986626431237383e-05
-4.0234572431052695e-05
-4.0605087793155214e-05
-4.0980167476300654e-05
-4.1357601106203554e-05
-4.173958165753101e-05
-4.2124058085625873e-05
-4.251307093592867e-05
-4.2904717262711974e-05
-4.330089602606381e-05
-4.369984194788415e-05
-4.4103322482979754e-05
-4.450970032558385e-05
-4.492062079066057e-05
-4.5334565540116646e-05
-4.575306645355527e-05
-4.6174715792032806e-05
-4.6600940088197765e-05
-4.7030434429471985e-05
-4.746452751876618e-05
-4.790201004634619e-05
-4.834411987130095e-05
-4.8789736577912416e-05
-4.924001367353128e-05
-4.969391340196378e-05
-5.0152510952887995e-05
-5.061484543894936e-05
-5.108191933943674e-05
-5.155284325548265e-05
-5.20285521680452e-05
-5.2508223169153885e-05
-5.299272858502128e-05
-5.3481307355552005e-05
-5.397477365452611e-05
-5.447242395694265e-05
-5.4975018468596086e-05
-5.548190719323364e-05
-5.599380025820828e-05
-5.651009747479263e-05
-5.7031462507142316e-05
-5.755734151737858e-05
-5.808835506728328e-05
-5.862399245936447e-05
-5.916483427681718e-05
-5.971040998067775e-05
-6.026126307993884e-05
-6.081696042464161e-05
-6.137801114924489e-05
-6.194401692104814e-05
-6.251545501019553e-05
-6.309195951265578e-05
-6.367397816795607e-05
-6.426117528298612e-05
-6.48539712366075e-05
-6.545205848721293e-05
-6.605583207086076e-05
-6.666501068523442e-05
-6.727996589989994e-05
-6.790044087679956e-05
-6.852678546406116e-05
-6.915876563987067e-05
-6.979671115404582e-05
-7.044040927118092e-05
-7.109017115235466e-05
-7.174580392895445e-05
-7.240760157783965e-05
-7.307538977925285e-05
-7.374944663243906e-05
-7.44296151439548e-05
-7.511615875102366e-05
-7.580893665219121e-05
-7.650819875412257e-05
-7.721381939458085e-05
-7.792603600257611e-05
-7.864473707920225e-05
-7.937014855623247e-05
-8.01021721926497e-05
-8.084102333551265e-05
-8.158661616211273e-05
-8.233915628443067e-05
-8.309856952073063e-05
-8.386505253945618e-05
-8.46385420778658e-05
-8.541922659794997e-05
-8.620705308867951e-05
-8.700220249278895e-05
-8.78046314312901e-05
-8.861451396819812e-05
-8.943181578404042e-05
-9.025670466085634e-05
-9.108915480781797e-05
-9.192932828196496e-05
-9.2777207330493e-05
-9.363294880475353e-05
-9.449654253586173e-05
-9.536814065431372e-05
-9.624774015525164e-05
-9.713548890100387e-05
-9.803139066313435e-05
-9.89355894583861e-05
-9.984809547637297e-05
-0.00010076904928338229
-0.00010169846715669332
-0.00010263648658149347
-0.00010358312961760905
-0.00010453853101468063
-0.00010550271833448358
-0.00010647582391439683
-0.00010745788055927148
-0.00010844901849717175
-0.00010944927553817018
-0.00011045878008498209
-0.00011147757473428812
-0.00011250578632976966
-0.00011354346205413727
-0.0001145907274419286
-0.00011564763407800931
-0.0001167143064226696
-0.00011779080029481349
-0.00011887723930142577
-0.0001199736833416799
-0.00012108025537713781
-0.00012219701924729223
-0.00012332409746416452
-0.00012446155768014444
-0.0001256095221426742
-0.00012676806220148027
-0.0001279373000139237
-0.00012911731052254061
-0.0001303082159598021
-0.0001315100947669231
-0.00013272306940777766
-0.00013394722173764272
-0.00013518267460011597
-0.00013642951318909016
-0.00013768786086875264
-0.00013895780610438863
-0.00014023947291471266
-0.00014153295297726545
-0.00014283837109296512
-0.00014415582209972074
-0.00014548543170256594
-0.00014682729785483843
-0.0001481815472820806
-0.0001495482810147256
-0.00015092762691049674
-0.00015231968904460798
-0.00015372459651396978
-0.0001551424564118864
-0.00015657339917757166
-0.0001580175349012627
-0.00015947499546368688
-0.00016094589393586867
-0.0001624303637357701
-0.00016392852090388018
-0.0001654405004881416
-0.00016696642149161825
-0.0001685064206821134
-0.00017006062002266313
-0.00017162915808814681
-0.00017321215980306017
-0.0001748097656344423
-0.0001764221034733959
-0.00017804931576202945
-0.00017969153336683849
-0.00018134890078612265
-0.00018302155187408618
-0.000184709633264604
-0.0001864132818151674
-0.00018813264637323568
-0.0001898678668182833
-0.00019161909428780117
-0.0001933864717048165
-0.00019517015257265827
-0.00019697028288264982
-0.00019878701857849358
-0.00020062050874617606
-0.00020247091184370675
-0.00020433838008239273
-0.00020622307450800763
-0.00020812515048859324
-0.00021004477173008684
-0.00021198209679254288
-0.00021393729211435742
-0.0002159105194844054
-0.00021790194814560494
-0.00021991174315497364
-0.00022194007663129783
-0.00022398711694183939
-0.00022605303915299496
-0.00022813801498537605
-0.00023024222252538234
-0.00023236583689227957
-0.0002345090392646551
-0.0002366720082080975
-0.00023885492806519554
-0.00024105798089876627
-0.00024328135428687537
-0.00024552523384100224
-0.0002477898104479789
-0.00025007527332168776
-0.000252381816728614
-0.00025470963354519665
-0.0002570589214851727
-0.00025942987714841807
-0.00026182270177187194
-0.00026423759572965035
-0.0002666747638682617
-0.0002691344103857318
-0.0002716167438234048
-0.0002741219722566307
-0.0002766503080168689
-0.0002792019630825332
-0.0002817771537206397
-0.00028437609577531306
-0.0002869990096642808
-0.0002896461150088831
-0.0002923176366004055
-0.0002950137978797921
-0.00029773482769413525
-0.0003004809542470665
-0.0003032524089336881
-0.0003060494262289148
-0.0003088722395559062
-0.000311721088703435
-0.00031459621172795054
-0.0003174978508575757
-0.00032042625036003366
-0.0003233816556514259
-0.00032636431391554844
-0.000329374478110181
-0.0003324123967985553
-0.00033547832942108487
-0.0003385725302856848
-0.0003416952638686416
-0.0003448467841702247
-0.00034802737331683425
-0.0003512372709526313
-0.0003544767835452107
-0.0003577461469106384
-0.0003610456647487063
-0.0003643756037803893
-0.00036773622945045534
-0.00037112786873052937
-0.0003745507111984425
-0.00037800521376354614
-0.00038149137424337454
-0.00038500996505394156
-0.00038856051968203653
-0.00039214449677880546
-0.00039576050486200837
-0.00039941119388516076
-0.00040309385255417405
-0.00040681195113469594
-0.000410565561178403
-0.0004143520180798411
-0.0004181813245484598
-0.0004220415836799407
-0.00042594632510467963
-0.00042988578180610273
-0.0004338673853103087
-0.0004378884058497421
-0.00044195332143928017
-0.0004460559703392
-0.00045021009947324305
-0.00045439787279466683
-0.00045863190554683194
-0.0004629024809999346
-0.0004672152957897357
-0.00047156091711709683
-0.00047596048652909283
-0.000480383088822909
-0.0004848626102374213
-0.0004893806351841895
-0.0004939188023863252
-0.0004985612445587612
-0.0005031601554713092
-0.000507968089017325
-0.0005125638120736964
-0.000517607148056858
-0.0005221093851717147
-0.0005275119803713072
-0.0005316924803374281
-0.0005377557557011526
-0.0005412657100405447
-0.0005483489821101148
-0.0005508239594784102
-0.0005589632361119812
-0.0005634906159473438
-0.0005403552864137983
-0.0005410962344486632
-0.0005154765454041949
-0.0005121770240157907
-0.0004864825465840605
-0.0004776662391396906
-0.0004610470095837265
-0.0004617001485401665
-0.0004446829855839895
-0.0004508894348379308
-0.00043357228983522495
-0.0004460778553486215
-0.00043938076835199033
-0.00044422107245672607
-0.00044777655471777984
-0.00044372386041531883
-0.0004582747895460151
-0.000455769551243955
-0.0004692126200018842
-0.0004666809239058825
-0.00047728248021389
-0.00048067983467180067
-0.0004999804232559872
-0.0004917464494126997
-0.0005026457285281665
-0.0004927203625880062
-0.0004987311655233941
-0.0004918114685447848
-0.0004941945406541312
-0.0004790028915402772
-0.00048349299700296204
-0.00046624539296452995
-0.000470664232215246
-0.0004528882107526621
-0.000461056281381165
-0.0006331820341549058
-0.0005657441685445859
-0.0006751316146390408
-0.00065870030222524
-0.000727574313288751
-0.0006920561746531843
-0.0007454902694721008
-0.0007040885194106117
-0.0007766857606982118
-0.0007117207651701214
-0.0007799272659984555
-0.0007213104375935152
-0.0007813963771923346
-0.0007304909984340004
-0.000779490104065399
-0.0007342418522039734
-0.0007805105300788599
-0.0007391577645118846
-0.0007990700301033456
-0.0007362424970219265
-0.0007942634856844743
-0.0007335027906399797
-0.0007842907401359482
-0.0007276859612303119
-0.0007735966878868994
-0.0007213453658171025
-0.0007707125493998175
-0.0007401845637729657
-0.0007734549006506138
-0.0007500546772482768
-0.0007782662170775869
-0.0007755979735400514
-0.0007767753399851164
-0.000766440571979379
-0.0007720764012529397
-0.0007505014358232596
-0.0007468715835776284
-0.0007225635091212512
-0.0007337376357761079
-0.0006921304083653886
-0.0007225539697156561
-0.0006927328760509758
-0.0007137931039500868
-0.0006960691257009372
-0.0007337332802692162
-0.0007288602417156283
-0.000771828826799681
-0.0007736451007206586
-0.0007804455196166457
-0.0007871208006991917
-0.000789054531361889
-0.0007723735366413592
-0.0007668814168690355
-0.0007525966857405376
-0.0007274090187191077
-0.0007302027892248748
-0.000696591986109347
-0.0006970301426126009
-0.0006767218249042439
-0.000681475992823238
-0.0006760510230186456
-0.0007000700811567167
-0.0007006847755763811
-0.0007283235573838051
-0.0007313718811840992
-0.0007758188405364572
-0.0007656585586158292
-0.000791361612041249
-0.0007698076386835175
-0.0007873850244376431
-0.0007543193488525842
-0.0007694437298067157
-0.0007249739607450706
-0.0007465229262188092
-0.0007217159730269436
-0.0007263575490432993
-0.0007240896683719143
-0.0007168325247438241
-0.000742851818408147
-0.0007422765749764981
-0.0007518717823158832
-0.000744678643320804
-0.0007577723491137435
-0.0007399424193014952
-0.0007532889281565533
-0.0007236573131134655
-0.0007331594269214955
-0.000722571266403016
-0.0007239900785560435
-0.0007151841144629138
-0.0007173896357017153
-0.0007167083434872931
-0.0007106127505707557
-0.0007465951976887547
-0.000733962887911827
-0.0007749543231302269
-0.0007663244372491559
-0.0008031458760397279
-0.0008072505101208332
-0.0008153147242666626
-0.0008192006935490517
-0.0008126115468581302
-0.0008208729585333482
-0.0008138450657871685
-0.0008225276115843524
-0.0008170559683749667
-0.0008245797025129321
-0.0008399509916834867
-0.0008309945593944518
-0.0008474941090174141
-0.0008380758131252807
-0.0008511791002725954
-0.000843866195413778
-0.0008559957211788061
-0.0008401903952518993
-0.0008512959032425859
-0.0008361854756315241
-0.0008343835866060484
-0.0008295471229499553
-0.0008237014598943689
-0.0008315653301404235
-0.0008274108188303162
-0.0008346670944654878
-0.0008609577455589442
-0.0008609515120163677
-0.0009023317143564717
-0.0008971874956944524
-0.0009096861037377255
-0.0009021595328912319
-0.0009076921295182514
-0.0008892789762986184
-0.0008742680579753546
-0.0008614084799733512
-0.0008436023276070271
-0.0008303003187539238
-0.0008225261946033731
-0.000817287422374672
-0.00082375126758104
-0.0008225306230782943
-0.0008231530870062293
-0.0008300018098749021
-0.0008313736472159932
-0.0008379843983194489
-0.0008334843398660457
-0.000837250257851776
-0.0008138426797483933
-0.0008235013383181479
-0.0007889689582153143
-0.0007953957986078432
-0.0007610385099312241
-0.0007745737359338965
-0.0007431645292063224
-0.000757707370357586
-0.0007353460558626992
-0.0007590573050653944
-0.0007596804621335209
-0.0007679560835497994
-0.0007885596841884758
-0.000797765574762021
-0.0008190631071996819
-0.0008143483690811256
-0.0008298853612621977
-0.000814978342094207
-0.0008249339277694584
-0.000811009285186351
-0.0008155602789719263
-0.000804492294248963
-0.0008155388880082377
-0.0008065627515075475
-0.0008470830661387722
-0.0008160515598117829
-0.0008553608768541195
-0.0008438594206301748
-0.0008791252649506152
-0.0008568828298238904
-0.0008879256432491754
-0.0008665588054982004
-0.0008739508579867311
-0.0008609190321149079
-0.0008907978252182176
-0.0008571562149549243
-0.0008775595637429807
-0.0008609564935127176
-0.0008952350040559532
-0.000866969317355717
-0.0009207727445598736
-0.0008948128391602106
-0.0009481570975111889
-0.0009390713422389564
-0.0009599804751738667
-0.0009710931465937518
-0.0009883637122827791
-0.00098136381041007
-0.0010169299113037995
-0.0010085870729477147
-0.0010269638468517845
-0.0010219359807809396
-0.0010344470333964733
-0.0010191173074975135
-0.0010406238920924523
-0.0010232887624951846
-0.0010473149386795708
-0.0010306657781177534
-0.0010554221526326447
-0.001039316230038713
-0.0010541107163223838
-0.0010657509456817953
-0.001054235211985004
-0.0010754893122653616
-0.0010649260889068557
-0.0010824262381115479
-0.001069206850295404
-0.0010796256201647736
-0.0010774103031587275
-0.0011045979936088516
-0.0010884614443062543
-0.001136662893113373
-0.0011045061158509216
-0.0011503313950905222
-0.0011214540720138537
-0.0011425901770403812
-0.001123345608046313
-0.0011406057985749486
-0.0011223303906938396
-0.0011305553411966596
-0.0011300941018472718
-0.0011291625463493472
-0.0011315858377128063
-0.0011298593062841547
-0.001140342362486519
-0.0011404394045691248
-0.0011435217865712697
-0.0011520203021208753
-0.0011571502518906403
-0.001154395883641468
-0.0011626524127794765
-0.0011653340640303592
-0.0011561339482449116
-0.001177096055299507
-0.0011399849046057568
-0.001177690609164594
-0.001122133487257604
-0.0011708262488147158
-0.0011516952518138635
-0.0011618935651323283
-0.0011601567332306534
-0.0011736713981505475
-0.0011618299073753004
-0.0011990942593519604
-0.0011856027508262545
-0.0012300125606106334
-0.0012360321435957746
-0.0012697093849035031
-0.0012630775336173556
-0.001285188599147987
-0.001269236769173121
-0.0012868211684194867
-0.0012893075620872935
-0.0013035779635948634
-0.0013066396183471366
-0.001270054933721982
-0.0012450967869160694
-0.001186549926884255
-0.0011528849354704176
-0.001127781816156788
-0.0011900288928481065
-0.0011827652630359983
-0.0012552008174039377
-0.0012259635995756422
-0.0013181527457785701
-0.0013294466087766894
-0.0014888190872940823
-0.0013098218630609392
-0.001558414196578616
-0.0011729377275336284
-0.0013748722302775289
-0.0007239230496979443
-0.0016562905482378873
-0.00017120438864175194
-0.00221728554201152
0.0009045859201224654
-0.004974349237374895
0.009498313420780894
0.13325391911080242
0.13178560589244537
0.14455917343815305
0.10190631310459078
0.045049201371649195
-0.11273460062321075
-0.12306871164548791
-0.09968240809613385
-0.12964488534351237
-0.08114818378390715
-0.04687255108025417
-0.021869466381786048
-0.002337407062195281
-0.0009918392111728993
0.012535853451024677
0.024890547754954806
0.008339590048042887
0.015830988362545435
0.02775662101330547
0.04602033539150305
0.030699872053731966
0.017921585984694746
-0.011725953505520744
0.0017835138836921553
0.012694906969909402
0.006693030350806121
-0.00818031039436184
-0.013179824782405647
-0.012597293121294546
-0.019091418718861004
-0.017672050908376008
0.0027919144678478685
0.00791498086955248
-8.605007730012973e-05
-0.01827107433756172
-0.018698718182689894
-0.007389958129071735
0.011760099378439507
0.02757507597027313
0.028136931133812944
0.026080811102091706
0.008545938665235498
-0.007071468735076938
-0.008019424723490908
-0.0035546523459169567
0.002641117164354373
-0.009142071841526532
-0.02270900602979383
-0.02557797153363405
-0.016817536729250876
-0.018815066283180006
-0.013609485163437483
-0.010533745806842533
-0.0038866475318253928
0.00039692329913004737
0.014758473703943849
0.017429873142259727
0.011069910326111473
0.0007336988262582774
9.84904144240498e-05
0.002051952088418135
0.0061620755831909915
0.006841916173934298
0.007484203152702765
-0.0006972258809604111
-0.009148416254412775
-0.012939607494726092
-0.006361751505348688
-0.00017522622624454394
0.0037660711480798637
0.00024072890169625648
-0.004784587640522152
-0.009171416848509755
-0.004726167228402071
0.0015208277437826151
0.0062040032620332905
0.005318605922081292
0.001308605914273619
-0.0019320096230908074
-0.0029161059417832052
-0.0016595020360479587
0.0012090105899820003
0.0016095872909923708
0.0011301209276496737
-0.0010452096062931247
-0.0008467921522320791
-0.001381373109844724
-0.0008643331539913912
-0.0009334225752615547
0.00036466972277913643
0.0003324450417567348
0.0006786788273498935
0.000155797772998048
4.222657567819362e-05
-0.0016021400239876835
-0.0027447588416958614
-0.002936975987609446
-0.0007194709788450608
0.000999568744929859
0.001039098032597861
-0.0011578423582828327
-0.0026265278393475264
-0.0028963515159105575
-0.0010815408392760202
0.00036309886246210213
0.0014718422214942384
0.0003844037346485228
-0.001060589099114415
-0.002495897243241951
-0.001447491844974338
-0.00011744916732466697
0.0012042834071951513
0.0008190023668560357
-0.0005119333067645496
-0.001988494140903488
-0.0025697879760807896
-0.0018788964907617953
-0.00048779394082618506
0.0002517794996901121
-0.00025126421889097475
-0.0012549709259736658
-0.0016553886788442987
-0.0015706679979577843
-0.0008894302929975764
-0.00028650244482288827
0.00025589669757906063
0.00033403969633884006
0.00019197933691345796
0.0002948702929604398
2.6397098740497452e-05
0.00019981131928965671
7.797507715867898e-05
0.00022087631018120906
2.5926890434450304e-05
9.033184164983327e-05
-3.334724685208763e-05
0.00010620377326900468
1.985701293184789e-05
0.00010009640340283445
-2.2668283374715397e-05
2.355929151616373e-05
-6.96550223107808e-05
1.1261418629312814e-05
-3.545847403614528e-05
3.597368559444386e-05
-5.376790376605157e-05
-1.725794711354768e-05
-7.991800804247762e-05
2.1553899950889528e-07
-4.9161871141855726e-05
-5.05647507127625e-06
-7.221858121654982e-05
-3.7714440276004075e-05
-7.345555618345372e-05
-5.390489376366878e-06
-1.4566710196502473e-05
2.8072030575066755e-05
-2.4333126058542903e-05
-1.4026516235515765e-05
-5.141044086863546e-05
-8.382226563314878e-06
-2.154078780398314e-05
2.072023963715683e-05
-1.2847735378776693e-05
8.819318686402163e-07
-3.78143953581555e-05
-1.1605577201995653e-05
-2.778973170736816e-05
5.259303996476726e-06
-1.6842137787611818e-05
6.2277909039091845e-06
-2.1862947712541245e-05
-2.241113407855963e-06
-2.3027499266465093e-05
2.48336111546122e-06
-1.505732674685512e-05
4.963876027719522e-06
-1.5519359398294408e-05
2.0262150310916983e-06
-1.638953788160168e-05
2.180876627992049e-06
-1.1805760567734023e-05
5.195585423606697e-06
-1.0589873988153093e-05
3.0342267162742926e-06
-1.2014669280631428e-05
1.569697064654504e-06
-1.130951169383368e-05
1.484740073232665e-06
-1.104080288567784e-05
-8.131703877747518e-09
-1.1982102634931703e-05
-1.2032553358163418e-06
-1.1414213806001776e-05
-1.3251138641593037e-06
-1.1416623083891273e-05
-2.5292212113634045e-06
-1.163231911093356e-05
-2.8642099631197987e-06
-1.0928699273792843e-05
-2.820440815479771e-06
-1.0659837665750018e-05
-3.610107068722948e-06
-1.1032497024922262e-05
-4.00431411755129e-06
-1.0436460736539381e-05
-3.8666570000475665e-06
-1.013524571137831e-05
-4.343268552847707e-06
-1.0295902234981234e-05
-4.791258935545289e-06
-1.0089674711133553e-05
-4.7685192284019655e-06
-9.766707106990285e-06
-5.078898567167174e-06
-9.884797281160002e-06
-5.523843375440185e-06
-9.903943678534448e-06
-5.744079447192712e-06
-9.770510284900418e-06
-5.94708762373901e-06
-9.80948918809471e-06
-6.343147522799603e-06
-9.89655698029913e-06
-6.596561539252478e-06
-9.86185048412212e-06
-6.799518918878123e-06
-9.873866041036064e-06
-7.086938594299158e-06
-9.975119105209377e-06
-7.368297499826099e-06
-1.0011327242838279e-05
-7.583089514754358e-06
-1.0068120529865235e-05
-7.843883928959432e-06
-1.0169172675791448e-05
-8.105449902133023e-06
-1.0257042283645071e-05
-8.335339631383232e-06
-1.0345739477347665e-05
-8.583439625433058e-06
-1.0468233146913907e-05
-8.833346930794939e-06
-1.0580818862952702e-05
-9.066502918847258e-06
-1.0703451794040583e-05
-9.309368603887256e-06
-1.0841420255625154e-05
-9.553048443344694e-06
-1.097837894385522e-05
-9.78396610489202e-06
-1.111841675233453e-05
-1.0022832677167499e-05
-1.1274635641583396e-05
-1.026264817056776e-05
-1.1430936164400548e-05
-1.0497360230799716e-05
-1.1591093642310084e-05
-1.0734558926869993e-05
-1.1763671125206761e-05
-1.0978062834484607e-05
-1.19415980554473e-05
-1.1218212649323836e-05
-1.2122195514067437e-05
-1.1460669716787265e-05
-1.2311661433476876e-05
-1.1707910661080847e-05
-1.250885728558323e-05
-1.1956361025778926e-05
-1.2708936725473597e-05
-1.2205514023034636e-05
-1.2916067938893521e-05
-1.2459604513370578e-05
-1.3130370755671747e-05
-1.2716263812317442e-05
-1.3349385968747804e-05
-1.2974602169783995e-05
-1.3573657573707413e-05
-1.3236971002240927e-05
-1.3804967006877935e-05
-1.3502894323758638e-05
-1.4041286165658535e-05
-1.3771551770095476e-05
-1.4283141627628975e-05
-1.4044109476603458e-05
-1.45312207669243e-05
-1.4320825960823077e-05
-1.4784991580947783e-05
-1.4601079104097233e-05
-1.5044303802810498e-05
-1.4885634351190409e-05
-1.5309747769218533e-05
-1.517457475140195e-05
-1.558097960551824e-05
-1.546780610653495e-05
-1.585801436505439e-05
-1.5765611693816526e-05
-1.6141131168044207e-05
-1.6068286206742763e-05
-1.643023914555796e-05
-1.637568305483644e-05
-1.6725335435749692e-05
-1.6688121303448298e-05
-1.7026622982543546e-05
-1.7005769847567914e-05
-1.7334132369928963e-05
-1.7328674016838918e-05
-1.7647825697436072e-05
-1.7656970042246407e-05
-1.796791188332693e-05
-1.7990909225473434e-05
-1.829444123007957e-05
-1.8330543242849355e-05
-1.8627446165707905e-05
-1.8675998404931585e-05
-1.896704537881386e-05
-1.9027483592770218e-05
-1.9313377481242576e-05
-1.938510739057811e-05
-1.9666464593462766e-05
-1.9748979915560385e-05
-2.002643471794174e-05
-2.011927946003327e-05
-2.0393411995518437e-05
-2.0496149987608523e-05
-2.0767479374780796e-05
-2.0879700964599178e-05
-2.114874037114858e-05
-2.1270102442248306e-05
-2.1537334358668378e-05
-2.1667499333712407e-05
-2.1933363897084363e-05
-2.2072027268287117e-05
-2.2336945136478695e-05
-2.2483837421569624e-05
-2.2748214382323532e-05
-2.290308886455255e-05
-2.3167295162254532e-05
-2.3329922540444393e-05
-2.3594314877633006e-05
-2.376449633173668e-05
-2.4029413137725822e-05
-2.4206967630929232e-05
-2.4472728372458138e-05
-2.465749163982307e-05
-2.492439775711279e-05
-2.5116227130006583e-05
-2.5384569993356455e-05
-2.5583339149213408e-05
-2.5853392593114117e-05
-2.6058989425105174e-05
-2.6331015999678432e-05
-2.6543344330582486e-05
-2.6817595690745968e-05
-2.7036574668170855e-05
-2.7313291705588478e-05
-2.7538851074186975e-05
-2.7818263882605637e-05
-2.805034728377959e-05
-2.8332678715534782e-05
-2.8571241412580242e-05
-2.88567056252394e-05
-2.910171336367723e-05
-2.9390516523583902e-05
-2.964194494248446e-05
-2.9934287394738123e-05
-3.019212298343882e-05
-3.0488198824957648e-05
-3.0752436299546885e-05
-3.105243371951728e-05
-3.132307663152815e-05
-3.162717910918018e-05
-3.190423949063709e-05
-3.221262636566945e-05
-3.249612394088026e-05
-3.280897003379998e-05
-3.309893165383943e-05
-3.341640856504473e-05
-3.371286843548995e-05
-3.403514466076494e-05
-3.43381436060052e-05
-3.466538484016377e-05
-3.4974969947140923e-05
-3.530733944030261e-05
-3.56235640452871e-05
-3.5961223223280575e-05
-3.628414650548031e-05
-3.662725493582076e-05
-3.695694163986378e-05
-3.7305657519240724e-05
-3.764217780811315e-05
-3.799665824456063e-05
-3.834008754608452e-05
-3.870048879098904e-05
-3.905090747672289e-05
-3.941738513107062e-05
-3.977487848422917e-05
-4.014758783419704e-05
-4.051224584530758e-05
-4.089134202091499e-05
-4.1263259255856625e-05
-4.164889743186876e-05
-4.2028172896847065e-05
-4.2420508541291045e-05
-4.280724562889023e-05
-4.32064346636645e-05
-4.360074098600354e-05
-4.400693996006814e-05
-4.440892730325313e-05
-4.4822293578113316e-05
-4.5232077823320925e-05
-4.565276974515317e-05
-4.60704707923238e-05
-4.649864781654397e-05
-4.69243895198935e-05
-4.73602123894606e-05
-4.7794122528588496e-05
-4.823775340500458e-05
-4.867996362735064e-05
-4.913156622641439e-05
-4.958221201077097e-05
-5.004195173205668e-05
-5.050117237201737e-05
-5.096921643622798e-05
-5.1437155011898814e-05
-5.191367257082174e-05
-5.239047593249462e-05
-5.2875638192588156e-05
-5.336145695422731e-05
-5.3855437292583226e-05
-5.435042582898307e-05
-5.485339990242248e-05
-5.5357716345294516e-05
-5.5869862197454115e-05
-5.6383668446366095e-05
-5.690516661767311e-05
-5.742862834889201e-05
-5.795966197587126e-05
-5.849294865701009e-05
-5.903370357368803e-05
-5.9576988482083065e-05
-6.012765332173969e-05
-6.068111357087415e-05
-6.124187986178455e-05
-6.180569642462094e-05
-6.23767586861927e-05
-6.295111642706536e-05
-6.353267226489462e-05
-6.411775997458932e-05
-6.471001017551228e-05
-6.530602060725223e-05
-6.590916923090474e-05
-6.651629914126403e-05
-6.713055361291104e-05
-6.774900380621118e-05
-6.837457500930705e-05
-6.900455038294506e-05
-6.964165274953721e-05
-7.02833623447141e-05
-7.093221394653335e-05
-7.158587100014819e-05
-7.224669364137983e-05
-7.291251563929305e-05
-7.358553494590803e-05
-7.426374368436559e-05
-7.494918919526139e-05
-7.564001083601446e-05
-7.633811609564223e-05
-7.704178123361764e-05
-7.775278388225289e-05
-7.84695276094859e-05
-7.919366948001111e-05
-7.992373145090242e-05
-8.066125865490402e-05
-8.140488315633472e-05
-8.21560461825464e-05
-8.291348220686862e-05
-8.367853601273616e-05
-8.445003733484162e-05
-8.522924144364875e-05
-8.601506669444429e-05
-8.680868528892859e-05
-8.760909803658644e-05
-8.841740005812587e-05
-8.92326688867514e-05
-9.00559281317594e-05
-9.088632672789635e-05
-9.172482194794336e-05
-9.257062918539795e-05
-9.342464418629257e-05
-9.42861442122609e-05
-9.515596795678849e-05
-9.603345028480535e-05
-9.691937699411962e-05
-9.781313659492567e-05
-9.87154658549903e-05
-9.962580325207076e-05
-0.00010054484011678662
-0.00010147206148119407
-0.00010240811658208178
-0.00010335253383371651
-0.00010430592348677616
-0.0001052678543947078
-0.00010623890071174329
-0.00010721866899763514
-0.0001082076999976218
-0.00010920563544169787
-0.00011021298516600451
-0.00011122942371566348
-0.00011225543234252551
-0.00011329071622121758
-0.0001143357301832586
-0.00011539020800503674
-0.00011645458010972609
-0.00011752860699275336
-0.00011861269654256379
-0.00011970663422754269
-0.00012081080714360093
-0.00012192502411301209
-0.00012304965306135854
-0.0001241845246619383
-0.00012532998918009935
-0.0001264858977470494
-0.00012765258437441758
-0.00012882991935989432
-0.00013001822176962965
-0.00013121737987077924
-0.00013242769900417145
-0.0001336490842963941
-0.00013488182849904487
-0.00013612585257064685
-0.00013738143773242908
-0.00013864851982222336
-0.0001399273695175101
-0.00014121793665455417
-0.000142520482287116
-0.00014383496943403545
-0.00014516165038380106
-0.00014650050058219954
-0.00014785176435355273
-0.00014921542887247168
-0.00015059173124597636
-0.00015198066973294393
-0.00015338247492100983
-0.0001547971555565218
-0.00015622493636012838
-0.00015766583601482895
-0.00015912007398308312
-0.00016058767837737967
-0.00016206886397151935
-0.0001635636678388383
-0.0001650723005982022
-0.00016659480785133438
-0.00016813139656177123
-0.00016968212046263053
-0.0001712471833286407
-0.0001728266466600179
-0.00017442071148067944
-0.00017602944672211662
-0.00017765305106773929
-0.0001792916005741007
-0.00018094529197116172
-0.00018261420815811683
-0.0001842985442726884
-0.00018599838979825156
-0.00018771393862394956
-0.0001894452865786562
-0.00019119262662619773
-0.00019295606072913547
-0.0001947357812270888
-0.00019653189601967638
-0.00019834459710868426
-0.00020017399815738476
-0.00020202029109630724
-0.00020388359519234395
-0.0002057641025633107
-0.0002076619379334858
-0.00020957729385049154
-0.00021151030036843784
-0.00021346115069329017
-0.00021542998009432124
-0.00021741698265450075
-0.00021942229875563496
-0.0002214461235641983
-0.00022348860248688155
-0.0002255499319725959
-0.0002276302623720549
-0.00022972979160557918
-0.00023184867490151748
-0.00023398711183219548
-0.00023614526244575962
-0.00023832332814036864
-0.00024052147373507975
-0.0002427399026203682
-0.00024497878434731477
-0.00024723832445759116
-0.0002495186972035818
-0.00025182011043400665
-0.0002541427430788472
-0.00025648680544196697
-0.0002588524811156341
-0.00026123998300321195
-0.00026364949934954194
-0.0002660812457985695
-0.000268535415245288
-0.00027101222621072886
-0.0002735118762433
-0.0002760345868740038
-0.00027858056031401736
-0.0002811500212333181
-0.00028374317652389986
-0.0002863602541186738
-0.0002890014656119018
-0.0002916670423248642
-0.00029435720057790625
-0.0002970721752040804
-0.00029981218727969516
-0.0003025774752711945
-0.00030536826504126973
-0.00030818479881584765
-0.00031102730727268545
-0.0003138960365273633
-0.00031679122210705575
-0.0003197131141308335
-0.00032266195303885375
-0.00032563799304129805
-0.0003286414795761009
-0.000331672671023593
-0.0003347318179182624
-0.0003378191828585373
-0.00034093502164352855
-0.00034407960103037685
-0.0003472531823971996
-0.0003504560364365501
-0.0003536884305744326
-0.0003569506391722761
-0.0003602429358221532
-0.0003635655993953772
-0.00036691890757579223
-0.0003703031474184951
-0.0003737185966053865
-0.00037716555326762345
-0.00038064429573843913
-0.0003841551286330689
-0.0003876983382692625
-0.0003912742291727831
-0.0003948830986803605
-0.00039852525344376033
-0.00040220099651786943
-0.00040591064254619284
-0.0004096544972149682
-0.00041343288566861314
-0.00041724610912892803
-0.00042109452195678433
-0.00042497839102426495
-0.0004288981303607131
-0.0004328539602932965
-0.0004368463321016281
-0.00044087547867064443
-0.0004449418028462203
-0.000449045648327566
-0.00045318725860968653
-0.0004573672351283428
-0.0004615854413838906
-0.00046584307101930526
-0.0004701391238925222
-0.0004744760634779442
-0.0004788511072377037
-0.00048326918003387576
-0.00048772434624012916
-0.0004922249779615928
-0.0004967638962271698
-0.0005013451297763044
-0.000505975677726307
-0.0005106359937134624
-0.0005153597622282387
-0.0005201077296086481
-0.0005249189865421222
-0.0005297629663614984
-0.0005346620861603926
-0.0005396024523997964
-0.0005445936823997098
-0.0005496283011780607
-0.0005547139628019186
-0.0005598422198043745
-0.0005650244464966013
-0.0005702365546243532
-0.0005755310673304551
-0.0005808153034878255
-0.0005862192240958667
-0.000591607108149481
-0.0005970798324430319
-0.0006026320542990922
-0.0006081299216282004
-0.0006139163373384979
-0.000619339022884529
-0.0006255261146001746
-0.0006306555391092348
-0.000637514844919353
-0.0006420002485295971
-0.0006500337613820915
-0.0006531113071244616
-0.0006633090830627957
-0.0006638643008346001
-0.0006771844520919139
-0.0006763592985977054
-0.0006717744018032839
-0.0006978293817507373
-0.0006559161372565698
-0.0006983493256581016
-0.0006578395882789415
-0.0006866890544920496
-0.000652021389136568
-0.0006817877200618906
-0.0006715990477821032
-0.0006816587465534249
-0.0006963579337163574
-0.0007057911279531333
-0.0006941851530036444
-0.0007392769419164747
-0.0007168776259476202
-0.00076655432311584
-0.0007210815664549084
-0.0007610014653227032
-0.0007436310617825564
-0.0007622067799928849
-0.0007409279269516098
-0.0007566385306925386
-0.0007331899779280874
-0.0007386401478293213
-0.0007247820316452255
-0.000725945071139615
-0.000716124495468571
-0.0007170435857874176
-0.0007107582800887347
-0.0007004630499289319
-0.0006856366247081368
-0.0006886315827880729
-0.0006677974261043798
-0.0006674894092871004
-0.0006540267974490984
