-0.00023390399208207953
-0.0002292003945555563
-0.00024288248253634235
-0.0002598541027728557
-0.0002679288667638314
-0.00028323194080122436
-0.0002890086766557615
-0.00029770881494760424
-0.00030767453710917384
-0.00030836667838124107
-0.00032045706341068633
-0.0003213527848650537
-0.0003320359776892043
-0.0003326555526835633
-0.0003433256907467348
-0.00034322642411507224
-0.00035254076662010587
-0.00035497286836315173
-0.0003618444419836077
-0.00036815232411489514
-0.00037295965109579194
-0.0003803955296545202
-0.0003855048858060132
-0.0003929189491802739
-0.0003962802291054315
-0.0004040340294815333
-0.0004053655092459473
-0.0004148906450442107
-0.000414612843064455
-0.0004261998547062937
-0.0004227227573647789
-0.00043796403396419804
-0.0004361065575481086
-0.00044830523329297974
-0.00044956397578780423
-0.000461491888647705
-0.000462640199115104
-0.0004691324203760886
-0.0004764775227929852
-0.00047966811327468807
-0.0004879631471329938
-0.0004893395424484417
-0.0004994402238268482
-0.0004991602820813633
-0.0005116046116961097
-0.0005064604527845483
-0.0005217156209105335
-0.0005200476849486726
-0.0005323451140560207
-0.0005323699286229462
-0.0005438490979904513
-0.0005466874214733766
-0.0005548519924185381
-0.0005578944796580348
-0.0005702201755710449
-0.0005695888803731936
-0.0005842295678415116
-0.0005789277602881041
-0.0005898181814848746
-0.0005878125557245905
-0.000593907487420551
-0.000591780446996384
-0.0005976026240852664
-0.0005916428176124889
-0.0006007214136802348
-0.0005996782935542386
-0.0006133953111733387
-0.0006139937453971284
-0.0006273942506030471
-0.0006332301987151552
-0.0006445575511988245
-0.0006528772484492679
-0.0006613280628570322
-0.0006699171773544557
-0.0006779031432015025
-0.0006864296599320809
-0.000693790271892825
-0.000698597606054703
-0.000704780221264747
-0.0007090004431833997
-0.0007131334142058154
-0.0007215970596742424
-0.0007261742975321787
-0.0007378763032652126
-0.0007424768944345373
-0.0007550453169716533
-0.0007613323505937547
-0.0007725526456050927
-0.0007786675597385923
-0.000787700141470879
-0.0007979711743017749
-0.0008047495775999635
-0.0008156862555196685
-0.0008192881172495389
-0.0008245235580133769
-0.000830261236593885
-0.0008448278113408161
-0.0008456197859744151
-0.0008624886945660334
-0.0008772948680849752
-0.0008803016848954724
-0.000896131639364125
-0.0008972993739096062
-0.0009051269871269602
-0.0009280947434041385
-0.0009400344784559748
-0.0009514079550722326
-0.000956124854222939
-0.0009664406900688614
-0.0009800607585592766
-0.0009753800009208655
-0.000994874700184961
-0.000995987714415809
-0.0009939569151239617
-0.0010031072358728
-0.0010167700999600417
-0.0010118622199357834
-0.0010308700410842733
-0.0010522425852472312
-0.0010203113654793736
-0.0010363595238904698
-0.001086779919830705
-0.001126237896480375
-0.0011335645787056059
-0.001141176719208347
-0.0012330875076325219
-0.0012119289528144336
-0.0012396919174127083
-0.0013418330893829108
-0.0012195704523245883
-0.0012458688838845146
-0.0012694115324340127
-0.001317415336850595
-0.001312001538478561
-0.0013065078803884658
-0.0012747693167412877
-0.0013285962244909074
-0.001308630318881438
-0.0013246515270570818
-0.0012238323482750483
-0.0010647617740659812
0.012650234123500805
0.027127627101912744
0.03267700921749409
0.031482704191184846
0.03170544544880749
0.03254268447981964
0.031622750117325696
0.022719748025885493
0.01283317843250488
0.002715035878970257
-0.011495881921693592
-0.026811081994120592
-0.03730572892429849
-0.034594777168645736
-0.025154479327616133
-0.01837022726157691
-0.020082226755897034
-0.015047874399091409
-0.010239507572750405
-0.0029304744953726645
0.01246724865670508
0.02275222804252487
0.029719463344585965
0.02601761956640536
0.011412073929411345
0.0034254639003705374
-0.0001278748448783984
-0.00041610389717181587
-0.002139157355287611
0.0013169186605135243
0.0037780051937200427
-0.0045480185469642725
-0.009942491748378232
-0.0078863152016479
-0.0038988971450055272
-0.003112403178591143
-0.002674831799754274
-0.0012524795998666422
-0.0015300290911907624
-0.0032024923380922997
-0.003297154591102848
-0.002157955361831631
-0.0009093862025173844
-0.0004588522630751406
0.0015739827150099924
0.004747657324525157
0.0063597611480127
0.006078854087293992
0.00599889727602703
0.005156895302904861
0.0025538597457392138
0.0008986865874207151
0.0011019659413762503
0.001529627217281534
-0.0001824051162105793
-0.002915689770436776
-0.004277650342742261
-0.0041451261271739995
-0.003949616473181777
-0.002807237264938321
-0.0016166937119984996
-0.0009652930823888697
-0.0010670396346866074
-0.0019105625579829732
-0.0025663019570187637
-0.0021201187907431774
-0.0012115986857285004
-0.00039079599700571745
0.0003812345690531458
0.0005044711814137176
-0.0001400859870103321
-0.0005001569259298459
0.00014992209413420182
0.0007482844269827716
0.0010649458753671027
0.0011558355605446767
0.0010518898775110281
0.0007210305412701017
0.00019590450966995563
-0.0002224071765071753
-0.0002533651700929283
-0.00037902176892972133
-0.0009742097490605419
-0.0012577153111322423
-0.0006320408544268371
-5.6724421784378224e-05
-7.730829319444068e-05
-0.0001270129520171798
6.776550076861212e-05
0.00031095953880654
0.0004313072587709393
0.0007623230798939416
0.001054626748798667
0.0009093973663475915
0.0003384495714745814
-0.0002672821247171181
-0.0005932059301013315
-0.0005637331066069293
-0.0005420012168648666
-0.0003566405086235516
-0.0001792635096259394
-0.0004054187885209223
-0.0007183096370446942
-0.0008027057273702221
-0.000675169260597479
-0.0005338184135458319
-0.0003145455640502367
0.00013360035771822832
0.0004889960994710203
0.000538854596583029
0.0003828703151355494
0.00034777928487079643
0.00045187414145256093
0.00043779890034366387
0.00031634355738871306
0.00019438711864824544
0.0001502149437797544
-3.070552910284033e-05
-0.00039026699783047624
-0.0007160073691991199
-0.0008715809240798316
-0.0008243630584476545
-0.0007062442585764932
-0.0005646917798508851
-0.0004129050088271381
-0.00035684353994182283
-0.0004283045929783602
-0.00044274363839814034
-0.00036625517347645386
-0.00029013466533531467
-0.00012096702450090881
7.445927666207132e-05
0.00020975396077513366
0.00010011064835561831
-6.152239676583378e-05
-0.0001097127465558007
-5.793586127235742e-05
2.0561475948245356e-05
7.985597056589706e-05
9.872300827101785e-05
-3.017284320968016e-05
-0.00038950748072241417
-0.0007430645807192375
-0.0009451983573794858
-0.0010072758347911006
-0.0008973159992412146
-0.0007003983601166813
-0.0005338729895179331
-0.0004336447227097968
-0.0003697857618024191
-0.0004044682240517823
-0.00043663788112753105
-0.0003712322628028902
-0.00031446478046274085
-0.00034057895459972193
-0.0003342720187844014
-0.0003049669165668355
-0.0002926543436974614
-0.0002878434812991854
-0.00021476542335154892
-0.00010628453484974745
-5.0285626901841e-06
7.740409431663123e-05
0.00012471295135320224
0.00019147564440711467
0.00015289586173452066
5.900039416131269e-05
2.2602982578734534e-05
2.5415320527899022e-06
-0.00012490209148296316
-0.00037710132303219184
-0.0005841797107232884
-0.0007186207599416166
-0.0008307042830335874
-0.0008452807831504128
-0.0008189471007436285
-0.0007875869642502183
-0.0007185598665145574
-0.0005511601733858366
-0.00018092574860812337
0.00025326110051046764
0.0004433781181801173
0.00046858912496935577
0.0005535230363803637
0.0007345323647113943
0.0008348366715574942
0.0006894866563123978
0.0004377015565936431
0.00021186857556575124
-6.420349989094129e-05
-0.000331977501782993
-0.00050658349603915
-0.0005929679920847714
-0.0006432418913454718
-0.000732972884150421
-0.0008555591453495347
-0.0009479642846316865
-0.0009904460279816125
-0.0008654233288517587
-0.0005411703302341758
-0.00032623903907862915
-0.00014894586096961558
-0.00012156623834202294
-0.00022046041401019935
-0.00020415552304815597
-0.00011053442045816017
6.724218550911942e-05
0.0002749278834832323
0.0005132903355352388
0.0005878749399447578
0.0003934516785352754
0.00014989158736712041
-1.6384814349020005e-05
-0.00010100724759717558
-0.00011924405310603878
-6.618815547575641e-05
-5.585071520210292e-05
-3.6532887987203986e-05
-5.9194717268914445e-06
5.517125557867971e-07
7.737684768354498e-06
-5.641515163791965e-06
-1.3970860416278783e-05
-1.702166988738459e-05
-9.852495773197533e-06
-4.554548522053663e-06
1.9481432842864427e-06
4.289386531543954e-06
2.5615331911114795e-06
-6.11538891374312e-07
-8.973127388387609e-07
-2.51031204857974e-07
6.610768713545502e-07
1.4258830506618837e-06
1.8214934496157715e-06
1.5304492803542874e-06
1.3549113788163965e-06
1.1733125737352704e-06
6.557138747284412e-07
9.562580100962344e-08
-3.3240158424418034e-07
-4.406958580447859e-07
-1.4612006367527818e-07
2.0859334621029478e-08
1.2371292518740303e-07
1.0150236932237504e-07
5.577693708129234e-08
-2.9536285517752815e-08
-2.200530985473634e-08
1.3062887489528798e-08
3.9495513683271335e-08
4.9951050086569776e-08
6.998111472256152e-08
8.452946845900668e-08
9.542252378443852e-08
9.776110740145104e-08
9.550765790993648e-08
8.816695492002563e-08
8.513681437442855e-08
8.806320479781693e-08
9.694019448454327e-08
1.0276826335926803e-07
1.0198388782078904e-07
9.894037578377785e-08
9.765587411164969e-08
9.640764380227946e-08
9.705758372870188e-08
9.838855148311398e-08
9.990781738022925e-08
1.0065087407973294e-07
1.0203421475438179e-07
1.036187715110215e-07
1.0510862135434257e-07
1.0615427320460544e-07
1.0715756187636497e-07
1.082926390004815e-07
1.0965393561158856e-07
1.1112727779693035e-07
1.1271112850463547e-07
1.1421035734683616e-07
1.1556077869157109e-07
1.1684717652471607e-07
1.1823700227177238e-07
1.19674668402637e-07
1.2111703297221547e-07
1.2256999022233523e-07
1.2404693601459184e-07
1.2552518955708902e-07
1.2702663602020626e-07
1.2855004617295246e-07
1.30090935041683e-07
1.316327487517531e-07
1.3319246827491306e-07
1.3477916939319957e-07
1.3639566398323936e-07
1.3803124226355497e-07
1.3968519961207607e-07
1.4135720609537508e-07
1.4304715985423e-07
1.4475584239514636e-07
1.464875871873359e-07
1.4824181535820968e-07
1.500164234792523e-07
1.5181113680712809e-07
1.5362795367915077e-07
1.5546678683710322e-07
1.573275081188561e-07
1.592102476175299e-07
1.611154598035161e-07
1.630431363979011e-07
1.6499378442311457e-07
1.6696797957072343e-07
1.689661250123915e-07
1.7098809475501716e-07
1.7303407974790757e-07
1.751044677252326e-07
1.7719967677361876e-07
1.793199387333834e-07
1.8146559963729924e-07
1.8363697621261513e-07
1.858343336357752e-07
1.8805794486917763e-07
1.9030817681827588e-07
1.9258536359693717e-07
1.9488980074948512e-07
1.9722179178400644e-07
1.9958168374494293e-07
2.0196981613432134e-07
2.043865270248105e-07
2.068321581781855e-07
2.093070603130054e-07
2.1181157549061036e-07
2.1434605243912685e-07
2.1691085288743088e-07
2.1950634639767786e-07
2.2213289802805762e-07
2.2479087725916645e-07
2.2748066059733916e-07
2.3020262972887613e-07
2.3295716851609864e-07
2.3574466717724636e-07
2.3856552087095655e-07
2.4142012837688486e-07
2.4430889255543423e-07
2.4723222248837647e-07
2.5019053242128085e-07
2.531842409807608e-07
2.562137713804451e-07
2.592795522643113e-07
2.6238201742927853e-07
2.655216057526749e-07
2.686987613976529e-07
2.719139340490981e-07
2.751675786256654e-07
2.784601553632623e-07
2.81792130082061e-07
2.8516397429315663e-07
2.885761650533113e-07
2.920291851237763e-07
2.9552352304412603e-07
2.990596732296738e-07
3.0263813595042457e-07
3.0625941752152877e-07
3.0992403033441233e-07
3.1363249284601605e-07
3.1738532973803776e-07
3.2118307202500017e-07
3.250262569983738e-07
3.2891542840837067e-07
3.3285113650817955e-07
3.3683393820144473e-07
3.408643969757773e-07
3.4494308306554805e-07
3.490705735467145e-07
3.5324745241730945e-07
3.5747431065751923e-07
3.617517462659503e-07
3.6608036442547153e-07
3.7046077761240695e-07
3.7489360559932747e-07
3.7937947552021153e-07
3.839190220435108e-07
3.8851288748287444e-07
3.931617218385383e-07
3.978661828225329e-07
4.0262693605478826e-07
4.074446550923804e-07
4.1232002157454324e-07
4.172537252836552e-07
4.222464642578334e-07
4.272989449377075e-07
4.32411882175717e-07
4.375859993835081e-07
4.428220285830815e-07
4.481207105726205e-07
4.5348279509123597e-07
4.5890904075629934e-07
4.644002153340594e-07
4.699570957843115e-07
4.7558046831948646e-07
4.812711285379534e-07
4.870298815407882e-07
4.928575421212921e-07
4.987549348381209e-07
5.047228940926703e-07
5.107622642227372e-07
5.168738997372087e-07
5.230586653431131e-07
5.293174360702219e-07
5.356510974365394e-07
5.420605455701266e-07
5.485466873467681e-07
5.551104404412133e-07
5.617527335358998e-07
5.684745064354446e-07
5.752767101406818e-07
5.821603070817254e-07
5.891262711866531e-07
5.961755880389875e-07
6.033092550122176e-07
6.105282814015028e-07
6.178336886140316e-07
6.25226510252139e-07
6.32707792281033e-07
6.402785931876299e-07
6.479399841144125e-07
6.556930490502909e-07
6.635388849516395e-07
6.714786018773618e-07
6.795133231881397e-07
6.876441856965682e-07
6.958723397836394e-07
7.041989496062319e-07
7.126251932632646e-07
7.211522629626367e-07
7.29781365149787e-07
7.3851372071353e-07
7.473505651631597e-07
7.562931487655475e-07
7.653427367716726e-07
7.745006095606849e-07
7.837680628390467e-07
7.931464078163081e-07
8.026369713983394e-07
8.122410963481183e-07
8.219601415037628e-07
8.317954819973231e-07
8.41748509367783e-07
8.518206317940545e-07
8.620132743725336e-07
8.72327879210559e-07
8.827659056767265e-07
8.93328830594447e-07
9.040181484618764e-07
9.1483537166282e-07
9.257820306620519e-07
9.368596742726247e-07
9.480698697873291e-07
9.594142032896705e-07
9.708942798671851e-07
9.825117237662647e-07
9.94268178662502e-07
1.0061653079703934e-06
1.0182047948826406e-06
1.0303883428234293e-06
1.0427176755802676e-06
1.0551945376851104e-06
1.0678206944072035e-06
1.0805979321232848e-06
1.0935280586187208e-06
1.1066129033468486e-06
1.1198543176066215e-06
1.1332541748580857e-06
1.146814370959115e-06
1.1605368245151747e-06
1.1744234770760234e-06
1.1884762933225205e-06
1.2026972614796532e-06
1.2170883936262118e-06
1.2316517260111055e-06
1.2463893190473182e-06
1.2613032579393904e-06
1.276395652748634e-06
1.2916686388592038e-06
1.307124377168537e-06
1.3227650543719304e-06
1.3385928835187076e-06
1.3546101039930026e-06
1.370818981992841e-06
1.3872218107998085e-06
1.4038209110817058e-06
1.4206186315235002e-06
1.43761734865697e-06
1.454819467541313e-06
1.4722274221178424e-06
1.4898436753473833e-06
1.5076707196624655e-06
1.5257110772404344e-06
1.5439673005757473e-06
1.562441972718931e-06
1.5811377075207987e-06
1.6000571501141613e-06
1.6192029773716855e-06
1.638577898152387e-06
1.6581846536925407e-06
1.6780260180436425e-06
1.6981047984975807e-06
1.7184238359301647e-06
1.738986005147148e-06
1.7597942153787334e-06
1.7808514107348831e-06
1.8021605705059143e-06
1.8237247096097864e-06
1.8455468790623195e-06
1.8676301663782952e-06
1.8899776960124015e-06
1.912592629793944e-06
1.9354781674012916e-06
1.95863754683806e-06
1.9820740448242904e-06
2.0057909772505135e-06
2.029791699701528e-06
2.0540796079352927e-06
2.0786581383415437e-06
2.103530768415157e-06
2.128701017279494e-06
2.1541724461813377e-06
2.179948658951464e-06
2.2060333025120463e-06
2.232430067459091e-06
2.259142688568975e-06
2.286174945279073e-06
2.313530662264446e-06
2.3412137099606406e-06
2.369228005110781e-06
2.3975775113307604e-06
2.4262662396429963e-06
2.4552982490778355e-06
2.4846776472649604e-06
2.514408590950404e-06
2.5444952866193835e-06
2.574941991098168e-06
2.605753012146594e-06
2.6369327090921234e-06
2.668485493370707e-06
2.700415829261227e-06
2.732728234463048e-06
2.765427280678563e-06
2.7985175943410134e-06
2.8320038572601357e-06
2.8658908072402628e-06
2.9001832388167144e-06
2.9348860038591563e-06
2.970004012273512e-06
3.0055422327596854e-06
3.04150569344739e-06
3.077899482619719e-06
3.114728749495886e-06
3.1519987048400297e-06
3.1897146218716737e-06
3.2278818368324663e-06
3.266505749802747e-06
3.3055918254381537e-06
3.345145593873684e-06
3.385172651418372e-06
3.4256786613505756e-06
3.4666693546124647e-06
3.508150530799896e-06
3.55012805888311e-06
3.5926078780771547e-06
3.6355959986620863e-06
3.679098502825393e-06
3.723121545575218e-06
3.7676713555422916e-06
3.812754235881416e-06
3.858376565038892e-06
3.90454479797886e-06
3.951265466797392e-06
3.99854518184586e-06
4.046390632507523e-06
4.094808588164908e-06
4.143805899304068e-06
4.193389498202617e-06
4.243566400231099e-06
4.294343704733738e-06
4.345728595934832e-06
4.397728344164147e-06
4.450350306512503e-06
4.503601928258641e-06
4.557490743745639e-06
4.612024377399604e-06
4.6672105449386625e-06
4.723057054398087e-06
4.779571807321493e-06
4.836762799665479e-06
4.894638123079521e-06
4.953205966116129e-06
5.012474615243359e-06
5.072452456082483e-06
5.133147974655742e-06
5.194569758480526e-06
5.2567264978497586e-06
5.319626987011457e-06
5.383280125482488e-06
5.44769491923414e-06
5.512880482025449e-06
5.578846036669006e-06
5.645600916302142e-06
5.71315456577464e-06
5.781516542942348e-06
5.850696520008709e-06
5.920704284933837e-06
5.991549742824482e-06
6.063242917243313e-06
6.135793951725078e-06
6.20921311117215e-06
6.283510783357878e-06
6.358697480262398e-06
6.434783839742313e-06
6.51178062687505e-06
6.58969873559487e-06
6.668549190169616e-06
6.7483431467827955e-06
6.829091895104507e-06
6.910806859880179e-06
6.993499602641977e-06
7.07718182314744e-06
7.161865361243039e-06
7.2475621983487e-06
7.334284459394849e-06
7.42204441421483e-06
7.510854479671496e-06
7.600727220988962e-06
7.69167535390994e-06
7.783711746230343e-06
7.876849419711086e-06
7.971101552096412e-06
8.066481478461281e-06
8.16300269400978e-06
8.260678854636329e-06
8.359523780586116e-06
8.459551456415818e-06
8.560776035161722e-06
8.663211838082349e-06
8.766873358784629e-06
8.871775263569572e-06
8.977932394570263e-06
9.085359771652911e-06
9.194072593774112e-06
9.304086242987352e-06
9.415416283388108e-06
9.528078468228491e-06
9.642088735385224e-06
9.75746321828214e-06
9.874218237648162e-06
9.992370315921057e-06
1.0111936166692492e-05
1.0232932709543056e-05
1.0355377061717493e-05
1.0479286548044603e-05
1.0604678700704357e-05
1.0731571258245829e-05
1.08599821786907e-05
1.0989929623605565e-05
1.1121431987386879e-05
1.1254507864936179e-05
1.1389176097136922e-05
1.1525455723309915e-05
1.1663366040582908e-05
1.1802926544880092e-05
1.194415699829073e-05
1.2087077367531769e-05
1.2231707886566339e-05
1.2378069009743242e-05
1.2526181447607544e-05
1.2676066161617944e-05
1.2827744342102987e-05
1.2981237476988449e-05
1.3136567243826256e-05
1.3293755669331738e-05
1.3452824935783372e-05
1.3613797610475815e-05
1.3776696408416921e-05
1.3941544430955377e-05
1.4108364960021413e-05
1.4277181622271624e-05
1.4448018301376468e-05
1.4620899141709972e-05
1.479584866323662e-05
1.4972891518988927e-05
1.5152052905320607e-05
1.5333357965554846e-05
1.5516832628095518e-05
1.5702502486635884e-05
1.5890394280864087e-05
1.6080534032396994e-05
1.6272949257918265e-05
1.6467666615270406e-05
1.6664714039005442e-05
1.686411932794781e-05
1.7065910341074143e-05
1.7270116450434096e-05
1.7476765244331437e-05
1.768588768762537e-05
1.7897511331056715e-05
1.8111668356651832e-05
1.8328386758151836e-05
1.854769943983325e-05
1.8769635320429806e-05
1.8994227614951397e-05
1.9221506683568892e-05
1.9451505419477728e-05
1.9684256594638112e-05
1.9919791523251534e-05
2.015814700736e-05
2.0399350891826275e-05
2.0643446010693424e-05
2.0890455181150555e-05
2.1140427747028747e-05
2.1393382713882466e-05
2.1649373137244405e-05
2.190841804188375e-05
2.2170570227249926e-05
2.243585228473119e-05
2.2704313907658674e-05
2.2975983584767184e-05
2.325090596719953e-05
2.3529117493660198e-05
2.3810655368113054e-05
2.4095567161444998e-05
2.438387878537772e-05
2.4675652626258797e-05
2.4970901004204e-05
2.526970097030184e-05
2.5572054568265236e-05
2.587804711738466e-05
2.6187681030306366e-05
2.650103209596473e-05
2.6818130509829573e-05
2.713900718783824e-05
2.7463757633714586e-05
2.7792337491786478e-05
2.8124924243749382e-05
2.8461397385113555e-05
2.8802002501828253e-05
2.914656630318129e-05
2.9495374814967625e-05
2.9848229331712653e-05
3.020543354508194e-05
3.056678284731789e-05
3.093257801344961e-05
3.130264028526359e-05
3.16772093086207e-05
3.205623435383401e-05
3.2439721199186084e-05
3.282804102145722e-05
3.322044140151455e-05
3.361865446579082e-05
3.402014870159515e-05
3.4428304722149074e-05
3.483972819068716e-05
3.52570343797057e-05
3.5679141501362326e-05
3.610507090962673e-05
3.6538040262464825e-05
3.697297523356179e-05
3.741688029720977e-05
3.786147094285842e-05
3.83165611744455e-05
3.8771012995203816e-05
3.923773747011722e-05
3.970158006946778e-05
4.018038564335483e-05
4.0653722084636745e-05
4.114397048532101e-05
4.162809752642806e-05
4.2129100151049904e-05
4.2626049995207445e-05
4.313584524313907e-05
4.364845712143996e-05
4.416620281793432e-05
4.469369379112714e-05
4.522238316828284e-05
4.576240457317138e-05
4.630397010262771e-05
4.685599611492161e-05
4.740986089657364e-05
4.797376166035879e-05
4.853989317706779e-05
4.911414658238583e-05
4.969541760854344e-05
5.027675965808571e-05
5.087945754978938e-05
5.1462081764312446e-05
5.2090750019226383e-05
5.267274490918276e-05
5.333020488403051e-05
5.390862991984521e-05
5.460197305542854e-05
5.517364500614468e-05
5.588865490347523e-05
5.648104251509099e-05
5.719012059457603e-05
5.782460839771626e-05
5.852762656720497e-05
5.919732785799605e-05
5.991593040941066e-05
6.059838272127007e-05
6.134410268516128e-05
6.203753608954778e-05
6.280394562181702e-05
6.351404718803069e-05
6.428672217325922e-05
6.501856047380389e-05
6.582678532743454e-05
6.650055890727608e-05
6.748850803587085e-05
6.781997396417536e-05
6.961749918146776e-05
6.786246200140693e-05
7.664027792720669e-05
7.113576845918854e-05
8.292201908475735e-05
7.723325528669235e-05
8.424566966909453e-05
7.881140117677775e-05
7.793038848492563e-05
6.903001404320397e-05
6.72176645930515e-05
5.285170921804196e-05
4.953997673114185e-05
3.391507976149556e-05
3.299420315699188e-05
2.2120500469019456e-05
1.3895470898566385e-05
1.102498641505483e-05
2.2284143891963034e-06
4.7608099609981486e-07
-4.992739541452324e-06
6.778905604509387e-07
-4.294774465761443e-06
-4.492216362756525e-08
-2.6974536896846348e-06
-6.315800490423306e-06
-2.6518801966724913e-06
-7.942499724022836e-06
-8.465111715755334e-06
-1.6686176164536215e-05
-1.865182700594377e-05
-2.900804469130379e-05
-3.081480754009951e-05
-4.650045972399793e-05
-4.7405632805486896e-05
-6.08607918050377e-05
-6.43677796231961e-05
-7.549927638352631e-05
-7.925456016677306e-05
-9.391709091301353e-05
-9.471744337201027e-05
-0.00010512844575729681
-0.00010750344808743917
-0.00011129530135883797
-0.00012144905856398445
-0.00012127648904210387
-0.00013172492287758582
-0.00013584388295335165
-0.00014502113934186853
-0.00015054205401192453
-0.00016128317273343218
-0.00016715453343608467
-0.00017357731333282644
-0.00017820473461734347
-0.0001834217221172061
-0.00018928606829357228
-0.00019660067532903722
-0.00020271277193166274
-0.00021120131841438568
-0.00021582900093897916
-0.00022482842778033264
-0.00022738967891470217
-0.00023818206894381553
-0.00023971783835440691
-0.0002556217924352182
-0.0003609304810059811
-0.0003464387572410182
-0.0003453267124245456
-0.00035645208064259595
-0.0003908344967106039
-0.00035725957513100414
-0.00037521508669070955
-0.000392378350812354
-0.0003819177983395488
-0.00040156012613520696
-0.000396311648400392
-0.00040747956160393976
-0.000407549163238679
-0.00041239994774318225
-0.0004322939066771169
-0.00044558653044467276
-0.0004429613018916705
-0.00046271571938457317
-0.00043784878592863783
-0.00046857491292582096
-0.00045002765314494897
-0.0004733415968364889
-0.0004602715520811787
-0.0004978618300968668
-0.0004794806050105599
-0.0004991096800159881
-0.0005216032789315439
-0.0004950383782671028
-0.000522585560096267
-0.0005357451551847106
-0.0005124693503477652
-0.0005448610875828668
-0.0005333593624831989
-0.0005355171926584526
-0.0005388833465740279
-0.0005729447080704412
-0.0005291591690401
-0.0005994173091643791
-0.0005548393129877837
-0.0006014937202068705
-0.0005815948764460629
-0.0006069074440454362
-0.0006054130204160266
-0.0006011811777041549
-0.0006067980128573204
-0.000591392156756209
-0.0006210921723971672
-0.0005862880674935379
-0.0006314599520156134
-0.0005926892221165604
-0.0006215906212108498
-0.0005976168925684275
-0.0006145283086174027
-0.0005945035752367127
-0.0006256920447011416
-0.0005991315007628479
-0.0006139324418878101
-0.0006238574024346353
-0.0005891515129507676
-0.0006341568074422496
-0.0005828744957560668
-0.0006374121773099482
-0.000622868523357585
-0.0006351093076044769
-0.0006500390106737148
-0.0006283292578271818
-0.0006512699363420952
-0.0006349804114437569
-0.00066747729368508
-0.0006312411108092468
-0.0006920673415201514
-0.0006634762180622764
-0.0006866213067986646
-0.0006411488205535879
-0.0007123074050780311
-0.000662466306590137
-0.0007371391684223457
-0.0007080098000969107
-0.0007600721396506704
-0.0007480077214215943
-0.0007293946416556643
-0.0007414732106022738
-0.0007452909753594221
-0.0007435003570521898
-0.0007365312342679323
-0.0008126500381050365
-0.0007254614534486823
-0.0008554450182624799
-0.0007431953774780706
-0.0008843477033745632
-0.0008143411646419592
-0.0009061299198030216
-0.0008608407866215308
-0.0009899412947961005
-0.0009095901631660767
-0.0009901793745862382
-0.0009069822109099646
-0.0009960968528990731
-0.0008606023356711084
-0.0009817453162375143
-0.001271213795385064
-0.0012675644596444272
-0.0008781122352697242
-0.0014387391077518158
-0.0005384207585620608
-0.0016523235195328714
-0.00023843413057221595
-0.0019238031592454926
7.589020676950245e-05
-0.0024928283376660673
0.001191316035353501
-0.0032982907808332554
0.0018458105903316102
-0.004191825033840711
0.0033194870795894647
-0.006508266070595618
0.00645436833954753
-0.011575750892737349
0.014990225584664342
-0.03260376306942501
0.1094850996452635
0.2834765606421303
0.1596228051998495
0.08744204442146988
0.03972833090903326
0.051487154583572656
0.04204453709275848
0.0034601355721897158
-0.05953191285938241
0.034186213958317196
-0.16898305674955405
-0.23886540304908258
-0.09109124018298946
-0.08438745812670494
-0.09635077839121077
-0.0783040081895085
0.019065605899697614
0.03823264687510324
0.05719228697980305
0.0662817825174559
-0.03056046407026039
-0.06604757705531575
-0.004202552741915526
0.047696414787809185
0.09562689823182155
0.08671487852597096
0.03521822134686403
-0.018458278640115303
-0.04255986974779533
-0.016731164227053556
0.052433807792097165
0.07013672014738576
0.0051595592555709864
-0.05135800571335851
-0.07080155853331983
-0.05497361295045589
-0.019280686408554265
0.010354499381675878
0.01652368725768894
-0.020329964261144248
-0.04879442618251662
-0.03982252616638397
-0.006228289509612046
0.025069473502784323
0.031015983851195982
0.00964649283029155
0.007654644157657949
0.010632275434494343
0.008975568867990197
0.009695297795440738
0.012798908240865553
0.009043546975885946
0.001999812183905057
0.005985009999022175
0.009265602813349413
0.004860457921686131
-0.013686327804956273
-0.023173113829985364
-0.016082990400406547
0.00174758180213877
0.010142771734540906
0.0027876179716464135
-0.007028293191504453
-0.018230950909418227
-0.018416615650906864
-0.004755510948961879
0.015445054973263476
0.02231020130678269
0.008931849243091882
-0.010110598841727594
-0.016817883025338227
-0.005144523519647233
0.010741784933272606
0.017346810908414896
0.011113434081731044
-0.0019874716717355402
-0.012101557991396169
-0.012457489087838676
-0.004886166946823826
0.005175689790675556
0.006447494979448959
-0.0005567886058434513
-0.00794644386309278
-0.00859011590626596
-0.003076381477724768
0.000595261310498053
0.0012659929504997807
0.0008707609175710096
0.0008606044655514935
0.0003198783474453151
-0.00038680472750904317
-0.0004427651973940683
-0.0008838365852847066
-0.002283219487610651
-0.0017963278030808036
0.0014471762960035746
0.004986102767648633
0.0038131631812463986
-0.0013844427644621395
-0.005566170356577956
-0.004462642389487333
-0.00015836736465081326
0.003358304763132489
0.003295793859962191
-8.672195166463376e-05
-0.004134338770534398
-0.006234665002712393
-0.0032370281446515796
0.002471775429613305
0.00531089114352895
0.0033631325448206656
-0.0007421403384021649
-0.003333375979770187
-0.0025806039172922035
0.0006509204520359288
0.0029012052603192913
0.0024688162665958647
-0.000284579793493579
-0.003031966988652994
-0.0040584622555860225
-0.002720812730773315
-0.0005444649168963164
0.00014855277932140665
-0.000981514159991673
-0.0018885289622508482
-0.0019400059431982266
-0.0015058933101834981
-0.0009491523361594611
-0.000512164351692764
-0.0002383644425473499
-0.0002742087410785557
-0.00017736819671083
0.00046558545864305054
0.0007598163211489377
0.00044165384002173573
-0.00035876875270767004
-0.00034051738155264845
0.0007330324668757699
0.001353827283804795
0.0007637772059505475
-0.00041335871812887034
-0.0014857444540358666
-0.0016913700774829417
-0.0010379118327627332
0.00020845989089719887
0.0007242189356140034
-8.712522977267118e-05
-0.001346862042350102
-0.002239242044080169
-0.0015737120821213842
-0.0003653603576278368
0.0004914948647093537
0.00023552239234818752
-2.6773130196581986e-05
-0.0012339893599170784
-0.0012420389266203115
-0.001039049989822834
-0.00021794935298972924
0.00030016190975038913
4.3984177103692474e-05
-0.0006174824796913207
-0.0006842288274072341
-0.00047493195887385624
6.572046477593618e-05
-6.3542654797836e-05
9.216402699075527e-05
0.000208755847950343
-0.0006718767262259264
-0.0005388761182258501
-0.0007658705465142675
-0.0008850574762241552
-0.000591211433336692
-0.0009160681256048411
-0.0005104391818191788
0.00040754780509231613
-0.00034665793574829834
0.00045511994776801525
-9.635265154573616e-05
0.0002665122219837878
-6.237214797514851e-05
0.00015240735194178368
-1.3313094152699484e-05
7.750387467425526e-05
-7.046457588917414e-06
4.479315599504338e-05
1.3328519065029625e-05
2.8982571960366172e-05
-9.325343957062833e-06
1.2886019561673934e-05
-8.373239809290585e-06
9.338187163681374e-07
-1.0901697726243843e-05
6.257788706059817e-06
-2.0305969111812557e-06
-3.1086432966000556e-06
-5.74096248641149e-06
-5.778171476022602e-07
-6.706214130265399e-06
2.9941723191656967e-07
-4.019358926910522e-06
1.2649614934243276e-06
-1.973216860144157e-06
1.0777872387446145e-06
-2.4196330859077315e-07
1.2172880873191627e-06
-2.9250951066525643e-07
2.7263040654115084e-07
3.806354837224135e-08
3.355063879480289e-07
-7.3983927563893e-08
3.1201602068405346e-07
9.418841088060931e-08
1.294754270251934e-07
-1.2252484351564963e-07
6.790327882312888e-08
-6.209962779697947e-08
-2.2308653763566033e-08
-8.755780695421931e-08
-2.2745928881441504e-08
-7.688085667097383e-08
-3.6080993639662703e-08
-7.927456648342424e-08
-2.890626608182626e-08
-7.50873943680978e-08
-5.4656848246133205e-08
-6.516131301171572e-08
-3.913240130179983e-08
-5.410816872916495e-08
-4.5049950868260996e-08
-4.75623788315948e-08
-4.419115054519595e-08
-5.0807743580600674e-08
-4.7052365632210824e-08
-4.871091935539085e-08
-4.790466344808432e-08
-5.15024282171303e-08
-4.9802038096756485e-08
-5.1404415692384714e-08
-5.135593178864396e-08
-5.338189390307821e-08
-5.322296679072247e-08
-5.455596618301334e-08
-5.5132281945487194e-08
-5.623874665483877e-08
-5.619687444623038e-08
-5.726953708940115e-08
-5.7870712843327565e-08
-5.87603954079266e-08
-5.91934989700553e-08
-6.010031964806539e-08
-6.073221705225895e-08
-6.147874630473699e-08
-6.212665165650222e-08
-6.294277256140794e-08
-6.3650866299024e-08
-6.44039740748184e-08
-6.514093358819806e-08
-6.596342948250733e-08
-6.673441138929648e-08
-6.75375863828237e-08
-6.833428590384896e-08
-6.916943291485761e-08
-6.998163489587567e-08
-7.082227645267489e-08
-7.167066699842461e-08
-7.253690493570775e-08
-7.339759992147643e-08
-7.42789479715733e-08
-7.516778358085396e-08
-7.607023014277736e-08
-7.697717631025003e-08
-7.790024910900306e-08
-7.883204071381517e-08
-7.97758357602707e-08
-8.072899440950132e-08
-8.169611477246153e-08
-8.267371773024862e-08
-8.366291685130145e-08
-8.466332066122371e-08
-8.567681716170616e-08
-8.670182399458937e-08
-8.773921680513275e-08
-8.87889081251092e-08
-8.985161055116708e-08
-9.092659170734096e-08
-9.201455849604939e-08
-9.311554744449724e-08
-9.422986812709921e-08
-9.53573153967581e-08
-9.649833148349385e-08
-9.765299751815504e-08
-9.88215321084257e-08
-1.0000396453557076e-07
-1.0120060099736566e-07
-1.024115475582732e-07
-1.0363698979727609e-07
-1.048770567405044e-07
-1.0613199414406457e-07
-1.074019451314254e-07
-1.0868708916265783e-07
-1.0998759783845125e-07
-1.1130368363272431e-07
-1.1263551274803222e-07
-1.139832766414682e-07
-1.1534716469534202e-07
-1.1672737949938901e-07
-1.1812410480240444e-07
-1.1953754233088188e-07
-1.2096789311201808e-07
-1.2241536268724814e-07
-1.2388015003020857e-07
-1.2536246439423613e-07
-1.2686251487389975e-07
-1.2838051571145183e-07
-1.2991667968482133e-07
-1.314712256843438e-07
-1.3304437338954554e-07
-1.3463634502674376e-07
-1.3624736477056698e-07
-1.3787766151018843e-07
-1.3952746597684085e-07
-1.411970120268613e-07
-1.428865354924369e-07
-1.4459627534560426e-07
-1.4632647315007685e-07
-1.4807737368921492e-07
-1.498492251290895e-07
-1.5164227832134038e-07
-1.5345678663062539e-07
-1.552930067677755e-07
-1.571511986715084e-07
-1.5903162503306005e-07
-1.609345521293398e-07
-1.628602491446536e-07
-1.6480898842817482e-07
-1.6678104568842306e-07
-1.687766997393982e-07
-1.707962333758026e-07
-1.7283993244504537e-07
-1.749080858671104e-07
-1.7700098623590899e-07
-1.791189294476968e-07
-1.812622151986954e-07
-1.8343114701019174e-07
-1.856260319082375e-07
-1.8784718028912683e-07
-1.9009490620917652e-07
-1.9236952761411599e-07
-1.9467136636237056e-07
-1.9700074811390363e-07
-1.9935800273551858e-07
-2.017434640327084e-07
-2.0415746904755357e-07
-2.0660035923022947e-07
-2.0907248004752824e-07
-2.1157418145055637e-07
-2.1410581758397884e-07
-2.1666774679144013e-07
-2.1926033122229697e-07
-2.2188393785342467e-07
-2.2453893769991797e-07
-2.272257063397771e-07
-2.2994462401282768e-07
-2.3269607585540985e-07
-2.3548045084951532e-07
-2.3829814287911193e-07
-2.4114955037979737e-07
-2.4403507714757325e-07
-2.469551314752917e-07
-2.499101262213937e-07
-2.5290047964520563e-07
-2.5592661427729544e-07
-2.5898895900397327e-07
-2.6208794698199124e-07
-2.652240165131693e-07
-2.683976112919593e-07
-2.7160918096104435e-07
-2.748591789688605e-07
-2.7814806517810573e-07
-2.8147630510395264e-07
-2.848443703608479e-07
-2.882527371786056e-07
-2.9170188701178293e-07
-2.9519230878668925e-07
-2.987244953935313e-07
-3.022989472333806e-07
-3.059161701025832e-07
-3.0957667555280986e-07
-3.1328098205587524e-07
-3.1702961295635096e-07
-3.208230986898432e-07
-3.2466197646708337e-07
-3.285467893010801e-07
-3.3247808640067805e-07
-3.364564245085717e-07
-3.4048236601566095e-07
-3.445564805530394e-07
-3.4867934505851015e-07
-3.528515427042014e-07
-3.570736637884312e-07
-3.6134630524651537e-07
-3.6567007181709807e-07
-3.7004557539168466e-07
-3.744734348726112e-07
-3.789542772890137e-07
-3.8348873629303996e-07
-3.880774531306438e-07
-3.9272107721775753e-07
-3.974202652770771e-07
-4.021756826643667e-07
-4.069880022572871e-07
-4.118579047887876e-07
-4.167860791387296e-07
-4.217732225023714e-07
-4.268200404198858e-07
-4.319272471077192e-07
-4.370955651814695e-07
-4.423257259243349e-07
-4.476184694919734e-07
-4.5297454443415323e-07
-4.583947084187286e-07
-4.638797285595568e-07
-4.6943038089521365e-07
-4.75047450914398e-07
-4.80731733226822e-07
-4.864840318789988e-07
-4.923051610255125e-07
-4.981959441813119e-07
-5.041572147550835e-07
-5.101898161628354e-07
-5.162946019563076e-07
-5.224724358139594e-07
-5.287241917440811e-07
-5.350507544008931e-07
-5.414530192405901e-07
-5.479318916077513e-07
-5.54488288273918e-07
-5.611231369371264e-07
-5.678373761078493e-07
-5.746319559865083e-07
-5.815078379683194e-07
-5.884659948633718e-07
-5.955074111167486e-07
-6.026330828808155e-07
-6.098440184396862e-07
-6.171412378727539e-07
-6.245257737320464e-07
-6.319986709075684e-07
-6.395609867072339e-07
-6.472137911309531e-07
-6.549581666240707e-07
-6.627952091573539e-07
-6.707260273695976e-07
-6.787517437927535e-07
-6.86873493402026e-07
-6.950924254922196e-07
-7.034097030183205e-07
-7.118265027591638e-07
-7.20344015396634e-07
-7.289634463744621e-07
-7.376860150651245e-07
-7.465129558943771e-07
-7.55445516429455e-07
-7.644849619950901e-07
-7.736325714206198e-07
-7.828896381926022e-07
-7.922574725882279e-07
-8.017373986014711e-07
-8.11330759471708e-07
-8.210389119130232e-07
-8.308632290305782e-07
-8.40805100677639e-07
-8.508659352313098e-07
-8.610471538037878e-07
-8.713501980916886e-07
-8.817765252002547e-07
-8.92327612016621e-07
-9.030049502633858e-07
-9.138100490209801e-07
-9.24744439965259e-07
-9.358096680256629e-07
-9.470072995223448e-07
-9.583389188414372e-07
-9.698061285040344e-07
-9.814105518749904e-07
-9.931538303287603e-07
-1.0050376255326483e-06
-1.017063619448272e-06
-1.0292335127061805e-06
-1.0415490272071802e-06
-1.0540119057422413e-06
-1.0666239111877755e-06
-1.0793868282488704e-06
-1.0923024631710005e-06
-1.1053726429763149e-06
-1.118599216724022e-06
-1.1319840554895196e-06
-1.1455290533104144e-06
-1.1592361269973294e-06
-1.1731072154748173e-06
-1.187144281695126e-06
-1.201349311744722e-06
-1.2157243147346494e-06
-1.2302713249253772e-06
-1.2449924003998846e-06
-1.2598896240759942e-06
-1.274965103929826e-06
-1.2902209727588994e-06
-1.305659388750038e-06
-1.3212825364363953e-06
-1.3370926261859276e-06
-1.353091894980285e-06
-1.3692826064531927e-06
-1.3856670513789915e-06
-1.402247547965807e-06
-1.4190264420350929e-06
-1.4360061072853092e-06
-1.4531889464437786e-06
-1.470577390767086e-06
-1.4881739001098172e-06
-1.505980964364162e-06
-1.5240011027057437e-06
-1.5422368649584128e-06
-1.5606908312440493e-06
-1.5793656124515887e-06
-1.5982638507036628e-06
-1.6173882199342626e-06
-1.6367414257777158e-06
-1.6563262064802839e-06
-1.6761453332063414e-06
-1.6962016101199073e-06
-1.7164978746812831e-06
-1.7370369983322684e-06
-1.75782188722301e-06
-1.7788554823219404e-06
-1.8001407592165009e-06
-1.8216807299888116e-06
-1.8434784418326633e-06
-1.8655369786249598e-06
-1.8878594617872252e-06
-1.910449049322832e-06
-1.9333089372663634e-06
-1.956442360515412e-06
-1.97985259154862e-06
-2.003542942610563e-06
-2.027516765925122e-06
-2.0517774527960275e-06
-2.076328436359867e-06
-2.1011731900283034e-06
-2.1263152285670717e-06
-2.151758109867133e-06
-2.1775054333851573e-06
-2.203560841667479e-06
-2.229928021938235e-06
-2.2566107043180215e-06
-2.2836126640024892e-06
-2.3109377218716656e-06
-2.3385897427057913e-06
-2.3665726406609747e-06
-2.394890373412766e-06
-2.4235469475277285e-06
-2.452546418560582e-06
-2.481892889236864e-06
-2.51159051206434e-06
-2.5416434872749683e-06
-2.572056067818738e-06
-2.6028325567544267e-06
-2.6339773088971535e-06
-2.6654947292057384e-06
-2.6973892792471477e-06
-2.7296654694780598e-06
-2.7623278679338777e-06
-2.795381094812706e-06
-2.8288298266917035e-06
-2.8626787976753637e-06
-2.8969327946952797e-06
-2.9315966653849224e-06
-2.96667531422129e-06
-3.0021737042473795e-06
-3.0380968583324647e-06
-3.0744498587613987e-06
-3.11123784851354e-06
-3.1484660323816485e-06
-3.1861396779481015e-06
-3.2242641164110554e-06
-3.262844740893091e-06
-3.301887010199924e-06
-3.341396448277548e-06
-3.381378644693074e-06
-3.421839256226994e-06
-3.462784008145814e-06
-3.5042186935685567e-06
-3.5461491746182922e-06
-3.58858138389134e-06
-3.631521324654486e-06
-3.674975072185706e-06
-3.7189487750808464e-06
-3.7634486547502035e-06
-3.808481007345826e-06
-3.854052204472401e-06
-3.900168693437488e-06
-3.946836998901089e-06
-3.99406372389529e-06
-4.041855550668977e-06
-4.090219240835498e-06
-4.139161637008149e-06
-4.1886896641447164e-06
-4.2388103292650015e-06
-4.289530723964978e-06
-4.340858024670549e-06
-4.392799493118499e-06
-4.445362478200073e-06
-4.49855441692331e-06
-4.5523828352998856e-06
-4.606855349125502e-06
-4.66197966581428e-06
-4.717763584249815e-06
-4.774214996942482e-06
-4.831341890993443e-06
-4.889152349200204e-06
-4.947654550985182e-06
-5.006856773596621e-06
-5.06676739317122e-06
-5.127394885773935e-06
-5.188747829647754e-06
-5.250834905255329e-06
-5.31366489731793e-06
-5.377246695116686e-06
-5.441589294849156e-06
-5.506701799623797e-06
-5.572593421836864e-06
-5.63927348430724e-06
-5.706751421586591e-06
-5.775036780581691e-06
-5.844139222762229e-06
-5.914068525085222e-06
-5.984834581468932e-06
-6.056447403978609e-06
-6.12891712518769e-06
-6.2022539984276975e-06
-6.276468399901892e-06
-6.3515708300559336e-06
-6.427571913795874e-06
-6.504482405071378e-06
-6.582313185104341e-06
-6.661075266348719e-06
-6.7407797920049e-06
-6.8214380397305135e-06
-6.903061420181602e-06
-6.985661483270762e-06
-7.069249914971702e-06
-7.153838542357381e-06
-7.239439333362905e-06
-7.326064398287041e-06
-7.413725994596097e-06
-7.502436523706014e-06
-7.592208538626151e-06
-7.68305473841912e-06
-7.774987980516568e-06
-7.868021267118017e-06
-7.962167765312089e-06
-8.057440790765766e-06
-8.153853829381494e-06
-8.251420516949549e-06
-8.350154660447928e-06
-8.45007022924469e-06
-8.551181356741236e-06
-8.653502355170659e-06
-8.757047691368728e-06
-8.861832030002766e-06
-8.967870177866528e-06
-9.075177160218533e-06
-9.183768132906304e-06
-9.2936584892905e-06
-9.404863747986946e-06
-9.517399669844973e-06
-9.631282155728486e-06
-9.746527330754188e-06
-9.863151499075041e-06
-9.98117114767562e-06
-1.0100603007418333e-05
-1.0221463923001505e-05
-1.0343771068682325e-05
-1.0467541653969188e-05
-1.0592793304118817e-05
-1.0719543612590886e-05
-1.084781064908738e-05
-1.0977612424158004e-05
-1.1108967433281613e-05
-1.1241894147551081e-05
-1.1376411460084545e-05
-1.1512538354798655e-05
-1.1650294092494266e-05
-1.1789698222050061e-05
-1.1930770337984864e-05
-1.2073530609882886e-05
-1.2217998937582523e-05
-1.2364196150790548e-05
-1.251214246022186e-05
-1.2661859341563369e-05
-1.2813367393126962e-05
-1.2966688635850923e-05
-1.3121844230614722e-05
-1.3278856541572076e-05
-1.3437747564003797e-05
-1.3598539735429094e-05
-1.3761256177337203e-05
-1.3925919159262293e-05
-1.4092553150521318e-05
-1.4261180114323417e-05
-1.4431825971359503e-05
-1.4604512348042557e-05
-1.4779266669563522e-05
-1.4956110145658216e-05
-1.513507187044568e-05
-1.531617278092241e-05
-1.5499442753703907e-05
-1.5684904397621213e-05
-1.5872585374342857e-05
-1.6062513520894058e-05
-1.625471076062727e-05
-1.6449213739276472e-05
-1.6646035437365217e-05
-1.6845223659220192e-05
-1.704678210773204e-05
-1.7250766837763386e-05
-1.7457178308805023e-05
-1.766607208902594e-05
-1.7877456191247503e-05
-1.8091373956094362e-05
-1.8307853728328902e-05
-1.852691362410941e-05
-1.8748614471176704e-05
-1.8972938377480016e-05
-1.919998724197135e-05
-1.942970158281404e-05
-1.9662225728555357e-05
-1.9897464348184743e-05
-2.0135589595628948e-05
-2.037649327273506e-05
-2.0620346357753082e-05
-2.0867060153202815e-05
-2.1116768511240816e-05
-2.1369443726989212e-05
-2.162513783555281e-05
-2.1883925184134484e-05
-2.2145746859147768e-05
-2.2410792813308544e-05
-2.26788925503478e-05
-2.2950343138206965e-05
-2.3224880044882094e-05
-2.3502877014130487e-05
-2.3784022634788793e-05
-2.406870493848988e-05
-2.435663764323477e-05
-2.464814563960839e-05
-2.494305775288812e-05
-2.5241504752424385e-05
-2.5543628895709214e-05
-2.5849116995994154e-05
-2.615868138320255e-05
-2.6471352065682296e-05
-2.6788551249837256e-05
-2.710858519772456e-05
-2.743355105706835e-05
-2.7761226109772026e-05
-2.809399032548598e-05
-2.8429666677359106e-05
-2.8770245869714356e-05
-2.9114290309328883e-05
-2.946271468884723e-05
-2.9815478922423297e-05
-3.0171774410042013e-05
-3.053368885931086e-05
-3.0897640283921585e-05
-3.12697468693628e-05
-3.163983810788168e-05
-3.202546502751799e-05
-3.240250626752872e-05
-3.279872057701527e-05
-3.3186992610831356e-05
-3.358818209676928e-05
-3.399022389373452e-05
-3.439257676830093e-05
-3.481614375126785e-05
-3.521358880639175e-05
-3.566471891361389e-05
-3.605928559430316e-05
-3.6532344398714986e-05
-3.692896244180538e-05
-3.7415909713245116e-05
-3.7822485106878134e-05
-3.8315536188104904e-05
-3.8743301013548226e-05
-3.923108155691468e-05
-3.969106932261851e-05
-4.016592978895589e-05
-4.066473245498657e-05
-4.1123258247358074e-05
-4.166060426943202e-05
-4.211316245576833e-05
-4.267622999700252e-05
-4.3132342364179954e-05
-4.3717064930733074e-05
-4.418406896495447e-05
-4.476985918333912e-05
-4.527987185677304e-05
-4.583603694122487e-05
-4.640190203820081e-05
-4.692730653758784e-05
-4.755531547062338e-05
-4.803614395144343e-05
-4.8747393315040285e-05
-4.916591367882205e-05
-4.9967713450829276e-05
-5.0330627600737345e-05
-5.122251398031525e-05
-5.1508244063622416e-05
-5.254276977930447e-05
-5.270663516030447e-05
-5.375867171528879e-05
-5.405811820642431e-05
-5.4950496197259504e-05
-5.548328241670726e-05
-5.6156837667923547e-05
-5.703033508513977e-05
-5.735643526004128e-05
-5.856921697491033e-05
-5.8718157457883675e-05
-5.9961133645507723e-05
-6.028924141375687e-05
-6.12774067649674e-05
-6.203231176742097e-05
-6.249754082127135e-05
-6.398881303787407e-05
-6.34657825554566e-05
-6.667168810494187e-05
-6.284907852327493e-05
-7.32260617892222e-05
-5.0536273281572616e-05
-0.0001261779439039429
-7.676611166734131e-05
-0.00014468068957053154
-9.195769364089655e-05
-0.00016159499671953849
-9.114793737343384e-05
-0.00014580598363889672
-0.00011309513278521957
-0.00010672874700075536
-0.0001424399891763623
-8.679138093402604e-05
-0.00014443826054459126
-7.3769975345393e-05
-0.00015625020902256898
-7.043448279276168e-05
-0.00014429116334121014
-7.649587153004712e-05
-0.00011292456893436807
-0.0001464212269183817
-0.0001176588363850248
-0.00014566565659124926
-0.0001529842312083978
-0.00014238611749897126
-0.00017616819868020958
-0.00015288954683832746
-0.000172687866170162
-0.00017369513288731787
-0.00019402171961880249
-0.00017740295639657902
-0.00021344343051012544
-0.00020277812525547193
-0.000232715778634899
-0.00021572197408239983
-0.00023196977275024633
-0.00023709304834331347
-0.0002542365254109246
-0.00024152434206109404
-0.00027233825278988045
-0.00027207151911294374
-0.0002737439404951442
-0.000286305044640952
-0.0002618074262560505
-0.0002868620586046649
-0.000268333221971413
-0.0002853661481207266
-0.00027675486210780007
-0.0002904226850329709
-0.00027994170322090167
-0.00031379651963285864
-0.00029294739233038183
-0.00031762539345576036
-0.000305968606152613
-0.0003207799128046236
-0.00031562569244412443
-0.00032702755113778284
-0.0003220250129746938
-0.000339902931860106
-0.0003076960836131947
-0.00036027320546369395
-0.0003246437547671002
-0.0003544719796227237
-0.00036090494501174095
-0.0003598114033670777
-0.00037390017985452383
