3.4717630264025594e-05
5.402202626874822e-05
3.071626698451427e-05
2.1793385140288273e-05
8.104122534267159e-06
-9.518490720547828e-07
-1.342210696306599e-05
-1.8154175913276976e-05
-2.7721014766122693e-05
-3.305062606694779e-05
-4.0614893770899604e-05
-4.4731941992610816e-05
-5.2625165269638556e-05
-5.583318751422064e-05
-6.638545262131419e-05
-6.92232266669619e-05
-7.73169493010805e-05
-8.159369375665614e-05
-8.906319159948146e-05
-9.284022433550326e-05
-0.00010213188503989821
-0.00010258307525424403
-0.00010998255297193444
-0.00011452002751662087
-0.00012340658676847875
-0.00012811560952098874
-0.00013687942378870252
-0.0001411078143352595
-0.00014533287521701426
-0.00015198279225691832
-0.000155631704746494
-0.0001626589379470684
-0.0001653350588043829
-0.00017146957822907199
-0.00017529565146871915
-0.00018463163913606172
-0.00019036014936086709
-0.0001989950351945454
-0.00020693374471399343
-0.00021695537585477077
-0.00022263067502596012
-0.00023438956375606212
-0.00023998441179312965
-0.00024947855381659894
-0.0002576213021066226
-0.00026701904312241743
-0.0002712985169724956
-0.00028074124757785984
-0.00028369759730092277
-0.00029636737561299044
-0.000298534907665311
-0.0003090517268263431
-0.00031241797451732225
-0.0003203922110645964
-0.0003254013897665696
-0.0003330406739548631
-0.00034094678166013
-0.0003455028681977406
-0.00035551462221565674
-0.0003605658202243129
-0.0003712568101562696
-0.000374713993659575
-0.0003869271968651992
-0.0003888403705041377
-0.0003996620288060454
-0.0004038747731707504
-0.00041056554956407144
-0.00041940561728948757
-0.00042376050467264354
-0.0004326218736688597
-0.00043767056513956994
-0.0004455603742237113
-0.00044892978403684926
-0.0004596785179447553
-0.00046194094019895047
-0.00047584832052846007
-0.00047586936962473953
-0.0004935123362413287
-0.0004877498346643168
-0.0005063393287450989
-0.0005026824309612419
-0.0005127808556789752
-0.0005178519473852509
-0.0005276636730263176
-0.0005306625919432724
-0.0005433151608186516
-0.0005400480464853963
-0.0005521138699781446
-0.0005503906550952085
-0.0005598908648050658
-0.0005615181458122583
-0.0005710866751307659
-0.0005794449329394845
-0.0005862876461288655
-0.0005899476977068003
-0.0005970476446101353
-0.0006168505764542454
-0.000612833060649255
-0.0006042116049481214
-0.000630865972066861
-0.0006369338689841656
-0.0006287550586087195
-0.0006479080336870815
-0.0006589406805259893
-0.0006714109227999143
-0.0006866965040658047
-0.0006831671154749415
-0.0007036858776008155
-0.0007226216182275537
-0.0007068785230712828
-0.0007040242126985679
-0.0006987771925739076
-0.0007009815851237492
-0.0006743898664800243
-0.0007042851865989675
-0.0007188124639216347
-0.0007487276107422891
-0.00080590830106607
-0.0007944662049031702
-0.0008015960471793598
-0.0007672964511756523
-0.0007382391165676393
-0.0007650217364301661
-0.0007843106214618655
-0.0008044027126247378
-0.0008004629198866878
-0.0008427493859996906
-0.0008550864617351035
-0.0008964804350663664
-0.0009675995470379005
-0.0009569767254091503
-0.0009610857804890524
-0.0009226972564520197
-0.0008796108939338799
-0.0009150517003338758
-0.0008432238654440141
-0.0008757219911504093
-0.0008160229107366567
-0.0008269594008119641
-0.0008926086810434335
-0.0009250551518010294
-0.00103401670856268
-0.0011105906362807972
-0.0009590093394338953
-0.0012285493353288613
0.00036342666410019153
0.004990933072071271
0.009330878153541661
0.010839086440512659
0.014025531078027287
0.019821713843038755
0.02573837635950726
0.0295233619065519
0.027152461126739087
0.02242025761930116
0.014589865495075894
0.006715054259360478
0.001650795355418148
-0.001858922724569447
-0.006400855726155764
-0.011264834446534585
-0.015917619744707852
-0.01836365956683616
-0.020891903800435804
-0.021717047921667048
-0.013090767242032848
-0.001640115527185862
0.00508812463853284
0.007840244398635565
0.008349811938313797
0.006699889589470398
0.004178672311127424
0.00399270106399093
0.006149105630747517
0.007830003853756352
0.0057111605079483395
0.0014873879006808313
0.0005527507532526086
0.0016516829901975314
0.0013769217790905292
0.00013544010134810175
0.0006077943841730602
0.0016080364533214617
0.002208068278714888
0.0025219180085944894
0.0025980837444977574
0.0020187164313292937
0.0007018889827440894
-0.00024227081931418545
-0.0007148974256024149
-0.001712734714385319
-0.0033239915912985805
-0.004884499551008456
-0.005307009629986055
-0.0043511850383000684
-0.003256153647933229
-0.002352514935533538
-0.0019946645335958413
-0.0015719669718568343
-0.0008947550864604785
-0.00012428185603009166
0.0003202168208209838
0.0001632418340600295
-0.00012165968181026976
0.00036672555877782613
0.0013853189405877396
0.0017001701739101484
0.001199743555698516
0.0007631349667321804
0.00041285467489896033
7.882154243429664e-05
0.00010490142038801423
0.00025406102766735813
0.00011974817225649822
-0.00022349480669983069
-0.0004796544494516192
-0.0003349148066529371
-0.0002962496260478759
-0.0006000179889819693
-0.0006264162539041789
-7.210523979142264e-05
0.0005119024732467922
0.0006426852958380188
0.0004972060177957616
0.0002963003300773414
9.835149391994628e-07
-0.0001517672870764673
6.398379285471556e-05
0.00039751119966053823
0.0003525367926668968
3.0151573416161067e-05
-0.00015354203918106497
-0.00011468278922354616
-5.864650888130012e-06
7.565738787973362e-05
0.00028666245570409124
0.0005591055918479008
0.0006338759306392024
0.0005353262801214998
0.0004741618618015063
0.0003312300804233907
-4.053928050150454e-05
-0.0003774641756514745
-0.0003749334149300867
-0.00014472719425921016
1.2093343426116302e-05
-0.00012066979883834383
-0.00018277728408663325
-8.072798680045385e-07
0.00024581906834749757
0.0005284276893173061
0.0008841474754276745
0.001155759689089252
0.0011529387897021533
0.0008332712153291259
0.0003964533704635699
7.373714848196928e-05
-0.00025079462182337554
-0.0004494439314989596
-0.00045592875319159674
-0.000455406898258903
-0.0006528236520877747
-0.0008470790084385781
-0.0008179288336959733
-0.0006284400145583955
-0.0004109814125585765
-1.9357620922471762e-05
0.0005085848968447593
0.0009236619742877007
0.0010710081602009233
0.0010126515935297753
0.0008599092151619365
0.000740704746352023
0.0006286717110155706
0.0005896335883738798
0.0005676340900789119
0.00038908799254892725
2.1377805033158735e-05
-0.00031068659892057157
-0.0005641590620975713
-0.0007644086759795092
-0.0008824223060851089
-0.0008443088940690843
-0.0006657216452082815
-0.0005284576052044856
-0.0005041032049660952
-0.0005134568728611929
-0.0005062577705434806
-0.00047938615331110323
-0.0003988865541419904
-0.00020235953409281573
-5.392507519153783e-06
6.050752118097253e-05
9.697521628031865e-06
-0.00013186855365728424
-0.00019744574746195602
-0.0001486571306041859
-9.468054665286758e-05
-4.6305307515366834e-05
2.230118354480242e-05
8.28002969867109e-05
0.00012510062623876913
0.00019701399838985845
0.0003410787482313241
0.0005182836944592169
0.0005932424970453743
0.0005342679533022322
0.00041985551675592826
0.0003049031864045935
0.00025327877006814885
0.00025952935108540336
0.00018033946651570043
2.7116000289513492e-05
-0.00013658256466872394
-0.00027193958660497083
-0.0004015167900834669
-0.0004946536077980975
-0.0005152454707403313
-0.00043385442159226024
-0.00032220494677577733
-0.00019650880724603843
-9.993506570928068e-05
-1.5002918554851393e-05
7.249827051812748e-06
0.00014143290943476375
0.00035778350226438083
0.0005599157550692751
0.0006629495595553808
0.000689954773965832
0.0007037462974931143
0.0007671176350258718
0.0007635521273531456
0.0006851325519138879
0.0006018545553109422
0.000480600912825875
0.0002960010521569077
0.00017553489365327774
0.00015715959830630405
0.0002305576191989715
0.00020360781234454348
0.00012499916049535278
-4.652907581918493e-05
-9.422404734282517e-05
-0.00022176806535339263
4.016543396682349e-05
-0.00015357574251915573
7.20119431174874e-06
-6.777069570580032e-05
4.521231298977478e-06
-1.1045490414244018e-05
1.4650182741240682e-05
6.680742927821446e-06
2.8113242771521385e-06
5.27489235379805e-06
1.8164008733362325e-06
1.1792267012960406e-05
9.48891560966815e-06
1.0621022604111012e-05
5.506734707057628e-06
5.677758249398972e-06
7.448876864629694e-07
1.7753320940014708e-06
1.2467148248652016e-06
1.9883714835072265e-06
-1.9991849255121107e-07
-4.4356568959492103e-07
-9.580898508690545e-08
-1.0931789671980198e-06
-4.571009120914399e-08
-1.1141184141086135e-06
8.79857840430597e-08
-8.911468378303491e-07
5.216257612157909e-07
-3.00456244230066e-08
8.565183753180732e-07
3.8077722644381477e-07
6.422637549396808e-07
4.919892128821051e-07
5.852419711036851e-07
5.617383673557521e-07
5.667064515168813e-07
6.205768339344092e-07
5.2566147477613e-07
5.577916440293977e-07
5.047545026644416e-07
5.437753902018459e-07
4.857978219396637e-07
5.135442195297656e-07
4.850927365270007e-07
5.050406196396601e-07
4.994836730872008e-07
5.152066678352205e-07
5.216078441633667e-07
5.225704405901154e-07
5.342927282464874e-07
5.33979404682372e-07
5.538932515787489e-07
5.526818093632444e-07
5.696448126897482e-07
5.695999985007674e-07
5.827316063222927e-07
5.834611334616405e-07
5.937859430791854e-07
5.976599561936108e-07
6.049637739178465e-07
6.100944123514813e-07
6.165727566972631e-07
6.231352448595254e-07
6.290826143227554e-07
6.361605937432041e-07
6.421244290750333e-07
6.49318531365916e-07
6.555040760961982e-07
6.628988079574382e-07
6.696263093918984e-07
6.770688206821519e-07
6.840702427236747e-07
6.915054442446561e-07
6.988390269294618e-07
7.063016610902619e-07
7.138728470813469e-07
7.214462465703715e-07
7.292113725868997e-07
7.368891001260295e-07
7.448181429951426e-07
7.52674426746894e-07
7.607430861368255e-07
7.687712616238787e-07
7.769812760112873e-07
7.852028823647711e-07
7.935647162694783e-07
8.019832179045894e-07
8.105134710383803e-07
8.191260679964488e-07
8.278283913548722e-07
8.366307138948383e-07
8.455183908337004e-07
8.545122886138216e-07
8.635900742875091e-07
8.727763812598876e-07
8.820507050983869e-07
8.914315850841741e-07
9.009058951325844e-07
9.1048599918308e-07
9.201644565307076e-07
9.299473250924662e-07
9.398334171983847e-07
9.49824503970883e-07
9.59922429334117e-07
9.701265169073149e-07
9.804403965383364e-07
9.908624797739358e-07
1.0013965996944233e-06
1.0120414838128819e-06
1.0228005999208493e-06
1.0336732721706352e-06
1.0446621529301687e-06
1.0557674127402569e-06
1.0669910561165194e-06
1.078333850846618e-06
1.0897972968913798e-06
1.1013826351950013e-06
1.1130910772628522e-06
1.124924077544815e-06
1.1368827642251734e-06
1.1489686993431216e-06
1.1611830127065769e-06
1.1735272629007906e-06
1.18600266258017e-06
1.1986107449049241e-06
1.2113528122542643e-06
1.2242303650283773e-06
1.237244797503044e-06
1.250397589901611e-06
1.2636902046389169e-06
1.2771241224109254e-06
1.2907008621050288e-06
1.3044219207144846e-06
1.3182888555323378e-06
1.3323031942126903e-06
1.3464665260925244e-06
1.360780415284219e-06
1.375246478622644e-06
1.389866321246358e-06
1.4046415874274343e-06
1.4195739225689757e-06
1.4346650005103129e-06
1.4499165068813393e-06
1.4653301474866403e-06
1.4809076465945e-06
1.4966507446926837e-06
1.5125612041128799e-06
1.5286408019369067e-06
1.5448913382080736e-06
1.5613146283310051e-06
1.577912510383216e-06
1.5946868390988593e-06
1.6116394912168186e-06
1.6287723617654175e-06
1.6460873670363053e-06
1.6635864429989671e-06
1.681271546553011e-06
1.6991446553658092e-06
1.7172077679264772e-06
1.7354629042823523e-06
1.7539121055872069e-06
1.7725574350890372e-06
1.791400977574966e-06
1.810444840360468e-06
1.8296911528553785e-06
1.8491420673486235e-06
1.8687997588146373e-06
1.888666425505051e-06
1.9087442889254773e-06
1.929035594268162e-06
1.9495426105785166e-06
1.9702676310081447e-06
1.9912129731125495e-06
2.0123809790467386e-06
2.0337740158967447e-06
2.055394475906401e-06
2.0772447767542794e-06
2.0993273617943238e-06
2.1216447003788593e-06
2.1441992880974974e-06
2.166993647078835e-06
2.190030326247255e-06
2.213311901648566e-06
2.2368409767145874e-06
2.260620182532183e-06
2.2846521781729238e-06
2.308939650975321e-06
2.333485316830783e-06
2.358291920510429e-06
2.3833622359742694e-06
2.4086990666818557e-06
2.434305245884122e-06
2.460183636922102e-06
2.4863371336068146e-06
2.5127686604973186e-06
2.5394811732585697e-06
2.566477658956444e-06
2.59376113643187e-06
2.6213346566351817e-06
2.64920130292951e-06
2.677364191427868e-06
2.7058264713951108e-06
2.734591325582512e-06
2.7636619705698586e-06
2.7930416571379766e-06
2.8227336706163533e-06
2.8527413312653016e-06
2.8830679946332792e-06
2.913717051924338e-06
2.9446919304170876e-06
2.9759960938366908e-06
3.007633042718892e-06
3.039606314801489e-06
3.071919485431098e-06
3.1045761679787952e-06
3.1375800142198745e-06
3.170934714746838e-06
3.2046439993869245e-06
3.2387116376230213e-06
3.2731414390164444e-06
3.307937253622844e-06
3.343102972424829e-06
3.3786425277590194e-06
3.414559893772287e-06
3.450859086851098e-06
3.4875441660849027e-06
3.5246192337265534e-06
3.562088435626285e-06
3.599955961717288e-06
3.6382260464612747e-06
3.6769029693378886e-06
3.7159910553273773e-06
3.7554946753860557e-06
3.795418246942627e-06
3.835766234380354e-06
3.8765431495339634e-06
3.917753552215916e-06
3.959402050710887e-06
4.001493302279435e-06
4.044032013698323e-06
4.0870229417851395e-06
4.130470893930731e-06
4.174380728621946e-06
4.218757355994588e-06
4.263605738386814e-06
4.308930890881184e-06
4.354737881885075e-06
4.401031833687515e-06
4.447817923016649e-06
4.495101381646612e-06
4.542887496973208e-06
4.591181612592909e-06
4.639989128914457e-06
4.689315503753367e-06
4.739166252939038e-06
4.789546950936268e-06
4.8404632314829585e-06
4.891920788197986e-06
4.94392537523233e-06
4.996482807906438e-06
5.049598963366168e-06
5.103279781224862e-06
5.157531264244136e-06
5.212359478999184e-06
5.267770556532524e-06
5.323770693086392e-06
5.380366150812502e-06
5.437563258396585e-06
5.495368411801934e-06
5.5537880749713755e-06
5.61282878058523e-06
5.672497130796729e-06
5.732799797888446e-06
5.793743525123987e-06
5.855335127405811e-06
5.917581492109351e-06
5.9804895798071895e-06
6.044066425070331e-06
6.1083191372785645e-06
6.173254901391007e-06
6.238880978702929e-06
6.305204707746266e-06
6.3722335050691616e-06
6.439974866022933e-06
6.508436365654723e-06
6.577625659546187e-06
6.647550484726927e-06
6.718218660415687e-06
6.789638088930373e-06
6.861816756635673e-06
6.934762734762284e-06
7.008484180351707e-06
7.082989337161915e-06
7.1582865366158065e-06
7.234384198722538e-06
7.311290832954343e-06
7.3890150392234e-06
7.467565508911686e-06
7.546951025808355e-06
7.6271804670473525e-06
7.708262804142341e-06
7.790207103973868e-06
7.873022529832205e-06
7.956718342406056e-06
8.041303900815862e-06
8.126788663699895e-06
8.21318219024287e-06
8.300494141234914e-06
8.388734280174358e-06
8.477912474355522e-06
8.568038695979665e-06
8.659123023251958e-06
8.751175641506268e-06
8.84420684436611e-06
8.93822703488395e-06
9.033246726703609e-06
9.12927654522994e-06
9.226327228829302e-06
9.32440963001286e-06
9.42353471668645e-06
9.523713573324558e-06
9.624957402254442e-06
9.727277524884757e-06
9.830685382967346e-06
9.935192539904138e-06
1.004081068203339e-05
1.0147551619912572e-05
1.0255427289661799e-05
1.0364449754277777e-05
1.0474631204999627e-05
1.0585983962673948e-05
1.06985204791233e-05
1.0812253338549592e-05
1.0927195258932164e-05
1.1043359093436053e-05
1.1160757831879357e-05
1.1279404602168933e-05
1.139931267176591e-05
1.1520495449173114e-05
1.1642966485437222e-05
1.1766739475661337e-05
1.1891828260550625e-05
1.2018246827927813e-05
1.2146009314324636e-05
1.2275130006552616e-05
1.2405623343293107e-05
1.2537503916735886e-05
1.2670786474193976e-05
1.280548591975529e-05
1.2941617315950023e-05
1.307919588541958e-05
1.3218237012637118e-05
1.3358756245649534e-05
1.350076929776189e-05
1.3644292049329483e-05
1.3789340549526051e-05
1.3935931018138202e-05
1.4084079847390672e-05
1.4233803603756236e-05
1.438511902981986e-05
1.4538043046172233e-05
1.4692592753270473e-05
1.4848785433336348e-05
1.5006638552348068e-05
1.5166169761959695e-05
1.5327396901475808e-05
1.5490337999818295e-05
1.5655011277550994e-05
1.582143514899275e-05
1.598962822418193e-05
1.6159609311029765e-05
1.633139741737805e-05
1.6505011753139903e-05
1.668047173241543e-05
1.6857796975692694e-05
1.7037007312041427e-05
1.7218122781371316e-05
1.7401163636576245e-05
1.7586150345868056e-05
1.7773103595085548e-05
1.7962044289958123e-05
1.8152993558433014e-05
1.834597275300788e-05
1.8541003453234725e-05
1.8738107468102962e-05
1.893730683840035e-05
1.913862383926004e-05
1.934208098260776e-05
1.9547701019686684e-05
1.9755506943553504e-05
1.9965521991740986e-05
2.0177769648811365e-05
2.03922736490159e-05
2.0609057978860393e-05
2.0828146879864924e-05
2.1049564851232974e-05
2.1273336652687482e-05
2.1499487307074106e-05
2.1728042103306416e-05
2.195902659907297e-05
2.2192466623854756e-05
2.242838828160176e-05
2.2666817953899833e-05
2.290778230266113e-05
2.3151308273362088e-05
2.339742309776435e-05
2.364615429732646e-05
2.3897529685877074e-05
2.415157737314336e-05
2.4408325767413276e-05
2.466780357926224e-05
2.493003982415864e-05
2.5195063826409048e-05
2.5462905221644667e-05
2.5733593960971003e-05
2.6007160313421443e-05
2.6283634870346133e-05
2.6563048547680642e-05
2.6845432590746324e-05
2.713081857621226e-05
2.7419238417348245e-05
2.7710724365613e-05
2.8005309016547052e-05
2.8303025310834568e-05
2.8603906540899786e-05
2.8907986351299302e-05
2.921529874629937e-05
2.9525878089325318e-05
2.9839759111764533e-05
3.0156976911206647e-05
3.0477566961778198e-05
3.080156511083389e-05
3.112900759120687e-05
3.145993101600364e-05
3.1794372392893026e-05
3.213236911731027e-05
3.2473958988134006e-05
3.28191801998647e-05
3.316807135969282e-05
3.352067147789628e-05
3.387701998779953e-05
3.42371567322589e-05
3.460112198888307e-05
3.4968956450698476e-05
3.534070125772916e-05
3.5716397971004684e-05
3.6096088612218964e-05
3.647981562771057e-05
3.686762194118692e-05
3.7259550901729064e-05
3.7655646355530016e-05
3.805595257291882e-05
3.846051434267618e-05
3.886937687587759e-05
3.9282585924513166e-05
3.970018765942548e-05
4.0122228818114026e-05
4.0548756549621106e-05
4.097981860015449e-05
4.141546311596639e-05
4.185573887514909e-05
4.230069504087283e-05
4.2750381447115805e-05
4.320484829301969e-05
4.366414649468476e-05
4.41283273046843e-05
4.459744274977722e-05
4.507154515286994e-05
4.5550687680671735e-05
4.6034923743866636e-05
4.6524307678779634e-05
4.701889400276284e-05
4.751873824835977e-05
4.802389606559191e-05
4.85344242041593e-05
4.905037947274659e-05
4.957181987143995e-05
5.0098803372055926e-05
5.063138928563527e-05
5.1169636727252626e-05
5.1713606397128906e-05
5.226335853060466e-05
5.281895528487366e-05
5.3380458010103484e-05
5.394793038156491e-05
5.452143484484538e-05
5.5101036688892646e-05
5.568679939795549e-05
5.6278789999320185e-05
5.6877072940809525e-05
5.7481717139789244e-05
5.809278781689184e-05
5.871035618052432e-05
5.933448790466282e-05
5.9965256503173776e-05
6.060272874833586e-05
6.124697945912819e-05
6.189807751589806e-05
6.255609853880281e-05
6.322111345775908e-05
6.38931995307272e-05
6.457242825376778e-05
6.525888030496706e-05
6.595262664458191e-05
6.665375139416844e-05
6.736232580355594e-05
6.807843710287415e-05
6.880215585430592e-05
6.953357480989354e-05
7.027276097062348e-05
7.101981525742406e-05
7.177479914860507e-05
7.253782299240425e-05
7.330894233677557e-05
7.408827684729448e-05
7.487587612664658e-05
7.567187058482548e-05
7.647630090224308e-05
7.728931230936183e-05
7.811093248741297e-05
7.89413255338229e-05
7.978050207069903e-05
8.062864931782099e-05
8.148575645490833e-05
8.235203883004069e-05
8.322745775003195e-05
8.411226519329865e-05
8.500638469314007e-05
8.591011553133257e-05
8.682333272599712e-05
8.774639387069093e-05
8.867911487536956e-05
8.962192021415641e-05
9.057456639145669e-05
9.153753016264039e-05
9.251053494714915e-05
9.349408700874007e-05
9.448787748287367e-05
9.549247397591058e-05
9.650747226328028e-05
9.753358917061867e-05
9.857022373757965e-05
9.961833750921209e-05
0.00010067706685091844
0.00010174764817669343
0.00010282893850422216
0.00010392248777337415
0.00010502679292609611
0.00010614383579996489
0.00010727160332751266
0.0001084127130980164
0.0001095643257541199
0.00011073026549242315
0.00011190545752019342
0.00011309691240259936
0.00011429691092805001
0.00011551304175582019
0.00011673963347895927
0.00011798051573311914
0.0001192343265952984
0.00012050085635352293
0.00012178135314952097
0.00012307602372385552
0.0001243821720784706
0.00012570505813968235
0.0001270388582906999
0.0001283890928329009
0.00012975079021438545
0.0001311303435346941
0.00013251959907211158
0.0001339293570021445
0.00013534702083255017
0.00013678800727339336
0.00013823429588477078
0.00013970704439212125
0.00014118248741127638
0.0001426869008278233
0.0001441908355999076
0.00014572885075837816
0.0001472604288718241
0.00014883395068321283
0.0001503917037601408
0.00015200476892815798
0.00015358766532097752
0.00015524286944552294
0.0001568506324248482
0.00015855166550514692
0.00016018109220363244
0.0001619337887550197
0.00016358118305470192
0.00016539184918097513
0.0001670526951888614
0.00016892755338496202
0.00017060011882145205
0.00017253683199202604
0.00017424320209651344
0.0001762246064382387
0.00017796776090986025
0.00018000904974259987
0.00018175982743605357
0.0001839012289707981
0.00018561342577091402
0.00018790860070797845
0.0001895448486378895
0.00019200182140885111
0.00019357141937784703
0.000196193673890716
0.000197664923232955
0.00020049902590843954
0.00020181209001209055
0.00020497199084250036
0.00020589140514405615
0.00020983103881818375
0.00020948071380065395
0.0002161262427623731
0.00020938182666182473
0.00021456968716192514
0.00020936327572422707
0.00021018237485141727
0.00020839355285171715
0.00020512752740598527
0.0002061737315370083
0.00020052645845911903
0.00019647659864668724
0.00019789216601027
0.00018852246100781636
0.00018858827410537864
0.00017943200588992764
0.0001812049982885692
0.00016877083599834536
0.00016948988299536976
0.00016178066699524364
0.00015844407745945683
0.00015882799623706366
0.00015539828924045608
0.0001573714823426402
0.0001566382055394143
0.00015964840055838217
0.00015634248833497344
0.0001578293518820039
0.00015472742376184827
0.00015586179721246014
0.00015339208859307512
0.00014695640503094358
0.00014521955853222002
0.00013864184350257362
0.0001326381685951697
0.0001324259720543326
0.00012555737402691143
0.00012181520843563294
0.00012003787318099316
0.00011738575505724737
0.00012104765693883883
0.00011418942082301329
0.00012093940673845649
0.0001133465181787922
0.00011732912181122875
0.00011375758859768376
0.00011380247737294012
0.00011414401445503431
0.00010740585741759693
0.00010464094530049096
9.986935970722215e-05
8.930834078347225e-05
8.830296750487302e-05
7.62059348665551e-05
7.56498935717964e-05
6.370648148496934e-05
6.336997581900136e-05
5.573263364336856e-05
5.163610790331625e-05
4.5580106436608016e-05
4.42350434261517e-05
3.9472681179553984e-05
3.746866664611659e-05
3.4318617546501734e-05
3.420270635325171e-05
2.682862838218931e-05
2.3548024239106164e-05
0.00026332128983233376
0.0002626185786568417
0.0002218780165541565
0.00023303425343868434
0.00017775592194426283
0.00019160266827612606
0.00011878701514750361
0.0002060447330486186
6.648267197260086e-05
0.00020733275486007252
7.20775813037067e-05
0.0001776687908587226
0.00010350123637845686
0.00017440940514769685
9.528771303452487e-05
0.00015523880925368553
0.00011549029104708142
0.0001465600869126298
0.0001256049390591351
0.00015534007313650424
0.00011344359276969831
0.00011710088495312958
0.00010390793763121955
0.00013010721017276414
6.935169504452198e-05
0.0001234724637071585
7.23692203953002e-05
0.00013109543670480813
4.7583752363088844e-05
0.00012903319819627403
3.0717527741952146e-05
0.00011083048192564148
2.3671666748356895e-05
7.648987521552021e-05
5.055948282579561e-05
5.461346374118991e-05
7.640345637899455e-05
2.415954590032768e-05
6.687615465810078e-05
4.155333903714127e-05
7.718107804247808e-05
2.0881086390483924e-05
5.2370690266294794e-05
-2.0671081074212576e-05
4.880047397497431e-05
-5.266662614924922e-05
4.583062561210665e-05
-5.30234007019558e-05
3.9519231223204495e-06
-1.4368634431416238e-05
-4.225759308246164e-05
-1.701793622945765e-05
-3.3108533000889446e-05
-4.3998964810546676e-05
-6.029205637561033e-05
-4.998755087337419e-06
-9.849797293563107e-05
4.086758420169993e-05
-0.00010444110987918592
-9.363164457477447e-06
-7.17708390156145e-05
-0.000108263773715288
-6.376941398508819e-05
-0.00017378904404770064
-6.961054164799664e-05
-0.00015288856798035877
-0.00012680137050761196
-0.00011741995167051893
-8.46742181066548e-05
-9.737082339432657e-05
-2.7389824950204236e-05
-6.888938799318005e-05
-4.615414404953897e-06
-5.5017485744250356e-05
9.670789430432625e-06
-3.1950836500806764e-05
-5.453170052310092e-05
-4.170040559335538e-05
-2.7962575634962793e-05
-4.605872584571643e-05
-8.68730676798601e-05
-3.882628830583173e-06
-9.110623003469727e-05
1.064717739423119e-05
-0.00011975398650028665
2.7293458510938403e-05
-0.0001429417245093536
-7.5024554397143135e-06
-0.00020955345648205652
4.141733444513389e-06
-0.00032277325411326336
4.8690292480018445e-06
-0.0004029809559673573
2.156777248491103e-05
-0.00046687209843864283
0.0001151718085663978
-0.0005968216767679549
0.00030046406647166353
-0.0007596938930678298
-0.00029031919686030403
-0.00033198262000790134
-0.00016772761948404794
-0.00015931018581061209
-0.00023990551900205282
-0.00035039244838795127
0.00013083521271940962
-0.0011013475279167606
0.0006119037529297652
-0.0009756896110956672
0.0006996448176842936
-0.0009163814900673497
0.0009748094395627537
-0.0009143634776647907
0.0007281591359949378
-0.00099832076200451
0.0012946572767708869
-0.0024284501630364294
0.003905560107930105
-0.01174779688695795
0.3274319995739974
0.2257034243612167
0.08778322624215831
-0.020046797870434684
0.021114806775362104
0.09610711112151116
-0.04354102006835962
0.011801375438372536
-0.0007157933240184324
-0.18455126602871402
-0.15604809701964445
-0.11824567311622819
-0.10117518041299181
-0.06904544803642496
0.030381824722501508
0.11398176021198665
-0.01202635408184466
0.005996179882883588
-0.020960596538416365
-0.047383293061684637
-0.06783150338039716
0.016524403576616102
0.10013781205948048
0.08154524488388187
0.027435491066988137
-0.014780542150524125
-0.00809917798619705
-0.030649589537789824
-0.023258162486389834
0.0656223250030876
0.07654787209552191
-0.007189507068104788
-0.07311200053015549
-0.07673451795437988
-0.02705668287734555
0.0033610605755016844
0.02743464905676861
0.020674707160668833
-0.0006075728382283079
-0.03379335306112907
-0.03168305231131433
-0.009799107562954861
0.03438574652988799
0.03643851079830858
0.01231878595001044
-0.0026695899557498525
-0.011349426004808356
-0.011849412126115724
-0.014488463309184936
0.006018516598609407
0.017121935144303324
0.01925449143401555
0.001494102053600618
-0.0070952487091274635
-0.008589533366300802
-0.010134310141442992
-0.012024318686739019
-0.0033715039732531184
0.01249851059267292
0.011652668135337364
-0.0015712979437508198
-0.017660269125460648
-0.017266857615448043
-0.006303836704809108
0.010144896402606601
0.017406432369771394
0.013873562928738713
0.002697192810928986
-0.011371055102309322
-0.014405672211602966
-0.0025059360070414536
0.01403181627370944
0.017761598501326234
0.006257549608914308
-0.0074374343922190625
-0.013837516115969273
-0.011595719982947159
-0.004494298214671337
0.004095821918729237
0.007987111833674027
0.0018096726115531887
-0.007893234670978074
-0.0121771324630553
-0.006564839924308725
0.0007790053035171908
0.0037709550281050715
0.004671537766450158
0.004609534565221889
0.002681142714774369
-0.0004434922942679789
-0.0025924951132330967
0.000510246361017001
0.003587245740552268
0.005476633612161604
0.003962585646008656
0.001898170090427447
-0.0002903461365949888
-0.003844523082585549
-0.0051897495993572275
-0.002042537143349939
0.0029666901758482033
0.0038064542423424724
0.0002539165421216649
-0.002943650671989291
-0.0044066858513946445
-0.0036054771981015666
-0.0003643061257420317
0.0035260877483864563
0.0052540303669976335
0.0024820936535723146
-0.0012952763163706527
-0.00323611090318669
-0.0012337467533916312
0.00229104848576957
0.0038171590242427446
0.0027761806795530055
0.0007804691100274466
-0.001306277901663673
-0.002329672033012136
-0.0017367369635614984
0.0007028671349923693
0.0019503987254616717
0.001130163274805909
-0.0006642838043662475
-0.0011769883455820286
-0.0011134372802389836
-0.000987219087416039
-0.00044496392741452353
0.0006163394279967854
0.0008310942141507662
-0.0002091504644224906
-0.000853383456433808
-0.0008315826486026752
-0.00024994661496566994
0.00029697455190002664
0.0009096409058767775
0.0019027484281635928
0.0017044312108775595
0.0007764616861971768
-0.00016054127227982124
-0.0002739470607578218
0.0002178730883628324
0.0008917879134514064
0.0009574443019856394
0.0007879982454941654
0.00015660233562489744
-0.0002630138917045637
-0.0008449054144001607
-7.114491667194336e-05
0.000488293466396204
0.0012959110832988024
7.501861881254433e-05
6.165761452837409e-05
-0.0007942021208733547
-0.00024909447281950127
-0.0002905163034450253
7.002978993956037e-05
0.0005442222548480849
0.0005024215673626602
0.00018119890009024668
-5.9874408707291226e-05
0.00017242895464699955
0.0006696647092933002
0.0004830581547821247
0.0008560017524651144
0.0008381618620613819
0.0006595675342373057
0.0003396707325807602
0.0001730837279841535
0.0002698650011231322
0.0004015701224105801
0.0006330131879388135
0.0003254741634871783
0.0005688742868000716
0.0005023424337130111
0.0004941602113186953
-0.00029114052346530486
0.00022230043076884804
-0.0002709916128846579
-1.4792925367488924e-05
-0.00014391102652104544
-2.4734528946135966e-05
-6.1008073845787106e-05
-2.312401593513886e-05
-1.1992939728809122e-05
-1.3389328668802233e-05
7.717259666025844e-07
-2.0355347811697226e-05
2.731613515850114e-06
3.736464366875091e-06
1.1170119272644702e-05
1.9754867348831186e-06
1.4136983712698635e-05
7.218962547578099e-06
4.434030313208939e-06
1.8772555604984996e-06
6.274841270249902e-06
4.33190286075603e-06
2.1719848007003248e-06
4.709089617510853e-06
4.1938347632619784e-07
2.0576132377953665e-06
-1.8752104334195281e-06
1.0552866859642705e-06
-2.0805342745167793e-06
2.8129803124441084e-07
-1.4174273202203092e-06
5.957297983848545e-07
2.6631113139751524e-08
5.014928518981554e-07
4.1434760152028044e-07
6.384080150577918e-07
6.254972982369341e-07
4.911564712225137e-07
8.140944809270113e-07
6.938899497991452e-07
8.114211810137609e-07
6.847007654590297e-07
8.246139268848788e-07
6.925553914932794e-07
7.435340985583383e-07
6.911423810016665e-07
7.237438462104296e-07
6.974368590289019e-07
6.952085731885929e-07
7.135149474151717e-07
7.008760407047846e-07
7.230137381453324e-07
6.964127615509668e-07
7.350589166076754e-07
7.191908802348947e-07
7.492745668284499e-07
7.439413939407634e-07
7.722208602268209e-07
7.702691055648525e-07
7.862120009107659e-07
7.922438219841975e-07
8.035545653449928e-07
8.109728949737445e-07
8.191344902435879e-07
8.295974083180613e-07
8.366425358595237e-07
8.469201235143664e-07
8.54077535085776e-07
8.646362715883111e-07
8.720965803143445e-07
8.819849109786143e-07
8.904107119769335e-07
9.004402855227432e-07
9.095088252891953e-07
9.192737525955119e-07
9.290873248728009e-07
9.388705185076171e-07
9.489555525266091e-07
9.58862217852359e-07
9.69354312815385e-07
9.794486675387959e-07
9.900922913041316e-07
1.0004802484119175e-06
1.0113072480680057e-06
1.0219465617113122e-06
1.0329071825935718e-06
1.04383681521613e-06
1.0549715295047474e-06
1.0661592052402247e-06
1.0774933921139929e-06
1.0889558634957774e-06
1.1005165561940589e-06
1.1122251804482342e-06
1.1240290563492572e-06
1.1359934258261747e-06
1.1480502123718817e-06
1.160264726019801e-06
1.1725886278702094e-06
1.1850618181147646e-06
1.197653190732062e-06
1.210388799310208e-06
1.223255351273829e-06
1.2362601525539585e-06
1.2494032813718803e-06
1.2626844781366345e-06
1.276110120627602e-06
1.2896743625085642e-06
1.3033866956505685e-06
1.3172411907702922e-06
1.3312462571919703e-06
1.345397008793714e-06
1.359700539054539e-06
1.3741543845556536e-06
1.3887630934544815e-06
1.4035261858740336e-06
1.4184467663252076e-06
1.4335258126376912e-06
1.4487650792198437e-06
1.464166535112711e-06
1.4797314953334667e-06
1.4954622379118043e-06
1.5113598738314112e-06
1.5274268289813125e-06
1.5436643430737258e-06
1.560074692918468e-06
1.5766593181814172e-06
1.5934203861170133e-06
1.610359554736875e-06
1.6274788425532042e-06
1.644780095866891e-06
1.6622652754292666e-06
1.6799363519244721e-06
1.697795252537258e-06
1.7158440374450855e-06
1.7340846613738661e-06
1.7525192284251136e-06
1.7711497361865784e-06
1.7899783244978897e-06
1.8090070535054263e-06
1.8282380865510678e-06
1.847673547524149e-06
1.8673156297725497e-06
1.8871665176915667e-06
1.9072284359812793e-06
1.9275036271526602e-06
1.947994355940008e-06
1.968702918291043e-06
1.9896316247498824e-06
2.010782821745133e-06
2.03215886807398e-06
2.0537621591518868e-06
2.075595106483877e-06
2.0976601552707844e-06
2.119959769566744e-06
2.1424964453318454e-06
2.165272701790122e-06
2.188291086176349e-06
2.2115541723645015e-06
2.2350645615097924e-06
2.258824883070152e-06
2.2828377934011037e-06
2.3071059780824872e-06
2.3316321504099824e-06
2.3564190536661325e-06
2.3814694592297537e-06
2.406786168699304e-06
2.4323720122616463e-06
2.4582298515953536e-06
2.484362577915471e-06
2.5107731137925636e-06
2.5374644124315996e-06
2.5644394587670495e-06
2.5917012688815902e-06
2.6192528912455523e-06
2.6470974067869992e-06
2.6752379290963035e-06
2.703677605242984e-06
2.732419615710885e-06
2.7614671740648373e-06
2.790823528526953e-06
2.8204919615688304e-06
2.850475791212894e-06
2.8807783702447634e-06
2.911403087022663e-06
2.9423533669424237e-06
2.9736326698609315e-06
3.005244493777074e-06
3.037192373824625e-06
3.0694798822973184e-06
3.1021106300073507e-06
3.135088266042915e-06
3.168416477118967e-06
3.2020989911792682e-06
3.236139573791158e-06
3.270542032955101e-06
3.3053102142326752e-06
3.3404480054249316e-06
3.375959336715794e-06
3.411848178449037e-06
3.448118544030967e-06
3.48477448912833e-06
3.521820113299329e-06
3.559259559029283e-06
3.5970970120942125e-06
3.6353367038676696e-06
3.6739829108572015e-06
3.71303995451845e-06
3.7525122024319106e-06
3.792404068655712e-06
3.832720013486888e-06
3.8734645449530234e-06
3.914642219724663e-06
3.956257642339457e-06
3.998315466704183e-06
4.0408203951246865e-06
4.083777181460268e-06
4.127190629165146e-06
4.17106559198559e-06
4.215406977250199e-06
4.260219742862649e-06
4.30550889981879e-06
4.351279512361484e-06
4.397536699104896e-06
4.44428563297158e-06
4.4915315411116034e-06
4.539279706669683e-06
4.587535468803211e-06
4.636304223906945e-06
4.685591425501116e-06
4.7354025849662194e-06
4.7857432725789445e-06
4.836619117433677e-06
4.888035808753692e-06
4.939999095553306e-06
4.992514788815765e-06
5.045588761284358e-06
5.0992269477174e-06
5.153435346413361e-06
5.208220018800903e-06
5.263587090958727e-06
5.319542754425328e-06
5.3760932661561615e-06
5.433244949868982e-06
5.4910041966836555e-06
5.549377465176883e-06
5.608371282991159e-06
5.6679922468978175e-06
5.72824702378772e-06
5.789142352027296e-06
5.8506850402724936e-06
5.912881971136132e-06
5.975740099582161e-06
6.0392664543241955e-06
6.103468139403442e-06
6.1683523340413905e-06
6.2339262936798e-06
6.300197350936175e-06
6.367172916340658e-06
6.434860479734029e-06
6.503267609721304e-06
6.572401956132472e-06
6.642271249801573e-06
6.712883303553943e-06
6.784246013360868e-06
6.8563673594849035e-06
6.929255406664243e-06
7.0029183053254564e-06
7.077364292996851e-06
7.1526016942303035e-06
7.228638922363021e-06
7.3054844803228155e-06
7.3831469610065426e-06
7.461635048715425e-06
7.5409575206189045e-06
7.621123246624996e-06
7.702141191295968e-06
7.784020413964022e-06
7.866770070886062e-06
7.950399415622189e-06
8.034917799281343e-06
8.120334673752155e-06
8.206659589673104e-06
8.293902200408006e-06
8.38207226244096e-06
8.471179634354992e-06
8.561234280977053e-06
8.652246273162017e-06
8.744225785631385e-06
8.837183106869223e-06
8.931128628901204e-06
9.026072861152419e-06
9.122026416666135e-06
9.219000025597818e-06
9.31700453421318e-06
9.416050899190264e-06
9.516150197870276e-06
9.617313622622894e-06
9.719552486673333e-06
9.822878222800108e-06
9.927302383384894e-06
1.0032836647619879e-05
1.013949281582956e-05
1.0247282814010558e-05
1.03562186972759e-05
1.0466312646091258e-05
1.0577576972204962e-05
1.0690024115984757e-05
1.0803666653371366e-05
1.0918517291196145e-05
1.1034588872549183e-05
1.1151894376748499e-05
1.127044692208367e-05
1.139025976579561e-05
1.1511346304051806e-05
1.1633720078570164e-05
1.175739477322522e-05
1.1882384217068377e-05
1.2008702387217491e-05
1.2136363409145706e-05
1.226538155900945e-05
1.2395771263315264e-05
1.252754710221642e-05
1.2660723811718628e-05
1.2795316283862289e-05
1.293133956945198e-05
1.3068808879035344e-05
1.3207739585081488e-05
1.3348147223106964e-05
1.3490047494111842e-05
1.363345626513861e-05
1.377838957300492e-05
1.3924863625010926e-05
1.4072894799900743e-05
1.4222499651333912e-05
1.4373694908363633e-05
1.4526497478209183e-05
1.4680924447840749e-05
1.4836993085486083e-05
1.4994720843312936e-05
1.5154125359385928e-05
1.531522445833919e-05
1.5478036154942948e-05
1.564257865532305e-05
1.580887035913109e-05
1.597692986205748e-05
1.6146775956314696e-05
1.631842763490099e-05
1.6491904092631043e-05
1.6667224728060537e-05
1.6844409146291733e-05
1.7023477160754176e-05
1.7204448794928134e-05
1.738734428603176e-05
1.7572184085737526e-05
1.7758988863555807e-05
1.7947779508833278e-05
1.8138577132533612e-05
1.83314030703036e-05
1.8526278884427316e-05
1.8723226366642448e-05
1.8922267540281805e-05
1.9123424663033267e-05
1.932672022828875e-05
1.953217696966554e-05
1.9739817861894916e-05
1.9949666123907778e-05
2.0161745221847216e-05
2.037607887106236e-05
2.0592691038854444e-05
2.081160594788467e-05
2.1032848077169077e-05
2.1256442167501386e-05
2.148241322164502e-05
2.1710786508165325e-05
2.1941587564747452e-05
2.2174842200342257e-05
2.2410576498151785e-05
2.2648816818530027e-05
2.288958980229197e-05
2.3132922373636164e-05
2.3378841742953665e-05
2.3627375409669303e-05
2.387855116472602e-05
2.413239709795397e-05
2.438894159214472e-05
2.464821333730111e-05
2.4910241322713064e-05
2.517505485254666e-05
2.5442683538898095e-05
2.571315730674024e-05
2.598650640357747e-05
2.6262761394423625e-05
2.6541953171562663e-05
2.682411295559285e-05
2.710927229786393e-05
2.7397463087390234e-05
2.7688717548366912e-05
2.7983068251025145e-05
2.8280548111628452e-05
2.8581190392595315e-05
2.888502871478682e-05
2.9192097053076446e-05
2.950242974618768e-05
2.981606149520552e-05
3.0133027372668264e-05
3.04533628227013e-05
3.0777103665444346e-05
3.110428610241488e-05
3.143494672060848e-05
3.176912249569074e-05
3.210685079661031e-05
3.244816938888966e-05
3.279311643984359e-05
3.314173052259618e-05
3.3494050620236316e-05
3.385011613001986e-05
3.4209966868566164e-05
3.457364307636081e-05
3.494118541997118e-05
3.5312634999300554e-05
3.568803335097433e-05
3.6067422453233506e-05
3.645084473051421e-05
3.6838343058628355e-05
3.722996076885028e-05
3.7625741653292484e-05
3.802572996894143e-05
3.8429970444141246e-05
3.883850828181954e-05
3.9251389166483457e-05
3.966865926831851e-05
4.0090365246816845e-05
4.0516554259121485e-05
4.0947273962872624e-05
4.1382572522559056e-05
4.182249861456143e-05
4.2267101432729316e-05
4.271643069401988e-05
4.3170536644225946e-05
4.362947006252894e-05
4.409328226909074e-05
4.456202512776158e-05
4.5035751055579726e-05
4.5514513025850614e-05
4.599836457513809e-05
4.648735980965251e-05
4.6981553410665685e-05
4.748100063996284e-05
4.7985757347578757e-05
4.8495879976719926e-05
4.9011425571339516e-05
4.9532451780819596e-05
5.0059016868623716e-05
5.05911797165929e-05
5.112899983347459e-05
5.167253735920878e-05
5.222185307452167e-05
5.2777008405174126e-05
5.333806543064191e-05
5.3905086890069094e-05
5.447813619010195e-05
5.5057277410378806e-05
5.564257531287311e-05
5.623409534645925e-05
5.6831903657816136e-05
5.743606709506435e-05
5.804665321894391e-05
5.86637303054881e-05
5.928736735998723e-05
5.991763411736799e-05
6.05546010586539e-05
6.119833940876061e-05
6.184892115613659e-05
6.250641904656702e-05
6.317090660765351e-05
6.384245814007854e-05
6.452114874516755e-05
6.520705430878193e-05
6.590025153891549e-05
6.660081794290416e-05
6.730883187004385e-05
6.802437248074094e-05
6.874751980236236e-05
6.947835468508739e-05
7.021695887054195e-05
7.096341493127874e-05
7.171780636074814e-05
7.248021749426726e-05
7.325073361029535e-05
7.402944084741086e-05
7.481642630743476e-05
7.561177796722609e-05
7.641558479456881e-05
7.722793664043711e-05
7.804892438322393e-05
7.887863978527754e-05
7.971717567518662e-05
8.056462576768115e-05
8.142108488948382e-05
8.228664873763356e-05
8.316141419390178e-05
8.404547896564366e-05
8.493894204770401e-05
8.58419031874802e-05
8.675446354649118e-05
8.767672495214093e-05
8.860879078452662e-05
8.955076498423165e-05
9.050275321253022e-05
9.1464861551936e-05
9.24371980089054e-05
9.341987084268873e-05
9.441299045954163e-05
9.541666734296178e-05
9.643101434961276e-05
9.745614422853265e-05
9.849217235342623e-05
9.953921376651734e-05
0.00010059738643801615
0.00010166680772570938
0.00010274759827708552
0.0001038398777879646
0.00010494376967239095
0.00010605939598102486
0.00010718688297533597
0.00010832635511943099
0.00010947794154016622
0.00011064176921493472
0.00011181797019687353
0.00011300667392799714
0.00011420801568266699
0.0001154221270770223
0.00011664914707226466
0.00011788920912768553
0.00011914245627861117
0.00012040902361662735
0.00012168905860729991
0.00012298269762027816
0.000124290093221418
0.0001256113823239072
0.00012694672359365045
0.00012829625354161258
0.00012966013810027186
0.00013103851183356597
0.00013243155072425203
0.00013383938407876463
0.0001352621996921384
0.0001367001247346419
0.00013815335048944098
0.00013962201292267947
0.00014110629827122825
0.0001426063537827713
0.00014412236581245563
0.00014565448203762905
0.00014720290030871878
0.00014876776352002618
0.00015034927756421286
0.00015194758925410074
0.0001535629075558086
0.0001551953773155859
0.00015684523033716164
0.0001585125803669203
0.00016019771363801364
0.00016190068452995895
0.00016362185575744155
0.00016536120755610288
0.00016711918801268644
0.00016889569403880306
0.00017069127771076427
0.0001725057218664788
0.00017433972026185615
0.0001761929073647063
0.00017806614577413598
0.0001799589021448981
0.00018187222211793648
0.00018380538989143727
0.000185759657266164
0.00018773408884300907
0.00018973019097564409
0.00019174675638313106
0.00019378559769506372
0.00019584518358122796
0.00019792769356910458
0.00020003119963231918
0.00020215832545375859
0.00020430670695119357
0.0002064793452213401
0.00020867364597676376
0.00021089271145038793
0.00021313389896431
0.00021540048468316614
0.0002176893847592098
0.00022000470778476416
0.00022234216006345765
0.00022470737374828686
0.00022709437716453415
0.0002295105738369524
0.00023194811499990548
0.00023441656479671318
0.00023690544909477432
0.0002394276304498403
0.00024196850648365575
0.00024454617467530027
0.0002471392234685496
0.0002497753184912549
0.00025241671240097685
0.00025511657653102746
0.0002578086719739886
0.0002605631301866706
0.00026332081839605627
0.0002661222277469625
0.00026895099448862037
0.00027180586052062694
0.0002746973458373058
0.00027761998789212206
0.0002805691133301799
0.0002835532070928296
0.00028657274342213344
0.0002896081166301606
0.00029269779827359975
0.0002957926501242526
0.0002989421353885857
0.0003021083717717199
0.0003053145856935025
0.00030856342172280726
0.000311818969409669
0.00031515869698199757
0.00031846467749305717
0.0003218982097527457
0.00032524384547919297
0.0003287867005836154
0.00033216113543807144
0.0003358216089963187
0.0003392142917240667
0.00034301145906072417
0.0003464155413108248
0.00035036618248699065
0.0003537627441460125
0.0003578973684310587
0.0003612646226138561
0.0003656043414950749
0.00036891917093391556
0.00037349717087285393
0.00037671495136005996
0.00038158561346269025
0.0003846552347588445
0.00038983249379264935
0.0003928586650745528
0.00039816062883767296
0.0004012880510242252
0.00040673603306984123
0.00040975982801166617
0.0004156727349795094
0.0004181907747009422
0.0004249176663765797
0.0004267117894665613
0.00043433964369352096
0.0004353978315417145
0.00044403969555147776
0.0004441143224787475
0.00045418593932656723
0.0004526736426147607
0.00046518716356283574
0.0004602593702420551
0.00047861922529986287
0.0004638708152221769
0.000501646912621196
0.0004427361282375122
0.0005022327753794631
0.00044297154982292494
0.0004603065035699442
0.0004351287606952041
0.00041842457957477113
0.0004332048664832364
0.0004298335274748509
0.0004303176259711386
0.00046882925499665653
0.00047029663340110775
0.0004924814525234771
0.0005103313508627097
0.0005211123114201164
0.0005377374182730771
0.0005213373632109492
0.0005687804707278272
0.0004941333037805531
0.000574235318128096
0.00048667561456161394
0.0005429667093562318
0.0004566967897074862
0.0005081202803569655
0.00042240399011103636
0.0004708140766497154
0.0003954110088226863
0.00046753401372892514
0.000390323085708742
0.0004404341440575055
0.00036871359962991766
0.00044811373755424867
0.0003942813119410762
0.00045027552914473295
0.00041281550558464584
0.0004760310931339886
0.0004323434970564304
0.0004961526447573116
0.0004211053158760861
0.0004964958068972387
0.00041979953140539614
0.00045741851461406785
0.0004033875650796187
0.0004334418195352434
0.0003552892123078147
0.00042553111222383953
0.00034486936393424465
0.00036360770023265
0.0003689163818016409
0.0003411891623329493
0.000343195326192041
0.0003266438360242926
0.0003122854755250306
0.0003105885956835935
0.0002707221786151153
0.00032627688193788586
0.00027524643354348696
0.0002759478862808421
0.00030033973137898325
0.0002495614619054195
0.0002514287543545311
0.00026746303466013285
0.00022152916282921088
