-0.00034576135972856815
-0.00037778128855155087
-0.00036076379630777547
-0.0004274993614867637
-0.0003838549274417129
-0.00044431919422987284
-0.00042736509605883176
-0.0004691930301688251
-0.0004714030194084418
-0.00045360521675339544
-0.0005013396180639251
-0.00046887430635723606
-0.0004912597191237071
-0.0005178768523040909
-0.0004562450105439921
-0.0005515913788986761
-0.0004433599412629242
-0.0005679694550175201
-0.00043086480264853557
-0.0005838348443281847
-0.00043377682415955807
-0.0005741383227844186
-0.00045955159707630956
-0.0005665444345695633
-0.00046695437685748185
-0.0006155814417559798
-0.0004978671738250613
-0.0006278569395682147
-0.000489933008582461
-0.000646833299708442
-0.0005258623594783661
-0.0006288372687066209
-0.0005594682088920645
-0.0006185529083512987
-0.0005643934066573653
-0.0006310369247646273
-0.0005718114217508501
-0.0006303980605644285
-0.0005674156770504449
-0.0006265211586437393
-0.0006272895518762078
-0.0006511989117308775
-0.0006323237369495259
-0.0006659237125441151
-0.0006410774156659918
-0.0007164710425379333
-0.0006359313019504942
-0.0007259893780046674
-0.0006268159772409685
-0.0007223128088182859
-0.0006269325246972667
-0.000718703963892143
-0.00063371266845045
-0.0007330390665238561
-0.0006270072164093407
-0.0007647326659271835
-0.000668578646441797
-0.0007530546528930848
-0.0006842428692228704
-0.0007383872219650212
-0.0007136565323446692
-0.0007384150199821928
-0.0007452196626358602
-0.0007707274285304796
-0.0007123198654668029
-0.0007886916207469291
-0.000688769925806693
-0.0007498562963272009
-0.000668464029514143
-0.000730940056842403
-0.0006440226803630625
-0.0007177017800666555
-0.0006386127766798806
-0.0007165848641180528
-0.0006626381710267657
-0.0007117918089252968
-0.0006763371402277324
-0.0007288963956490211
-0.0007045088857651133
-0.0007513892091713272
-0.0007053027344569563
-0.0007667227075941904
-0.0007128307627076098
-0.000750288866022682
-0.000740174795965763
-0.0007343371042172601
-0.0007578938829619837
-0.0007349994214577419
-0.000794799488729084
-0.0007343973903766911
-0.0007845877034008378
-0.0007512908479864037
-0.0007703770513541087
-0.000777162262241724
-0.0007495262352580102
-0.0007929112054227211
-0.0007569929618084677
-0.0008260576412812391
-0.0008263234510712976
-0.000846097491533488
-0.0008779091965788965
-0.0008914236558184234
-0.0008670604605734208
-0.0009744545979194904
-0.0011647401098338686
-0.0009201904278275811
-0.0010881047316983936
-0.0007387831774255525
-0.0011488356530568182
-0.0008783819056113874
-0.0009403775131828053
-0.0009390727729816166
-0.0008219023650855417
-0.0009294852314288391
-0.0009162791692544664
-0.0008120906599644616
-0.0011782485932590797
-0.0005004795896112054
-0.001392883108434122
0.0002807453853991808
-0.002414758154639445
0.0015460373073489908
-0.00651520981736233
0.020753150344447392
0.1851402394610523
0.18998780802933674
0.09993731125053437
0.04236542623182095
0.07171022088477266
0.15828247910353924
0.032246249654547574
-0.059191288050035984
-0.07604202300080337
-0.10668024991874639
-0.10010683522660024
-0.12478004654545091
-0.09219755719811443
-0.0584292015750596
-0.11170941506936326
-0.10522104370811416
-0.03374563365194945
-0.05696142924916935
0.003716619800552836
0.1093752795351875
0.1149031338030484
0.015106090421804726
-0.046501028491713906
0.003024301218504351
0.04359902848490772
0.05967191069171421
0.03291633303598927
0.03997120390967821
0.09246842760940074
0.04420845391294241
-0.015523147273914167
-0.01431083140600915
-0.007405964457051209
-0.03296260635791244
-0.05607855060185132
-0.029273416108249926
-0.026655778804510474
-0.0243771506121041
-0.028972782509924785
-0.03108598143372489
-0.036314725959040034
-0.018745694992056267
0.005852967700163273
0.01666384863667974
0.016209059419527057
0.01800850743194271
0.008524216113255677
0.018066768330752474
0.012225056120471874
0.006767084454747078
0.01990129727080829
0.03641482981449943
0.01598468344264254
-0.0052082011744335735
-0.014873795705916609
-0.008363776249870752
-0.008774047996544153
-0.0023033089898775224
-0.002181163226882947
0.002598048727805416
-0.006331315794776844
-0.014454443794420558
-0.01970564930094354
-0.004113946748145303
0.0008431178503306592
0.0044669005349340166
0.00158194189111253
0.006014838821538657
0.0013074049918555802
0.0013582854402158357
0.0022364616078277355
0.005489709465611838
0.0007024754268857152
0.0066081687121946585
0.0049939071854732744
0.00519294958281876
-0.0033725484999842605
-0.002470032762437048
-0.004407843528202237
-0.0016799903547935903
-0.004454273430738247
-0.0012737962669473035
-0.0005689707904501825
0.0020992411617680308
-0.002948311055854025
-0.002270734106678513
-0.003271914391678301
0.0009144195411551726
-0.0008812668356477089
0.004114142017668394
0.0035569419001983413
0.003421551419928919
-0.0015612374279815452
-0.0012335041239764893
-0.0031164580434724504
0.0003154172972466474
0.0010715852253342035
0.003991985254968052
0.0007338499384037005
-2.1426746042627884e-05
-0.004162852166361463
-0.0014868716898471938
-0.0006731478086461817
0.0019445359442819945
0.00046377912468426383
0.0026627272892951973
0.0005079332095523942
0.000901333018177727
-0.001255045600114235
0.0009496589524004297
-0.00048196985259416324
0.0010846999461336076
-6.709092735935043e-05
0.0013217977254483418
-0.00027478063152173255
0.0006269779841697331
-0.0008201162290597376
0.0005333162344792841
-0.0003936847523963031
0.0010922039479211976
-4.5400227321289795e-05
0.0016319624612947438
0.00016395398127315712
0.0008009348528111684
-0.000627448570473895
0.0005540500566455636
-0.00020895637331735798
0.001037339725740638
0.000599008887970295
0.0018884455727868736
0.0005804620925918496
0.0006401356479290236
-0.000692524579343809
0.000340621993130443
0.00021498839432184752
0.0012357093081802424
0.00046752926165047223
0.000806433232448435
-0.0002975994024095128
3.134241391311365e-05
-0.000566124747605807
0.0004504101449222857
-0.00026409351238521533
0.0005332896567822548
3.0012444550590916e-05
0.0008686808394622606
3.3679492064643914e-05
0.0008098677752928159
0.00047321681435644354
0.0010707140721518352
0.00040931241106463464
0.000923606077646583
0.0005258627808234546
0.0011691943630209914
0.0002660311070047091
0.0007697719767942133
4.1631652553140845e-05
0.0006745092209210884
6.886082251786302e-05
0.0005199216850254669
7.970925621898165e-05
0.0004957103109231812
9.763631712889987e-05
0.0007183193240889001
0.0003075873138034611
0.0008505999971452683
0.0006406627281486644
0.001240695862461643
0.001114534615459665
0.0011993440266070726
0.0006988574303320232
0.0008733745000395747
0.00047975693639024103
0.0009071107331351308
0.0005400788200568671
0.0008635851735181811
0.0004912547936930364
0.0010347189229079226
0.0005422457111706734
0.0007970967096131821
0.0004443645104764885
0.0007456003468227284
0.0005390816857254279
0.0012995777254147778
0.0014733425692315192
0.0018754980584508982
0.001596073124754464
0.0023152175457897073
0.0018384478940987902
0.002414432689131131
0.0016343999002550985
0.002006383989263702
0.0012124534958170498
0.0010643092929338036
0.00018591861068082782
6.176449042742175e-05
-0.0005574916450302465
0.00010978189529723108
-0.0007146593948330325
-0.00010241914005252304
-0.00043977146737332406
-0.00015144178407645674
-0.00020915670208049948
-0.00013530465273782922
-0.00010246658514535866
-0.00012149794488815365
-4.783568809238383e-05
-6.0706260577444114e-05
-3.2970864481203423e-06
1.1154235446961605e-06
4.672545960761028e-06
3.3049253266319756e-05
6.110517301346216e-06
4.1614456965210285e-05
-1.4925073863137012e-06
4.560927461848166e-05
-5.058369865341972e-06
3.624455386610375e-05
-1.2954966526687811e-05
3.0598840858752914e-05
-1.8138578647039906e-05
2.3336349171081366e-05
-2.06272262344981e-05
1.779635418399305e-05
-2.0845284522137968e-05
1.5096038023270871e-05
-1.948535159613111e-05
1.4070123471554005e-05
-1.848984587700126e-05
1.3328623265680337e-05
-1.7267390376440872e-05
1.3411822705494507e-05
-1.62941182737502e-05
1.3496947105922329e-05
-1.526189336176296e-05
1.3403501321055354e-05
-1.4531866740010412e-05
1.3168162193566771e-05
-1.3843966568893862e-05
1.2709229852249718e-05
-1.33233025055462e-05
1.2183487437884138e-05
-1.2840402366420638e-05
1.1625513528632295e-05
-1.2396466101283025e-05
1.1070865152605115e-05
-1.1979367634500603e-05
1.0525668455825359e-05
-1.1570629565933917e-05
1.003523674258976e-05
-1.1166792436851226e-05
9.570958824121206e-06
-1.0770396568186716e-05
9.142284488892257e-06
-1.038658247260512e-05
8.736137983968075e-06
-1.001257865950421e-05
8.349188253719414e-06
-9.654547805660642e-06
7.97741134952925e-06
-9.309524751411474e-06
7.619028473383749e-06
-8.98053358704999e-06
7.272208210257203e-06
-8.66627991816249e-06
6.93684224269131e-06
-8.366548033083426e-06
6.613293846748081e-06
-8.080080993341093e-06
6.300886504218006e-06
-7.806574819614609e-06
5.999948504437774e-06
-7.5450235704575125e-06
5.70992062023587e-06
-7.2949367912662245e-06
5.430621718736234e-06
-7.055790334126871e-06
5.1615377451067444e-06
-6.827094345036172e-06
4.9022884497935525e-06
-6.608519688333994e-06
4.6523622058061015e-06
-6.399671828903955e-06
4.411378662926707e-06
-6.200225214969546e-06
4.178915390723806e-06
-6.00983253232646e-06
3.9545985121825465e-06
-5.8281847814419235e-06
3.7380755596432697e-06
-5.654946877530279e-06
3.5290086543701346e-06
-5.4898179863496765e-06
3.3270810615465985e-06
-5.332490696241055e-06
3.13198499325186e-06
-5.182677923928642e-06
2.943427781333186e-06
-5.040101413100295e-06
2.7611235918559296e-06
-4.9044959869073805e-06
2.584800606811235e-06
-4.7756077337080785e-06
2.4141935705143886e-06
-4.653194461885584e-06
2.24904884149244e-06
-4.537024477265471e-06
2.0891210792853103e-06
-4.426875722866484e-06
1.9341747295571158e-06
-4.322536112385785e-06
1.783982745962834e-06
-4.223802059672777e-06
1.6383268590122144e-06
-4.130478959681408e-06
1.4969968734336006e-06
-4.042380263446707e-06
1.3597904963045214e-06
-3.959327523729702e-06
1.2265129706017647e-06
-3.881149897175251e-06
1.0969766734980624e-06
-3.8076840211016816e-06
9.710009055020202e-07
-3.738773621227284e-06
8.484115149259386e-07
-3.6742693237163022e-06
7.290406770845434e-07
-3.614028358327686e-06
6.127265879717959e-07
-3.557914315785362e-06
4.993132430901272e-07
-3.50579691038645e-06
3.886501716675051e-07
-3.4575517387962565e-06
2.805922177507409e-07
-3.413060066338394e-06
1.7499930746147556e-07
-3.3722086060424005e-06
7.173623706588025e-08
-3.334889321619458e-06
-2.932753771050492e-08
-3.300999227248577e-06
-1.2831810187941461e-07
-3.270440205135731e-06
-2.2535727337811033e-07
-3.243118822584011e-06
-3.20562789274517e-07
-3.2189461639655715e-06
-4.1404848431870534e-07
-3.197837664445244e-06
-5.059244631044256e-07
-3.179712953187987e-06
-5.962972637930952e-07
-3.164495701841308e-06
-6.852700182090701e-07
-3.1521134803563235e-06
-7.729426039335992e-07
-3.1424976186024975e-06
-8.594117915286238e-07
-3.1355830728944944e-06
-9.44771386271519e-07
-3.131308300188568e-06
-1.0291123639313441e-06
-3.1296151351927593e-06
-1.112523002009619e-06
-3.130448674527631e-06
-1.195089006078635e-06
-3.133757166123838e-06
-1.2768936313348303e-06
-3.139491900618123e-06
-1.3580177988357656e-06
-3.1476071114134853e-06
-1.4385402109509324e-06
-3.1580598767281002e-06
-1.5185374566661892e-06
-3.1708100259439153e-06
-1.5980841196313526e-06
-3.185820050638063e-06
-1.6772528751875097e-06
-3.203055020092977e-06
-1.7561145932790676e-06
-3.2224824991478854e-06
-1.8347384259126165e-06
-3.2440724706202825e-06
-1.913191903660423e-06
-3.2677972632010088e-06
-1.991541020049861e-06
-3.2936314778385226e-06
-2.069850315200084e-06
-3.3215519216223143e-06
-2.148182960053785e-06
-3.351537545095366e-06
-2.226600833681448e-06
-3.38356937805602e-06
-2.305164597967877e-06
-3.4176304739836467e-06
-2.383933773448762e-06
-3.453705852046187e-06
-2.4629668093394054e-06
-3.491782447898029e-06
-2.5423211531073802e-06
-3.5318490599841896e-06
-2.6220533148178142e-06
-3.573896303737489e-06
-2.702218934580035e-06
-3.6179165665074548e-06
-2.782872841910675e-06
-3.6639039634496896e-06
-2.8640691186808225e-06
-3.7118542991334343e-06
-2.945861156454434e-06
-3.7617650269014405e-06
-3.0283017127657455e-06
-3.813635213862222e-06
-3.1114429676745627e-06
-3.86746550667884e-06
-3.1953365766134757e-06
-3.923258099170369e-06
-3.280033722268883e-06
-3.981016701466668e-06
-3.3655851651846243e-06
-4.040746512468563e-06
-3.4520412929726153e-06
-4.102454192136696e-06
-3.5394521687364484e-06
-4.166147837412289e-06
-3.6278675763583946e-06
-4.231836957601593e-06
-3.7173370672535083e-06
-4.2995324540400675e-06
-3.8079100036018368e-06
-4.3692465986750855e-06
-3.899635602581917e-06
-4.440993016802526e-06
-3.992562977581964e-06
-4.514786668065993e-06
-4.086741180360726e-06
-4.590643832707588e-06
-4.18221924032813e-06
-4.668582094590306e-06
-4.279046205213799e-06
-4.748620331306304e-06
-4.377271179023236e-06
-4.830778699652834e-06
-4.476943359986728e-06
-4.915078626224376e-06
-4.578112077654499e-06
-5.0015427985961925e-06
-4.6808268303396715e-06
-5.09019515586916e-06
-4.785137319268453e-06
-5.18106088331677e-06
-4.8910934865925766e-06
-5.274166405966552e-06
-4.998745546801062e-06
-5.36953938304674e-06
-5.108144024449951e-06
-5.467208706122202e-06
-5.219339785089136e-06
-5.567204494847565e-06
-5.332384071424969e-06
-5.669558096608237e-06
-5.447328533289797e-06
-5.774302086333083e-06
-5.564225262634083e-06
-5.8814702637099785e-06
-5.683126823002071e-06
-5.991097660148039e-06
-5.804086288039757e-06
-6.103220536207466e-06
-5.927157264106779e-06
-6.2178763879090055e-06
-6.05239393044137e-06
-6.3351039503323095e-06
-6.179851062657369e-06
-6.454943202550923e-06
-6.3095840719417414e-06
-6.577435371490041e-06
-6.441649027930603e-06
-6.7026229430712904e-06
-6.5761026965233495e-06
-6.830549666563636e-06
-6.71300256644623e-06
-6.961260565587976e-06
-6.852406880347673e-06
-7.094801943504899e-06
-6.994374668753238e-06
-7.231221400920505e-06
-7.138965778185355e-06
-7.370567838308145e-06
-7.286240899850426e-06
-7.512891474588477e-06
-7.436261604623802e-06
-7.658243854535374e-06
-7.589090371433872e-06
-7.806677868293249e-06
-7.744790619320405e-06
-7.958247759050005e-06
-7.903426736983066e-06
-8.11300914367965e-06
-8.065064115355872e-06
-8.271019024222752e-06
-8.22976917725217e-06
-8.432335807643631e-06
-8.39760941092188e-06
-8.597019321671866e-06
-8.568653400134864e-06
-8.765130833461674e-06
-8.742970856215468e-06
-8.936733067195458e-06
-8.92063265042764e-06
-9.111890226384811e-06
-9.101710846989852e-06
-9.290668012248288e-06
-9.286278734756473e-06
-9.473133645295645e-06
-9.474410859834637e-06
-9.659355887566348e-06
-9.666183060291073e-06
-9.849405066104933e-06
-9.861672498834295e-06
-1.0043353095078728e-05
-1.0060957696594874e-05
-1.0241273501011144e-05
-1.026411856762735e-05
-1.0443241447249951e-05
-1.0471236453733074e-05
-1.0649333761181615e-05
-1.0682394159980402e-05
-1.085962895905953e-05
-1.0897675989367944e-05
-1.1074207274416187e-05
-1.1117167779570777e-05
-1.1293150686937647e-05
-1.1340956939093379e-05
-1.1516542950147993e-05
-1.1569132484878439e-05
-1.1744469622465212e-05
-1.1801785079090799e-05
-1.1977018097041048e-05
-1.2039007067256649e-05
-1.2214277633672103e-05
-1.2280892516940926e-05
-1.245633939145189e-05
-1.2527537257738322e-05
-1.2703296460919375e-05
-1.2779038919409451e-05
-1.295524389918496e-05
-1.303549697374666e-05
-1.3212278764605442e-05
-1.329701277397611e-05
-1.347450015145267e-05
-1.356368959901013e-05
-1.3742009228665756e-05
-1.3835632693017137e-05
-1.401490927518522e-05
-1.411294930929799e-05
-1.4293305720140467e-05
-1.4395748754635063e-05
-1.4577306179502317e-05
-1.4684142433201569e-05
-1.4867020501523227e-05
-1.4978243893562157e-05
-1.5162560801564896e-05
-1.5278168868548998e-05
-1.5464041509594996e-05
-1.55840353311407e-05
-1.577157940994313e-05
-1.5895963533696118e-05
-1.6085293685468298e-05
-1.6214076061464924e-05
-1.6405305965656392e-05
-1.6538497880600866e-05
-1.6731740370934563e-05
-1.686935638632982e-05
-1.7064723558004105e-05
-1.7206781457029807e-05
-1.7404384771573488e-05
-1.7550905503716137e-05
-1.7750855890151583e-05
-1.7901863525709234e-05
-1.810427148099086e-05
-1.8259793159044373e-05
-1.8464768843450322e-05
-1.862483473704193e-05
-1.883248807135968e-05
-1.8997131343699136e-05
-1.9207572098759243e-05
-1.937682887049382e-05
-1.9590166760086528e-05
-1.976407607468027e-05
-1.9980420841810573e-05
-2.015902463712205e-05
-2.0378486143488896e-05
-2.0561829224425014e-05
-2.078451753311926e-05
-2.0972647549018382e-05
-2.1198673009403357e-05
-2.1391640430923136e-05
-2.162111375957098e-05
-2.1818971862661582e-05
-2.2052004224154282e-05
-2.2254809072900345e-05
-2.249151215981762e-05
-2.2699322593156446e-05
-2.2939808702583122e-05
-2.315268632407358e-05
-2.339706843593897e-05
-2.3615077605591817e-05
-2.3863469457461266e-05
-2.4086677284896907e-05
-2.433919344711744e-05
-2.4567669789985055e-05
-2.4824425739744353e-05
-2.505824319883152e-05
-2.531935539314958e-05
-2.555858931720372e-05
-2.5824175265467425e-05
-2.6068903751290027e-05
-2.633908208666435e-05
-2.6589385985815723e-05
-2.686427653665022e-05
-2.712023946186868e-05
-2.7399963322035856e-05
-2.7661671657295975e-05
-2.7946351257063576e-05
-2.8213894167812407e-05
-2.8503653342409153e-05
-2.8777122790135114e-05
-2.9072086850057198e-05
-2.9351577605899685e-05
-2.9651873406134422e-05
-2.9937483069955627e-05
-3.024323907822163e-05
-3.0535068095960665e-05
-3.0846414462321514e-05
-3.114456614769761e-05
-3.14616347725893e-05
-3.176621532976413e-05
-3.208913993369962e-05
-3.240025848223163e-05
-3.2729174672570344e-05
-3.304694327280517e-05
-3.338198861496314e-05
-3.3706522297857896e-05
-3.4047836382494615e-05
-3.437925317697783e-05
-3.472697768977978e-05
-3.506539865791921e-05
-3.541967744925649e-05
-3.5765226717199316e-05
-3.612620587056678e-05
-3.6479010663887485e-05
-3.6846838567532734e-05
-3.720702924903265e-05
-3.758185666504727e-05
-3.7949566773550305e-05
-3.833154690982576e-05
-3.8706913200250016e-05
-3.9096201779559065e-05
-3.9479364264104915e-05
-3.9876119599166124e-05
-4.026722159387251e-05
-4.0671604656151555e-05
-4.107079282434029e-05
-4.148296731805245e-05
-4.1890391719545575e-05
-4.2310524155253645e-05
-4.2726338296109425e-05
-4.315459806414416e-05
-4.3578958944395525e-05
-4.4015518391576306e-05
-4.444858656041991e-05
-4.489362106631497e-05
-4.5335560672010256e-05
-4.578924872766571e-05
-4.624022757478575e-05
-4.670275086100773e-05
-4.716294046366615e-05
-4.763448392921312e-05
-4.8104059576735024e-05
-4.8584811517457136e-05
-4.906395233243081e-05
-4.955410446805589e-05
-5.00429934752376e-05
-5.054274102994546e-05
-5.104156522118641e-05
-5.1551107004352395e-05
-5.206005740723244e-05
-5.25795958966313e-05
-5.3098867640642504e-05
-5.362860907108177e-05
-5.415840145529387e-05
-5.469855590926355e-05
-5.523907246572949e-05
-5.578985397039629e-05
-5.6341302531230436e-05
-5.690292915263445e-05
-5.7465521921109825e-05
-5.8038215853884465e-05
-5.861216949161924e-05
-5.9196157133059243e-05
-5.978169286562497e-05
-6.037720487248613e-05
-6.09745486163367e-05
-6.158181995264257e-05
-6.219120243878786e-05
-6.281047244418138e-05
-6.343212931690548e-05
-6.406364181191291e-05
-6.469781368418715e-05
-6.534181711982093e-05
-6.598874960296423e-05
-6.664549724074787e-05
-6.730544092014863e-05
-6.797519102630118e-05
-6.864840148912746e-05
-6.933141774265097e-05
-7.001815523743058e-05
-7.071470719675075e-05
-7.141523662649587e-05
-7.212560010401545e-05
-7.284019054584452e-05
-7.356464803476358e-05
-7.429357344334556e-05
-7.503241294160826e-05
-7.577595368831033e-05
-7.652946704190926e-05
-7.728791209440748e-05
-7.805639288601795e-05
-7.883004123688717e-05
-7.961378471881496e-05
-8.040294479895829e-05
-8.120224919510016e-05
-8.200723757218109e-05
-8.28224061486132e-05
-8.364354485537523e-05
-8.447488925367186e-05
-8.531250355658582e-05
-8.616034556844718e-05
-8.701476251042964e-05
-8.787943611875126e-05
-8.875098365336218e-05
-8.96328348318938e-05
-9.052184267207067e-05
-9.142122789469048e-05
-9.23280307160209e-05
-9.324531251530231e-05
-9.417025591453021e-05
-9.510579559594227e-05
-9.604924417104879e-05
-9.700339538745283e-05
-9.796573675256888e-05
-9.893884445860007e-05
-9.992048510231583e-05
-0.00010091290147878039
-0.0001019142417131658
-0.00010292635117195147
-0.00010394775395677989
-0.00010498002503844459
-0.00010602176228650842
-0.00010707476613402967
-0.00010813704924067633
-0.00010921140561559461
-0.0001102944471368288
-0.00011139074131476419
-0.0001124948533783878
-0.000113613561597262
-0.00011473918894229843
-0.00011588067087857628
-0.00011702841552349314
-0.00011819283117000395
-0.0001193636129157849
-0.00012055063830142612
-0.00012174624276543866
-0.00012295409108278865
-0.00012417727603194345
-0.00012540489012088235
-0.0001266597770474831
-0.00012790253008240077
-0.00012919382725035122
-0.00013045351360264912
-0.00013177689566017808
-0.00013306001866029982
-0.00013440799246536989
-0.00013572700147215224
-0.0001370871526061787
-0.00013845255355090375
-0.00013981645611869237
-0.00014123672423993483
-0.00014259484443815505
-0.0001440776737908593
-0.00014542632251419996
-0.00014697094749208453
-0.0001483157169145169
-0.0001499164027061184
-0.00015126620677139227
-0.00015291153686397812
-0.00015428360263837482
-0.0001559583486347993
-0.00015737022952262356
-0.00015905724194368448
-0.00016052944508468912
-0.00016221685130294802
-0.00016375368816255145
-0.0001654439752767111
-0.00016703328145556504
-0.00016875016054640783
-0.00017036292671914898
-0.0001721364441715217
-0.0001737433205970776
-0.0001755960384959539
-0.00017719616029333472
-0.00017909927683925828
-0.00018075683517346892
-0.00018260319142716626
-0.000184485499079834
-0.00018609236597508239
-0.00018828592927371815
-0.00018969999492200935
-0.00019211638826305126
-0.00019344034875008373
-0.00019592085770801456
-0.00019738019026397898
-0.0001997148097132064
-0.0002014950368118717
-0.00020339153306239694
-0.00020596555731660715
-0.00020679553534072971
-0.000210947817414204
-0.00020975737465374344
-0.00021677508406105217
-0.00021159656318725517
-0.0002245461294184889
-0.00021065545545682907
-0.0002368801430220183
-0.00020343164626054617
-0.00023560235663712466
-0.00024235758808901023
-0.0002266123323978846
-0.00025700141178351834
-0.00022939616456130838
-0.0002943441174790548
-0.0002245550701682778
-0.0003025428016572685
-0.00021043964441576823
-0.00034862055210284825
-0.00019171593360804877
-0.0003539657141439705
-0.00019201768645245846
-0.0003370279843612024
-0.00018740225148784507
-0.0003242307282391659
-0.00017788886843505668
-0.00030121751769399526
-0.00018997475997690447
-0.0002862474470009891
-0.00025024347266373425
-0.00024453225553807
-0.0002977409059508154
-0.0002545091369671727
-0.00031446528860881967
-0.00029411104047567436
-0.0003065239032804053
-0.00035022253914327513
-0.0002830706340946255
-0.00037604328962413767
-0.0002731137369625908
-0.0003870475316060251
-0.00025489434793575397
-0.00038174770907909464
-0.0002635376074169367
-0.00036182923616042567
-0.00026796277755014174
-0.00036361613943006535
-0.0002779489784333163
-0.0003719322740419732
-0.00028291622323558174
-0.00038370713355818486
-0.0003260817954241327
-0.0003735457698536769
-0.0003526460087210937
-0.0003625683778435534
-0.00033222726957987783
-0.0003571723065655434
-0.0003204159720394794
-0.0003522148821489157
-0.0002964530120960132
-0.0003531683393288804
-0.0002868442671218147
-0.00037162095903516673
-0.0002721939860522078
-0.00037605308273710634
-0.0002799730641716357
-0.0003845282746160406
-0.00029119580615646624
-0.00037310809860871736
-0.0003113023903767114
-0.00041322821818533327
-0.0004738361634031541
-0.00048681917511389614
-0.00047152318433260886
-0.0005263300506611476
-0.0005001475681542112
-0.0005396596296290954
-0.0005224696955786195
-0.0005532422746712692
-0.0005324758419528676
-0.0005572250372613769
-0.0005459532232692342
-0.0005615733790865275
-0.0005543759415828305
-0.0005774256742823855
-0.000558107705042359
-0.0005952306800237283
-0.0005712770442622337
-0.0006055995926154509
-0.0005788830785730242
-0.0006106156847409636
-0.000573141001306112
-0.0006106859551198388
-0.0005827927265222731
-0.0006159160336385788
-0.0005955784222960424
-0.0006218181062557771
-0.000594722824406336
-0.0006355433749298291
-0.0005981852530392267
-0.0006372623528702743
-0.0006103858235348559
-0.000643207734837093
-0.0006229213714729672
-0.000651679690497238
-0.0006409322144195224
-0.0006635566131890861
-0.0006579789073237907
-0.0006758193773210529
-0.000667095878269917
-0.0006925196184959665
-0.0006708820218401781
-0.0007080412423092616
-0.0006878531030599163
-0.0007023831284495448
-0.0007087400589051815
-0.0007070236971941002
-0.0007131789823638729
-0.0007186039937976203
-0.0007225538016759608
-0.0007356898702539171
-0.0007186889067608239
-0.0007557065871059013
-0.0007209855579754456
-0.0007750184643091191
-0.0007323648497787687
-0.0007766387478735956
-0.0007552134424365273
-0.0007802520403124146
-0.0007804039188996681
-0.0007843526986630331
-0.000799603207428378
-0.0008037211381286979
-0.0008146821833021332
-0.000823771884129931
-0.0008291677291288244
-0.0008421608715049373
-0.0008445827871715944
-0.0008599005589808044
-0.0008546493997889066
-0.0008742933362399761
-0.0008714360913737975
-0.000891624804379181
-0.0008896717624234165
-0.0009102066088633742
-0.0009065738733637992
-0.0009223627490381864
-0.0009216403063112513
-0.0009257985306478782
-0.0009369752610830129
-0.0009251792089600537
-0.0009458032177491716
-0.0009293483833257664
-0.0009500189873773237
-0.0009434621843148548
-0.000949420783852942
-0.0009587234629757498
-0.0009557576955373439
-0.0009806370434009787
-0.0009675476359290848
-0.001004582502455564
-0.0009830240563094975
-0.0010252134499432182
-0.0010058019274118391
-0.0010375953785487046
-0.0010234567732966098
-0.0010497110922485086
-0.0010446978690998878
-0.001061989606908135
-0.0010667114120095683
-0.0010789329857589162
-0.001083618297871534
-0.0010933447822036129
-0.0010945532576748158
-0.0011170551530073221
-0.0011039077246660159
-0.0011296821385740083
-0.0011041792287691831
-0.001126016590711866
-0.0011189648100214233
-0.0011499984659199924
-0.0011430689247461517
-0.0011664082486588004
-0.0011535664128293995
-0.0011920749367839317
-0.001197907098906624
-0.0011791515368749774
-0.0012360794343153183
-0.0012429681923357676
-0.0012540799511687936
-0.0012071852946228348
-0.0011808532244159634
-0.0012156352949494655
-0.0012090500747163149
-0.0012279128404677792
-0.0012935005240648748
-0.0011800470061616006
-0.0012347184447490858
-0.0012627581605109814
-0.001261926110908095
-0.00140295409305357
-0.0011051577272386643
-0.00143156533576044
-0.0010230883802199494
-0.001966232822578902
-0.00029609457809123276
-0.004301143721357934
0.01907518086173588
0.06422008439301582
0.06140023858537379
0.044998547985075556
0.03258084516716395
0.03738325326061702
0.04999004421652303
0.022662792319699664
0.0038913056880943804
-0.014143845441164482
-0.037351454455818375
-0.044061207687765766
-0.0671892576504684
-0.042864998001470526
-0.008732954476280995
-0.03590543756909061
-0.05690732570963996
-0.03266751876572364
0.005475212311921098
0.031026492600232353
0.040960829438291525
0.028555894353147544
0.0076568947945205084
-0.0032081970290933574
0.004922171429001539
0.020622760196498453
0.03158668002767587
0.020200676670273532
-0.0015218091509354111
-0.012719550615409901
-0.01086318104702556
-0.0005447816279952789
0.0019179915616445845
-0.0039307800644820595
-0.009071893147789344
-0.013257730022222051
-0.018543708778304187
-0.01805621989711729
-0.005557205970718147
0.004106574592256551
-0.0015946559410298972
-0.009388975544412304
-0.0035934652716099417
0.006780821725249412
0.010690121672728734
0.004677519577906793
-0.0002889069179315058
0.003284662079669793
0.00949975491485581
0.008766801450664979
0.005566254737489872
0.0037530079425547695
-0.0001729811870548607
-0.005093731288488596
-0.00045324087670316676
0.007967763713370827
0.009294617433362573
0.0018154385149229655
-0.00576927329579521
-0.007536463918127362
-0.004529337628302561
-0.0016906967017251782
0.0008974796256864504
0.0014434759717344115
-0.002245944200014225
-0.008268471193943732
-0.008571809353876829
-0.00199606254827192
0.0044845386646507005
0.0043261327471094315
-1.978605563423809e-05
-0.003013572144163223
-0.0020867015687507902
-0.0004215231124781247
0.0006437607488665246
0.0014405266332671311
0.001289888539767748
-0.0005067235885901082
-0.0020351026699741287
-0.0011059996809435735
0.0015400303224774624
0.0016725413020261277
-8.773876839473119e-05
-0.0011552530031491014
-0.00018226360636379107
0.0004202082485687547
-0.0001885512949241426
-0.0009290936782449945
-0.0007732823289212795
-0.0005701019729400989
-0.00018737710827000594
0.0008060469949554242
0.0020391976082899353
0.0013737623075501942
-0.0005686016167054005
-0.001628850171216952
-0.00037204878905290145
0.0015744789291687418
0.0018655431671261592
0.0004524089068309725
-0.0011574044068806476
-0.0024154691197020247
-0.002263306250843083
-0.0009928506050861867
0.000730113043859301
0.0012791987640141111
0.00010847191167035147
-0.001401698632790953
-0.0012504132341210105
-2.803682180009789e-05
0.001069395641387011
0.0011204539939269713
0.00047047562958294506
-0.0004378487261421495
-0.0010268350154339601
-0.0009818947378858244
-0.00023957336015515972
0.00013787104961463274
-0.00011406445361540816
-0.0005839535982337728
-0.000588839183706805
-0.00036688965428348266
-0.0002795468764949994
-0.0006041164247036785
-0.0009898241078250235
-0.0012028748879673707
-0.0009480398244804348
-0.0005277220128448764
-0.0001448520960590836
7.842638752680235e-06
-0.00018052951865692223
-0.00037196239611922427
-0.00011325507442646335
0.0004155983643010669
0.0007883806961160674
0.00045625638575135094
-0.0002961238938113042
-0.0009040061391256615
-0.0009157206228427183
-0.0006886357343029991
-0.00042264262135429135
-0.0004021057431703718
-0.0006261052219395469
-0.0009533716983034598
-0.0009605950469003669
-0.000546258301343345
3.309633170205055e-05
0.00024768178496478976
0.00016417803081516358
-7.493020513724821e-05
-0.00013366807022004948
-0.00010426634505440628
-3.1723135409275583e-05
-5.3542355319476136e-05
-0.00026149691177267836
-0.0004481131591884916
-0.0005252904355082706
-0.00046080688391579854
-0.0004400339476077702
-0.0004596358793509272
-0.0003669410894851011
-0.00022780845179945546
-0.0001446312030909987
-6.931239979501039e-05
-4.934317435994969e-05
-0.00014267634573786857
-0.00025390694018300754
-0.0003989303857902703
-0.00020731139867651293
-9.278491253971599e-05
9.896758741665014e-05
-6.949372707175513e-05
-0.00023672765711434075
-0.00046957765590549647
-0.0004680539530237943
-0.0003689340927919936
2.6108444303601575e-05
0.0002592628871681145
0.00024423421985948963
5.676165266597002e-05
3.0189336592151976e-05
0.0001374981267451165
0.0003818543558901287
0.00032427726473046464
9.803318779116237e-05
-0.00031092761978293105
-0.0006541653224045071
-0.0009954048002582122
-0.0010573700943275876
-0.0009958944989831848
-0.000741371993221868
-0.0008838540555202573
-0.0009286157941312645
-0.0009309577616747073
-0.0004191951357289912
5.503145063514561e-05
0.000281186168144233
0.00013160991850930267
0.0001538072329047704
6.938891595723484e-05
0.000129840542993631
0.00011238881265778015
8.505760106920394e-05
8.136367827984048e-05
2.655438809144909e-05
7.296852119178335e-05
2.744943933599502e-05
6.43898061592077e-05
-1.2727290391319852e-06
2.295692861713222e-05
-2.446218150588477e-05
4.148898257850793e-06
-2.4909848453515004e-05
6.5273286137243806e-06
-1.8613614029653176e-05
1.0803973172625423e-06
-2.3110944460789972e-05
1.0532372296456413e-06
-1.720295092257247e-05
5.50145040902842e-06
-1.3663292424239846e-05
7.111776643382167e-06
-1.1782689912098483e-05
8.87198242794503e-06
-9.65897423393057e-06
9.890127060147589e-06
-9.428217308502917e-06
9.107650386789949e-06
-9.296897073671206e-06
9.008864457886803e-06
-8.822368534942924e-06
8.53440036779245e-06
-8.708728561739975e-06
7.785002770720455e-06
-8.742956277162659e-06
7.185157206769134e-06
-8.499480092565449e-06
6.748138512702607e-06
-8.320851552229333e-06
6.323299297665238e-06
-8.074010955919607e-06
6.014131324243079e-06
-7.79338293068095e-06
5.732583186024366e-06
-7.534042845061279e-06
5.453273899895484e-06
-7.273512591720287e-06
5.215932540642617e-06
-7.011398781179537e-06
4.968106634653958e-06
-6.7819407291531335e-06
4.720624702608974e-06
-6.563367585068163e-06
4.479420363040704e-06
-6.355687719820154e-06
4.243236465595714e-06
-6.163139035424668e-06
4.010889781878857e-06
-5.979359394149564e-06
3.7878688200002064e-06
-5.804796543922713e-06
3.571298806580997e-06
-5.638769778455038e-06
3.362800285400258e-06
-5.4798552728862245e-06
3.162402013772228e-06
-5.327858765108787e-06
2.9687624264248397e-06
-5.18343277215727e-06
2.781816071471127e-06
-5.045575429088022e-06
2.601247723981598e-06
-4.9145554778060735e-06
2.4264852994202585e-06
-4.790175999002874e-06
2.2572323473560654e-06
-4.672184774644206e-06
2.0932975084283698e-06
-4.5604105952674456e-06
1.9343278095656103e-06
-4.454643760952459e-06
1.7801861105322045e-06
-4.354628196752896e-06
1.630634851296827e-06
-4.2601771354263795e-06
1.485466878360913e-06
-4.171094347005006e-06
1.3444904236165046e-06
-4.087170890759934e-06
1.20751626443927e-06
-4.00824409576276e-06
1.074344822247792e-06
-3.934140832954815e-06
9.447968423205444e-07
-3.864703071165728e-06
8.186918346061013e-07
-3.799780083754695e-06
6.95855325394542e-07
-3.739228216567876e-06
5.761227650865784e-07
-3.682907987845633e-06
4.593325712669836e-07
-3.630688803346572e-06
3.453305522412974e-07
-3.582443615842486e-06
2.3396810103985376e-07
-3.5380515856429083e-06
1.2510192298577426e-07
-3.4973976265752042e-06
1.859335839419639e-08
-3.460371587676452e-06
-8.56909217583743e-08
-3.4268686508138807e-06
-1.8788015929547988e-07
-3.396789005960548e-06
-2.8809907013516026e-07
-3.3700376422743513e-06
-3.86468277555898e-07
-3.346524167865435e-06
-4.831044770985647e-07
-3.3261627381106138e-06
-5.781205575576369e-07
-3.308871724690631e-06
-6.71625771893309e-07
-3.294573690163638e-06
-7.637259185017478e-07
-3.2831951678633994e-06
-8.545234790317173e-07
-3.274666540494832e-06
-9.441177599251935e-07
-3.268921898546119e-06
-1.0326050593865586e-06
-3.265898918887179e-06
-1.1200787864631284e-06
-3.265538732290566e-06
-1.206629609146843e-06
-3.2677858125401953e-06
-1.2923455770177267e-06
-3.272587860187739e-06
-1.3773122501280135e-06
-3.279895695039751e-06
-1.461612816081048e-06
-3.2896631523695674e-06
-1.5453282073464862e-06
-3.3018469832745735e-06
-1.6285372111479268e-06
-3.3164067602199144e-06
-1.711316578055787e-06
-3.333304786094397e-06
-1.7937411237091568e-06
-3.3525060066894074e-06
-1.8758838293870964e-06
-3.3739779295270536e-06
-1.9578159385596865e-06
-3.3976905434729703e-06
-2.039607048349995e-06
-3.4236162438737173e-06
-2.1213252001785286e-06
-3.451729760623178e-06
-2.2030369659989526e-06
-3.4820080899288918e-06
-2.2848075313052055e-06
-3.5144304280545206e-06
-2.3667007763125323e-06
-3.548978110403002e-06
-2.4487793538829032e-06
-3.585634551234122e-06
-2.5311047642333196e-06
-3.6243851878028552e-06
-2.613737428811642e-06
-3.6652174267413516e-06
-2.6967367597838536e-06
-3.7081205930369118e-06
-2.780161228919996e-06
-3.753085881858526e-06
-2.8640684334026536e-06
-3.800106313119235e-06
-2.948515160240895e-06
-3.849176687373984e-06
-3.033557447282829e-06
-3.900293544787043e-06
-3.1192506446706494e-06
-3.953455127501558e-06
-3.2056494722961957e-06
-4.008661340836755e-06
-3.2928080761869733e-06
-4.065913720597918e-06
-3.3807800848164433e-06
-4.125215399681766e-06
-3.469618661197714e-06
-4.186571077239849e-06
-3.5593765553404953e-06
-4.249986990194441e-06
-3.6501061551695146e-06
-4.3154708869085285e-06
-3.7418595354217097e-06
-4.383032000467978e-06
-3.834688505007704e-06
-4.452681026446232e-06
-3.928644655067982e-06
-4.52443010146654e-06
-4.023779403771854e-06
-4.598292781424023e-06
-4.120144040492839e-06
-4.67428402391401e-06
-4.217789770139088e-06
-4.752420171388362e-06
-4.3167677556925485e-06
-4.832718934359606e-06
-4.417129158279363e-06
-4.915199377501084e-06
-4.518925180157135e-06
-4.999881907604206e-06
-4.622207102973413e-06
-5.086788260496683e-06
-4.7270263276113665e-06
-5.175941491998245e-06
-4.833434412500207e-06
-5.267365968248262e-06
-4.941483111728281e-06
-5.361087358466047e-06
-5.051224411464729e-06
-5.457132627399215e-06
-5.162710567342652e-06
-5.5555300313041625e-06
-5.2759941399387115e-06
-5.656309112158912e-06
-5.391128030289322e-06
-5.759500695553225e-06
-5.5081655153020956e-06
-5.865136888285387e-06
-5.6271602821519905e-06
-5.973251077201122e-06
-5.748166462208899e-06
-6.083877929193796e-06
-5.8712386656820375e-06
-6.19705339301212e-06
-5.99643201462419e-06
-6.3128146999657234e-06
-6.1238021760453925e-06
-6.431200368071195e-06
-6.2534053953173954e-06
-6.552250205555196e-06
-6.385298529041738e-06
-6.676005315940967e-06
-6.519539077048974e-06
-6.802508103472823e-06
-6.6561852152219965e-06
-6.931802280596427e-06
-6.795295828110359e-06
-7.063932875111438e-06
-6.9369305402561265e-06
-7.198946238761236e-06
-7.081149749049433e-06
-7.336890056948539e-06
-7.228014656667447e-06
-7.477813358928802e-06
-7.3775873017468746e-06
-7.621766528597351e-06
-7.529930591740455e-06
-7.768801317114101e-06
-7.685108335025065e-06
-7.918970855554791e-06
-7.843185272572348e-06
-8.072329668052324e-06
-8.004227110837745e-06
-8.22893368692193e-06
-8.168300552973778e-06
-8.388840267361673e-06
-8.33547333266982e-06
-8.552108204783779e-06
-8.505814245394919e-06
-8.718797750450937e-06
-8.679393182037427e-06
-8.88897063010285e-06
-8.856281161551734e-06
-9.062690061617469e-06
-9.036550364227092e-06
-9.240020776026827e-06
-9.2202741642841e-06
-9.421029034909802e-06
-9.40752716411397e-06
-9.605782654831393e-06
-9.598385228947902e-06
-9.794351025873768e-06
-9.792925519330666e-06
-9.986805136115814e-06
-9.991226527099941e-06
-1.0183217594892307e-05
-1.0193368110248421e-05
-1.038366265684621e-05
-1.0399431527112458e-05
-1.0588216245518034e-05
-1.060949947256142e-05
-1.0796955981332327e-05
-1.0823656114669947e-05
-1.100996120719373e-05
-1.1041987130152296e-05
-1.122731301539463e-05
-1.1264579741668035e-05
-1.1449094276569805e-05
-1.1491522755345199e-05
-1.167538966917754e-05
-1.1722906599025541e-05
-1.1906285708188774e-05
-1.1958823358972754e-05
-1.2141870776731392e-05
-1.2199366821092608e-05
-1.2382235157807118e-05
-1.2444632508401196e-05
-1.2627471066019931e-05
-1.2694717722100011e-05
-1.2877672681629697e-05
-1.2949721581750895e-05
-1.3132936184320071e-05
-1.3209745066748019e-05
-1.3393359788633347e-05
-1.347489105756744e-05
-1.365904377954516e-05
-1.3745264379114858e-05
-1.3930090549944167e-05
-1.4020971843023596e-05
-1.420660463757363e-05
-1.4302122291887445e-05
-1.4488692764672018e-05
-1.4588826643707753e-05
-1.477646387706413e-05
-1.4881197937181845e-05
-1.5070029184749076e-05
-1.5179351377373959e-05
-1.5369502203599773e-05
-1.5483404383166872e-05
-1.5674998798297785e-05
-1.579347663406474e-05
-1.5986637224920134e-05
-1.6109690119076514e-05
-1.6304538176442835e-05
-1.6432169185878233e-05
-1.662882482771598e-05
-1.6761040590712768e-05
-1.695962288227607e-05
-1.709643354927664e-05
-1.7297060619655014e-05
-1.743847978892279e-05
-1.7641268944576993e-05
-1.7787313601098443e-05
-1.7992381436084202e-05
-1.8143071895009022e-05
-1.8350534399082588e-05
-1.850589425267217e-05
-1.871586691568625e-05
-1.8875922984455153e-05
-1.9088520898751004e-05
-1.9253303185500035e-05
-1.946864114604047e-05
-1.9638182793897847e-05
-1.9856375395780387e-05
-2.0030712649204713e-05
-2.025187438263791e-05
-2.043104655245168e-05
-2.065529189630537e-05
-2.08393413266947e-05
-2.1066784840361678e-05
-2.1255756880577173e-05
-2.14865132929815e-05
-2.1680456269494676e-05
-2.191464056666432e-05
-2.2113605762182856e-05
-2.235133327422841e-05
-2.255537490523105e-05
-2.279676138998302e-05
-2.3005936589779244e-05
-2.3251098317407883e-05
-2.3465467120904423e-05
-2.371452095482749e-05
-2.3934146286874898e-05
-2.4187209765061607e-05
-2.4412157429336626e-05
-2.466934884284757e-05
-2.4899687515927103e-05
-2.5161125989458556e-05
-2.5396927214776542e-05
-2.566273278230589e-05
-2.590407096790038e-05
-2.6174364649841095e-05
-2.6421317068381963e-05
-2.669622094826716e-05
-2.69488677393636e-05
-2.722850503816864e-05
-2.7486929212001046e-05
-2.777142436265873e-05
-2.8035711807054066e-05
-2.8325190529242608e-05
-2.8595430018319367e-05
-2.8890019390647294e-05
-2.9166302595406426e-05
-2.946613112938889e-05
-2.974855263073302e-05
-3.0053750342769453e-05
-3.0342407646479034e-05
-3.0653106130419184e-05
-3.0948099683949045e-05
-3.126443218305191e-05
-3.156586539455314e-05
-3.188796687347888e-05
-3.219594613284888e-05
-3.25239533490085e-05
-3.283858805030185e-05
-3.3172639626028236e-05
-3.349404219283209e-05
-3.383427868686016e-05
-3.416256459856838e-05
-3.4509128577607984e-05
-3.484441639780439e-05
-3.5197452508590544e-05
-3.553986391600499e-05
-3.5899518957420266e-05
-3.624917877787507e-05
-3.6615601772777734e-05
-3.6972638012949355e-05
-3.7345980280868675e-05
-3.771052416479256e-05
-3.80909393949726e-05
-3.8463125401513014e-05
-3.8850769725868746e-05
-3.923073562805927e-05
-3.9625767694686495e-05
-4.001365460145617e-05
-4.041623564912205e-05
-4.081218804820663e-05
-4.1222481980714745e-05
-4.1626647783667186e-05
-4.204482124503197e-05
-4.2457351833875026e-05
-4.288357428424867e-05
-4.330462456012603e-05
-4.373906835229257e-05
-4.416879678558047e-05
-4.461163724210496e-05
-4.505020592478426e-05
-4.550162141603932e-05
-4.594919611553694e-05
-4.6409368138376956e-05
-4.686611835291911e-05
-4.7335231610464714e-05
-4.780133062727863e-05
-4.827957310955821e-05
-4.8755198063802924e-05
-4.924276112868768e-05
-4.972809306455473e-05
-5.022517152087301e-05
-5.072039545517585e-05
-5.122718764607277e-05
-5.173249263244268e-05
-5.224920051950994e-05
-5.276477971558047e-05
-5.329160896459773e-05
-5.381765970071604e-05
-5.435481976937654e-05
-5.489154361925432e-05
-5.5439247844117905e-05
-5.59868506962556e-05
-5.654531638254273e-05
-5.710400851621822e-05
-5.767345702952366e-05
-5.824345318941425e-05
-5.882411004608625e-05
-5.940562952121104e-05
-5.999772448303238e-05
-6.0590991187250563e-05
-6.119475835560329e-05
-6.180000091033429e-05
-6.241567882217725e-05
-6.303313063979888e-05
-6.366096236561959e-05
-6.429086173690405e-05
-6.49310949814801e-05
-6.557368516295565e-05
-6.622657236526235e-05
-6.688210166965781e-05
-6.754790010621867e-05
-6.821662199571357e-05
-6.889559388564557e-05
-6.957776706655408e-05
-7.02701796771166e-05
-7.096606819617147e-05
-7.167219395169276e-05
-7.238206729555234e-05
-7.310218388805324e-05
-7.382631708549315e-05
-7.456070758447738e-05
-7.529938131167258e-05
-7.604833427540659e-05
-7.680183496688967e-05
-7.756564455420868e-05
-7.833426451532544e-05
-7.911323059991288e-05
-7.989726811872687e-05
-8.069169641119469e-05
-8.14914558680659e-05
-8.230165804386756e-05
-8.311745002190609e-05
-8.39437438495372e-05
-8.47758852516279e-05
-8.561859471930547e-05
-8.6467408886199e-05
-8.73268643207057e-05
-8.819268115599983e-05
-8.90692194027154e-05
-8.995237540916764e-05
-9.084633999435624e-05
-9.17471783712469e-05
-9.265891967400342e-05
-9.357779036621702e-05
-9.450766578521566e-05
-9.544492576031008e-05
-9.639329957002413e-05
-9.734931326196524e-05
-9.831655647175061e-05
-9.929169611535605e-05
-0.00010027818663589584
-0.00010127283224569154
-0.00010227895537736543
-0.00010329349439231925
-0.00010431964339858733
-0.00010535447053256776
-0.00010640104676354705
-0.00010745656443783352
-0.00010852397706537448
-0.00010960059623241897
-0.00011068926174703786
-0.00011178740250255247
-0.00011289774482555219
-0.00011401783622785704
-0.00011515028764120475
-0.00011629276713408894
-0.0001174477688840825
-0.00011861308235199051
-0.00011979108462531907
-0.00012097968697894097
-0.00012218114823034018
-0.0001233935044831578
-0.00012461889134052087
-0.00012585547646043992
-0.0001271052649151577
-0.0001283665623216636
-0.00012964124106525413
-0.00013092773931065076
-0.0001322278117475541
-0.00013354000204025005
-0.00013486599276859605
-0.00013620436508775713
-0.00013755681607674312
-0.00013892187037092048
-0.00014030132557623243
-0.000141693585634823
-0.00014310058358312975
-0.0001445205997606105
-0.00014595568051553115
-0.00014740401391287114
-0.00014886773715120359
-0.0001503449464959471
-0.00015183788700865987
-0.00015334456809970728
-0.00015486723180284856
-0.00015640417174388231
-0.00015795675758224154
-0.0001595248198632067
-0.0001611077355251466
-0.00016270808748219956
-0.00016432095017433757
-0.00016595432388650383
-0.0001675982116317587
-0.0001692637097843036
-0.0001709409186448317
-0.00017263770838188072
-0.00017434997134310672
-0.00017607814954543471
-0.00017782577608839445
-0.00017958672168309764
-0.0001813697212451268
-0.00018316512709855987
-0.00018498396976239766
-0.00018681358035015777
-0.00018867037937691372
-0.00019053220884007044
-0.0001924303437936632
-0.00019432209889690653
-0.00019626439714736515
-0.00019818642307199014
-0.00020017316811342997
-0.00020212815448573907
-0.0002041584046141367
-0.00020614819897747053
-0.0002082232761982316
-0.00021024802225801326
-0.00021236989976159066
-0.0002144284165049603
-0.00021659931407128584
-0.00021869270859458187
-0.00022091102233797908
-0.00022304278208330899
-0.00022530578933807925
-0.00022748295440684196
-0.00022978272477748455
-0.00023201962943850737
-0.00023433890255610944
-0.00023666235916024788
-0.0002389802348889957
-0.0002413830859598109
-0.00024373659710123351
-0.00024618335764165476
-0.0002486068873709086
-0.00025107031071099897
-0.00025357201947718666
-0.00025605377900545916
-0.00025863006662372296
-0.0002611382763456207
-0.0002638104568375377
-0.000266285482026978
-0.00026916493463691746
-0.00027141897936166083
-0.0002747938872967667
-0.0002764007382719415
-0.00028092191198594087
-0.00028090917239718147
-0.00028805202705656425
-0.0002843822309722453
-0.0002898448248220437
-0.00029728344340750854
-0.0002915890513084141
-0.0003003313604896833
-0.0002927420658518841
-0.00029984872189339225
-0.00029664063011949204
-0.0003044680402069075
-0.0002997577379458418
-0.00031112215590743144
-0.00030150668050428616
-0.0003184540556058498
-0.000302781363908835
-0.00033318871353315487
-0.00030612288762947815
-0.00034227232045446463
-0.00030616248538285686
-0.0003447892048217664
-0.00030875819774689033
-0.0003450572618022817
-0.0003144540946598405
-0.00035027272722547667
-0.0003178608775633398
-0.000365499238129016
-0.0003274260132974641
-0.0003806728952777812
-0.00033739333156279736
-0.00038777223969590504
-0.00035028266158509903
-0.0003912424367590178
-0.00035947960898420156
-0.0003970037521468907
-0.0003731390869833347
-0.0003949268733902444
-0.00038004733826849167
-0.0004008335053552705
-0.0003874196122229318
-0.00040995010697034216
-0.0003936170136688722
-0.0004204562090681771
-0.00040508200400023734
-0.00042176760780269183
-0.00041703035134113
-0.0004336086774489182
-0.0004225862569758891
-0.00044014397677228213
-0.0004355180972806854
-0.000440877691056422
-0.0004553731864647242
-0.00044209623290171495
-0.0004715529246394156
-0.00045124154773005387
-0.0004760348603753714
-0.0004616111398559135
-0.0004781167247400168
-0.0004731510861644447
-0.0004803633606664622
-0.0004914499431828201
-0.00048674391262474545
-0.0005103667279898608
