-0.0015946773121939077
-0.0016132734199176158
-0.0016659823643783342
-0.0017268887598189094
-0.0017548938980118617
-0.0018060915159418928
-0.0017949606151091888
-0.0018198460206322459
-0.0018125646128414894
-0.0018413360048846565
-0.0018645675786196528
-0.00192182166685614
-0.0019548030704758827
-0.0019878319400131713
-0.0020088835877943344
-0.0020421550185843592
-0.0020733337547486387
-0.002120538361223447
-0.002149349810243985
-0.0021827325941824877
-0.0021984504887013973
-0.0021940712854864926
-0.00218446328517324
-0.002166030370887447
-0.002196195260131678
-0.0022356674953489157
-0.0022799837321758
-0.0023314510185546695
-0.002360484181767314
-0.0023848591106421482
-0.002451503973639746
-0.0023136800871905545
-0.0025134550183412265
-0.0023272298841373125
-0.0025338287923325773
-0.0025088560868814645
-0.0026991832540213673
-0.002682853335311055
-0.002651417863075797
-0.0026798289660192876
-0.0026738853281845854
-0.0030264940040637426
-0.0025114904624943934
-0.0030074061129369035
-0.0020011533344727367
-0.0036118863294885145
-0.0012154811628616107
-0.004620693074553022
0.001776598212932137
-0.008810887314509363
0.026309806848754252
0.15590447713553887
0.15907312762703935
0.17334527310267311
0.10806325487861275
0.08655844538854027
0.02439056800519898
-0.003613322536585071
0.01293632267963038
0.002993526924589402
-0.0662187730552314
-0.08735872697642885
-0.11150828194915667
-0.1058197214565744
-0.14318923452415536
-0.18344486992976883
-0.06199651814578095
0.04158394984008755
0.012349649221173303
-0.02443770474227313
0.012098904249256411
0.06681344197726577
0.06921535782236658
0.052783696272636585
0.06056499482695782
0.055644497005742255
0.03840763914900139
0.0026542404863536696
0.022835374645479484
0.043690490910377876
0.012213757271296501
-0.018989696535827095
-0.022071924501153053
-0.010045403680504186
-0.013394252050583314
-0.004440450652760095
-0.01538234510912616
-0.03617825949568271
-0.04725344449004722
-0.02472031991964129
0.002170780980536833
0.00778195951931341
-0.009151661288709267
-0.009424654810128576
-0.0012702553690955205
0.004160811617132864
-0.003074684102368348
0.007046768694108696
0.02144919651794599
0.02489314586044064
0.012755967036279984
0.005255386794187498
0.008790219161483575
0.0060415804684411595
-0.0007595233334339979
-0.0014022883626104527
0.009018476044195457
0.007947753529999331
-0.003923549507179156
-0.009894421223468453
-0.006856482811716012
-0.00211001498835426
-0.0022513953043601723
-0.003578079983621754
-0.003355030734336659
-0.006256094447205051
-0.006740869469187355
-0.0035250222423508035
0.0012208071106987392
-0.0013995681765961937
-0.005074208326399452
-0.00027493731820346515
0.005887147808145364
0.006801443163975794
0.004290660078452364
0.0034167792652532547
0.0019489003806105356
0.0011158195865358274
0.002342950775326805
0.005953596772396056
0.006416576608512032
0.00203814218138977
-0.0019360560309594156
-0.0022981096279078204
-0.0013512364443482115
-0.0026583403374219917
-0.0028235183652394868
-0.0015523543147968966
-0.0006596697996810215
-0.0020132149387390432
-0.0024718052815868234
-0.002267566411393627
-0.002397308431115058
-0.0020908083306461584
0.00032521475904115956
0.0028475937064009436
0.0034649487400154966
0.0009173782509668025
-0.0005319317134868913
0.00012983926121474209
0.0022424011692488716
0.0026150774529956713
0.002029075845496114
0.0013383248266934087
0.0008063740571067316
-0.00024381517710792607
-0.0006538448407576179
-0.0006329051726418225
-0.000954774563736065
-0.0018017846435852004
-0.0014156537261058228
6.279677399473929e-05
0.0009740472921430266
0.0007894308428270619
0.0001270911445523143
0.00024161951157740218
0.0010673464610988887
0.0023842466275552842
0.0036348738267868866
0.0037745293972619763
0.0027888930149888025
0.001439037308612161
0.0007274524304373765
0.0003335382973883699
-0.0005991744839052447
-0.0013183384671195334
-0.0010602325756484787
-0.0006428019210985357
-0.001079069918672957
-0.0015440893927498364
-0.001439219287617428
-0.0011056833500738624
-0.0011575975528396673
-0.0008765982044994449
-0.00018372438283816229
0.00034438092221754856
0.00018396265415391032
-0.00023946596104606734
-9.175740808514175e-05
4.073068909374975e-05
-4.971407913861571e-05
-0.0001998000636230303
-8.965394449555065e-05
-0.0003707241463817672
-0.0008672374878687492
-0.0012833591137444015
-0.0015225903294041635
-0.0014715027805141472
-0.0009431453281990669
-0.000216718265823178
0.0003361981830755094
0.00021274544870423682
-0.0001095870916456472
-7.14955328377214e-05
0.00039573738666759525
0.0008427251471173113
0.0012154892598888341
0.001409876595405507
0.0013079610679216998
0.0009360084633607775
0.0007648435671135874
0.0008308956036053591
0.0010868086209497299
0.0009807316277010412
0.0008158887785674746
0.0005221860985922988
0.0003880370814539056
8.674696039905907e-05
-0.00013792726875143564
-8.74506599435927e-05
-0.00025916533667734594
-0.00011655445894171883
-0.00021649703944029438
-7.539398164453802e-05
-0.0001312633333756633
-2.2702023874620014e-05
-9.036406707469297e-05
-3.357610491245181e-06
-6.0319173026345194e-05
2.379351823102723e-05
-3.354232732580656e-05
4.71970780576131e-05
-1.1322161255324348e-05
5.348633283873267e-05
-1.0188220299147737e-05
5.108153215440326e-05
-1.2474779705781029e-05
4.453022182441706e-05
-1.6131060133679234e-05
3.558960729420832e-05
-2.169978101480606e-05
2.857460695063148e-05
-2.600066377524265e-05
2.223270592090036e-05
-2.5853915922074023e-05
1.7849435573902804e-05
-2.3650518527165276e-05
1.5848308233635394e-05
-2.0566264029657153e-05
1.510592993338465e-05
-1.7802676481247677e-05
1.4538496628902325e-05
-1.556215827097987e-05
1.3858207894343506e-05
-1.3549313154773666e-05
1.2989374144071336e-05
-1.1847902152475496e-05
1.2007296983096395e-05
-1.0562431174695325e-05
1.0851556759834723e-05
-9.486745484159684e-06
9.634754491972381e-06
-8.58815738407026e-06
8.502853807754499e-06
-7.806280748718015e-06
7.4852842145444235e-06
-7.055540053924601e-06
6.581355846306926e-06
-6.3344583298008536e-06
5.811436591463329e-06
-5.663957077516025e-06
5.16245345768575e-06
-5.04656396814457e-06
4.608444057423394e-06
-4.486136278871811e-06
4.117159637770547e-06
-3.978916136447813e-06
3.669853347241592e-06
-3.52436414804958e-06
3.2638488698629505e-06
-3.1227072689031e-06
2.8961898710137216e-06
-2.768289342810695e-06
2.562784484065443e-06
-2.455604049820799e-06
2.2633208329204133e-06
-2.1801961280407383e-06
1.99620459825434e-06
-1.9362889919259467e-06
1.7586700127179746e-06
-1.719311552944591e-06
1.5482890011764542e-06
-1.5262425247424748e-06
1.3624029226098426e-06
-1.3545714533670967e-06
1.1981706669418192e-06
-1.2020568706842378e-06
1.0528388397578305e-06
-1.0666296519170853e-06
9.239099289726557e-07
-9.465871962552772e-07
8.094979617764465e-07
-8.40530804723108e-07
7.080417358410818e-07
-7.470272601998058e-07
6.18072854005028e-07
-6.646697977173363e-07
5.383116216776951e-07
-5.921950598868596e-07
4.6763722766265253e-07
-5.284452052728948e-07
4.050233211845902e-07
-4.723814254320967e-07
3.495557807859967e-07
-4.231017049871437e-07
3.0042083986284325e-07
-3.798213554988099e-07
2.568882633991604e-07
-3.4185422227283463e-07
2.1830224741434257e-07
-3.0859255532433155e-07
1.8407497769795667e-07
-2.794988578917919e-07
1.5368859241715951e-07
-2.5410157382643175e-07
1.2668796055053874e-07
-2.3198059656190893e-07
1.0266766828012641e-07
-2.1275873017924732e-07
8.126781041476946e-08
-1.9610066028311057e-07
6.217100885844151e-08
-1.8170964354588884e-07
4.509701606722136e-08
-1.6932345619287848e-07
2.979826884980802e-08
-1.5871106430102129e-07
1.605606549310353e-08
-1.49669117440669e-07
3.677046412796023e-09
-1.4201870204822407e-07
-7.509855965689765e-09
-1.3560228764744695e-07
-1.7656135614316226e-08
-1.302811203081171e-07
-2.689579314840186e-08
-1.2593318047252793e-07
-3.534719194338981e-08
-1.2245119109899165e-07
-4.3114950282554815e-08
-1.1974078408696701e-07
-5.029157406128315e-08
-1.1771904823333493e-07
-5.695879655632412e-08
-1.1631325971231572e-07
-6.318883945472323e-08
-1.1545970574891248e-07
-6.904555791312997e-08
-1.1510262848385801e-07
-7.458546069508739e-08
-1.1519328828551827e-07
-7.985859967155496e-08
-1.1568914179557136e-07
-8.490935266344942e-08
-1.1655311354987212e-07
-8.977710889057546e-08
-1.1775295113004673e-07
-9.449687395768477e-08
-1.192606632991085e-07
-9.90997962603535e-08
-1.2105202490831496e-07
-1.0361363639169521e-07
-1.2310613136577936e-07
-1.0806318576824241e-07
-1.2540501434786825e-07
-1.1247063462299037e-07
-1.2793329849620583e-07
-1.16855894399066e-07
-1.3067790360861463e-07
-1.2123688619241875e-07
-1.3362777791933668e-07
-1.2562979335108593e-07
-1.367736676780723e-07
-1.3004928640147147e-07
-1.4010791107355904e-07
-1.3450871833063996e-07
-1.4362426085587354e-07
-1.390202988634133e-07
-1.4731772512321288e-07
-1.435952464241743e-07
-1.511844314735578e-07
-1.4824392409874647e-07
-1.5522150419047896e-07
-1.5297595760786894e-07
-1.5942695944490043e-07
-1.5780034125575807e-07
-1.6379961142141963e-07
-1.6272553055387846e-07
-1.6833899227472384e-07
-1.6775952447491659e-07
-1.7304528004612752e-07
-1.7290993839199405e-07
-1.7791923857249023e-07
-1.7818406827075457e-07
-1.8296216166250348e-07
-1.8358894755747903e-07
-1.8817582866269755e-07
-1.891313984452329e-07
-1.9356246221244235e-07
-1.9481807640204943e-07
-1.9912469447869e-07
-2.0065551037960397e-07
-2.0486553597249754e-07
-2.0665013879539722e-07
-2.1078835071738867e-07
-2.128083412104593e-07
-2.1689683317883263e-07
-2.1913646739866663e-07
-2.231949902649702e-07
-2.2564086308522052e-07
-2.2968712451616746e-07
-2.3232789290615272e-07
-2.3637782164357551e-07
-2.392039620132628e-07
-2.432719395010054e-07
-2.4627553548307174e-07
-2.503745989050968e-07
-2.535491551262925e-07
-2.576911764240724e-07
-2.610314563176834e-07
-2.6522729918028974e-07
-2.6872918264432425e-07
-2.729888406632691e-07
-2.766491998181528e-07
-2.8098191835431493e-07
-2.84798508958092e-07
-2.892128910336831e-07
-2.931842576177953e-07
-2.976883593360175e-07
-3.018137532499743e-07
-3.064151658158359e-07
-3.106944721647815e-07
-3.1540039550589406e-07
-3.1983407169271574e-07
-3.2465137868222665e-07
-3.2924039884848176e-07
-3.341756928282877e-07
-3.389215018459761e-07
-3.439811666339221e-07
-3.4888563803237016e-07
-3.5407588305433335e-07
-3.5914128460566574e-07
-3.644681846027252e-07
-3.696971475255356e-07
-3.7516667765772824e-07
-3.805621704190687e-07
-3.861802379857837e-07
-3.917455441374701e-07
-3.975180168092063e-07
-4.032567158702982e-07
-4.091894466300844e-07
-4.151053980567393e-07
-4.2120424835392217e-07
-4.2730157807577274e-07
-4.335724382116199e-07
-4.3985552765704594e-07
-4.4630433542174747e-07
-4.5277781195261074e-07
-4.594105692651805e-07
-4.6607929927696204e-07
-4.729020885198276e-07
-4.797711715045366e-07
-4.867901690942811e-07
-4.93864933101551e-07
-5.010864229771468e-07
-5.083724217212586e-07
-5.158028076606043e-07
-5.233058187844621e-07
-5.309516360202805e-07
-5.386776596782777e-07
-5.46545585760087e-07
-5.545008448667142e-07
-5.625977100289989e-07
-5.707886508669185e-07
-5.791214476739211e-07
-5.875547418153905e-07
-5.961306352393397e-07
-6.048131810659101e-07
-6.136395170465263e-07
-6.225784431240018e-07
-6.316627578460687e-07
-6.408654258365648e-07
-6.50215454455318e-07
-6.596894635386378e-07
-6.693131488255246e-07
-6.790663394129785e-07
-6.889718401749352e-07
-6.990122992157378e-07
-7.092079990032168e-07
-7.19544064983757e-07
-7.300385801434217e-07
-7.406788488512062e-07
-7.51481037546825e-07
-7.62434368011683e-07
-7.735533384158055e-07
-7.848288593372693e-07
-7.9627397827969e-07
-8.078810946493564e-07
-8.196619963145302e-07
-8.316103969931155e-07
-8.437369917596582e-07
-8.560366561473354e-07
-8.68519139524777e-07
-8.811803457666346e-07
-8.940292079060407e-07
-9.070625410057638e-07
-9.202885748271859e-07
-9.337049346538895e-07
-9.473192465833278e-07
-9.611298574329187e-07
-9.751438764583377e-07
-9.893602953552506e-07
-1.0037857835668669e-06
-1.018419909623331e-06
-1.0332689713364162e-06
-1.0483330558040942e-06
-1.0636181490475058e-06
-1.0791248054604213e-06
-1.0948587512880567e-06
-1.1108209653229797e-06
-1.1270169609346823e-06
-1.143448101539055e-06
-1.1601197285034202e-06
-1.1770335580673415e-06
-1.1941947970109217e-06
-1.2116054845421557e-06
-1.2292707243389406e-06
-1.2471928554035321e-06
-1.2653769074317742e-06
-1.2838254973908565e-06
-1.3025436063911384e-06
-1.3215341121311334e-06
-1.3408019706167163e-06
-1.3603503041558548e-06
-1.380184063876598e-06
-1.4003066049169451e-06
-1.4207228924217278e-06
-1.441436502669759e-06
-1.4624524314575129e-06
-1.4837744682352967e-06
-1.5054076545538376e-06
-1.5273559853655624e-06
-1.5496245620440045e-06
-1.5722175798839918e-06
-1.595140212585968e-06
-1.6183968506947727e-06
-1.6419927522605317e-06
-1.6659325004768789e-06
-1.6902214484534187e-06
-1.7148643691899295e-06
-1.7398667212281449e-06
-1.7652334666621618e-06
-1.7909701788051263e-06
-1.8170820075547045e-06
-1.8435746503009387e-06
-1.8704534458652278e-06
-1.8977242239211212e-06
-1.9253925125882476e-06
-1.9534642822297e-06
-1.981945252070051e-06
-2.0108415412678667e-06
-2.040159061541364e-06
-2.0699040885092945e-06
-2.1000827297480706e-06
-2.130701424664372e-06
-2.161766479168853e-06
-2.1932845037930804e-06
-2.2252620067025886e-06
-2.2577057770083175e-06
-2.290622528379818e-06
-2.324019235584642e-06
-2.3579028226427406e-06
-2.392280456982223e-06
-2.427159277233054e-06
-2.462546650868619e-06
-2.4984499360832663e-06
-2.534876707611239e-06
-2.5718345481075267e-06
-2.609331246730337e-06
-2.6473746167997563e-06
-2.6859726690300553e-06
-2.7251334526225135e-06
-2.7648652074991134e-06
-2.805176225174899e-06
-2.8460749822460316e-06
-2.8875700186009254e-06
-2.929670054968147e-06
-2.9723838868740693e-06
-3.0157204869221688e-06
-3.059688912768546e-06
-3.104298397029609e-06
-3.1495582667132732e-06
-3.195478022542772e-06
-3.2420672682457498e-06
-3.289335780880167e-06
-3.3372934491794105e-06
-3.385950334794022e-06
-3.4353166189392747e-06
-3.4854026568298738e-06
-3.536218930732648e-06
-3.587776097950003e-06
-3.6400849506611557e-06
-3.693156457347871e-06
-3.747001729214553e-06
-3.8016320550423102e-06
-3.857058873475228e-06
-3.913293804120709e-06
-3.97034862234546e-06
-4.028235288152347e-06
-4.086965923914138e-06
-4.146552839893883e-06
-4.207008515507305e-06
-4.268345621402788e-06
-4.330577004514299e-06
-4.393715707310688e-06
-4.457774954144829e-06
-4.5227681701129905e-06
-4.5887089686121475e-06
-4.65561116888189e-06
-4.723488784800058e-06
-4.792356040000316e-06
-4.862227360889239e-06
-4.933117388962417e-06
-5.005040974378767e-06
-5.07801318839758e-06
-5.15204931749412e-06
-5.2271648753850555e-06
-5.303375597819461e-06
-5.380697453876587e-06
-5.4591466420451625e-06
-5.538739599971788e-06
-5.619493002202106e-06
-5.701423768817663e-06
-5.7845490643196155e-06
-5.8688863058782635e-06
-5.954453162365127e-06
-6.041267562073116e-06
-6.129347693084727e-06
-6.218712010166755e-06
-6.309379235609357e-06
-6.401368366296364e-06
-6.494698674712983e-06
-6.589389715399262e-06
-6.685461326889539e-06
-6.782933637978334e-06
-6.881827070120755e-06
-6.982162343442195e-06
-7.0839604791257714e-06
-7.187242805682323e-06
-7.292030961762177e-06
-7.398346902534252e-06
-7.50621290234539e-06
-7.615651560819012e-06
-7.726685806706021e-06
-7.839338903575387e-06
-7.953634453538477e-06
-8.069596403479967e-06
-8.187249048768358e-06
-8.30661703962298e-06
-8.42772538504491e-06
-8.550599459077014e-06
-8.675265005482708e-06
-8.801748143717834e-06
-8.930075373591738e-06
-9.060273581685272e-06
-9.192370046073959e-06
-9.326392443162208e-06
-9.462368852294206e-06
-9.600327762583096e-06
-9.740298078398063e-06
-9.882309125590046e-06
-1.0026390657355316e-05
-1.0172572860917147e-05
-1.0320886363428207e-05
-1.047136223889051e-05
-1.0624032013973705e-05
-1.0778927675180947e-05
-1.0936081675340175e-05
-1.1095526940575648e-05
-1.125729687688663e-05
-1.1421425377410011e-05
-1.1587946829298527e-05
-1.1756896121235675e-05
-1.192830865050782e-05
-1.210222033044291e-05
-1.2278667598076328e-05
-1.2457687421592366e-05
-1.2639317308218545e-05
-1.2823595312050058e-05
-1.3010560041762408e-05
-1.3200250669330801e-05
-1.3392706937661848e-05
-1.358796916902462e-05
-1.378607827356312e-05
-1.3987075758062177e-05
-1.419100373427698e-05
-1.4397904928150403e-05
-1.4607822688331336e-05
-1.4820800995500258e-05
-1.5036884471862893e-05
-1.5256118389773846e-05
-1.547854868204617e-05
-1.5704221950956377e-05
-1.593318547822879e-05
-1.6165487234896803e-05
-1.6401175891521055e-05
-1.6640300828441642e-05
-1.688291214563736e-05
-1.7129060673438446e-05
-1.7378797983667177e-05
-1.7632176399877354e-05
-1.7889249008353424e-05
-1.815006966949574e-05
-1.8414693028856433e-05
-1.868317452903643e-05
-1.8955570420708983e-05
-1.9231937774396852e-05
-1.9512334493198506e-05
-1.9796819324326576e-05
-2.0085451871381657e-05
-2.037829260698496e-05
-2.0675402885266653e-05
-2.0976844955242517e-05
-2.1282681973220643e-05
-2.1592978016516175e-05
-2.1907798096540697e-05
-2.222720817260897e-05
-2.255127516560251e-05
-2.2880066972241146e-05
-2.3213652479027086e-05
-2.3552101576953792e-05
-2.389548517592748e-05
-2.424387521966997e-05
-2.4597344700953208e-05
-2.4955967676562406e-05
-2.5319819283153166e-05
-2.5688975752917818e-05
-2.6063514429335133e-05
-2.6443513783622957e-05
-2.6829053431056648e-05
-2.7220214147665648e-05
-2.761707788726363e-05
-2.801972779846542e-05
-2.8428248242085626e-05
-2.8842724809122287e-05
-2.926324433817455e-05
-2.9689894934229865e-05
-3.0122765986503007e-05
-3.056194818784998e-05
-3.100753355304159e-05
-3.145961543884156e-05
-3.191828856248985e-05
-3.238364902298507e-05
-3.285579431944664e-05
-3.333482337371588e-05
-3.3820836548505324e-05
-3.431393567121608e-05
-3.4814224052482495e-05
-3.532180651066234e-05
-3.583678939061909e-05
-3.6359280589609404e-05
-3.688938957588893e-05
-3.742722741603973e-05
-3.797290679368435e-05
-3.852654203750379e-05
-3.908824914091466e-05
-3.965814579074892e-05
-4.0236351387285126e-05
-4.0822987074048294e-05
-4.1418175758438066e-05
-4.202204214227509e-05
-4.263471274269082e-05
-4.325631592467952e-05
-4.3886981920926546e-05
-4.452684286765531e-05
-4.51760328219818e-05
-4.583468780191679e-05
-4.650294580152165e-05
-4.7180946834994813e-05
-4.7868832948511986e-05
-4.856674826976331e-05
-4.9274839016451777e-05
-4.99932535504735e-05
-5.072214238411167e-05
-5.146165823631172e-05
-5.2211956041466024e-05
-5.2973193003028214e-05
-5.3745528609288836e-05
-5.4529124675914984e-05
-5.532414538188344e-05
-5.6130757288521326e-05
-5.694912940618367e-05
-5.777943317683288e-05
-5.862184258955812e-05
-5.9476534105804395e-05
-6.034368684404807e-05
-6.122348242661318e-05
-6.21161052585747e-05
-6.30217422697067e-05
-6.394058331134645e-05
-6.487282076999697e-05
-6.581865010996431e-05
-6.67782693304902e-05
-6.7751879678735e-05
-6.873968492058373e-05
-6.974189226846808e-05
-7.075871141547139e-05
-7.179035572482944e-05
-7.283704097807344e-05
-7.389898688201987e-05
-7.497641547677411e-05
-7.606955300628378e-05
-7.717862794531663e-05
-7.830387327321334e-05
-7.944552408693318e-05
-8.060382029175314e-05
-8.177900382050742e-05
-8.297132167128605e-05
-8.418102286712791e-05
-8.540836164106815e-05
-8.665359438911075e-05
-8.791698271194345e-05
-8.91987906739668e-05
-9.049928739677388e-05
-9.181874485722627e-05
-9.315743999427405e-05
-9.451565270879932e-05
-9.589366834555782e-05
-9.729177453497132e-05
-9.87102655584278e-05
-0.00010014943698893495
-0.00010160959220564076
-0.00010309103485027504
-0.000104594078450395
-0.00010611903388530039
-0.0001076662257371362
-0.00010923597301572957
-0.00011082860987123803
-0.0001124444655159865
-0.00011408388272928069
-0.00011574720197058384
-0.00011743477383027831
-0.00011914695226901526
-0.00012088409344111685
-0.0001226465681435639
-0.0001244347348645647
-0.00012624898519695638
-0.00012808967615528222
-0.00012995722477595478
-0.0001318519820035424
-0.00013377439595172228
-0.00013572480651245447
-0.00013770369828620057
-0.00013971139646905856
-0.00014174842618513723
-0.00014381509478520485
-0.00014591197229215486
-0.00014803934402182273
-0.00015019782974982085
-0.0001523876879646126
-0.00015460959273629776
-0.00015686377358634096
-0.00015915095931934927
-0.00016147135068178553
-0.00016382573505682035
-0.0001662142793416386
-0.00016863783850717485
-0.00017109653600834017
-0.00017359130528771163
-0.0001761222186054442
-0.00017869028871045985
-0.0001812955487326509
-0.00018393906553853314
-0.00018662086926632274
-0.00018934204388117897
-0.00019210264805819726
-0.0001949037535361289
-0.00019774549092295462
-0.00020062885454784476
-0.00020355412837383085
-0.0002065221486619579
-0.00020953341595292204
-0.0002125885848742628
-0.0002156883391347295
-0.00021883327410337355
-0.00022202400313798846
-0.00022526152793310135
-0.00022854560802088811
-0.0002318788828374772
-0.00023525856049910645
-0.00023869023883112584
-0.00024216903901810817
-0.00024570049177036993
-0.00024928241088660336
-0.00025291773408660733
-0.0002566047075954663
-0.00026034759715240984
-0.00026414563411960006
-0.00026799683003399634
-0.0002719108443694871
-0.0002758735544732224
-0.0002799073559349753
-0.00028398465118631324
-0.00028814287218347206
-0.0002923389063837357
-0.0002966266019454421
-0.0003009445242473185
-0.000305365698026872
-0.000309806408752705
-0.00031436500881945996
-0.00031893097504236416
-0.0003236302868800875
-0.0003283232584875544
-0.0003331660758657312
-0.0003379925314145456
-0.0003429818875161225
-0.0003479494099315835
-0.0003530889400708583
-0.00035820329543849927
-0.00036349892349048533
-0.00036875964597750215
-0.00037421911517407196
-0.00037963032433982295
-0.0003852524037803195
-0.0003908195434687749
-0.00039660553141990153
-0.0004023397288484708
-0.00040829505969623367
-0.00041419975920943455
-0.0004203318201391991
-0.0004264134299102713
-0.0004327259160698087
-0.00043899914100430353
-0.0004454793511875193
-0.0004519766245300496
-0.0004586180865399905
-0.00046533907821165585
-0.00047215348983805977
-0.00047909693063516185
-0.0004860980241930661
-0.0004932533571119774
-0.0005004611188243867
-0.0005077829173880761
-0.0005152684553608759
-0.0005226651055182329
-0.0005305665510175125
-0.0005378576794449531
-0.0005464600017837475
-0.0005532736236116739
-0.000563116327469273
-0.0005687627383090255
-0.0005807619955313509
-0.0005848959158490583
-0.0005898569822761802
-0.0006085257110375608
-0.0006077421348330645
-0.0006260302814697786
-0.000628231482598697
-0.0006504327416702177
-0.0006502244349402414
-0.0006776926886846169
-0.0006731959265864999
-0.0007052184152905074
-0.00069654177062046
-0.0007414479671305173
-0.0007298330378722115
-0.0007815877250339489
-0.0007675275742255183
-0.0008149776665503893
-0.0007957787384295966
-0.0008457136318360094
-0.0008305083877187681
-0.0008695481421875113
-0.0008493444363978503
-0.0008903573362546192
-0.000871446517576327
-0.0009214985296601781
-0.000897800233927624
-0.0009470650927918085
-0.000934020868721009
-0.0009735512266735542
-0.0009642528469799103
-0.0010002431086302103
-0.0010011618571319609
-0.0010381173809635375
-0.0010338528746282288
-0.0010692913459210268
-0.0010737595655441723
-0.001108948603809662
-0.0011088700940416606
-0.001150352788892707
-0.0011525625030146096
-0.001183501050159848
-0.001207132751768588
-0.0012343464154953173
-0.001249152724630503
-0.001290168345638021
-0.0012880828886998427
-0.0013459217451085642
-0.0013291693259651323
-0.001385421818741987
-0.0013674830824482453
-0.001410085994151336
-0.0013814525459791421
-0.0014013461095413876
-0.00136086631192079
-0.0013759633133006363
-0.0013503767652014997
-0.0013649540969938997
-0.001383657927577078
-0.0014167454863067835
-0.0014590754933541047
-0.0015053075682732314
-0.0015580623907726562
-0.002006598137217954
-0.0020025944724250053
-0.0021575295386672914
-0.002157682527230642
-0.00227654236424126
-0.002258636873558981
-0.0023048239739412186
-0.002364794814830511
-0.0023868426955596235
-0.0023830141748962027
-0.0023603506384441706
-0.0022969882333306263
-0.0023035995131291094
-0.002170102533877489
-0.0023608926868708387
-0.00228469090472397
-0.0024623724745976
-0.002403456460158455
-0.0025895716048380825
-0.002486275734011636
-0.00285013792251541
-0.0023970828497013297
-0.0026955445009617064
-0.0025821654957615195
-0.0029162050040524986
-0.0028300940448486222
-0.0029722412648348633
-0.00289083793604327
-0.0033392389035624736
-0.003008315314136787
-0.0037767220823512566
-0.002643632081038962
-0.004333038349006745
-0.001845437671618362
-0.005225562223063649
-0.00031617758757725254
-0.007395221954315151
0.003351516805847885
-0.013944324252757911
0.017593268851646304
-0.0427366632215659
0.31135536659095
0.3686004814670348
0.2578434076860561
0.14128745675272433
0.11358197691352456
0.16212620769178304
0.025806373939150917
0.018430912730591508
-0.0835235605460483
-0.14800677003519275
-0.10864895170938514
-0.24122229036360915
-0.2883338920894969
-0.1739607490692641
-0.11317247020504269
-0.04601308612053297
-0.1426945250073582
-0.012452730209427321
-0.011962133236570445
0.07102679238888476
0.08238442237686001
0.13614195481387642
0.12812800922460918
0.06980652620769284
0.037464853185675065
0.05598257121407639
0.050047272848256025
0.03867383084387273
-0.009752557691689371
0.03213276401542972
-0.004621008712597971
-0.011640169055581693
-0.06077019000520385
-0.04849187921575676
-0.033253377539764775
-0.02206069568512411
-0.04981731577785685
-0.03664760245409529
-0.03153621651092848
-0.00961808073225008
-0.040115425128199524
-0.020114666563940533
-0.0016391031664344882
0.03871427872510182
0.021674382835337
0.021298942853930226
0.004129009679449151
0.02214163418704245
0.008231094716970562
0.02489898991354406
0.025268534179071385
0.02609816054326707
-0.00044174840314990674
-0.013083438716866175
-0.01668954709613245
-8.600548725600394e-05
-0.0006871531938064565
-0.0021272070106546337
-0.009567898441391729
-0.004021132452376401
-0.014512434389323411
-0.012850909475678643
-0.010167211948210603
0.010850765945318603
0.006080475451641575
0.0018629078636906709
-0.0076798147784049135
0.0024100424123043203
0.004521919965841774
0.004265210252930151
0.001954215891403935
0.008078223022356348
0.010033332995399488
0.0071216733012567646
0.002138381594303171
0.004997568437018658
0.002586608649978958
0.0014697533232346286
-0.002763861965502841
0.002800288369097613
0.0015057689539526911
-0.001716199977345131
-0.010039647744281979
-0.009646525461199122
-0.005958254205082137
-0.00156513428980275
-0.0016906770733597024
0.0010100114761770148
0.0009439014384618487
0.00045325978479877514
-0.002291920806653532
0.0012916684191986122
0.00606858414936695
0.007324453536678706
0.002454806317023726
-0.0006621305727925629
-0.0012207773735391034
-0.0001134180001126141
-0.0005849058015193118
0.0012313767090851525
0.002092403807511166
0.0023075415959230546
-0.0006895569681993926
-0.0013324980307157165
-0.00022187916939602896
0.002616985888203179
0.0018133062496333418
0.0010468317158574929
0.0008659524648264949
0.0023993521778485115
0.0021475292674880643
0.001288992284061595
0.0010413280629745518
0.002271413040843376
0.00215740545565019
0.0011934941543330533
0.000600110210962519
0.0010043679174524109
0.00028817880370231763
-0.0022514299748619374
-0.0017847655018461397
-8.332466914292848e-07
0.0006794883574222823
-0.0003650407728599231
-0.001424065107821692
-0.0006683802936052755
-0.0006311372126179482
-0.00021903947264733162
0.0007614164679501434
0.0014837960038412772
0.0008924023797069009
-0.00038624770999111054
-0.0012777573831634181
-0.0007573716661282673
0.00044691022037755335
0.0005571985882498676
0.00015816738811391868
-0.000905781445741346
-0.0007459433108814951
-0.0002405725120219224
7.974174292348839e-06
0.000880810360974445
0.0008400204498432975
0.0008817158159461224
7.270964283800846e-05
-4.085068112406647e-05
0.0011361164989406492
0.0013980538191867534
0.0015879327826064421
0.001186044048732061
0.0003701711669315442
0.00034810882423244073
-0.00014815774844691718
2.3631658297431843e-05
-0.00025960671735567953
-5.773015142593145e-05
-0.00025502180961248206
-5.0044702223405466e-05
-0.00017509598847044523
1.8202295871856623e-05
-0.0001385001385184985
1.4569386272865557e-05
-0.00013366701650170372
2.6672552322035917e-05
-9.735793446726329e-05
6.81518608471733e-05
-5.755060906274074e-05
8.096377466486815e-05
-4.1255112564351744e-05
7.150563611080045e-05
-3.8188971746592455e-05
7.550067656741932e-05
-3.7872606309313404e-05
6.965069060232097e-05
-4.202238635357084e-05
5.493076847403735e-05
-4.320121433669231e-05
4.323363819140852e-05
-4.1833657302418024e-05
3.547377235567145e-05
-3.940264868204216e-05
3.120456069202938e-05
-3.5779545419640656e-05
2.9033476363083614e-05
-3.162199314849689e-05
2.6707165474760495e-05
-2.815983188056609e-05
2.4611854105081486e-05
-2.4914275077517838e-05
2.2783108523323047e-05
-2.1704248139122688e-05
2.0807038024754317e-05
-1.9080514733415925e-05
1.880815127016343e-05
-1.706158949062002e-05
1.6901507999044028e-05
-1.528826102871342e-05
1.499258730914459e-05
-1.3696925811902726e-05
1.3188870936472867e-05
-1.2263475241977486e-05
1.161229691494731e-05
-1.0980474925879283e-05
1.0269047171979247e-05
-9.830721718488526e-06
9.112560790646047e-06
-8.766079402770278e-06
8.097467726367498e-06
-7.78182874939734e-06
7.197413216535064e-06
-6.897857432052644e-06
6.394018268228788e-06
-6.105273125363211e-06
5.672524243881347e-06
-5.39767132412116e-06
5.026673687819928e-06
-4.7747532447931776e-06
4.449475574591654e-06
-4.226716579245997e-06
3.932461390746575e-06
-3.7419311869637227e-06
3.470037441562321e-06
-3.312978363569953e-06
3.058835565779121e-06
-2.9335339572402874e-06
2.695305570381756e-06
-2.5977265801101126e-06
2.3742147526520504e-06
-2.2997727320186578e-06
2.0899572058760175e-06
-2.0349437986349897e-06
1.8383351548389591e-06
-1.800039732718678e-06
1.6158457570617738e-06
-1.5922115719285094e-06
1.4190517420443593e-06
-1.4085985977963823e-06
1.2449825531467718e-06
-1.2466475337836406e-06
1.0910739016490624e-06
-1.103971983717057e-06
9.54970606154861e-07
-9.783168777329323e-07
8.345953241796142e-07
-8.676768013142554e-07
7.281550423147857e-07
-7.703067307837652e-07
6.340820515383688e-07
-6.846661755673962e-07
5.50966833055361e-07
-6.093722117630358e-07
4.775214321876592e-07
-5.432015928081186e-07
4.126063144629737e-07
-4.850992716613051e-07
3.5522727416363326e-07
-4.3414079678189693e-07
3.044965056469423e-07
-3.894996129932826e-07
2.5962005960463927e-07
-3.504402350204029e-07
2.1989621507489607e-07
-3.163107764529542e-07
1.8470505382589325e-07
-2.8653303017463563e-07
1.534992371044798e-07
-2.605955772079678e-07
1.2579672321096774e-07
-2.3804750785404866e-07
1.0117316037640961e-07
-2.184917907068623e-07
7.925423795322392e-08
-2.0157816098178433e-07
5.970875358653508e-08
-1.8699744803446082e-07
4.224392016706144e-08
-1.744776819260531e-07
2.660159999961012e-08
-1.6377985038919934e-07
1.2553995803847584e-08
-1.546934957465454e-07
-1.0015850648859015e-10
-1.4703329856728328e-07
-1.1538499718622558e-08
-1.406362994383595e-07
-2.191765989512616e-08
-1.3535932028672514e-07
-3.1375719569389036e-08
-1.3107662815651372e-07
-4.0034430177655206e-08
-1.276778748937439e-07
-4.8001170324142584e-08
-1.2506628564116357e-07
-5.5370675054993573e-08
-1.2315704855632784e-07
-6.222658517347594e-08
-1.2187587531439607e-07
-6.864278882627584e-08
-1.211577747884472e-07
-7.468457862737365e-08
-1.209459633634601e-07
-8.040968292675598e-08
-1.2119088759160283e-07
-8.586919107711477e-08
-1.218493590167207e-07
-9.110836116815214e-08
-1.228838025601857e-07
-9.61673254471114e-08
-1.2426159085076797e-07
-1.0108171731067076e-07
-1.259544614144346e-07
-1.0588322728018532e-07
-1.2793799579301083e-07
-1.1060009157550876e-07
-1.3019116834730657e-07
-1.1525752402233801e-07
-1.3269594562265521e-07
-1.1987809288543493e-07
-1.3543693748441481e-07
-1.2448205746783732e-07
-1.3840108791516367e-07
-1.2908765861731515e-07
-1.415774062610937e-07
-1.3371138036434474e-07
-1.449567292245344e-07
-1.383681744807617e-07
-1.4853151183769525e-07
-1.430716647026842e-07
-1.5229564581534585e-07
-1.4783432121013868e-07
-1.5624429765391404e-07
-1.5266761752827157e-07
-1.6037376896990176e-07
-1.5758216736965554e-07
-1.6468137402575814e-07
-1.625878472774774e-07
-1.6916533151821532e-07
-1.67693901162997e-07
-1.7382467031561025e-07
-1.72909037226296e-07
-1.786591487367697e-07
-1.7824150934836512e-07
-1.8366918188062495e-07
-1.8369919254146503e-07
-1.8885578003893398e-07
-1.8928964626868812e-07
-1.9422049399298296e-07
-1.9502017429336854e-07
-1.9976536888566265e-07
-2.0089787435982782e-07
-2.054929026020641e-07
-2.0692968472917528e-07
-2.114060118193681e-07
-2.131224244917879e-07
-2.175080004287048e-07
-2.1948282993231863e-07
-2.238025351164745e-07
-2.2601758669970945e-07
-2.302936224245813e-07
-2.3273335994719872e-07
-2.3698559073680013e-07
-2.396368186397815e-07
-2.438830737784667e-07
-2.467346615175447e-07
-2.5099099842869647e-07
-2.5403363692439677e-07
-2.583145732464628e-07
-2.615405627506384e-07
-2.6585928031980233e-07
-2.692623445208972e-07
-2.736308676125603e-07
-2.7720599152521283e-07
-2.816353451509131e-07
-2.853786333260964e-07
-2.898789799845924e-07
-2.937875321376934e-07
-2.9836829453511724e-07
-3.024400978957195e-07
-3.071100650679087e-07
-3.1134389899989835e-07
-3.161113210038355e-07
-3.2050667574633207e-07
-3.2537934666065915e-07
-3.299363509489013e-07
-3.3492168124331714e-07
-3.3964104037846523e-07
-3.447461229333978e-07
-3.4962906517079645e-07
-3.548607307465954e-07
-3.599089594473297e-07
-3.6527382856312365e-07
-3.704894821776345e-07
-3.759940092433467e-07
-3.813796265422602e-07
-3.8703014036933466e-07
-3.925886296086978e-07
-3.9839136783677113e-07
-4.0412598174586014e-07
-4.100871233461397e-07
-4.160014369005566e-07
-4.2212713018878554e-07
-4.28225021983919e-07
-4.345214101456399e-07
-4.4080704647174104e-07
-4.4728029001666475e-07
-4.537581116364868e-07
-4.6041441028043e-07
-4.6708912206788744e-07
-4.7393473206862324e-07
-4.808112934531761e-07
-4.878525459734578e-07
-4.949361648333428e-07
-5.021794807387459e-07
-5.094756073738965e-07
-5.169275127257962e-07
-5.244418360521308e-07
-5.321089749047575e-07
-5.39847419222389e-07
-5.477365666688161e-07
-5.557052913151075e-07
-5.638233650153562e-07
-5.720287619814107e-07
-5.803828334160349e-07
-5.888315296269896e-07
-5.974288347764672e-07
-6.061276912796426e-07
-6.149756410267536e-07
-6.239317563282859e-07
-6.330379458017663e-07
-6.422586578090639e-07
-6.516308763758298e-07
-6.611237656894281e-07
-6.707700060820405e-07
-6.80542899502562e-07
-6.904713669162246e-07
-7.005323424246618e-07
-7.107514637294434e-07
-7.211088541973255e-07
-7.316272866474474e-07
-7.422896862697374e-07
-7.531163262305875e-07
-7.640925950304876e-07
-7.752365876093721e-07
-7.865358587757706e-07
-7.980066056175166e-07
-8.096382906656006e-07
-8.214454598779938e-07
-8.334192565552512e-07
-8.455727916051314e-07
-8.578986903789998e-07
-8.704088185901293e-07
-8.830971109374808e-07
-8.959743537685638e-07
-9.090356394292343e-07
-9.222908211557745e-07
-9.35736017144452e-07
-9.493802749505065e-07
-9.63220623199923e-07
-9.77265417131945e-07
-9.915124943721265e-07
-1.0059696168296384e-06
-1.0206353436570392e-06
-1.0355169295338251e-06
-1.050613579894194e-06
-1.0659321184949833e-06
-1.0814723290144407e-06
-1.0972406725481137e-06
-1.1132374537238532e-06
-1.1294688312610268e-06
-1.1459355782825198e-06
-1.1626436037179277e-06
-1.1795941074626854e-06
-1.1967927935612344e-06
-1.2142412514064716e-06
-1.2319450206827766e-06
-1.249906047865899e-06
-1.2681297455949259e-06
-1.2866183886758517e-06
-1.3053772950565815e-06
-1.3244090427940239e-06
-1.343718884889121e-06
-1.3633096827489477e-06
-1.3831866491871916e-06
-1.4033529116234e-06
-1.4238136654414098e-06
-1.444572289970589e-06
-1.46563398317214e-06
-1.4870023635801376e-06
-1.5086826513121057e-06
-1.5306786938155785e-06
-1.5529957496827288e-06
-1.5756378858515323e-06
-1.5986104162004494e-06
-1.6219176203326278e-06
-1.6455648806966774e-06
-1.6695566843825515e-06
-1.6938984953665265e-06
-1.7185950045906818e-06
-1.7436517689760431e-06
-1.7690736801982167e-06
-1.7948663993492403e-06
-1.8210350172125946e-06
-1.8475853097200956e-06
-1.8745225649088957e-06
-1.9018526834283216e-06
-1.929581151010034e-06
-1.9577140023459847e-06
-1.986256920683341e-06
-2.0152160834106727e-06
-2.044597373502318e-06
-2.0744071193160366e-06
-2.104651404950114e-06
-2.135336718014913e-06
-2.1664693462958295e-06
-2.198055944716004e-06
-2.2301030073723638e-06
-2.262617364186953e-06
-2.2956057192935475e-06
-2.3290750856344578e-06
-2.3630323806598033e-06
-2.397484807355188e-06
-2.4324395012306765e-06
-2.4679038634900508e-06
-2.503885251567417e-06
-2.5403912721766453e-06
-2.5774295101949063e-06
-2.6150077852872544e-06
-2.653133914936462e-06
-2.691815939113995e-06
-2.7310619133214323e-06
-2.7708801060817925e-06
-2.8112788171101577e-06
-2.8522665504876477e-06
-2.893851856207441e-06
-2.9360434820532855e-06
-2.978850235091368e-06
-3.0222811144477862e-06
-3.066345190906594e-06
-3.1110517234814866e-06
-3.156410053637565e-06
-3.2024297080372743e-06
-3.2491203064161783e-06
-3.2964916518627395e-06
-3.344553649992782e-06
-3.3933163884908996e-06
-3.442790066896656e-06
-3.4929850665811613e-06
-3.5439118892697727e-06
-3.5955812186638098e-06
-3.648003867406588e-06
-3.7011908306881086e-06
-3.7551532407601763e-06
-3.809902413986002e-06
-3.8654498113362135e-06
-3.9218070801274934e-06
-3.9789860192037535e-06
-4.0369986165555635e-06
-4.095857018812654e-06
-4.155573565309007e-06
-4.216160759977841e-06
-4.277631303660186e-06
-4.339998068925155e-06
-4.403274128966968e-06
-4.467472735251304e-06
-4.532607342585122e-06
-4.598691593975853e-06
-4.665739338442949e-06
-4.733764620327662e-06
-4.802781695078471e-06
-4.872805019214108e-06
-4.9438492672497156e-06
-5.015929320439211e-06
-5.0890602838324014e-06
-5.1632574764913855e-06
-5.2385364459894834e-06
-5.314912963355709e-06
-5.3924030309509575e-06
-5.471022883381878e-06
-5.550788993559938e-06
-5.631718072815484e-06
-5.713827077630197e-06
-5.797133210191669e-06
-5.881653925608873e-06
-5.967406930870245e-06
-6.05441019323541e-06
-6.142681940434023e-06
-6.232240667469193e-06
-6.323105137566107e-06
-6.415294388429065e-06
-6.508827734705687e-06
-6.603724773286408e-06
-6.70000538644357e-06
-6.797689746198643e-06
-6.896798318484828e-06
-6.997351868683402e-06
-7.099371463745608e-06
-7.202878478404593e-06
-7.3078945986297834e-06
-7.414441827045565e-06
-7.522542486806575e-06
-7.632219226468668e-06
-7.743495024725987e-06
-7.856393195541651e-06
-7.97093739280481e-06
-8.087151615176948e-06
-8.205060211043677e-06
-8.32468788386758e-06
-8.446059697616025e-06
-8.56920108113001e-06
-8.69413783443959e-06
-8.820896133677579e-06
-8.949502536403995e-06
-9.07998398743732e-06
-9.212367824506888e-06
-9.346681783960819e-06
-9.482954006624866e-06
-9.621213043188385e-06
-9.76148786108438e-06
-9.903807849885257e-06
-1.0048202827600848e-05
-1.0194703046965796e-05
-1.034333920193651e-05
-1.0494142433938286e-05
-1.064714433846877e-05
-1.080237697148362e-05
-1.0959872856388135e-05
-1.1119664990869417e-05
-1.1281786853720041e-05
-1.1446272411757443e-05
-1.1613156127084919e-05
-1.1782472964088782e-05
-1.1954258397196002e-05
-1.2128548417759423e-05
-1.2305379542089202e-05
-1.2484788819037756e-05
-1.2666813837084004e-05
-1.285149273324692e-05
-1.3038864200256976e-05
-1.3228967495265112e-05
-1.3421842447522447e-05
-1.3617529467163637e-05
-1.381606955332159e-05
-1.4017504302900503e-05
-1.4221875919517309e-05
-1.4429227221845933e-05
-1.4639601652961657e-05
-1.4853043289291539e-05
-1.5069596849972481e-05
-1.5289307705854864e-05
-1.5512221889649744e-05
-1.5738386105382086e-05
-1.5967847737197204e-05
-1.6200654860630255e-05
-1.6436856252325136e-05
-1.6676501399874068e-05
-1.6919640511985415e-05
-1.7166324529909054e-05
-1.7416605137482425e-05
-1.7670534772438746e-05
-1.7928166636319877e-05
-1.8189554706444133e-05
-1.8454753747569076e-05
-1.8723819322615155e-05
-1.8996807805026286e-05
-1.927377638933801e-05
-1.955478310450287e-05
-1.9839886825507354e-05
-2.012914728552473e-05
-2.0422625088890184e-05
-2.072038172327615e-05
-2.1022479572967075e-05
-2.132898193218279e-05
-2.163995301684464e-05
-2.1955457980146146e-05
-2.227556292473112e-05
-2.2600334917523193e-05
-2.2929842002547204e-05
-2.326415321636825e-05
-2.360333860200155e-05
-2.3947469223682336e-05
-2.4296617181367467e-05
-2.465085562657044e-05
-2.5010258777560767e-05
-2.5374901934461028e-05
-2.5744861494936115e-05
-2.6120214970884004e-05
-2.6501041004172994e-05
-2.6887419383398847e-05
-2.7279431060213465e-05
-2.7677158166656028e-05
-2.8080684032328815e-05
-2.8490093201501577e-05
-2.890547145142124e-05
-2.932690580958211e-05
-2.975448457252642e-05
-3.0188297324216628e-05
-3.062843495449983e-05
-3.1074989678476426e-05
-3.1528055055820444e-05
-3.1987726010166946e-05
-3.2454098849181795e-05
-3.292727128458294e-05
-3.3407342452663775e-05
-3.389441293535358e-05
-3.4388584780648164e-05
-3.488996152481959e-05
-3.539864821331014e-05
-3.591475142339243e-05
-3.643837928582602e-05
-3.696964150837244e-05
-3.7508649397751835e-05
-3.8055515884214905e-05
-3.8610355543539174e-05
-3.9173284623254204e-05
-3.974442106444284e-05
-4.0323884528741145e-05
-4.091179642152099e-05
-4.150827991957363e-05
-4.2113459993698386e-05
-4.27274634389194e-05
-4.3350418896252046e-05
-4.3982456885457825e-05
-4.4623709825725985e-05
-4.527431207078901e-05
-4.5934399928621115e-05
-4.66041116997302e-05
-4.7283587695780456e-05
-4.797297027923789e-05
-4.867240388271041e-05
-4.9382035050560594e-05
-5.010201245793161e-05
-5.083248695298326e-05
-5.157361157779087e-05
-5.232554161131817e-05
-5.308843459114819e-05
-5.386245035640582e-05
-5.4647751071949325e-05
-5.5444501271615125e-05
-5.6252867882810665e-05
-5.707302027323127e-05
-5.790513027070375e-05
-5.874937222061661e-05
-5.960592299396577e-05
-6.047496206194498e-05
-6.135667148430798e-05
-6.22512360104598e-05
-6.315884304476855e-05
-6.407968276625638e-05
-6.501394807895914e-05
-6.596183475309305e-05
-6.69235413595108e-05
-6.78992694150885e-05
-6.888922333028703e-05
-6.989361052970689e-05
-7.091264144267991e-05
-7.194652956653844e-05
-7.29954915351197e-05
-7.405974708475486e-05
-7.513951925037631e-05
-7.623503418181392e-05
-7.734652151250346e-05
-7.847421398403975e-05
-7.96183480339414e-05
-8.077916317987484e-05
-8.195690287348763e-05
-8.315181359348295e-05
-8.436414602039675e-05
-8.559415378763685e-05
-8.68420950228847e-05
-8.81082307132696e-05
-8.939282666647896e-05
-9.06961514251666e-05
-9.201847872579915e-05
-9.336008486200481e-05
-9.472125177046329e-05
-9.61022636835743e-05
-9.750341102663816e-05
-9.892498614639958e-05
-0.00010036728826319117
-0.00010183061802108897
-0.00010331528373195165
-0.00010482159455359099
-0.0001063498681613071
-0.00010790042249810309
-0.00010947358481228162
-0.0001110696822360509
-0.00011268905163846997
-0.00011433202994359402
-0.0001159989635378055
-0.00011769019983094752
-0.00011940609462574112
-0.00012114700640652575
-0.0001229133005847408
-0.00012470534677252836
-0.00012652352094760832
-0.00012836820279932748
-0.00013023978091785082
-0.00013213864290627223
-0.0001340651927644739
-0.00013601982444641714
-0.00013800295901328103
-0.0001400149966363745
-0.00014205637745888728
-0.00014412750550193108
-0.0001462288421260659
-0.0001483607994652342
-0.00015052384997977673
-0.00015271842905723184
-0.0001549450087508519
-0.00015720405643587093
-0.0001594960352098452
-0.00016182145654447186
-0.00016418075852467514
-0.0001665745111305044
-0.00016900311382251287
-0.00017146720486239247
-0.00017396714042406904
-0.00017650363197524248
-0.00017907699081441296
-0.00018168800845684433
-0.00018433694764008923
-0.00018702468322884545
-0.00018975143259758345
-0.0001925181515370542
-0.00019532500785598484
-0.00019817304755770046
-0.00020106236811250544
-0.0002039941198893912
-0.00020696831703966934
-0.00020998622935603309
-0.00021304777957534585
-0.00021615436893075723
-0.0002193058187886038
-0.00022250369421308934
-0.00022574767149115016
-0.00022903953191238537
-0.0002323787535462859
-0.00023576737813325166
-0.0002392046427544253
-0.00024269286969337285
-0.0002462310781642606
-0.0002498217832423362
-0.0002534639511407585
-0.00025716006431962584
-0.0002609092797773384
-0.00026471382303588475
-0.00026857331193920605
-0.0002724893718757385
-0.00027646248563785073
-0.00028049332119431126
-0.00028458337601027634
-0.0002887325440234246
-0.00029294266141309023
-0.00029721419084900616
-0.0003015470538326409
-0.0003059457588318443
-0.00031040343799640445
-0.0003149331497596513
-0.0003195162823850287
-0.00032417840620016774
-0.00032889015227300766
-0.0003336835977738621
-0.0003385366301064021
-0.00034346313625680056
-0.00034845773077072447
-0.0003535241691919127
-0.0003586746032224568
-0.0003638709344475104
-0.00036920140672461513
-0.00037454310238931704
-0.00038006201442073324
-0.0003855624110945323
-0.0003912763082018199
-0.0003969459897797702
-0.00040285168965276705
-0.0004086890942990759
-0.00041476957326559553
-0.0004207729017233902
-0.00042702499174178204
-0.00043319859895126937
-0.00043963361141252265
-0.00044597605718103893
-0.00045260985612055084
-0.00045914366490246617
-0.00046599697691835604
-0.000472734133434953
-0.00047982485330633705
-0.00048674607454603913
-0.0004940614893729397
-0.0005011448630010026
-0.0005086907893724259
-0.0005159454030649055
-0.0005237103869198808
-0.0005311509571713953
-0.0005391533366819988
-0.0005467899977324156
-0.0005550471430392288
-0.0005628939588517331
-0.0005714139488170716
-0.0005794910070245204
-0.0005882408160457985
-0.0005965668788871733
-0.0006054790289504334
-0.0006141970265649242
-0.0006231375280213586
-0.0006322596358857746
-0.0006412962133331929
-0.0006507907643575079
-0.0006600629281002397
-0.0006698305601289697
-0.0006795649158328042
-0.0006892836302020474
-0.000699986459890256
-0.000708966649037345
-0.0007215617734257843
-0.0007286450409251157
-0.0007445796100614896
-0.0007476520196102424
-0.0007694574518407888
-0.00076749273785226
-0.000770984347229383
-0.0007552868314797644
-0.0007586263832208458
-0.0008167042146319768
-0.0007599798374665684
-0.0008165313241425241
-0.0007589119394240998
-0.0008229351958245184
-0.000753530677951985
-0.0008879195287095874
-0.0008345238671570131
-0.0009799253661029253
-0.0009430693495471841
-0.0010782463688690964
-0.0010792875980295945
-0.001184650673104087
-0.0011976734367889277
-0.001233812475741971
-0.001247529533893623
-0.0012611893981176424
-0.001253473515250349
-0.0012790814715737762
-0.0012251884721098665
-0.0013421653089846618
-0.0012548012511800367
-0.0014270463121476562
-0.0012842150167591427
-0.0014602661025971929
-0.001305211542207142
-0.0014796294120780432
-0.0013479983181388482
-0.0015057474984334187
-0.0013997594395248798
-0.0015140628769721278
-0.0014213767349450144
-0.001542779214630822
-0.0014609110971186075
-0.0016370053485668615
-0.0015203114946375895
-0.0016655041179467305
-0.0015548783430032465
-0.0016459148280849045
-0.0015453655468657401
-0.0016047723040832351
-0.0014480803545256216
-0.0015050254414808867
-0.0013730328690877876
-0.0013826241159285192
-0.0013675372479172027
-0.0013899870915613372
-0.001417685195054641
-0.0015307918437891394
-0.001513551122640705
-0.001692703195505102
-0.0016361825255774703
-0.0018580445336866154
-0.0017822237645574168
-0.0019022489208790454
-0.001943047518163361
-0.0019232729280279984
-0.00194402867770678
-0.0018816442584946164
-0.0019541470050095933
