-0.002377852483651699
-0.0022723057142012364
-0.0024581261380037956
-0.002403808496627598
-0.002716479816459153
-0.0025225906342891662
-0.0028788158751083563
-0.0024430348817314285
-0.002900983986556142
-0.0023664429946973348
-0.0029418628788110837
-0.002388979796467971
-0.0030270297395047123
-0.002336917002105189
-0.0031651397591767475
-0.002389648511604719
-0.003250379341868686
-0.002134975488621885
-0.003966641187600272
-0.0021860188144869077
-0.004699905228406754
-0.0016542585041460342
-0.005441533401177238
-0.0019354375429576844
-0.006546476830515159
-0.0015438091906900943
-0.007541782832999591
-0.0009210637435118094
-0.008683867981087823
0.0005776648159645092
-0.010162519802536919
0.0019875220422449456
-0.012237392341875222
0.004360659659518076
-0.016603915888885802
0.019548756519530777
0.413285023721343
0.4444218897406934
0.26631806544298
0.14619259488568143
0.17362777802056853
0.39752608386859156
0.055018982990590895
-0.09511081346608659
-0.12441735819327557
-0.20562380733835905
-0.2915181234456411
-0.4312240051230176
-0.33584248224338986
-0.08429057208700358
0.002037145074475137
-0.08120865264555031
0.013297100016897597
-0.009850746431118274
0.13524084202859077
0.2607840389782038
0.22317918573305612
0.08041782207175961
-0.08716019183031148
-0.07022466047638966
-0.08956751827517945
-0.04359289860957546
-0.02398790489455141
-0.050493743313878445
-0.00728519795166045
-0.14563419096727967
-0.15511699600668627
0.0556309575555708
0.18202652938165592
0.15295310316741423
0.016316429930157337
-0.08518503892446327
-0.06440745174084289
-0.0010227376720503751
0.06007871316886034
0.047570269820753644
-0.0388862208042981
-0.030354307780430363
-0.025036402287575095
-0.038265622603394896
-0.02385237438957543
0.0031263501089967465
0.026434860479551646
0.0038614103521024835
-0.007957409673959207
-0.00429049325252691
0.026257387166827746
0.0432901666750751
-0.000856848295460827
-0.02483256690015255
-0.013772278374085085
0.010198851795981081
-0.011790028465832818
-0.008268284737678249
0.004102029923052317
0.01854309944172669
0.00547734566626175
-0.02193640234487493
-0.01969598580541078
0.0030654533723716835
0.02412968140918506
0.02027475151000535
0.0050267124757345
-0.004904581277567498
-0.021097606086127912
-0.024616646625109807
0.0017704270386545411
0.01176776391329431
0.0033018651874895497
-0.005942918207069414
-0.009940762893479343
-0.00736847408507087
-0.004028042778529524
0.00639761273696702
0.014627173283551367
0.011106045604669273
0.0014926652639876367
-0.004512848529448786
0.0010465983933057386
0.004424856043495167
-0.005970202762167705
-0.011363482152389274
-0.002245449773561309
0.0027658927699061573
-0.0015116515652667712
-3.3764707519775606e-05
0.0037318624883605376
-0.0013580186507084915
-0.0071934274267963245
-0.003264743065811418
0.001280952202437223
0.004389493428564299
0.0016994886350823707
-0.0002529866627094741
-0.0007440100172634858
-0.0012160231638745776
-0.004929148933977508
-0.003160126476274858
0.0033834257278326477
0.006057219138995709
0.002934398755427856
0.0025218312586515338
0.000764166479231014
-0.0015792463659147539
-0.0012790484601938347
0.0029343992203128082
0.005877646141664155
0.003542823377901702
0.0006166793870749009
-0.0031284736031646897
-0.0026154214919766926
-0.0005748723203573051
7.814557561550649e-05
-0.0012909110060109893
0.00047214286359828164
7.823976425145283e-06
-0.0017561319842877125
-0.001416747372099333
-0.00037133133703300423
-0.0021148651958345396
-0.0032040522066608124
-0.00028085713431609386
0.0004471794837418298
0.000584627967350163
0.0002490882860999681
0.0006670532837468551
0.0008499431189207913
0.0003057085360862132
0.000996767414349654
0.00028481973242975786
0.0016909026516625798
0.00228787547754125
0.0009205765010408896
-0.000408788954366015
-0.0012009747946670124
-0.001141292354841689
-0.0006785378363570413
0.00021887313255006675
0.0014058999407882565
0.0009279610095083957
0.0002965939170810861
-0.00019308704829398753
8.57565245758743e-05
0.0005965519932541706
0.0014228717396889197
0.0023028616455881942
0.001033046678786713
-0.0006765503637761003
-0.0017639212710066883
-0.001569590145715291
-0.0009789014534564225
-0.0010591177631448267
-0.001731313431247201
-0.0015851663464121453
-0.0014143992949104843
-0.0010290600913505387
-0.0006615217297597613
0.0005681673875631522
0.0015629521440363205
0.0020597829307757486
0.002416581782239971
0.002952817774509628
0.00332215106747288
0.003155093321232979
0.002363393502656962
0.0014613032280574388
0.0007515178592434063
0.00045534210021021607
-1.72072063443975e-05
-0.0001858177241647662
-0.00031195732763213634
-0.0002077252593244954
-0.0003622574004571052
-0.00022936749905635021
-0.0002690014976245629
-0.00019892582479785065
-0.00018734379825892928
-0.0001572232271586497
-0.00013388457794019073
-9.972721048330323e-05
-7.732950443710716e-05
-6.180905147279734e-05
-4.8284251284024324e-05
-3.494170562837195e-05
-2.9280323144703125e-05
-2.111074924643557e-05
-8.227175164045894e-06
-1.0335956968288889e-06
8.267863919176818e-06
1.3446837972689793e-05
1.8691736187671955e-05
1.6913157347083624e-05
1.9399089602985427e-05
1.4917233211503636e-05
1.3959001160255289e-05
1.0311233174591008e-05
8.591454009999801e-06
5.576583677337557e-06
4.4733404373645605e-06
2.5447804399714863e-06
1.5717286681957848e-06
4.4613722881563407e-07
-6.24682295967581e-08
-7.308290999187127e-07
-9.446745413833717e-07
-1.0709847215851587e-06
-1.1379615992446884e-06
-1.0857913421901885e-06
-1.0039039574005412e-06
-9.096444127346549e-07
-8.534807891275725e-07
-6.851358555469162e-07
-6.442849798077126e-07
-4.889307021429439e-07
-4.1072187872840185e-07
-2.779839053843828e-07
-2.1394065621079417e-07
-1.0235794286814204e-07
-6.041408008930493e-08
3.2951014102607784e-09
2.4764472838709195e-08
5.5618952258477267e-08
5.536656986398006e-08
6.510068616995268e-08
5.816921202876635e-08
5.305389843071606e-08
4.256209887244962e-08
3.3832299303673125e-08
2.1474779929352497e-08
1.1392302002579888e-08
2.4517082422396974e-09
-7.102654482355614e-09
-1.3224259083188111e-08
-1.957125780980163e-08
-2.3492163569484303e-08
-2.771915694259287e-08
-2.9451923639931357e-08
-3.213300256351423e-08
-3.2879272128158964e-08
-3.418783600574876e-08
-3.426071384059204e-08
-3.486369312786109e-08
-3.449509610896004e-08
-3.4598057383503165e-08
-3.423362479495866e-08
-3.4139140614523585e-08
-3.385734419846073e-08
-3.386067342459704e-08
-3.377088943955437e-08
-3.38788311831105e-08
-3.403931397784766e-08
-3.42905309807769e-08
-3.46209965817329e-08
-3.5024086747145744e-08
-3.549602781930533e-08
-3.599599102208778e-08
-3.657137722084397e-08
-3.714598127528557e-08
-3.777233065411535e-08
-3.8393011524747583e-08
-3.9050155652923385e-08
-3.969212059029559e-08
-4.036284169482013e-08
-4.1021737973503947e-08
-4.169786089157357e-08
-4.236783514798524e-08
-4.305187673778855e-08
-4.373185247068777e-08
-4.4423797062697994e-08
-4.511727495122857e-08
-4.582016474748152e-08
-4.652861537637193e-08
-4.7247154489997445e-08
-4.797361207484023e-08
-4.871055210922681e-08
-4.94580658539235e-08
-5.0216360999565807e-08
-5.0986577830960424e-08
-5.1768440730579415e-08
-5.25630489379373e-08
-5.336974798306627e-08
-5.418989644078581e-08
-5.502262096727245e-08
-5.586903484245884e-08
-5.6728548768203435e-08
-5.760199818082706e-08
-5.84888872433428e-08
-5.938996814995601e-08
-6.030491156265583e-08
-6.12342528302258e-08
-6.217789373175533e-08
-6.313624491532249e-08
-6.410931171932192e-08
-6.509745058432513e-08
-6.610077196093477e-08
-6.71195593028584e-08
-6.815400552620011e-08
-6.920437076959093e-08
-7.027088558156196e-08
-7.135380131724294e-08
-7.245338259773615e-08
-7.356987170476794e-08
-7.470355060609259e-08
-7.585467195342366e-08
-7.702352398514776e-08
-7.821036588457828e-08
-7.941549614936486e-08
-8.063918413358595e-08
-8.188173041830766e-08
-8.314341560540636e-08
-8.442454539388385e-08
-8.572541351835414e-08
-8.704633181063574e-08
-8.838760406503117e-08
-8.974954748830477e-08
-9.113247755274134e-08
-9.253672010383837e-08
-9.39626016505709e-08
-9.54104568714044e-08
-9.688062290941278e-08
-9.837344395243613e-08
-9.988926865647438e-08
-1.0142845101464813e-07
-1.029913508390724e-07
-1.0457833346251121e-07
-1.0618977007556454e-07
-1.0782603714575272e-07
-1.0948751736565131e-07
-1.1117459851987268e-07
-1.1288767559337843e-07
-1.1462714925272906e-07
-1.1639342640396011e-07
-1.18186919392048e-07
-1.200080480625069e-07
-1.2185723817594626e-07
-1.2373492229737423e-07
-1.2564153909297047e-07
-1.2757753440478803e-07
-1.2954336148685193e-07
-1.3153947998786582e-07
-1.3356635665464234e-07
-1.3562446480035618e-07
-1.377142858617565e-07
-1.398363088615383e-07
-1.4199102986076594e-07
-1.441789528802825e-07
-1.4640058940414515e-07
-1.4865645878571303e-07
-1.5094708857686526e-07
-1.5327301439297715e-07
-1.5563478001220596e-07
-1.5803293793893725e-07
-1.6046804874659572e-07
-1.6294068204175845e-07
-1.6545141580208683e-07
-1.6800083695294593e-07
-1.705895419292381e-07
-1.7321813595690214e-07
-1.7588723379904773e-07
-1.7859745940203113e-07
-1.8134944650109058e-07
-1.8414383862218938e-07
-1.869812894220082e-07
-1.8986246229856733e-07
-1.9278803070284684e-07
-1.9575867878757983e-07
-1.9877510106934733e-07
-2.0183800312871705e-07
-2.0494810114108036e-07
-2.0810612198668183e-07
-2.1131280454605785e-07
-2.1456889838641566e-07
-2.1787516540125017e-07
-2.21232378188154e-07
-2.2464132143382805e-07
-2.2810279285702915e-07
-2.3161760196485463e-07
-2.3518657052065683e-07
-2.38810532731705e-07
-2.4249033600727294e-07
-2.4622684070569473e-07
-2.5002092110711083e-07
-2.538734639309301e-07
-2.5778537022830457e-07
-2.6175755444939053e-07
-2.657909455071675e-07
-2.6988648707581067e-07
-2.740451359034557e-07
-2.7826786510502886e-07
-2.825556617608478e-07
-2.8690952859344865e-07
-2.913304840428295e-07
-2.9581956091564304e-07
-3.0037780918926865e-07
-3.0500629523378883e-07
-3.0970610140866606e-07
-3.144783263461261e-07
-3.19324085579914e-07
-3.242445124764068e-07
-3.2924075788788587e-07
-3.343139899137683e-07
-3.3946539470348577e-07
-3.446961768943397e-07
-3.500075597420932e-07
-3.5540078521472773e-07
-3.6087711393487164e-07
-3.664378265220156e-07
-3.720842236905786e-07
-3.7781762546838793e-07
-3.836393728390286e-07
-3.8955082656833007e-07
-3.9555336910253314e-07
-4.0164840412609815e-07
-4.0783735684446487e-07
-4.1412167464151273e-07
-4.205028266458799e-07
-4.26982305012924e-07
-4.3356162478946783e-07
-4.4024232472711367e-07
-4.4702596680400164e-07
-4.539141372529587e-07
-4.6090844653488144e-07
-4.6801053029624923e-07
-4.7522204941162494e-07
-4.825446898275298e-07
-4.899801638517227e-07
-4.975302102666612e-07
-5.051965945620639e-07
-5.129811092511715e-07
-5.208855745234909e-07
-5.289118385669658e-07
-5.370617786812359e-07
-5.453373002594351e-07
-5.537403381140893e-07
-5.62272857503477e-07
-5.709368535466476e-07
-5.797343523377373e-07
-5.886674105737896e-07
-5.977381170643985e-07
-6.06948593100988e-07
-6.163009923830856e-07
-6.257975016948653e-07
-6.354403414140716e-07
-6.4523176656478e-07
-6.551740667493089e-07
-6.652695664910446e-07
-6.755206265612879e-07
-6.859296441188989e-07
-6.964990529323423e-07
-7.072313246009321e-07
-7.181289684004416e-07
-7.291945328564975e-07
-7.404306053560017e-07
-7.518398130040849e-07
-7.634248239823949e-07
-7.751883467355114e-07
-7.87133132562623e-07
-7.992619739730089e-07
-8.115777071873346e-07
-8.240832126277242e-07
-8.367814136869475e-07
-8.496752799281443e-07
-8.627678255573867e-07
-8.760621129505486e-07
-8.895612511397588e-07
-9.032683949555809e-07
-9.171867508400711e-07
-9.313195725758894e-07
-9.456701660290334e-07
-9.60241886172053e-07
-9.750381393443946e-07
-9.900623866854197e-07
-1.0053181413889872e-06
-1.0208089701647417e-06
-1.0365384950682469e-06
-1.0525103944095462e-06
-1.0687284027009053e-06
-1.0851963127764264e-06
-1.1019179742752499e-06
-1.1188972985753248e-06
-1.1361382548868114e-06
-1.1536448746235842e-06
-1.1714212522766655e-06
-1.1894715435305323e-06
-1.2077999703634205e-06
-1.226410817419584e-06
-1.2453084367071432e-06
-1.2644972477776281e-06
-1.2839817364568122e-06
-1.3037664590084819e-06
-1.3238560421890803e-06
-1.3442551839346582e-06
-1.3649686538639433e-06
-1.3860012943801066e-06
-1.4073580242137188e-06
-1.4290438376507973e-06
-1.4510638051859308e-06
-1.473423076081429e-06
-1.496126878205127e-06
-1.519180520717688e-06
-1.5425893941482804e-06
-1.5663589717200706e-06
-1.5904948121297363e-06
-1.615002558753723e-06
-1.6398879425305948e-06
-1.6651567823469573e-06
-1.6908149864857877e-06
-1.7168685549073803e-06
-1.7433235794672708e-06
-1.7701862464192253e-06
-1.797462837280217e-06
-1.8251597298443722e-06
-1.8532834003825993e-06
-1.8818404252246568e-06
-1.9108374820827473e-06
-1.9402813512432726e-06
-1.9701789174680906e-06
-2.0005371716563802e-06
-2.0313632128204917e-06
-2.062664248708712e-06
-2.094447598355309e-06
-2.126720693815254e-06
-2.159491081714455e-06
-2.1927664248522216e-06
-2.2265545037642234e-06
-2.2608632191199046e-06
-2.295700593402117e-06
-2.33107477250194e-06
-2.3669940282175506e-06
-2.403466759677564e-06
-2.4405014951989212e-06
-2.4781068944414175e-06
-2.5162917509299887e-06
-2.5550649933731018e-06
-2.5944356879786107e-06
-2.634413040901451e-06
-2.6750064001275498e-06
-2.716225257909377e-06
-2.7580792522213793e-06
-2.8005781695528836e-06
-2.8437319477617184e-06
-2.887550677385664e-06
-2.932044604784037e-06
-2.977224133875883e-06
-3.0230998287611444e-06
-3.0696824170222173e-06
-3.1169827907837067e-06
-3.165012010213422e-06
-3.2137813064277154e-06
-3.263302082941004e-06
-3.3135859191730024e-06
-3.3646445732702507e-06
-3.4164899838234897e-06
-3.469134274385261e-06
-3.5225897548514518e-06
-3.576868924031395e-06
-3.631984474944958e-06
-3.687949294531377e-06
-3.7447764698684063e-06
-3.8024792884325254e-06
-3.861071242134692e-06
-3.920566032995787e-06
-3.980977571817115e-06
-4.042319985433657e-06
-4.1046076167919505e-06
-4.167855030694266e-06
-4.232077016794048e-06
-4.297288591584118e-06
-4.363505003747653e-06
-4.430741736755062e-06
-4.4990145126678e-06
-4.568339295820648e-06
-4.638732296619562e-06
-4.710209974197535e-06
-4.782789043244855e-06
-4.856486474248819e-06
-4.931319500646111e-06
-5.007305620893625e-06
-5.0844626017709435e-06
-5.162808485671168e-06
-5.242361591685008e-06
-5.323140522289771e-06
-5.405164165960333e-06
-5.4884517019762775e-06
-5.573022606274961e-06
-5.6588966532611536e-06
-5.746093923290636e-06
-5.834634805557647e-06
-5.924540003685871e-06
-6.015830540797434e-06
-6.108527763171872e-06
-6.20265334612749e-06
-6.298229298961396e-06
-6.395277969948893e-06
-6.49382205255406e-06
-6.593884589777455e-06
-6.695488978874267e-06
-6.798658977838495e-06
-6.903418710658645e-06
-7.009792674254184e-06
-7.1178057417917075e-06
-7.2274831695128125e-06
-7.338850603835295e-06
-7.451934085834404e-06
-7.56676005802707e-06
-7.683355369981503e-06
-7.801747285109364e-06
-7.921963487460531e-06
-8.044032087120958e-06
-8.167981627438953e-06
-8.293841091401642e-06
-8.421639909057376e-06
-8.55140796379673e-06
-8.683175599153814e-06
-8.816973626115946e-06
-8.952833331220223e-06
-9.090786482464206e-06
-9.23086533752423e-06
-9.373102651209385e-06
-9.517531682805215e-06
-9.664186204254097e-06
-9.813100507850207e-06
-9.964309414345167e-06
-1.0117848281183276e-05
-1.0273753010431571e-05
-1.043206005695222e-05
-1.0592806437891691e-05
-1.075602974100041e-05
-1.0921768133015527e-05
-1.1090060368162838e-05
-1.1260945798184004e-05
-1.1434464381823847e-05
-1.1610656692959674e-05
-1.1789563930461036e-05
-1.1971227928325463e-05
-1.2155691165386854e-05
-1.2342996774990928e-05
-1.2533188554374056e-05
-1.2726310976198175e-05
-1.2922409198817066e-05
-1.3121529075807523e-05
-1.3323717167426988e-05
-1.3529020751253769e-05
-1.3737487833780852e-05
-1.3949167161196531e-05
-1.4164108230199863e-05
-1.43823613007163e-05
-1.4603977407362263e-05
-1.4829008370183374e-05
-1.5057506808426404e-05
-1.5289526152491078e-05
-1.552512065513688e-05
-1.5764345405609706e-05
-1.6007256341614965e-05
-1.625391026390762e-05
-1.6504364847659547e-05
-1.6758678656044357e-05
-1.7016911155556726e-05
-1.7279122729220485e-05
-1.7545374690640543e-05
-1.781572929699033e-05
-1.8090249765453123e-05
-1.836900028718801e-05
-1.8652046042951485e-05
-1.8939453217442243e-05
-1.9231289014996593e-05
-1.952762167589401e-05
-1.9828520491815393e-05
-2.0134055822313562e-05
-2.0444299110067114e-05
-2.075932290003296e-05
-2.1079200854289167e-05
-2.1404007770442317e-05
-2.173381959823099e-05
-2.2068713457244326e-05
-2.2408767656046172e-05
-2.275406170982046e-05
-2.310467635914938e-05
-2.346069358828923e-05
-2.382219664491189e-05
-2.41892700593722e-05
-2.456199966440293e-05
-2.4940472615853993e-05
-2.5324777412494504e-05
-2.571500391640658e-05
-2.6111243374305214e-05
-2.6513588439120708e-05
-2.6922133191678577e-05
-2.7336973161992746e-05
-2.775820535190184e-05
-2.818592825891517e-05
-2.862024189799673e-05
-2.9061247824680033e-05
-2.9509049159197104e-05
-2.9963750611043154e-05
-3.042545850401215e-05
-3.0894280799235215e-05
-3.1370327121457614e-05
-3.185370878485956e-05
-3.234453881907271e-05
-3.2842931995081745e-05
-3.334900485200791e-05
-3.3862875725561466e-05
-3.438466477452204e-05
-3.491449400900865e-05
-3.54524873190324e-05
-3.599877050402948e-05
-3.6553471301774883e-05
-3.711671941829383e-05
-3.76886465579835e-05
-3.82693864549458e-05
-3.885907490390646e-05
-3.945784979212698e-05
-4.006585113116028e-05
-4.068322109049797e-05
-4.131010402989789e-05
-4.194664653400142e-05
-4.259299744549579e-05
-4.32493079012327e-05
-4.391573136674435e-05
-4.4592423672205374e-05
-4.527954304873387e-05
-4.597725016640235e-05
-4.6685708170237815e-05
-4.7405082720386894e-05
-4.813554202784474e-05
-4.887725689703892e-05
-4.9630400763353e-05
-5.03951497358954e-05
-5.1171682635485494e-05
-5.196018104068872e-05
-5.276082932526168e-05
-5.357381470709639e-05
-5.439932728487336e-05
-5.523756009058337e-05
-5.60887091269344e-05
-5.6952973420079656e-05
-5.7830555059029155e-05
-5.872165925160911e-05
-5.962649436156136e-05
-6.054527197055302e-05
-6.147820691375784e-05
-6.242551734552239e-05
-6.33874247721179e-05
-6.436415412317551e-05
-6.535593378560734e-05
-6.636299567976947e-05
-6.738557528258865e-05
-6.842391172047923e-05
-6.947824778143539e-05
-7.05488300233758e-05
-7.163590876995123e-05
-7.273973823729817e-05
-7.386057652034679e-05
-7.499868573166042e-05
-7.615433197833338e-05
-7.732778550921895e-05
-7.851932069132859e-05
-7.972921616832405e-05
-8.095775481833353e-05
-8.220522394796354e-05
-8.347191520479795e-05
-8.475812483188375e-05
-8.606415351670386e-05
-8.73903067214344e-05
-8.873689445685652e-05
-9.01042316898892e-05
-9.14926380480149e-05
-9.29024382975473e-05
-9.433396197998552e-05
-9.578754397168861e-05
-9.72635240214432e-05
-9.876224744559186e-05
-0.0001002840644984404
-0.00010182933126891194
-0.0001033984088154357
-0.00010499166434235242
-0.00010660947003101663
-0.00010825220454489896
-0.00010992025152464975
-0.0001116140014466037
-0.00011333384976171861
-0.00011508019914366861
-0.00011685345721788951
-0.00011865403927348046
-0.00012048236547054542
-0.00012233886417899534
-0.00012422396843676515
-0.00012613812020652706
-0.0001280817657174745
-0.00013005536106517972
-0.00013205936598217698
-0.00013409425123264056
-0.0001361604903701132
-0.00013825856935809674
-0.00014038897588847113
-0.00014255221168119753
-0.00014474877886064014
-0.00014697919554356083
-0.00014924397820152875
-0.0001515436622212627
-0.0001538787781824578
-0.00015624987890690062
-0.00015865751024357524
-0.00016110224095139164
-0.00016358463455759032
-0.00016610527536377068
-0.0001686647445997662
-0.00017126364701290793
-0.00017390257725768754
-0.00017658216767801643
-0.00017930302228018794
-0.00018206580587377632
-0.00018487113098881192
-0.00018771969429928737
-0.00019061212020230964
-0.00019354913211761646
-0.00019653137387941116
-0.00019955958884409076
-0.0002026344438388785
-0.00020575670441042314
-0.0002089270512640146
-0.00021214628745131812
-0.00021541508941977925
-0.00021873431386328708
-0.00022210462357596483
-0.00022552693249811625
-0.0002290018942369771
-0.0002325304760532978
-0.00023611332651127617
-0.0002397514690164874
-0.0002434455431863155
-0.0002471966417156215
-0.0002510053813627182
-0.0002548729558487534
-0.0002587999220022897
-0.00026278763136621767
-0.000266836531462957
-0.0002709481814223443
-0.0002751228820267521
-0.0002793624199332552
-0.000283666925869869
-0.00028803842237076316
-0.0002924768411979575
-0.00029698444525318456
-0.0003015609487501716
-0.00030620886151244605
-0.00031092765272382585
-0.0003157201419548472
-0.0003205854520981124
-0.0003255268805488754
-0.000330543020343075
-0.00033563787324399194
-0.000340809308918179
-0.000346062262771322
-0.00035139361914855315
-0.0003568095899412118
-0.0003623056849436806
-0.00036788984962923636
-0.00037355566342146384
-0.000379313572269906
-0.00038515378978086007
-0.0003910933051143631
-0.0003971149966944913
-0.00040324305366839326
-0.0004094591299448804
-0.0004157807763928022
-0.00042220224491529377
-0.0004287262236733185
-0.00043535659751065665
-0.00044209130514230783
-0.00044892708428457867
-0.0004558752673395367
-0.0004629177591088389
-0.0004700859900833676
-0.000477332563790549
-0.00048472481578875867
-0.0004921856217946574
-0.0004998009465937573
-0.0005074887889784515
-0.0005153290329515445
-0.000523251362371902
-0.0005313340679623347
-0.000539495540289716
-0.0005478436695153233
-0.0005562497519045638
-0.0005648796568197268
-0.0005735467114117432
-0.0005824631233310828
-0.0005914010048655716
-0.0006006126365168743
-0.0006098269697451188
-0.0006193392122001724
-0.0006288480372344616
-0.0006386622390538227
-0.000648448419621478
-0.0006585736658557655
-0.0006685776839150774
-0.0006790162850372912
-0.0006891750661369139
-0.0006999139635478643
-0.0007101794292254712
-0.0007212482406642011
-0.0007316264576323339
-0.0007430959487644783
-0.0007536280315880413
-0.000765624172766685
-0.0007764086220160091
-0.0007890409272935135
-0.0008001272307237182
-0.0008135431187020735
-0.0008248748762315298
-0.0008391606711528501
-0.0008506947605666591
-0.0008658846083195403
-0.0008774607060930165
-0.0008936683899511447
-0.0009049816519849485
-0.000922520428350582
-0.0009331249402664752
-0.0009525564225270895
-0.0009614275099823766
-0.0009845608852590004
-0.0009882539986891883
-0.0010224109746523463
-0.0010023235969490313
-0.0010408603019540774
-0.0010249528627810436
-0.0010336552864348009
-0.0010419534925943707
-0.0010613876384192242
-0.0010578452975178142
-0.0010733320871802628
-0.0011073815791582328
-0.00111864403673957
-0.0011452021993452258
-0.0011645498467796854
-0.0011760296403079728
-0.0012180436813369437
-0.001234563595374186
-0.0012492258376818992
-0.0012979882051582926
-0.0013011258174008018
-0.0013443736750074348
-0.0013363514866145802
-0.0013558556835291703
-0.001348370980404359
-0.0013695133200521238
-0.0013857965576855045
-0.0013985382237839744
-0.0014360779293184928
-0.00142214682105383
-0.0014696903373069082
-0.0014535907625734734
-0.0014886419784728312
-0.0015072573447913566
-0.0015179803604123687
-0.0015978010864186043
-0.0016476063658153184
-0.00178334478552937
-0.0018889341972106455
-0.0020466432171332982
-0.002253368674462266
-0.002385068205690885
-0.0025112506144450916
-0.002585038564293027
-0.002549713081372751
-0.002620516963799391
-0.002464055998419229
-0.0024084090751151366
-0.0022430088996107894
-0.002126458043740509
-0.0020541136980514922
-0.0019258149767743607
-0.0019099332944005343
-0.0018610676085575595
-0.001935412370588127
-0.001899342441626914
-0.001999799993285159
-0.0019960472166821314
-0.002110953178239637
-0.0021245804149680123
-0.0022730361877213168
-0.0022475637474603585
-0.0020092982094744045
-0.0020393240769318493
-0.002067732838078151
-0.002116149160739959
-0.0021203809211388885
-0.0021565123357315777
-0.0021469245842547476
-0.002163761341672833
-0.002148463411857569
-0.0021659038458185075
-0.00217365632843194
-0.002194181356010792
-0.0022050370397853434
-0.002239820606790789
-0.0022586704079277232
-0.0023061586576169895
-0.002328070967094414
-0.002389696822302372
-0.0024054914982846965
-0.002453838766845175
-0.0024694710097454085
-0.00252875771022541
-0.0025509484800781534
-0.00262719975806178
-0.002639495889440373
-0.0027019829001233
-0.002689585233458341
-0.0027840045066078603
-0.002698874959913234
-0.002835523508488296
-0.002782313323628019
-0.0028675480515820933
-0.00276803180748498
-0.0029293524552985875
-0.0028592773978244166
-0.0029398025642663026
-0.0028485344200479042
-0.003094002031720832
-0.0028103431524837256
-0.003134044496675335
-0.003025567291451758
-0.0034823481968175515
-0.003085195964004751
-0.0036373211445080273
-0.003314393881610727
-0.003972513977735886
-0.003440132022735454
-0.00417564080745369
-0.0033893326737906436
-0.004581677182040333
-0.0030561756024664443
-0.004929821168388443
-0.0025621366786367375
-0.007123697200286264
0.01828624039164493
0.0560457657566262
0.06373800179736776
0.06206350696932921
0.05363493295367025
0.0546797823721363
0.0547455709769058
0.03687941122094181
0.03066161869765647
0.015349617697411156
-0.01267726060519359
-0.03705735307984903
-0.061378987058058665
-0.04457893457416437
-0.010910467458849011
-0.02966107886182038
-0.05880563079205163
-0.03457620152941043
0.005525061431354101
0.030872155166872813
0.04391241670750172
0.04844914718628093
0.0368495761894194
0.0006926847248703322
-0.02219524695243691
-0.012237927588455093
0.01644406814514288
0.0228049769072797
0.004367866688033665
-0.01615575460303017
-0.027459551235071426
-0.02209595399464428
-0.012255467645537036
-0.0025284066700308385
0.005613335104711896
0.0028916066627499215
-0.007442994977797157
-0.01428076467353736
-0.004740569221458862
0.00679093734617961
0.0036757908811252764
-0.0015376049003205572
0.001741410146944697
0.008068391202848295
0.00636010235349963
0.0007905558289823914
-0.0008896491753227258
0.0030771427159700846
0.003995837082793531
0.0020052239243048735
0.002681036200989557
0.00399287894882972
-0.0010280693984853683
-0.008554600219150275
-0.00804607524925278
-0.0003879889040555052
0.005199995511134669
0.0031632507954982123
-0.002698120471809471
-0.006270647857790756
-0.006226609701406976
-0.004882063741012646
4.094898410411717e-05
0.004967366207154461
0.004179046471323608
-0.0019350542344175213
-0.006934164400224199
-0.004868768916608933
0.0012182738579972366
0.004604274330154605
0.003338727521169135
0.0013910404643849438
0.00013289189066848243
-0.0020929012583296718
-0.0021140196877671037
0.000549628734529315
0.0032423833092729906
0.0024322077329002054
-0.0013432622477418522
-0.003266607441996865
-0.0025690093687828477
-0.001838041858055011
-0.002030405703215759
-0.0017413188612156278
-0.0007372783333312449
-3.446565515339363e-05
-0.0003994685344314555
-0.0009621250654025977
-0.0002763292940364153
0.0003851546049711179
0.00031219526390639503
0.0003884153634279196
0.0015285945572749708
0.0024128969134366643
0.0011262076467144773
-0.0010173872792476316
-0.0016316475476905326
-0.0004210823994104643
0.0005799204299087009
0.0005101923407608373
0.00033012319349487505
-0.00021799390229883549
-0.0013094505788609368
-0.0014361710617887555
-9.102794140418357e-05
0.001604216527321135
0.0019759450443038156
0.0006060787929711433
-0.0006503262221368975
-0.0007422805663766376
-0.0004145178917749499
-9.291635664602829e-05
0.00033805848890391217
0.0007454562655248716
0.0002730667055173145
-0.0004876333309080114
-0.0005300986492692758
-6.0543614696784826e-05
0.00034494460445764504
0.00017935570314853128
-9.983206413283191e-05
-0.00017741322802149087
-0.00025593257212163235
-0.00043649207848112716
-0.0008060036042259154
-0.0009353871633675459
-0.0005801322366668971
-0.0006475488238555486
-0.0007129745206006014
-0.00033702063158458893
0.0001260477509521478
0.0005805668663292968
0.0007515969522287427
0.0008676624427739142
0.001006734713522154
0.0007435830887720382
0.0003330047399494809
-0.00015164733814572616
-0.00040399537206712113
-0.0002777329319786617
-0.00037894144374840417
-0.0005879158899757262
-0.000631881257784711
-0.0007434555882064114
-0.0006733914324639229
-0.0003382026544073223
2.9888469357522353e-05
0.00030449641244682606
0.0003159515425803887
0.00016951740512804406
8.827256698958064e-05
0.00017567541200812933
0.00020445824135268493
0.00012095572895568765
4.4358811881515994e-05
3.1953066675894986e-05
-2.3551083143794115e-06
6.153744773176569e-06
7.733709128621927e-07
5.831981529696908e-07
-4.223166682701526e-06
-5.8644119862591914e-06
-9.003045054627586e-06
-4.4244146349831646e-06
5.406495642172929e-07
-6.206567263676273e-07
-2.695649297982663e-06
-2.8850524070830647e-06
-4.399844941916167e-06
-5.854696661252844e-06
-5.015524969719678e-06
-4.528176161745193e-06
-4.233373179889888e-06
-3.277324712809703e-06
-2.089250849051383e-06
-1.7036776991911245e-06
-4.068144339202295e-07
1.425229260259127e-08
3.899819378872692e-07
5.317266873682309e-07
7.375666245998641e-07
5.756399765824912e-07
6.407901454584015e-07
5.833386685754743e-07
4.842024777476598e-07
3.5718044814330184e-07
3.1116365967667607e-07
2.010610266032047e-07
1.3670549931052867e-07
1.1187467135067403e-07
7.11859732081737e-08
3.607943803172532e-08
2.6553889847971256e-08
8.099140155846257e-09
-1.7544825294847632e-08
-1.7994196188208383e-08
-3.574953188318318e-08
-4.450978853022536e-08
-5.0888610920226535e-08
-5.0087706320858447e-08
-5.544439886872275e-08
-4.877560729274347e-08
-4.6453933692683184e-08
-4.170148008451804e-08
-3.816076461977177e-08
-3.2103121808580055e-08
-2.996212753261524e-08
-2.6027127881405633e-08
-2.3315918178589898e-08
-2.1518980791290082e-08
-2.0485373900973108e-08
-1.9203147487087402e-08
-1.9194292385647967e-08
-1.930559534880482e-08
-1.933605741114789e-08
-1.9972254186191563e-08
-2.0539502762549448e-08
-2.1116336167104847e-08
-2.1707415283421082e-08
-2.2480261563828825e-08
-2.2975521505908285e-08
-2.3671436566105597e-08
-2.4261275631716483e-08
-2.4883665725498015e-08
-2.5406416845016357e-08
-2.602344720151282e-08
-2.6509487782288167e-08
-2.702861069643148e-08
-2.7508399316777433e-08
-2.7984638392567537e-08
-2.8416444253762975e-08
-2.887609175719879e-08
-2.9305937506959086e-08
-2.9739005157221853e-08
-3.017800908129939e-08
-3.061972825657111e-08
-3.106318651470601e-08
-3.151948389726463e-08
-3.198546682330785e-08
-3.245648968775786e-08
-3.2943506628930634e-08
-3.3438351442137925e-08
-3.394478645563453e-08
-3.446003480973885e-08
-3.4988379402133094e-08
-3.5523086111876126e-08
-3.606990070922835e-08
-3.662497243953403e-08
-3.7190115597669066e-08
-3.7763475301988046e-08
-3.834742340257601e-08
-3.893937521598235e-08
-3.9541164803416715e-08
-4.015198520173344e-08
-4.077225642918719e-08
-4.140165288436825e-08
-4.204088514505244e-08
-4.268958527647859e-08
-4.334809637629444e-08
-4.4016650509355604e-08
-4.469530152559874e-08
-4.5384260513332136e-08
-4.608372381875031e-08
-4.6793916201517266e-08
-4.7514898862677235e-08
-4.824701673860352e-08
-4.89903395654509e-08
-4.974512276428346e-08
-5.051150215630573e-08
-5.1289734350487906e-08
-5.207992334052081e-08
-5.2882330710832606e-08
-5.369709947435769e-08
-5.452444738198933e-08
-5.5364545322800825e-08
-5.621761555601491e-08
-5.708383043513676e-08
-5.796340884697826e-08
-5.885654705837032e-08
-5.976345550845857e-08
-6.068434147950361e-08
-6.161942348915667e-08
-6.256891575684431e-08
-6.353303929154154e-08
-6.451202109750902e-08
-6.550608714901533e-08
-6.651547065678227e-08
-6.754040648483152e-08
-6.858113545593278e-08
-6.963789873686634e-08
-7.07109455660266e-08
-7.180052520255691e-08
-7.290689361163496e-08
-7.403030890162834e-08
-7.517103469572607e-08
-7.632933652718327e-08
-7.75054863402509e-08
-7.869975911459367e-08
-7.99124343504572e-08
-8.114379517739972e-08
-8.239412990968843e-08
-8.366373073335782e-08
-8.495289465166781e-08
-8.626192305607821e-08
-8.759112222513077e-08
-8.894080312385824e-08
-9.031128128249603e-08
-9.170287693449435e-08
-9.311591542133222e-08
-9.455072732080568e-08
-9.600764818345825e-08
-9.748701868579222e-08
-9.898918466188676e-08
-1.0051449738805512e-07
-1.0206331346575086e-07
-1.0363599504530649e-07
-1.05232909816135e-07
-1.0685443130057574e-07
-1.085009387288995e-07
-1.1017281697825432e-07
-1.1187045687938635e-07
-1.1359425549693314e-07
-1.1534461600410349e-07
-1.1712194763766949e-07
-1.1892666589342102e-07
-1.2075919281288308e-07
-1.2261995696436932e-07
-1.2450939342594652e-07
-1.2642794394979287e-07
-1.2837605717312271e-07
-1.303541887028763e-07
-1.3236280104198726e-07
-1.3440236379088158e-07
-1.3647335390053715e-07
-1.3857625570586367e-07
-1.4071156092350032e-07
-1.428797687817642e-07
-1.4508138622805825e-07
-1.4731692810738498e-07
-1.4958691723412085e-07
-1.518918843719313e-07
-1.5423236845689956e-07
-1.5660891682261983e-07
-1.5902208515215766e-07
-1.6147243766139374e-07
-1.6396054732571442e-07
-1.6648699601708874e-07
-1.6905237451579481e-07
-1.7165728265298302e-07
-1.7430232948081534e-07
-1.7698813347557618e-07
-1.797153226777183e-07
-1.8248453484144122e-07
-1.8529641749106796e-07
-1.8815162812197659e-07
-1.9105083436607145e-07
-1.939947141186196e-07
-1.9698395572874004e-07
-2.0001925819365034e-07
-2.0310133128513042e-07
-2.062308957069233e-07
-2.094086832194115e-07
-2.1263543689004072e-07
-2.159119112253756e-07
-2.1923887234885468e-07
-2.2261709824944546e-07
-2.2604737882247128e-07
-2.2953051617864966e-07
-2.3306732480554357e-07
-2.3665863171028981e-07
-2.403052766365276e-07
-2.440081122728364e-07
-2.4776800448134e-07
-2.5158583240704815e-07
-2.5546248874977473e-07
-2.5939888000100857e-07
-2.6339592665769115e-07
-2.6745456338094376e-07
-2.715757391767498e-07
-2.7576041765559403e-07
-2.800095773491853e-07
-2.843242118716772e-07
-2.887053300855511e-07
-2.9315395638903827e-07
-2.976711310508128e-07
-3.0225791038129574e-07
-3.069153668767456e-07
-3.1164458949963295e-07
-3.1644668411888064e-07
-3.213227736857758e-07
-3.2627399834943716e-07
-3.3130151580056154e-07
-3.364065016537405e-07
-3.415901497466731e-07
-3.468536720948462e-07
-3.5219829938940017e-07
-3.576252813851377e-07
-3.631358870825885e-07
-3.6873140505386606e-07
-3.744131437093817e-07
-3.801824316040231e-07
-3.8604061778496623e-07
-3.919890720876628e-07
-3.9802918539583176e-07
-4.041623700486857e-07
-4.103900602368815e-07
-4.167137122070008e-07
-4.2313480459522685e-07
-4.296548388261004e-07
-4.3627533949071665e-07
-4.429978546936428e-07
-4.4982395634544925e-07
-4.5675524056694103e-07
-4.6379332811850166e-07
-4.709398647457369e-07
-4.781965214951944e-07
-4.85564995188377e-07
-4.93047008816392e-07
-5.006443119224581e-07
-5.083586810037647e-07
-5.161919198666022e-07
-5.241458601703067e-07
-5.322223618062965e-07
-5.404233133069793e-07
-5.48750632302906e-07
-5.572062659731076e-07
-5.657921915137821e-07
-5.745104165786707e-07
-5.833629797499535e-07
-5.923519510124932e-07
-6.014794322576505e-07
-6.107475577874378e-07
-6.201584947570908e-07
-6.297144437313182e-07
-6.394176391853116e-07
-6.492703500541111e-07
-6.592748802078646e-07
-6.694335689694806e-07
-6.797487917572891e-07
-6.902229605840454e-07
-7.0085852462863e-07
-7.116579708249873e-07
-7.226238244258023e-07
-7.337586495879695e-07
-7.450650499678745e-07
-7.5654566933966e-07
-7.682031921890436e-07
-7.80040344408291e-07
-7.920598939312878e-07
-8.042646513009566e-07
-8.16657470318477e-07
-8.292412488220685e-07
-8.420189292757119e-07
-8.549934995064068e-07
-8.681679933408154e-07
-8.815454913806836e-07
-8.951291217201493e-07
-9.089220606201161e-07
-9.229275332838915e-07
-9.371488146109243e-07
-9.515892299663715e-07
-9.66252156046508e-07
-9.811410213778939e-07
-9.96259307480072e-07
-1.0116105495056819e-06
-1.027198337042335e-06
-1.0430263149481013e-06
-1.0590981842091129e-06
-1.0754177030543408e-06
-1.091988687420718e-06
-1.1088150120774562e-06
-1.125900611603347e-06
-1.1432494810858541e-06
-1.1608656772861981e-06
-1.1787533193679395e-06
-1.1969165899274048e-06
-1.2153597362346644e-06
-1.2340870708938117e-06
-1.2531029728651485e-06
-1.2724118885339922e-06
-1.2920183329525204e-06
-1.311926890869763e-06
-1.3321422174645235e-06
-1.3526690395490593e-06
-1.3735121570184437e-06
-1.3946764436528758e-06
-1.4161668482177113e-06
-1.43798839580332e-06
-1.460146189000578e-06
-1.482645409209716e-06
-1.5054913173061278e-06
-1.5286892552275892e-06
-1.5522446473877852e-06
-1.576163001763115e-06
-1.6004499112380242e-06
-1.6251110548455485e-06
-1.6501521991470701e-06
-1.6755791995148742e-06
-1.7013980015232887e-06
-1.7276146423500158e-06
-1.7542352522272823e-06
-1.7812660559746304e-06
-1.8087133742332277e-06
-1.8365836249826118e-06
-1.8648833251178791e-06
-1.893619091985349e-06
-1.922797644936117e-06
-1.9524258067489617e-06
-1.9825105053795423e-06
-2.0130587755951045e-06
-2.044077760506133e-06
-2.0755747132592244e-06
-2.1075569988232568e-06
-2.140032095650224e-06
-2.1730075974481233e-06
-2.2064912148459653e-06
-2.2404907772943794e-06
-2.275014235005035e-06
-2.3100696606177112e-06
-2.345665251137982e-06
-2.381809329913935e-06
-2.4185103485265848e-06
-2.4557768888277404e-06
-2.4936176648455988e-06
-2.5320415248837602e-06
-2.571057453677056e-06
-2.610674574312754e-06
-2.6509021504531743e-06
-2.691749588544859e-06
-2.7332264399861084e-06
-2.7753424033606557e-06
-2.8181073266526913e-06
-2.8615312095813666e-06
-2.9056242059934123e-06
-2.95039662617097e-06
-2.995858939251709e-06
-3.042021775748714e-06
-3.088895929959177e-06
-3.136492362485789e-06
-3.1848222028212775e-06
-3.2338967519288456e-06
-3.2837274849652556e-06
-3.3343260539050318e-06
-3.3857042901885154e-06
-3.4378742076509455e-06
-3.4908480052197374e-06
-3.544638069803447e-06
-3.5992569791625764e-06
-3.6547175048134463e-06
-3.7110326151440845e-06
-3.7682154783888434e-06
-3.826279465569352e-06
-3.885238153852129e-06
-3.945105329622117e-06
-4.005894991643147e-06
-4.067621354401484e-06
-4.1302988513962965e-06
-4.193942138488168e-06
-4.258566097525395e-06
-4.324185839462411e-06
-4.390816708231375e-06
-4.458474284202234e-06
-4.527174387775968e-06
-4.59693308322033e-06
-4.667766682124933e-06
-4.73969174754783e-06
-4.812725097834078e-06
-4.886883810371873e-06
-4.96218522579462e-06
-5.03864695182855e-06
-5.116286867576348e-06
-5.195123127663386e-06
-5.275174166288277e-06
-5.356458701855993e-06
-5.43899574122935e-06
-5.52280458416014e-06
-5.607904827698907e-06
-5.694316370736456e-06
-5.782059418949544e-06
-5.871154489491687e-06
-5.961622415464891e-06
-6.053484351053193e-06
-6.146761776429648e-06
-6.24147650264917e-06
-6.337650676874635e-06
-6.435306787510437e-06
-6.534467669630007e-06
-6.635156510107554e-06
-6.737396853073122e-06
-6.8412126054209505e-06
-6.9466280423723646e-06
-7.053667813304142e-06
-7.162356947417381e-06
-7.272720859557817e-06
-7.384785356191899e-06
-7.498576641440586e-06
-7.61412132317877e-06
-7.73144641923575e-06
-7.850579363817298e-06
-7.971548013876664e-06
-8.094380655601015e-06
-8.219106011023745e-06
-8.34575324468715e-06
-8.47435197061433e-06
-8.604932259170307e-06
-8.737524643981451e-06
-8.872160129134798e-06
-9.00887019653822e-06
-9.147686813232411e-06
-9.288642438805535e-06
-9.431770032959547e-06
-9.5771030633137e-06
-9.724675513161735e-06
-9.87452188944474e-06
-1.0026677230804884e-05
-1.018117711581781e-05
-1.0338057671332616e-05
-1.0497355580861188e-05
-1.0659108093086993e-05
-1.0823353030627546e-05
-1.0990128798983199e-05
-1.1159474395456897e-05
-1.1331429418223308e-05
-1.1506034075629818e-05
-1.1683329195601134e-05
-1.186335623514146e-05
-1.2046157290065832e-05
-1.2231775104831229e-05
-1.2420253082555719e-05
-1.2611635295201582e-05
-1.2805966493771419e-05
-1.3003292118815002e-05
-1.3203658311117413e-05
-1.3407111922408735e-05
-1.36137005263944e-05
-1.3823472429771078e-05
-1.4036476683618616e-05
-1.4252763094883613e-05
-1.4472382237911143e-05
-1.4695385466339058e-05
-1.4921824925203276e-05
-1.5151753562991146e-05
-1.538522514398942e-05
-1.56222942609749e-05
-1.586301634797467e-05
-1.6107447693212648e-05
-1.6355645452218e-05
-1.660766766115416e-05
-1.686357325054821e-05
-1.7123422058963454e-05
-1.7387274847001062e-05
-1.7655193311500806e-05
-1.7927240099986815e-05
-1.820347882535941e-05
-1.8483974080686844e-05
-1.8768791454216787e-05
-1.905799754498526e-05
-1.935165997832321e-05
-1.9649847421470345e-05
-1.995262959975856e-05
-2.0260077312895045e-05
-2.0572262451524874e-05
-2.0889258014081952e-05
-2.121113812384804e-05
-2.153797804626699e-05
-2.186985420649611e-05
-2.220684420733022e-05
-2.2549026847335082e-05
-2.2896482139217743e-05
-2.324929132865752e-05
-2.3607536913268544e-05
-2.3971302661828777e-05
-2.4340673633850172e-05
-2.4715736199480314e-05
-2.5096578059786106e-05
-2.5483288267299787e-05
-2.587595724668168e-05
-2.627467681589593e-05
-2.6679540207736393e-05
-2.7090642091533548e-05
-2.750807859542209e-05
-2.79319473288407e-05
-2.8362347405211363e-05
-2.879937946520029e-05
-2.9243145700172353e-05
-2.9693749876156343e-05
-3.0151297358064285e-05
-3.0615895134463085e-05
-3.108765184247798e-05
-3.156667779324129e-05
-3.205308499750911e-05
-3.2546987192094567e-05
-3.304849986629827e-05
-3.355774028911343e-05
-3.407482753638642e-05
-3.459988251891035e-05
-3.513302801045688e-05
-3.5674388676733584e-05
-3.622409110416673e-05
-3.678226383000016e-05
-3.7349037371893446e-05
-3.792454425889149e-05
-3.8508919061774044e-05
-3.9102298425243914e-05
-3.9704821099233254e-05
-4.0316627972102146e-05
-4.0937862102599816e-05
-4.1568668754386143e-05
-4.220919542880842e-05
-4.285959190083663e-05
-4.3520010252433034e-05
-4.4190604909856305e-05
-4.48715326779247e-05
-4.5562952778820055e-05
-4.626502688674162e-05
-4.697791916860258e-05
-4.770179631918305e-05
-4.84368276039074e-05
-4.9183184894086214e-05
-4.994104271190223e-05
-5.0710578265928665e-05
-5.1491971498560715e-05
-5.228540512154084e-05
-5.3091064666048026e-05
-5.390913851808035e-05
-5.473981797149798e-05
-5.558329726302062e-05
-5.643977362868926e-05
-5.730944733771685e-05
-5.819252175353972e-05
-5.908920336527001e-05
-5.9999701854486346e-05
-6.092423012285934e-05
-6.186300436709338e-05
-6.281624409977624e-05
-6.378417223557953e-05
-6.476701510235532e-05
-6.57650025412559e-05
-6.677836790685638e-05
-6.780734818051629e-05
-6.8852183962261e-05
-6.991311959390797e-05
-7.099040314582081e-05
-7.20842865489375e-05
-7.31950255735987e-05
-7.43228799783153e-05
-7.546811346896609e-05
-7.663099387911895e-05
-7.781179309167075e-05
-7.90107872708678e-05
-8.022825672777317e-05
-8.146448621892586e-05
-8.271976474410957e-05
-8.39943859199613e-05
-8.528864770489742e-05
-8.660285285206582e-05
-8.793730855383988e-05
-8.929232698857504e-05
-9.06682248631085e-05
-9.206532408299706e-05
-9.348395115508438e-05
-9.492443802327927e-05
-9.638712128892226e-05
-9.787234325757044e-05
-9.9380450928439e-05
-0.00010091179729916688
-0.00010246674008049732
-0.00010404564330534883
-0.00010564887571623598
-0.00010727681274122491
-0.00010892983447686154
-0.00011060832812973421
-0.00011231268546741378
-0.00011404330588944472
-0.00011580059313619825
-0.00011758495925713814
-0.00011939682024691457
-0.00012123660129714856
-0.00012310473093642442
-0.00012500164801137483
-0.00012692779379362001
-0.00012888362123045726
-0.00013086958456659173
-0.00013288615123816633
-0.00013493378883684074
-0.00013701297940636606
-0.0001391242042634181
-0.00014126796042883655
-0.00014344474340345637
-0.00014565506575195224
-0.00014789943752894835
-0.00015017838729739497
-0.0001524924403021108
-0.00015484214243550347
-0.00015722803339861735
-0.00015965067974384683
-0.00016211063248331892
-0.00016460848365176264
-0.0001671447928851906
-0.00016972018019545897
-0.00017233521484936488
-0.00017499054286217435
-0.00017768674759497757
-0.00018042449744391225
-0.00018320439407707915
-0.0001860271264024425
-0.0001888933149827558
-0.00019180367171936903
-0.00019475883124577773
-0.00019775953698312608
-0.00020080642776540251
-0.0002039002904857279
-0.0002070417581444251
-0.00021023167116038938
-0.00021347065075252218
-0.0002167595972003406
-0.00022009911426436104
-0.00022349017075827798
-0.00022693334306756987
-0.00023042968317479396
-0.00023397972405174398
-0.00023758461975323093
-0.00024124483912158938
-0.0002449616640607064
-0.00024873547482658233
-0.0002525677077650907
-0.00025645862895192113
-0.0002604098521657117
-0.00026442151175563394
-0.0002684954187712165
-0.00027263155608502846
-0.00027683195026499615
-0.000281096415712816
-0.00028542721923545205
-0.00028982397274637133
-0.00029428924464787465
-0.00029882233950526203
-0.0003034262888047297
-0.00030809987754547665
-0.00031284686908495833
-0.00031766522173944583
-0.000322559794063966
-0.00032752719161179347
-0.000332574551312847
-0.0003376966690354646
-0.00034290279623185363
-0.0003481856327701968
-0.00035355612611209287
-0.00035900651545597915
-0.00036454896683384705
-0.0003701743025552411
-0.00037589428648650497
-0.00038170178898576043
-0.0003876043367141471
-0.00039360204751359056
-0.00039969373293488424
-0.0004058845830285172
-0.0004121733918880858
-0.00041855753476639876
-0.00042505268428930196
-0.0004316338194594459
-0.0004383414545068461
-0.00044512487409502117
-0.000452048317353965
-0.00045904007918703786
-0.00046618232331492544
-0.00047339044277821873
-0.00048075560456638505
-0.0004881899684351209
-0.0004957852664018593
-0.0005034527581049173
-0.000511288770855631
-0.0005191932727095228
-0.0005272795055551466
-0.0005354259912897563
-0.0005437721944470996
-0.0005521641765960273
-0.0005607792992415973
-0.0005694174733362065
-0.0005783187364663297
-0.000587205500639469
-0.0005964121680255372
-0.0006055450761924778
-0.00061507888286625
-0.0006244502741062292
-0.0006343443810922344
-0.0006439401825268881
-0.0006542223897406761
-0.000664031820845787
-0.0006747429601642019
-0.0006847552590616372
-0.0006959265832535799
-0.0007061219191435196
-0.0007177804296186756
-0.0007281709896443474
-0.0007403404434740309
-0.000750916802633843
-0.0007636503284974924
-0.0007743433834207203
-0.0007877628144973706
-0.0007984341568940091
-0.0008127544046615204
-0.0008231028318847222
-0.0008388168852724079
-0.0008479539445682896
-0.0008669627475283406
-0.0008702523104023533
-0.0008865983993998974
-0.0008864591536401449
-0.0009091149459793113
-0.0009075705436499852
-0.0009305880265882468
-0.0009182618019535072
-0.0009392332585652086
-0.0009348037508647438
-0.000946588092668196
-0.0009598979601604558
-0.0009567576776269605
-0.0009801837646429626
-0.0009715879184982081
-0.0009979481539748036
-0.0009890635579803747
-0.0010158622945775665
-0.0010070557607664964
-0.0010362192414054567
-0.0010377612396552157
-0.0010577631526177533
-0.001066315003372429
-0.0010828708498621283
-0.0010904012860349541
-0.0010985295149984055
-0.0011119279174582539
-0.0011222980366199509
-0.001137568324804365
-0.0011483945869303633
-0.0011679407744968231
-0.0011863569866500828
-0.001202372832454063
-0.0012166924235533006
-0.0012365265795394379
-0.0012563046603261004
-0.0012724488893315947
-0.0012887045849413637
-0.0013053702686301304
-0.0013196415613227611
-0.0013383777008112879
-0.001350654401972309
-0.0013732640452535378
-0.0013786936911595587
-0.0014024215390060998
-0.0014119147656077092
-0.0014369721846283804
-0.0014420203923077913
-0.0014708697267163755
-0.001485694516934657
-0.0015019035338085926
-0.0015340554859295445
-0.0015384340027962775
-0.0015692983358291295
-0.0015784768854044439
-0.0016108535693831437
-0.0016286120191073214
-0.001663143287776097
-0.0016917136109412603
-0.0017399872833893382
-0.001780584269079337
-0.0018332206344090218
-0.0018901346226748335
-0.001937933561662393
-0.0019983902007771927
