-0.0015224965139584569
-0.0015325077473246525
-0.0015563028828136337
-0.0016094940162460227
-0.0016189585327288391
-0.001666236300755377
-0.0016892941020858927
-0.001733866809730178
-0.0017532528339497925
-0.0018032998806483574
-0.0018348406919444279
-0.0018814158630451135
-0.0018940663069806837
-0.0019467813293045574
-0.0019575306276387724
-0.0020099336963001952
-0.0020385281085110655
-0.002063013031961049
-0.0021318527260250813
-0.0021436894383597737
-0.0021543072564999518
-0.00219651441943666
-0.00223898012349985
-0.00225095260481887
-0.002286500118488067
-0.0023027078221114364
-0.0023513003902744705
-0.0023726417679835825
-0.0023592802790833598
-0.0024809578179318887
-0.002447474995764442
-0.002528716278416692
-0.0025034079525062054
-0.0026351908330402947
-0.0025538899281637366
-0.002664377454506946
-0.0025036248366300832
-0.002773695547441039
-0.002628391183668672
-0.00289029105845593
-0.002639398873445191
-0.0032393999606594517
-0.0028912444169087114
-0.0034233323130296884
-0.003095245583545262
-0.0036685477306948417
-0.0029751808679688114
-0.0039843149563000505
-0.002802908298572745
-0.004480577687487943
-0.002423369407195967
-0.005296502579880236
-0.0005070412727241032
-0.008286052432803894
0.03612840967462679
0.08907643694621303
0.1053665583117952
0.11468873639073024
0.08679812318051662
0.06949726760195654
0.026711485144262546
0.008075744706070805
0.01043058489920715
-0.007466088324855201
-0.04518825530306849
-0.05799682954428533
-0.07174901474338599
-0.0746024914678508
-0.11481363856082821
-0.12184023798008438
-0.040299215082630784
0.014817293008529915
-0.0030471897291820356
-0.010356305169249843
0.02362429462264031
0.05879791964952577
0.05052005132738792
0.04088206163848555
0.045184135785277524
0.04205019161564
0.030503442295268746
0.009914666759055344
0.023512391926122943
0.023991747163343256
0.0021812606655334855
-0.016855548140714983
-0.01380071283685164
-0.010680756299497782
-0.009941255414313323
-0.008760267754229344
-0.01731336207996744
-0.02934068356816512
-0.029879318337742572
-0.011371341661192594
0.005050356278945651
0.0036101183183372128
-0.0015553665011059595
0.0017875404219608027
0.006935353057644556
0.003953462545370356
-0.004516772278090796
0.004085412278164157
0.014301926294093359
0.017610895602815854
0.007765663361804222
0.005081634165448087
0.005985657023842772
0.004339898120497452
-0.0003532961178260265
0.0009056216759621954
0.005373962072184066
0.0020516526992960912
-0.005245667414588258
-0.008677216934963265
-0.007336731004124054
-0.005325307922796718
-0.005789881493172486
-0.006501437050800132
-0.006372852810266291
-0.007259543302999509
-0.005425181417373554
-0.0019495444117464923
0.0004648175972171939
-0.0015412726351999465
-0.0007801588489863033
0.004181498900565458
0.007052042112827147
0.005715410987773017
0.004131787540703311
0.004103471736044167
0.0031225001755448636
0.0017767411961781988
0.0021294295690844657
0.00363871145633935
0.0029910001034634697
-9.482430943866256e-05
-0.0026088946438176785
-0.0026789025719111963
-0.0028768344326849426
-0.003499063980974427
-0.0031496718050876803
-0.0012192654549132594
-0.00046152457496496295
-0.0006911664141188607
-0.0010985314955032923
-0.0009476922269068735
-0.0011924542646086305
-0.0006623254091662819
0.0008430117193433926
0.0019658406709132147
0.0016171305791827355
0.0005436721113977961
0.0008699573566347699
0.0017097426694814137
0.002082394090036619
0.0017165225085037346
0.0014173828752735993
0.0014516647403025956
0.0012328301628051802
0.0010745331711758442
0.0014464377838310722
0.0011588308820951656
0.000354281035484134
-0.0002748990164557201
4.897675601508105e-06
0.00033613902309619895
-5.5246930185178346e-05
-0.0006069914174046138
-0.0007697593618893309
-0.000549958887076334
-0.0005038996530127237
-0.00021822075097272764
0.0004745034975576839
0.0009923574183958058
0.0009576795009074765
0.0008013701883207928
0.000692639891399131
0.00034306993698267894
0.00017403065148015843
0.0005033733108832189
0.0007804452852764082
0.0008375479407396458
0.0004711150969226211
0.00020847619192173347
0.00010107531357450572
4.0714677830202615e-05
0.00036900022894221325
0.0009927909755651915
0.0013002396157854442
0.00072123855218853
3.41322749710445e-05
-0.00017531599277674856
-0.00020302527530592814
-0.00017166976685765306
-0.00018247579409550732
-0.0002310603517034944
-0.00021833078149097358
-0.0004427278372812569
-0.0005305452996111665
-0.0003120439802103721
3.915460654500553e-06
0.00039320855246956416
0.0008410667286803583
0.0011126447353881465
0.001223816397299187
0.001283081917169951
0.0013750669392888504
0.001689380973331855
0.0017987886322001945
0.001658546205065235
0.001536987351829259
0.0014135520533225777
0.0010954876213419013
0.0007753023443202101
0.00038996280453187015
0.00011451871854533194
-0.00023411642673380333
-0.00018387666877025784
-0.0003204456019465043
-0.00022138131728227
-0.0002378004849722241
-0.00017414404731194206
-0.00016222333769798069
-0.00010987040734055658
-9.313905365024164e-05
-5.7457555830886826e-05
-4.2566887014149325e-05
-1.4710942217883562e-05
-4.693780512894114e-06
1.5324742358601746e-05
2.1461802006251385e-05
2.7804952309186038e-05
2.522737004299819e-05
2.461244039305417e-05
1.742774373912017e-05
1.5453472819873548e-05
9.04169084589376e-06
7.0703002297903205e-06
2.8189589082534594e-06
1.7078706789830969e-06
-6.936619259019229e-07
-1.084252559400563e-06
-2.215602054501117e-06
-2.1474764445656222e-06
-2.6126029563447597e-06
-2.1625033173365636e-06
-2.134383616901039e-06
-1.53211119849209e-06
-1.2614538465387064e-06
-7.346308486559303e-07
-4.965238693793034e-07
-1.2787173423725248e-07
-1.183616128502471e-08
1.8859170848988254e-07
2.0241320434938076e-07
2.815837561538279e-07
2.3783480535043491e-07
2.5069674628049564e-07
1.910322051880322e-07
1.746924112314618e-07
1.1707302254189682e-07
9.382444207325924e-08
4.6645318547695706e-08
2.8862037061044062e-08
-1.974846262675677e-09
-1.0291153745124e-08
-2.562508584003694e-08
-2.5349446010174137e-08
-3.004917961170212e-08
-2.478205735610174e-08
-2.3974012271048284e-08
-1.7346470468793812e-08
-1.4872881434345626e-08
-9.120076358991227e-09
-6.9004746084929194e-09
-2.8517351153027268e-09
-1.5030987954544857e-09
8.564812308269228e-10
1.262076975127582e-09
2.313408187400428e-09
2.021912171381885e-09
2.233490294621665e-09
1.6008224442212726e-09
1.405919945458682e-09
7.2847627788971e-10
4.3782298319032693e-10
-1.0768009837199173e-10
-3.3174128916992063e-10
-6.897695594765881e-10
-8.022805699268261e-10
-9.959227430171949e-10
-1.0162175258866856e-09
-1.095598927979859e-09
-1.062390198681767e-09
-1.078047557907108e-09
-1.0261850084551704e-09
-1.0171861724363749e-09
-9.705133026911904e-10
-9.608273249429736e-10
-9.3130959229735e-10
-9.318098537981398e-10
-9.217949614674496e-10
-9.342508960056466e-10
-9.402823306889395e-10
-9.617089500110624e-10
-9.782414648701289e-10
-1.004534067591752e-09
-1.026556806560711e-09
-1.0544121553527144e-09
-1.0785377818438562e-09
-1.1060342060623118e-09
-1.1304900648413663e-09
-1.1569433167567256e-09
-1.1811443966988633e-09
-1.2066809313912574e-09
-1.2307440500763933e-09
-1.255879834806059e-09
-1.2802194500631438e-09
-1.3055512577324433e-09
-1.3306103564087682e-09
-1.3566318849550507e-09
-1.3827427432222539e-09
-1.409780042271186e-09
-1.437131454638807e-09
-1.4653574985368234e-09
-1.494025370432639e-09
-1.5235098603690045e-09
-1.5535058537968424e-09
-1.5842664124478788e-09
-1.6155799808853163e-09
-1.6476207875251378e-09
-1.6802457793174685e-09
-1.713578341288463e-09
-1.7475254002110446e-09
-1.7821774188787193e-09
-1.8174764163277068e-09
-1.8534907905362608e-09
-1.8901872293384213e-09
-1.9276192100847744e-09
-1.965769827515576e-09
-2.0046816242061914e-09
-2.0443490928974753e-09
-2.0848069984778783e-09
-2.1260566101686737e-09
-2.1681273151071163e-09
-2.211025809488454e-09
-2.2547777765984794e-09
-2.299392995452898e-09
-2.3448946170206986e-09
-2.3912955775143123e-09
-2.438617945787645e-09
-2.486875953891564e-09
-2.5360904446912642e-09
-2.5862783645377516e-09
-2.6374610045867136e-09
-2.6896559262028392e-09
-2.742884279432903e-09
-2.797165512966526e-09
-2.8525214276157312e-09
-2.908972355098599e-09
-2.9665405145936664e-09
-3.0252476347593024e-09
-3.085116803084459e-09
-3.146170462310161e-09
-3.208432289785552e-09
-3.271926162352976e-09
-3.3366767772434556e-09
-3.4027086420610527e-09
-3.4700472313826426e-09
-3.5387184149767922e-09
-3.608748605878672e-09
-3.6801646152424903e-09
-3.75299400272853e-09
-3.827264798540817e-09
-3.903005435664485e-09
-3.980244772335863e-09
-4.059012621349979e-09
-4.139339355397416e-09
-4.221255788669433e-09
-4.304793253470402e-09
-4.389983865901552e-09
-4.476860493321348e-09
-4.565456469579794e-09
-4.6558056214052006e-09
-4.747942651452813e-09
-4.841903067940093e-09
-4.937723024618472e-09
-5.035439192295401e-09
-5.135089096021221e-09
-5.2367111286416926e-09
-5.34034425437712e-09
-5.446028121949534e-09
-5.5538034033882425e-09
-5.663711586095105e-09
-5.775794875251088e-09
-5.890096236595664e-09
-6.0066595841115275e-09
-6.125529740830683e-09
-6.246752318908133e-09
-6.370373788346746e-09
-6.496441689717719e-09
-6.625004497930577e-09
-6.756111554484089e-09
-6.889813131366433e-09
-7.026160635617042e-09
-7.165206526954342e-09
-7.307004071580546e-09
-7.451607610575901e-09
-7.599072783569596e-09
-7.749456340413845e-09
-7.902815953183227e-09
-8.059210462017536e-09
-8.21869994868489e-09
-8.381345765855197e-09
-8.5472102880047e-09
-8.716357147473897e-09
-8.888851366767314e-09
-9.06475926834788e-09
-9.24414835911519e-09
-9.427087474794121e-09
-9.61364689505001e-09
-9.803898395801397e-09
-9.99791494298713e-09
-1.0195770932391879e-08
-1.0397542408871821e-08
-1.0603306889412842e-08
-1.0813143429050029e-08
-1.1027132503340156e-08
-1.1245356386043511e-08
-1.1467898894986905e-08
-1.1694845472674104e-08
-1.1926283187803713e-08
-1.216230098187096e-08
-1.240298951607835e-08
-1.2648441251837672e-08
-1.2898750356878097e-08
-1.315401299255975e-08
-1.3414327316042113e-08
-1.3679793228532286e-08
-1.395051252902485e-08
-1.4226589218095317e-08
-1.4508129447647362e-08
-1.4795241320538703e-08
-1.5088035028234126e-08
-1.5386623038616404e-08
-1.5691120093357103e-08
-1.600164310517488e-08
-1.6318311220732754e-08
-1.6641246030485446e-08
-1.6970571670160695e-08
-1.7306414645118506e-08
-1.7648903845313146e-08
-1.7998170738497965e-08
-1.835434957145332e-08
-1.8717577068144697e-08
-1.9087992680823923e-08
-1.94657387226271e-08
-1.9850960277043722e-08
-2.0243805255379388e-08
-2.0644424501489733e-08
-2.1052971914403695e-08
-2.1469604427615252e-08
-2.1894481986098335e-08
-2.2327767688554156e-08
-2.276962799904747e-08
-2.322023263945372e-08
-2.3679754623286142e-08
-2.4148370427433397e-08
-2.4626260013301503e-08
-2.5113606941414013e-08
-2.5610598317852423e-08
-2.611742491200053e-08
-2.6634281486467154e-08
-2.716136654088916e-08
-2.7698882474128106e-08
-2.824703568098108e-08
-2.8806036681851277e-08
-2.937610017999387e-08
-2.995744504438562e-08
-3.055029456017558e-08
-3.115487642217987e-08
-3.1771422795759657e-08
-3.240017047316307e-08
-3.3041360880409903e-08
-3.3695240268544896e-08
-3.436205977885246e-08
-3.504207539905494e-08
-3.573554831150412e-08
-3.6442744907492705e-08
-3.7163936760149265e-08
-3.789940077492549e-08
-3.864941940123247e-08
-3.941428069868542e-08
-4.019427841288944e-08
-4.0989712033064844e-08
-4.1800887029324815e-08
-4.2628114967058726e-08
-4.3471713547047625e-08
-4.433200672337122e-08
-4.520932487205552e-08
-4.6104004919388184e-08
-4.701639044475507e-08
-4.7946831815623425e-08
-4.889568631233354e-08
-4.9863318380555244e-08
-5.085009964142517e-08
-5.185640900365329e-08
-5.288263298791618e-08
-5.39291656661417e-08
-5.499640893125851e-08
-5.6084772611687816e-08
-5.71946746630303e-08
-5.8326541407891647e-08
-5.948080749164711e-08
-6.065791620163061e-08
-6.185831962531984e-08
-6.308247858159786e-08
-6.433086340365546e-08
-6.560395343060878e-08
-6.690223757844019e-08
-6.822621438098107e-08
-6.957639219948818e-08
-7.095328976908146e-08
-7.235743562975482e-08
-7.378936918336475e-08
-7.524964030505236e-08
-7.67388098153049e-08
-7.825744956268046e-08
-7.980614273378137e-08
-8.138548407443137e-08
-8.299608033539123e-08
-8.463854972787233e-08
-8.631352308948771e-08
-8.802164385302708e-08
-8.976356798487406e-08
-9.153996427101879e-08
-9.335151470585279e-08
-9.519891525653149e-08
-9.708287552643788e-08
-9.900411873957002e-08
-1.0096338278527822e-07
-1.0296142014150356e-07
-1.0499899818897963e-07
-1.0707689930230559e-07
-1.0919592132048982e-07
-1.113568783224256e-07
-1.1356060016393674e-07
-1.1580793303337701e-07
-1.1809973985343544e-07
-1.2043690098548828e-07
-1.2282031394055069e-07
-1.252508939218657e-07
-1.2772957437394428e-07
-1.3025730726359038e-07
-1.3283506330758355e-07
-1.3546383235388433e-07
-1.3814462402033777e-07
-1.4087846790099712e-07
-1.4366641382096553e-07
-1.465095323170771e-07
-1.494089153175832e-07
-1.5236567637048545e-07
-1.5538095093415617e-07
-1.5845589687005397e-07
-1.615916951323306e-07
-1.6478955005704184e-07
-1.6805068972676473e-07
-1.7137636626474162e-07
-1.747678570161726e-07
-1.7822646445828094e-07
-1.8175351682372942e-07
-1.8535036854644416e-07
-1.8901840095376932e-07
-1.927590227929557e-07
-1.9657367051045121e-07
-2.0046380893711663e-07
-2.0443093211655605e-07
-2.084765636303776e-07
-2.1260225710820202e-07
-2.1680959687991885e-07
-2.2110019868432085e-07
-2.254757103838101e-07
-2.2993781227664822e-07
-2.3448821782510662e-07
-2.3912867465499237e-07
-2.4386096490356876e-07
-2.48686905847742e-07
-2.5360835078681865e-07
-2.5862718976837895e-07
-2.637453502402076e-07
-2.689647976856363e-07
-2.7428753644233306e-07
-2.7971561075007534e-07
-2.852511052017781e-07
-2.908961455752937e-07
-2.966528996990389e-07
-3.025235783947087e-07
-3.08510436248903e-07
-3.1461577236447866e-07
-3.2084193130055283e-07
-3.271913042225162e-07
-3.3366632951710093e-07
-3.4026949371178394e-07
-3.4700333268432304e-07
-3.538704325201439e-07
-3.6087343038056913e-07
-3.6801501559070686e-07
-3.7529793070955816e-07
-3.827249727026902e-07
-3.9029899387817363e-07
-3.980229028432286e-07
-4.058996657821737e-07
-4.139323077608295e-07
-4.221239134440981e-07
-4.304776287118034e-07
-4.3899666160931994e-07
-4.476842838335802e-07
-4.565438318732216e-07
-4.655787077965847e-07
-4.747923815346094e-07
-4.841883913331638e-07
-4.937703455531995e-07
-5.035419239156867e-07
-5.135068790601549e-07
-5.236690379557818e-07
-5.340323032177775e-07
-5.446006544748347e-07
-5.553781505973805e-07
-5.663689303823591e-07
-5.775772145923987e-07
-5.890073075055704e-07
-6.006635986884924e-07
-6.125505648830586e-07
-6.246727708910933e-07
-6.37034871805951e-07
-6.496416153333189e-07
-6.624978429092734e-07
-6.75608491779861e-07
-6.889785967370554e-07
-7.026132922791518e-07
-7.165178147611195e-07
-7.306975037953915e-07
-7.45157805001292e-07
-7.599042715292627e-07
-7.749425666039129e-07
-7.902784653752949e-07
-8.059178572590456e-07
-8.218667482932079e-07
-8.381312635099029e-07
-8.547176490020757e-07
-8.716322744316491e-07
-8.888816356433923e-07
-9.064723569264218e-07
-9.244111936772726e-07
-9.427050350431428e-07
-9.613609064777512e-07
-9.803859724610581e-07
-9.997875392045127e-07
-1.0195730575743192e-06
-1.0397501259590573e-06
-1.0603264929400988e-06
-1.081310060548307e-06
-1.1027088870332793e-06
-1.1245311903582177e-06
-1.1467853510626572e-06
-1.169479915471487e-06
-1.192623598926198e-06
-1.2162252895106898e-06
-1.2402940510499024e-06
-1.264839126720969e-06
-1.2898699426065253e-06
-1.3153961113798317e-06
-1.3414274359886485e-06
-1.3679739133053105e-06
-1.3950457380257353e-06
-1.4226533066442437e-06
-1.450807221434696e-06
-1.4795182944398139e-06
-1.5087975516173049e-06
-1.53865623707828e-06
-1.5691058176952482e-06
-1.6001579870757177e-06
-1.6318246702910245e-06
-1.664118028395857e-06
-1.6970504631167794e-06
-1.730634621612177e-06
-1.7648834012903164e-06
-1.7998099547640665e-06
-1.835427695079004e-06
-1.871750300648403e-06
-1.9087917205209124e-06
-1.9465661798119484e-06
-1.985088185186694e-06
-2.024372530410321e-06
-2.064434301957542e-06
-2.105288884793116e-06
-2.146951968469077e-06
-2.189439553099514e-06
-2.2327679552350228e-06
-2.2769538144140644e-06
-2.3220140994737815e-06
-2.3679661151614225e-06
-2.4148275084979846e-06
-2.462616275761655e-06
-2.511350769483084e-06
-2.561049705408075e-06
-2.6117321695038644e-06
-2.6634176254723696e-06
-2.716125922284582e-06
-2.769877301704929e-06
-2.82469240607151e-06
-2.8805922860729695e-06
-2.937598409177031e-06
-2.9957326677244444e-06
-3.055017387108643e-06
-3.115475334680186e-06
-3.177129728285013e-06
-3.240004245277364e-06
-3.304123031448074e-06
-3.3695107105689154e-06
-3.436192393822552e-06
-3.5041936891128567e-06
-3.573540711117578e-06
-3.6442600914933943e-06
-3.7163789887986937e-06
-3.7899250990824354e-06
-3.8649266664242746e-06
-3.941412493898449e-06
-4.019411954764914e-06
-4.098955003368175e-06
-4.180072186707028e-06
-4.262794656583694e-06
-4.3471541812532995e-06
-4.433183157596867e-06
-4.520914623490027e-06
-4.610382270627721e-06
-4.7016204576470874e-06
-4.794664223067399e-06
-4.889549298823922e-06
-4.986312123838273e-06
-5.084989858229008e-06
-5.185620397573943e-06
-5.28824238733131e-06
-5.392895237654101e-06
-5.499619138749e-06
-5.608455076173926e-06
-5.719444846541158e-06
-5.832631073537172e-06
-5.9480572243765075e-06
-6.065767626571218e-06
-6.185807484844163e-06
-6.308222898374991e-06
-6.433060878759781e-06
-6.5603693679400205e-06
-6.690197256588934e-06
-6.822594402869139e-06
-6.9576116515707224e-06
-7.0953008538430986e-06
-7.235714886868203e-06
-7.37890767419291e-06
-7.524934206561574e-06
-7.67385056300602e-06
-7.825713932268705e-06
-7.980582634846498e-06
-8.138516145406779e-06
-8.299575115630517e-06
-8.463821397433174e-06
-8.63131806656551e-06
-8.802129447372988e-06
-8.976321136904561e-06
-9.153960030623383e-06
-9.33511434743925e-06
-9.519853656597276e-06
-9.708248903946698e-06
-9.900372439413806e-06
-1.0096298044557424e-05
-1.0296100961148077e-05
-1.049985792014833e-05
-1.0707647170529939e-05
-1.0919548510331199e-05
-1.1135643316165429e-05
-1.1356014575700799e-05
-1.1580746918329887e-05
-1.1809926648267879e-05
-1.204364177830096e-05
-1.2281982061624621e-05
-1.2525039029731805e-05
-1.2772906022313793e-05
-1.3025678229897149e-05
-1.3283452723036849e-05
-1.3546328496602311e-05
-1.381440650185861e-05
-1.408778968895846e-05
-1.4366583046210735e-05
-1.4650893636497433e-05
-1.494083064615306e-05
-1.5236505416093703e-05
-1.5538031497424107e-05
-1.5845524681124484e-05
-1.6159103055732532e-05
-1.647888704241893e-05
-1.680499944725808e-05
-1.713756550669528e-05
-1.747671293268433e-05
-1.7822571968932205e-05
-1.8175275431132296e-05
-1.85349587675834e-05
-1.8901760105123944e-05
-1.927582030130622e-05
-1.9657283009667376e-05
-2.0046294709413453e-05
-2.0443004804865118e-05
-2.0847565619887657e-05
-2.1260132540254396e-05
-2.1680863967277043e-05
-2.210992150643064e-05
-2.2547469884519992e-05
-2.2993677168035812e-05
-2.3448714668007458e-05
-2.3912757163992173e-05
-2.438598282212062e-05
-2.4868573398844647e-05
-2.536071418690177e-05
-2.586259420890016e-05
-2.6374406150805278e-05
-2.6896346620571866e-05
-2.742861595461752e-05
-2.7971418694086245e-05
-2.852496308517632e-05
-2.9089461969129257e-05
-2.9665131763664197e-05
-3.0252194005119486e-05
-3.085087353325508e-05
-3.1461401023578917e-05
-3.208400997792337e-05
-3.271894057213596e-05
-3.336643548762855e-05
-3.402674441920807e-05
-3.47001200978257e-05
-3.538682147450321e-05
-3.608711243076513e-05
-3.6801260935911376e-05
-3.752954265601237e-05
-3.827223533747412e-05
-3.902962589448196e-05
-3.980200386050959e-05
-4.058966570719374e-05
-4.139291533525975e-05
-4.221205767040211e-05
-4.304741215172805e-05
-4.389929283731258e-05
-4.476803403138398e-05
-4.5653961651836604e-05
-4.6557422291243554e-05
-4.747875740263984e-05
-4.8418323647252495e-05
-4.937648083225293e-05
-5.035359468839569e-05
-5.13500442821124e-05
-5.2366206035371794e-05
-5.340247672207515e-05
-5.4459246778588045e-05
-5.55369281703116e-05
-5.6635929284209644e-05
-5.775667526060899e-05
-5.889959457615237e-05
-6.0065125808148176e-05
-6.125371706118809e-05
-6.246582413131128e-05
-6.370191018794055e-05
-6.496245645266972e-05
-6.624793292637913e-05
-6.755885696158487e-05
-6.889569496736482e-05
-7.025901352913921e-05
-7.164926305901608e-05
-7.306707380840149e-05
-7.451286873722858e-05
-7.59873495025466e-05
-7.749091591851876e-05
-7.902432681981315e-05
-8.058798240826077e-05
-8.21826772858352e-05
-8.38088295056805e-05
-8.546726494762714e-05
-8.71584084287627e-05
-8.888315334484398e-05
-9.06418723783251e-05
-9.243561345278638e-05
-9.426458311408087e-05
-9.613012666634545e-05
-9.803211895715946e-05
-9.997241060928348e-05
-0.00010195025541874633
-0.00010396846490006199
-0.00010602492310887187
-0.00010812466755575224
-0.00011026220477646908
-0.00011244627507843853
-0.00011466884255833469
-0.00011693894488217123
-0.00011925066059517556
-0.00012160927616397662
-0.00012401423212630828
-0.00012646425204870955
-0.000128964957315032
-0.00013151164537137435
-0.00013411031750395867
-0.00013675970486237612
-0.00013945829287421324
-0.00014221495292700856
-0.00014501866306593534
-0.00014788520118767736
-0.00015079943170005035
-0.00015378092146626273
-0.00015681103489525333
-0.00015991136557645002
-0.00016306297726327698
-0.00016628539903122924
-0.00016956493405526302
-0.00017291273902649592
-0.00017632689700748888
-0.0001798082731551032
-0.00018336011494599644
-0.00018698329607099622
-0.0001906775909752995
-0.00019444761025933942
-0.00019829194142056744
-0.0002022148881575675
-0.00020621464750683366
-0.00021029650782557457
-0.00021445868457512624
-0.00021870146760673802
-0.000223042531322402
-0.00022744411808670213
-0.00023198114046317324
-0.00023654245771897574
-0.00024128965199116418
-0.00024600904134848556
-0.0002509892357435775
-0.00025585054859005604
-0.00026108430565132795
-0.00026610995144446363
-0.00027157278158541334
-0.000276804972152391
-0.00028251466106731654
-0.00028793603727744234
-0.0002939472409846213
-0.0002995219071604692
-0.00030587250685239166
-0.00031159057077680564
-0.0003183076604411812
-0.0003241144038643824
-0.00033131330962997353
-0.0003370465427047148
-0.0003450190523657103
-0.00035023657405687525
-0.00035984796220569094
-0.0003627938687295407
-0.00037849000859956593
-0.00036521705423975953
-0.0003879391913679253
-0.00037243724036756937
-0.0003795025082710887
-0.00038170161235352024
-0.00039016185726938046
-0.0003939979454297901
-0.0004137594644854888
-0.00041311767884359934
-0.00043795466782108137
-0.0004379344854852623
-0.0004560966704579318
-0.00045960713849061904
-0.0004745274328877003
-0.0004779970068405186
-0.0004997042603245294
-0.0005005763049614788
-0.0005248736522852505
-0.0005309412691581125
-0.0005579764704638761
-0.0005706709073676496
-0.0005820146839121305
-0.0006049294166616806
-0.000605613581101519
-0.0006390721322572304
-0.0006428978131803251
-0.0006724608145580648
-0.0006750890456907691
-0.00070350169483923
-0.0007083208292936157
-0.0007277618031381354
-0.0007424944964439443
-0.0007633693590443962
-0.0007761282316420556
-0.0007926480852634673
-0.0008119645080218728
-0.00083120672463769
-0.0008523419767993221
-0.0008742122013599832
-0.0008943102841946248
-0.0009203093191874756
-0.0009331596272640795
-0.0009627612222192576
-0.0009757653081855638
-0.000997208406229431
-0.0010216498915478585
-0.001039839967806583
-0.0010777352332206108
-0.001088561311798168
-0.0011248114530509371
-0.0011437333117856332
-0.0011737357709353789
-0.0012036178738232771
-0.001237537744407954
-0.001263463807601277
-0.001299900659499309
-0.001327853580330239
-0.0013538733574220765
-0.001384537240465597
-0.0014150244495911846
-0.0014375884643091034
-0.0014756663185142016
-0.0014930237351594338
-0.0015226368087733612
-0.0013407844760101512
-0.0013890489141927004
-0.0014334662366640146
-0.0013894637040867551
-0.0014743418148096318
-0.0013644233318214965
-0.0015623336779188608
-0.0014121769931514584
-0.00160130000137736
-0.0012740087180124829
-0.0017120504332706669
-0.0012064093281906304
-0.0019100475775393133
-0.0009977447931261505
-0.002178616062074614
-0.0006830277018992784
-0.002717627411051118
-0.00020421085835984265
-0.0027208874715636167
-0.00011830222454662026
-0.003559522371446495
0.00027371536489010577
-0.004593298371401874
0.0011869966801550027
-0.00618983620943456
0.0023025746110348893
-0.008552680215433883
0.0042902446620178315
-0.011299724840388523
0.007627705720662988
-0.015430406515760964
0.013009609499382173
-0.02255514735147176
0.023293091091688693
-0.03839670131278891
0.0504428969282994
-0.0980185438986877
0.3740105727648144
0.4773462693596143
0.21928198324039583
0.14393725280402297
0.1161914449843815
0.18827131571850586
0.08588098098393013
0.13306405507975655
0.03565865534398334
-0.2024066216108928
-0.16035663013331064
-0.1850000535817577
-0.3576055093151148
-0.2753388701919923
-0.10300287743056459
0.04409850028727485
-0.20413585548688462
-0.23786530230373576
-0.09265211610183707
0.0365780731539527
0.06679903680043815
0.10343017147633696
0.24123979803041862
0.19011401795387767
0.06842159735503545
-0.0023727532075432474
0.059599745442686196
0.07580129075856454
0.019749061906917022
0.03943846274039644
0.05879932462475587
-0.006456643264966382
-0.0991058729945629
-0.12143811805662566
-0.03705099764096663
0.005490233945982185
-0.015552202847016543
-0.03541385921274993
-0.028096149311550262
-0.032326300449177996
-0.05589307462714128
-0.0508768933544317
0.0048899480087531005
0.05261506820513892
0.039480235820928446
0.007825202160234319
-0.021095917250782442
-0.007173665344768159
0.01279923176285175
0.03120151652167186
0.04173514263659556
0.03937747294046601
0.017951415932944532
-0.02461326787565178
-0.03573457857829025
-0.015177016833414748
0.008504977765735527
0.006351862108973828
0.0013203436509062788
-0.0031218963818182973
-0.012471509212759224
-0.027421111410019537
-0.024812208931405108
0.0005847485945216775
0.020079979756582378
0.015441463633149067
-0.003093019866650699
-0.008452787804963223
-0.001880481415752611
-0.0031499661561771686
-0.004352716322877254
0.006133809702822495
0.019213472130354122
0.014354281677054753
-0.0038724364839979406
-0.009594005155322185
-0.0038573295040223296
0.0023660289527894897
0.001633886770836505
0.004262565457455224
0.008326861194005528
0.0012610932700281752
-0.012136615487184291
-0.016751758673503883
-0.0038019471476761373
0.006485897836384636
0.006072154053412538
0.000617797923667146
-0.0019652605999361345
-0.004834855753728439
-0.007608428055886136
-0.004150825423434687
0.005753950795296451
0.011931607282545652
0.005878033564679843
-0.0036900492880313487
-0.0063075258562445904
-0.0028863065288730737
-0.002010934026719309
-0.0010527051272122535
0.0015093040964777268
0.004118535146803304
3.535343170839482e-05
-0.006328113863228571
-0.006226888854808122
0.0003452888333222422
0.0036219184334693446
0.003438168280958076
0.003089315800151563
0.004531223428015849
0.0016326478633908504
-0.0013567925316280715
-0.002810736260183183
0.002233843626917603
0.00577076885222299
0.0036453736755073214
1.635079327661832e-05
-0.0032259389927785705
-0.00282248379436739
-0.0031016449651153593
-0.002174775711069639
-0.0004010065932446264
0.001244183467385062
4.560084378727933e-06
-0.004201518907548548
-0.005166583847105051
-0.0027975303076796035
-0.0006541886378033931
-0.00030822200393310745
9.110915868211023e-06
0.0006396461362076005
-0.0006642595499996001
-0.002454199701825939
-0.0016092541626833287
0.0006890720859429483
0.0019628066929715435
0.001462916982461919
0.00044020900594431145
0.00010450493326129995
-0.0007970331325985009
-0.0012258387892723722
-0.0007624912363426152
0.0008018794021045149
0.0018050909633609575
0.00042781710382403817
-0.0012857285666969345
-0.002132786130820772
-0.0011850410770325205
-0.0003042491529908264
0.00023471103645300345
0.00047966493371376216
0.00018612555892293808
-0.0006219068094979628
-0.0018898210642111135
-0.0020175208630365394
-0.0009426444874664295
-0.0002685793642823455
-0.0003113724050764022
-0.0005929644994989648
-0.0007176277715358182
-0.0005230221082383416
-0.0003671839911516643
0.0007161171902319503
0.0021372126182823185
0.002822844432151552
0.0022109819435178375
0.001523848918238479
0.0015179805772045168
0.0014454458435188928
0.0008193440116552983
0.0006655503392984046
0.0005388080541374549
0.00027931071274083495
-0.0005272605800710762
-0.0009549295473537327
-0.0011654405653817065
-0.0008952455656584923
-0.0007743282751894345
-0.0004957245538352462
-0.00021183573708212153
-0.00015018354373053675
4.767630563036604e-06
-6.191851082879094e-06
5.4967267551327614e-05
5.509664174645608e-05
6.14813910970998e-05
5.2794849512764e-05
6.118589625681698e-05
6.550201496370654e-05
6.611126036109032e-05
5.3605690729498744e-05
4.301725398626454e-05
2.6931124530409425e-05
1.2802834734810045e-05
2.901779327482354e-06
-4.40669264518273e-06
-8.117992532604909e-06
-8.831488934525622e-06
-9.96254905942344e-06
-8.038832221886599e-06
-7.305878291894168e-06
-5.376093281616451e-06
-4.696477191990563e-06
-3.403706267086394e-06
-2.5999615842139945e-06
-1.536554353996633e-06
-8.052907595566122e-07
3.225867960948703e-08
4.4621574746359777e-07
8.661101024371246e-07
9.356536970002612e-07
9.681793327338383e-07
8.504960985222278e-07
7.23766526373841e-07
5.31749264049905e-07
3.9271754042388e-07
2.3637596873989433e-07
1.489386678748522e-07
4.958189178346818e-08
3.5359593692722152e-09
-5.0678732288066304e-08
-6.997304685739218e-08
-9.123581190626645e-08
-9.016594425498119e-08
-8.968639613089746e-08
-7.452275956445001e-08
-6.367868061844806e-08
-4.534848623970623e-08
-3.268177249139692e-08
-1.7945923797457915e-08
-8.980240667299903e-09
-3.4806839853927796e-10
3.699716724062281e-09
7.353635184722401e-09
7.935783497676173e-09
8.637394373301951e-09
7.445939983509453e-09
6.7178124419590285e-09
4.940347300848823e-09
3.6967913585460484e-09
2.007783906688744e-09
8.768148780820273e-10
-3.848178880584696e-10
-1.1193491433227065e-09
-1.8532726443970873e-09
-2.1604566285927593e-09
-2.446726385298831e-09
-2.4512001061717525e-09
-2.4675586213001796e-09
-2.3309728815928184e-09
-2.2393057564219342e-09
-2.0797113589642383e-09
-1.980820904219985e-09
-1.857125909001181e-09
-1.794142216737793e-09
-1.7261714141403317e-09
-1.708532601854551e-09
-1.6927275848371837e-09
-1.7134316430966745e-09
-1.7357070329626634e-09
-1.7814928811657471e-09
-1.8256557585139e-09
-1.882772050244841e-09
-1.9353778306537006e-09
-1.9938798887777706e-09
-2.046741991168499e-09
-2.1017527913370915e-09
-2.1516899763665553e-09
-2.202383702493149e-09
-2.2493801959955206e-09
-2.2970122479440414e-09
-2.342455480020683e-09
-2.388871467827458e-09
-2.4343931237166827e-09
-2.481245300802598e-09
-2.52815380023981e-09
-2.5766263645268794e-09
-2.625756201878049e-09
-2.6765290279257004e-09
-2.728274189033042e-09
-2.781621106628246e-09
-2.8360643607256634e-09
-2.892004466849632e-09
-2.9490731844397655e-09
-3.007534442626622e-09
-3.0671303099302077e-09
-3.1280437853657694e-09
-3.190107248783776e-09
-3.2534567453307295e-09
-3.3179904882635336e-09
-3.383817675931336e-09
-3.4508816220161706e-09
-3.519270592175841e-09
-3.5889610454538368e-09
-3.6600272615167767e-09
-3.7324633063093304e-09
-3.8063311140132394e-09
-3.881640018525007e-09
-3.958443858342962e-09
-4.036757311233485e-09
-4.116626585838959e-09
-4.1980729013511506e-09
-4.281138398973781e-09
-4.36584659391356e-09
-4.45223713799181e-09
-4.540338033928032e-09
-4.6301877254170676e-09
-4.721815540127683e-09
-4.815259376238397e-09
-4.91055264614966e-09
-5.0077334800592566e-09
-5.106836526358113e-09
-5.207901344927209e-09
-5.310965898346672e-09
-5.416070713903974e-09
-5.523254654853094e-09
-5.63255939524214e-09
-5.744026751203918e-09
-5.857699843844072e-09
-5.9736223191305185e-09
-6.091838605825142e-09
-6.212394220361447e-09
-6.335335886919948e-09
-6.460710479355269e-09
-6.588565817705269e-09
-6.718951197119075e-09
-6.851917131822736e-09
-6.987514706712113e-09
-7.125795759336216e-09
-7.266813266144229e-09
-7.410621606109263e-09
-7.557275692607682e-09
-7.706832004278526e-09
-7.859347811499471e-09
-8.014882043802778e-09
-8.173494453901208e-09
-8.335245865482427e-09
-8.500197982118374e-09
-8.668414461926455e-09
-8.839959942871789e-09
-9.01490029273002e-09
-9.19330264616703e-09
-9.375235618814658e-09
-9.560768971932052e-09
-9.749973998220704e-09
-9.942923242069798e-09
-1.013969085615369e-08
-1.0340352446687462e-08
-1.0544985223123055e-08
-1.0753667729727912e-08
-1.0966479791320663e-08
-1.118350336935716e-08
-1.1404822014083119e-08
-1.16305202874133e-08
-1.1860684991983096e-08
-1.2095404561664278e-08
-1.2334769269243921e-08
-1.2578871002319816e-08
-1.2827803232915705e-08
-1.3081661971552083e-08
-1.3340544437146981e-08
-1.360455006222045e-08
-1.3873780248989734e-08
-1.4148338390944891e-08
-1.4428330228819473e-08
-1.4713863207265615e-08
-1.5005046246046715e-08
-1.5301991942594153e-08
-1.5604814201019765e-08
-1.5913629380773838e-08
-1.6228555575325404e-08
-1.6549713977606455e-08
-1.687722846770341e-08
-1.7211224104230448e-08
-1.7551829482550553e-08
-1.7899175148126945e-08
-1.825339501250467e-08
-1.8614624623540575e-08
-1.89830026271179e-08
-1.935867091032873e-08
-1.9741773718377764e-08
-2.0132458146762677e-08
-2.0530873912419367e-08
-2.0937174255683294e-08
-2.1351515000489485e-08
-2.177405532353266e-08
-2.220495801574969e-08
-2.264438802353913e-08
-2.309251409462077e-08
-2.354950862830732e-08
-2.4015547035066177e-08
-2.4490808115231258e-08
-2.4975474121995134e-08
-2.546973178630535e-08
-2.597377103327747e-08
-2.648778484569403e-08
-2.7011970790452762e-08
-2.7546530245313623e-08
-2.8091668524774654e-08
-2.8647594660846307e-08
-2.921452245136652e-08
-2.979266976426819e-08
-3.038225856273266e-08
-3.0983515142413154e-08
-3.15966701444452e-08
-3.222195940296747e-08
-3.2859623094565193e-08
-3.350990590703296e-08
-3.417305753086394e-08
-3.4849332791915544e-08
-3.553899162477871e-08
-3.624229861012851e-08
-3.695952362388344e-08
-3.769094236542869e-08
-3.843683554251298e-08
-3.919748991099842e-08
-3.997319753673567e-08
-4.0764256015873856e-08
-4.157096938559035e-08
-4.239364735539146e-08
-4.3232605912747746e-08
-4.4088167118830346e-08
-4.496065949058381e-08
-4.5850418619805544e-08
-4.675778579599221e-08
-4.7683109452231753e-08
-4.8626744994333115e-08
-4.9589054711488e-08
-5.0570408334851824e-08
-5.157118262424584e-08
-5.259176190201831e-08
-5.363253834534537e-08
-5.469391151612102e-08
-5.577628888701197e-08
-5.688008612551865e-08
-5.800572728392739e-08
-5.91536446102256e-08
-6.032427885774988e-08
-6.151807968764189e-08
-6.273550546762041e-08
-6.397702390580594e-08
-6.524311142730443e-08
-6.653425443641856e-08
-6.78509487822207e-08
-6.91937003232529e-08
-7.056302467681186e-08
-7.195944728803638e-08
-7.338350473465316e-08
-7.483574410160898e-08
-7.631672280239421e-08
-7.782700948283372e-08
-7.93671843246635e-08
-8.093783884083328e-08
-8.253957632653464e-08
-8.417301167532032e-08
-8.58387723748355e-08
-8.753749772098807e-08
-8.926984052665121e-08
-9.103646602531823e-08
-9.28380524470307e-08
-9.467529181461654e-08
-9.654889006338596e-08
-9.845956521273291e-08
-1.0040805301092526e-07
-1.0239510073867253e-07
-1.0442147189981821e-07
-1.0648794355333502e-07
-1.0859531003951095e-07
-1.1074438167196776e-07
-1.129359819239395e-07
-1.1517095370450203e-07
-1.1745015487951704e-07
-1.1977446082167553e-07
-1.2214476417522595e-07
-1.2456197493425358e-07
-1.2702702188553683e-07
-1.2954085134393376e-07
-1.3210442879950206e-07
-1.3471873950990712e-07
-1.3738478598236247e-07
-1.4010359280277468e-07
-1.4287620370319332e-07
-1.4570368457545932e-07
-1.485871202476551e-07
-1.5152761797306707e-07
-1.5452630778211782e-07
-1.575843407383183e-07
-1.6070289128090366e-07
-1.6388315650785017e-07
-1.6712635880766769e-07
-1.7043374324994184e-07
-1.7380657983418618e-07
-1.7724616390877787e-07
-1.8075381650077202e-07
-1.8433088449327714e-07
-1.8797874150864625e-07
-1.91698788464781e-07
-1.9549245438904225e-07
-1.993611960394298e-07
-2.0330649903432113e-07
-2.073298781260155e-07
-2.114328789826203e-07
-2.15617077178442e-07
-2.1988407929857123e-07
-2.242355240785962e-07
-2.286730829432343e-07
-2.3319846015681933e-07
-2.3781339316113898e-07
-2.4251965431189293e-07
-2.4731905110333963e-07
-2.522134265724868e-07
-2.572046603997735e-07
-2.622946695396422e-07
-2.674854083783984e-07
-2.727788704290357e-07
-2.7817708866950674e-07
-2.836821361082431e-07
-2.892961269290728e-07
-2.9502121699429007e-07
-3.008596052497814e-07
-3.068135335671657e-07
-3.1288528829637174e-07
-3.1907720151463925e-07
-3.25391651005702e-07
-3.318310616701181e-07
-3.3839790640477485e-07
-3.450947070639254e-07
-3.5192403587125387e-07
-3.588885149827248e-07
-3.6599081922050747e-07
-3.7323367616665104e-07
-3.8061986724555186e-07
-3.88152228837646e-07
-3.958336538649465e-07
-4.0366709229411324e-07
-4.116555521321841e-07
-4.1980210155334596e-07
-4.2810986876579485e-07
-4.365820443757301e-07
-4.452218820734377e-07
-4.540326999247918e-07
-4.6301788132578625e-07
-4.7218087693111366e-07
-4.815252055614255e-07
-4.910544562919394e-07
-5.007722878348775e-07
-5.106824326576997e-07
-5.20788696366627e-07
-5.310949603163154e-07
-5.416051825479079e-07
-5.523233990618881e-07
-5.632537260717024e-07
-5.744003611883597e-07
-5.857675851404093e-07
-5.973597634054487e-07
-6.091813475311153e-07
-6.212368777892135e-07
-6.335309833027832e-07
-6.460683862983402e-07
-6.588539000623728e-07
-6.718924362358533e-07
-6.851890010069542e-07
-6.987487017277166e-07
-7.125767454360665e-07
-7.266784416764746e-07
-7.41059207064014e-07
-7.557245633119797e-07
-7.706801429044341e-07
-7.859316898193702e-07
-8.014850603832793e-07
-8.173462278278196e-07
-8.335212830114366e-07
-8.500164383178771e-07
-8.668380285254546e-07
-8.839925120622538e-07
-9.01486478965344e-07
-9.193266467359684e-07
-9.37519866618837e-07
-9.560731246843496e-07
-9.74993546631192e-07
-9.942883986926608e-07
-1.0139650904589497e-06
-1.0340311785739546e-06
-1.0544943690874494e-06
-1.0753625210328452e-06
-1.0966436476212219e-06
-1.1183459215618335e-06
-1.1404776773388248e-06
-1.1630474147831344e-06
-1.1860638010440091e-06
-1.2095356748944783e-06
-1.2334720508250848e-06
-1.257882121334479e-06
-1.2827752598985062e-06
-1.3081610266865544e-06
-1.334049170749474e-06
-1.3604496342466653e-06
-1.3873725557128885e-06
-1.4148282741644619e-06
-1.4428273336918954e-06
-1.4713804869811824e-06
-1.5004986989868192e-06
-1.5301931522843353e-06
-1.5604752507760757e-06
-1.5913566239053253e-06
-1.6228491308894685e-06
-1.654964865457952e-06
-1.6877161616619821e-06
-1.7211155969442272e-06
-1.755175997623687e-06
-1.7899104442802754e-06
-1.8253322759589755e-06
-1.861455096127695e-06
-1.8982927768760541e-06
-1.935859464917395e-06
-1.9741695872778874e-06
-2.013237856324625e-06
-2.0530792757243336e-06
-2.093709145762181e-06
-2.1351430697320655e-06
-2.17739695960019e-06
-2.2204870422253865e-06
-2.264429865442752e-06
-2.30924230496622e-06
-2.3549415704494144e-06
-2.4015452116535134e-06
-2.4490711260632264e-06
-2.4975375651625905e-06
-2.5469631417814298e-06
-2.597366836663167e-06
-2.648768006653017e-06
-2.7011863915364556e-06
-2.754642121758537e-06
-2.809155725988216e-06
-2.8647481395735583e-06
-2.921440711570395e-06
-2.979255213882972e-06
-3.038213848967526e-06
-3.098339259169358e-06
-3.1596545345336977e-06
-3.22218322243808e-06
-3.2859493358276207e-06
-3.3509773626977184e-06
-3.417292276172311e-06
-3.484919543235822e-06
-3.5538851352454244e-06
-3.6242155373373045e-06
-3.695937758678284e-06
-3.7690793428219556e-06
-3.843668378467925e-06
-3.919733510854338e-06
-3.9973039508802485e-06
-4.076409488193021e-06
-4.157080502414164e-06
-4.239347973849941e-06
-4.323243495391201e-06
-4.408799286077228e-06
-4.496048202035346e-06
-4.58502375015905e-06
-4.6757600996351345e-06
-4.76829209609741e-06
-4.862655275310367e-06
-4.958885875438492e-06
-5.057020852492741e-06
-5.157097893695718e-06
-5.259155431648805e-06
-5.3632326597609055e-06
-5.469369547301747e-06
-5.577606854646712e-06
-5.687986148390908e-06
-5.800549817300878e-06
-5.9153410900892245e-06
-6.032404050478404e-06
-6.151783654224224e-06
-6.273525746950314e-06
-6.397677081708517e-06
-6.524285337131033e-06
-6.6533991348108334e-06
-6.785068058458863e-06
-6.919342673509122e-06
-7.056274545961562e-06
-7.195916261943259e-06
-7.338321448594918e-06
-7.483544794290378e-06
-7.631642069513356e-06
-7.782670148428843e-06
-7.936687030754498e-06
-8.093751864223745e-06
-8.253924967051253e-06
-8.417267850749973e-06
-8.583843244407835e-06
-8.753715118331104e-06
-8.926948709282712e-06
-9.103610544592853e-06
-9.283768467893607e-06
-9.46749166575475e-06
-9.654850694334907e-06
-9.845917505338765e-06
-1.0040765474810903e-05
-1.0239469430685616e-05
-1.0442105681869552e-05
-1.0648752047484654e-05
-1.0859487885944534e-05
-1.1074394127077135e-05
-1.129355330174893e-05
-1.1517049574341978e-05
-1.1744968774580686e-05
-1.1977398430791653e-05
-1.221442780348185e-05
-1.2456147919802374e-05
-1.2702651607810964e-05
-1.2954033533147963e-05
-1.321039023430531e-05
-1.3471820160388531e-05
-1.3738423709187212e-05
-1.401030326449778e-05
-1.4287563237160017e-05
-1.457031010342752e-05
-1.4858652447035173e-05
-1.5152701000643864e-05
-1.545256868799947e-05
-1.57583706677936e-05
-1.607022437728799e-05
-1.63882495780802e-05
-1.6712568401340642e-05
-1.7043305395511403e-05
-1.7380587573915737e-05
-1.7724544462741597e-05
-1.807530815180593e-05
-1.8433013344658953e-05
-1.879779741082604e-05
-1.916980043821406e-05
-1.954916528627978e-05
-1.9936037642448315e-05
-2.033056607615019e-05
-2.0732902097861557e-05
-2.1143200215546776e-05
-2.1561617994984416e-05
-2.198831611957379e-05
-2.2423458453213366e-05
-2.286721210176257e-05
-2.3319747477583137e-05
-2.3781238366876755e-05
-2.4251861992304015e-05
-2.4731799085061742e-05
-2.5221233951937868e-05
-2.5720354549899657e-05
-2.622935254938878e-05
-2.674842341668371e-05
-2.7277766487773672e-05
-2.781758503743578e-05
-2.836808637113401e-05
-2.892948188456038e-05
-2.950198717118239e-05
-3.008582207202114e-05
-3.068121079644959e-05
-3.12883819758395e-05
-3.190756877101246e-05
-3.253900895864919e-05
-3.318294500818638e-05
-3.383962420969221e-05
-3.450929870942566e-05
-3.5192225683036384e-05
-3.588866735459897e-05
-3.659889117095939e-05
-3.732316984162115e-05
-3.8061781484945156e-05
-3.881500972289023e-05
-3.958314377185655e-05
-4.036647859237234e-05
-4.116531495154327e-05
-4.1979959590685706e-05
-4.2810725303931395e-05
-4.36579310649568e-05
-4.452190218963686e-05
-4.540297036077735e-05
-4.6301473923828136e-05
-4.7217757770036395e-05
-4.8152173797029376e-05
-4.910508063436358e-05
-5.007684426596229e-05
-5.106783761715805e-05
-5.2078441301266036e-05
-5.310904313381116e-05
-5.416003891365543e-05
-5.523183196659651e-05
-5.6324833859455834e-05
-5.743946405558221e-05
-5.8576150537103903e-05
-5.973532949066305e-05
-6.0917446067369416e-05
-6.212295369551011e-05
-6.335231557531894e-05
-6.460600283124564e-05
-6.588449769250634e-05
-6.718828939824683e-05
-6.851788027002086e-05
-6.987377808778694e-05
-7.125650624519942e-05
-7.26665916886991e-05
-7.410457961544957e-05
-7.557101751819693e-05
-7.706647189066758e-05
-7.859151341089608e-05
-8.014672822030233e-05
-8.173271409169956e-05
-8.335007479184551e-05
-8.499943771824413e-05
-8.668142531464192e-05
-8.839669282855031e-05
-9.014588791507298e-05
-9.192968591361077e-05
-9.374877148019402e-05
-9.560383079061186e-05
-9.749559382618708e-05
-9.94247550636329e-05
-0.00010139208864577308
-0.00010339830852651747
-0.00010544421751649668
-0.00010753056965773656
-0.00010965817777100647
-0.00011182785459764601
-0.00011404041249121191
-0.00011629672625106048
-0.00011859761728886571
-0.00012094400871384112
-0.00012333675098332255
-0.00012577679507994044
-0.00012826504195860523
-0.00013080246043594822
-0.0001333900048438503
-0.00013602866954999504
-0.0001387194501427803
-0.00014146338819511308
-0.00014426149742583551
-0.00014711489363634168
-0.00015002458537217663
-0.00015299179105858008
-0.00015601748459139782
-0.00015910302370237747
-0.0001622493078188332
-0.00016545788322244607
-0.0001687295280514872
-0.00017206602127672692
-0.00017546800067533101
-0.00017893746512418092
-0.00018247496443732868
-0.00018608263782116672
-0.00018976105294984556
-0.00019351239951203008
-0.00019733730109964967
-0.00020123805683112082
-0.00020521516470042213
-0.0002092713696679034
-0.0002134065439127599
-0.00021762456836970826
-0.00022192380693934546
-0.00022631041198912833
-0.00023077966705254164
-0.0002353423773099484
-0.00023998715846677496
-0.000244732637630243
-0.00024955771312627165
-0.00025449284465518373
-0.0002595066748348365
-0.0002646336941525959
-0.0002698449742623177
-0.0002751638951416003
-0.00028058502622079027
-0.0002860991016442056
-0.00029173588338976444
-0.0002974556382994058
-0.00030330794704616854
-0.00030924980642710125
-0.0003153119075045049
-0.0003214973041874912
-0.0003277760097419838
-0.0003342103346824633
-0.0003407163021021083
-0.0003473991977941129
-0.0003541575067798129
-0.0003610848261256139
-0.00036811190016987783
-0.00037528991230499544
-0.00038259585403317
-0.0003900375610223182
-0.000397624862156272
-0.00040535494776907386
-0.00041323492687010807
-0.000421265823324289
-0.0004294452117035925
-0.00043778529915087703
-0.00044628987625271004
-0.00045494042466485453
-0.0004637931818313318
-0.000472758188408892
-0.00048197184855411704
-0.00049125967310265
-0.0005008529777331342
-0.0005104589364729236
-0.0005204697617924502
-0.0005303788191139774
-0.0005408632127134384
-0.0005510275249344418
-0.0005620408244394019
-0.0005724263235790759
-0.0005840375490390425
-0.0005946604881257953
-0.0006068483045416958
-0.0006177748343548304
-0.0006304953412835019
-0.0006418058330681879
-0.0006550880147524049
-0.0006666956541475775
-0.0006807185545475731
-0.0006924020857274685
-0.0007074417444101187
-0.0007188473087557496
-0.000735443263929241
-0.0007457892900831925
-0.0007653363007864697
-0.0007717628324366088
-0.0008011074883723102
-0.0007833082180793635
-0.0008142239979144518
-0.0007603643958731046
-0.0008231727588741272
-0.0007530711414416619
-0.0008057363351603036
-0.0007477048224061242
-0.0007735423613677329
-0.0007755635370727413
-0.0007721193295336225
-0.000797277494591471
-0.0008065296888697428
-0.0008254883105754743
-0.0008504492951966272
-0.0008507174345685937
-0.0009233160896697234
-0.0009196099651190143
-0.0009459433645571599
-0.0009492199300766765
-0.0009436009202044762
-0.00097742188715262
-0.0009610810043590347
-0.0010483138333313956
-0.0010158032865036533
-0.0011145406032212896
-0.0011234594885797585
-0.0012039918902735907
-0.0012353701188228434
-0.0013155418633650183
-0.0013168383062231994
-0.0013723406960061474
-0.001359703371463733
-0.001384961515800533
-0.0013812421965525203
-0.0013941572085005224
-0.0013932621178761873
-0.0014218728821831991
-0.001425633343760585
-0.001443477051593256
-0.0014425634997260045
-0.0014573900936571543
-0.0014906311294560562
-0.0014554968295071163
-0.001462175812062573
-0.0014201934165687241
-0.0014300023320259515
-0.0013764994819120413
-0.0014142934277516367
-0.0013416635057489495
-0.001391726177351088
-0.0012929142553915751
-0.001346957016685399
-0.001261018164760687
-0.0013563790819756255
-0.0012836101055812565
-0.0013554195936361021
-0.0013310380646249544
-0.0013204630206605505
-0.001349040692534699
-0.0013399438745960307
-0.0013668800683819815
-0.0013875606589158276
-0.0013613863621603321
-0.0014557748682957547
