2.050963616459544e-05
0.00011029968449013505
-1.3388001216376854e-05
0.00016536305346174932
-4.571015474019464e-05
0.0002221874518143238
-1.214890614651895e-05
0.00011884416630852869
8.963046067844921e-06
-9.046265765134042e-06
4.597378086325745e-05
6.284574450356704e-06
8.756435300066086e-05
3.9225794042640604e-05
5.680011331283966e-05
0.00022063774196745328
-0.0002580870814068506
0.0008004093372089589
4.4398821263423116e-05
0.0007624179970148436
3.852278367391334e-05
0.0006115210280595749
3.2185391029771826e-05
0.0004990610137348792
-0.0005356964904340033
0.0006781773627256664
-0.0018361318232726755
0.0018213160487548271
-0.003510330193376116
0.004264407189675235
-0.006350797487356927
0.008291813419600981
-0.012984372714876243
0.0185020588975462
-0.028218027828574473
0.047096366629839514
-0.09883232684386786
0.5075990479256326
0.3916934292018898
0.25810349811961647
0.1285935335165635
0.07993229355015406
0.14964512250444081
0.047678773121998225
0.26262652782198587
0.0917334182241547
-0.12689590977300347
-0.2612863400178538
-0.29029970219202705
-0.2989357037139332
-0.2663453504513138
-0.30944480341817665
0.07942867033651232
0.09374185856132541
-0.13112935074679524
-0.3503348427188412
-0.1181978589816735
-0.03771382869694885
0.1825003836117115
0.20913174032832724
0.3073561029959325
0.20010054484089182
0.033378353332042685
-0.1156935154510201
0.031270329267460775
0.13964709132123926
0.10650617650237057
-0.013512427458333353
-0.018830662229839076
-0.06698487059000008
-0.06887741547226237
-0.02835382506079355
-0.04880587356948846
-0.10292663361908701
-0.07525786561973724
-0.03651903951806348
0.03347256113826265
0.012945819034212581
-0.039610151617693434
-0.05236976232965518
-0.03632512313966699
-0.015494356151592685
-0.0005955304195772824
0.0652345584150543
0.08445673850330533
0.04508948802396379
-0.011580698660544342
-0.02378398351692831
-0.0029372014025379305
0.0019507460678838298
0.022189950778793675
0.040861057001139164
0.04988107197654688
-0.002522393933264487
-0.06301408896373767
-0.05954606123178492
-0.029968154889243866
0.005222731566088551
0.016993600341712302
0.018842708839336086
-0.003394983323406987
-0.03593231971990496
-0.0418460212181786
-0.011659266302802913
0.0168713859522203
0.01395063411328198
0.0069237995957726955
0.01307363920714079
0.010890310381842641
-0.0015379647525919922
-0.007114205324883769
0.0006740258047382157
0.002952505320828524
0.003556614922645414
0.006932185996067588
0.01423305087890382
0.008645591935074946
-0.010852919235649803
-0.022753325323368226
-0.015008553561241273
-0.004276800204180498
-0.0008988546245622425
0.004340698838575253
0.006081995837424586
-0.00038163943880863425
-0.012872720567663105
-0.014816831507211595
-0.006980436332236261
0.0007437788302423079
0.005911277774077236
0.011513238935572122
0.010172033761238777
8.328529301692585e-05
-0.012173387020083701
-0.011322866045057634
-0.0013115528651104378
0.00595559059057531
0.0062894643637666225
0.003581156860066425
-2.8276033140269085e-05
-0.00596644998234926
-0.00830322600744263
-0.0021833979886440764
0.003079812803603939
0.00349584025051119
0.0010287421980961033
0.002006847320563657
0.0016794102201161426
-0.000891606226764884
-0.003760103972742455
-0.0037498901845216853
-0.0016967039619313956
0.000438991357055684
0.001746395390560615
0.0021701412492908735
-0.0004627273391648485
-0.0035060438589201246
-0.005683021926373318
-0.0035330210973948855
-0.0005797829460083023
0.0012933481024324327
0.0006867908987337746
0.0003791403890496195
-0.001447284637594678
-0.003505395306493322
-0.004889165381190037
-0.003286491892126347
-0.0008547856814352429
0.000698142268951509
0.0012475870241093982
0.0005254593952277425
-0.001128152448127983
-0.002716506788330243
-0.002897820383795091
-0.0004309188730142078
0.0017950042848021265
0.0018913003109400997
0.0008928105681265291
-0.0005474385475728543
-0.0013127631085109248
-0.0018086685308531707
-0.0016430178219215092
-0.0005532351042565403
0.00039987554916586236
-0.00010810712604376706
-0.00025226054775170817
-0.0007172195107415537
-0.001196127816527907
-0.00230893496032507
-0.00231789305825758
-0.0015003593020903273
-0.0013898779111317311
-0.0017589058965101333
-0.0019388139179176908
-0.002405692695929348
-0.0028824288943248367
-0.0030056643362873703
-0.0021566504213832746
-0.0009283336796158713
2.7063702909336552e-05
-6.581929792523e-05
0.000506683668460922
0.0006258369030676236
0.0006587631143925639
0.0001858531860818029
0.00042987255691774866
-2.746515938930336e-05
0.0002562301284830589
-8.099973226924459e-05
0.00015293243470343822
-7.718888200785309e-05
0.0001088644297533377
-0.00010753791131890358
3.593676731269372e-05
-0.00011542899163465145
2.269835480447121e-05
-0.00010811426015130824
2.646814977541621e-05
-6.452898493923738e-05
3.3292297382227654e-05
-3.62133807582047e-05
3.7020942715158386e-05
-2.134989894840957e-05
2.7814809251505788e-05
-1.073732957189552e-05
1.4416572059123547e-05
-3.4686053130300208e-06
6.4896103851527255e-06
3.870542738780569e-07
9.785449345701275e-07
2.949428619834424e-06
-2.8685486452703288e-06
3.909841623571907e-06
-5.506260917463807e-06
5.1633762614537206e-06
-7.295059477222454e-06
6.405263573398476e-06
-7.771500362253533e-06
7.052468044472116e-06
-7.5479832514872836e-06
7.247130513606155e-06
-7.169219909431389e-06
6.9481375724860656e-06
-6.498823979195385e-06
6.192473953829658e-06
-5.634080734137278e-06
5.297701971179129e-06
-4.747382227741903e-06
4.393948735342563e-06
-3.904039788225119e-06
3.5478819430286024e-06
-3.144778318377693e-06
2.7839584304471116e-06
-2.4466119056603883e-06
2.0902937154815716e-06
-1.8027937710610002e-06
1.4845490239957012e-06
-1.243002750192599e-06
9.784307351302923e-07
-7.757068946589703e-07
5.633034090403791e-07
-4.0032422056511877e-07
2.3781431803936853e-07
-1.1600316612001872e-07
-3.1593177242080286e-09
8.820370435967152e-08
-1.7245156045363197e-07
2.266228578185793e-07
-2.837889575136969e-07
3.1311107755443036e-07
-3.5000597900232237e-07
3.5958185929611114e-07
-3.807262934944419e-07
3.74511660759802e-07
-3.8334028851076153e-07
3.654083548781245e-07
-3.653937964158329e-07
3.3953900782125734e-07
-3.3373981288753116e-07
3.029602933808228e-07
-2.939899550302282e-07
2.6070701384260024e-07
-2.507525355792406e-07
2.1680545569632056e-07
-2.074690554462917e-07
1.7410958635553572e-07
-1.664624102305605e-07
1.3447244156757944e-07
-1.2916035665197327e-07
9.896368138623442e-08
-9.633112675892699e-08
6.813755528767632e-08
-6.834790166818094e-08
4.222459854853755e-08
-4.528987718015187e-08
2.116430820962162e-08
-2.696571731793801e-08
4.654811013417651e-09
-1.2987235952031245e-08
-7.763572923641729e-09
-2.8430349463537397e-09
-1.664245324623642e-08
4.040601985378506e-09
-2.256572815932667e-08
8.243987406793274e-09
-2.6102167773565943e-08
1.031585335035945e-08
-2.7775786468585417e-08
1.0750739347364924e-08
-2.80502598024035e-08
9.980415891733957e-09
-2.7326309444408725e-08
8.374487286359061e-09
-2.594308510725507e-08
6.241046164243147e-09
-2.4178455837291224e-08
3.82751543827331e-09
-2.2251148922534936e-08
1.3242862225652102e-09
-2.0325589802829697e-08
-1.1294275870446513e-09
-1.8518558244154382e-08
-3.438277823911151e-09
-1.6906933921877892e-08
-5.542853170263477e-09
-1.553554182650782e-08
-7.412068948192685e-09
-1.4424429212265416e-08
-9.036331646058299e-09
-1.3575188260832316e-08
-1.0421794415307883e-08
-1.2976128591557154e-08
-1.1585671694149674e-08
-1.260656409753265e-08
-1.2552302953994232e-08
-1.2440409376257566e-08
-1.3349895323965313e-08
-1.2449124060505239e-08
-1.4007927210259679e-08
-1.2603943043334315e-08
-1.4555226687980316e-08
-1.2877497651553327e-08
-1.5018658552695338e-08
-1.324486242036682e-08
-1.5422317335093277e-08
-1.3684155981461932e-08
-1.5787105973733874e-08
-1.417679068062283e-08
-1.6130614020719303e-08
-1.4707499990630692e-08
-1.6467193515463247e-08
-1.5264181959639272e-08
-1.680816756935953e-08
-1.5837638790813964e-08
-1.716213544487779e-08
-1.6421246667899618e-08
-1.753533300855037e-08
-1.7010573866377623e-08
-1.7932010036147278e-08
-1.7603003938607836e-08
-1.8354814354396357e-08
-1.819736902017397e-08
-1.8805140524413497e-08
-1.8793614063312807e-08
-1.928344703838389e-08
-1.939250149807399e-08
-1.9789524287880996e-08
-1.999536442789853e-08
-2.0322730118389493e-08
-2.0603901070334997e-08
-2.0882170454947745e-08
-2.1220006928479238e-08
-2.1466847140161338e-08
-2.1845648112521487e-08
-2.207576727648007e-08
-2.2482770901293206e-08
-2.27080270007922e-08
-2.3133234105710454e-08
-2.336285753699592e-08
-2.3798768902186934e-08
-2.4039661388050235e-08
-2.448095815020361e-08
-2.4738023806942372e-08
-2.5181231739970084e-08
-2.545771611917112e-08
-2.5900867338911338e-08
-2.619868582579704e-08
-2.664100566453914e-08
-2.6961046100857332e-08
-2.7402663819054568e-08
-2.7745055267147656e-08
-2.818675758526094e-08
-2.8551101166878617e-08
-2.8994118451627915e-08
-2.9379680033746712e-08
-2.982551579377028e-08
-3.023138072104532e-08
-3.0681673041620117e-08
-3.110686555248595e-08
-3.156328583209505e-08
-3.200685806063058e-08
-3.247103514509523e-08
-3.2932130353442723e-08
-3.340560038203426e-08
-3.388349268041357e-08
-3.436766942614775e-08
-3.486178629975856e-08
-3.5357945595210823e-08
-3.586787621102374e-08
-3.6377154680395426e-08
-3.690264980182531e-08
-3.742604971189456e-08
-3.7967012135120895e-08
-3.850541339272574e-08
-3.9061884711836733e-08
-3.961606098279013e-08
-4.0188205102306696e-08
-4.075884167784212e-08
-4.134692867339279e-08
-4.193463936080083e-08
-4.253902921255194e-08
-4.314437265437454e-08
-4.376549714822653e-08
-4.4388993966637535e-08
-4.502734561942501e-08
-4.566949244992624e-08
-4.632561020770712e-08
-4.698689089113056e-08
-4.766135064697072e-08
-4.834224629786778e-08
-4.90356517625877e-08
-4.973664970327196e-08
-5.0449627167991305e-08
-5.117122831314793e-08
-5.190442051074967e-08
-5.26471420278507e-08
-5.340120587263644e-08
-5.416558605895322e-08
-5.4941190584002764e-08
-5.572779165951072e-08
-5.652561591755825e-08
-5.73350250689152e-08
-5.8155758967184945e-08
-5.898859005209686e-08
-5.983293447171442e-08
-6.068982664770434e-08
-6.155849403312319e-08
-6.244011386581649e-08
-6.333382927391912e-08
-6.42408692838603e-08
-6.516037282314202e-08
-6.609355253719973e-08
-6.703959904222345e-08
-6.79996624182444e-08
-6.897302426769891e-08
-6.996074188546364e-08
-7.09622101809082e-08
-7.19783776956251e-08
-7.300876363885989e-08
-7.405420273526309e-08
-7.51143387663078e-08
-7.618989479379543e-08
-7.728063642839511e-08
-7.838718207343887e-08
-7.950940795684036e-08
-8.064784052337279e-08
-8.180245479580991e-08
-8.297369811366417e-08
-8.416163066113369e-08
-8.536663459284e-08
-8.658884297725253e-08
-8.782858538364247e-08
-8.908605375493404e-08
-9.036153935808354e-08
-9.165528169936821e-08
-9.296754490718817e-08
-9.429860464531259e-08
-9.564870811042733e-08
-9.701815946450143e-08
-9.840719673685772e-08
-9.981614478103001e-08
-1.0124524005544061e-07
-1.0269482265783114e-07
-1.0416513282138218e-07
-1.05656520730385e-07
-1.0716923498632625e-07
-1.0870363344184231e-07
-1.1025997537217336e-07
-1.1183862394514854e-07
-1.1343985180378713e-07
-1.1506402659844372e-07
-1.1671143560106068e-07
-1.1838244949602394e-07
-1.2007737096655924e-07
-1.2179657495753338e-07
-1.235403797456014e-07
-1.2530916332353925e-07
-1.2710326054155008e-07
-1.2892305399636594e-07
-1.3076889350538412e-07
-1.3264116884362243e-07
-1.3454024347728244e-07
-1.3646651407517307e-07
-1.3842035838373956e-07
-1.4040218028824047e-07
-1.424123744018374e-07
-1.4445135042978619e-07
-1.465195193159352e-07
-1.4861729859261263e-07
-1.5074511319768114e-07
-1.529033918090672e-07
-1.5509257187198977e-07
-1.5731309478499416e-07
-1.5956541092251864e-07
-1.6184997267626802e-07
-1.6416724566824942e-07
-1.6651769443572564e-07
-1.6890179716693224e-07
-1.7132003179640143e-07
-1.737728910140065e-07
-1.7626086750766913e-07
-1.7878446706746064e-07
-1.813441960921234e-07
-1.839405758476305e-07
-1.865741274904506e-07
-1.892453858455892e-07
-1.9195488819637174e-07
-1.9470318451475857e-07
-1.974908290644159e-07
-2.0031838621203946e-07
-2.0318642525462595e-07
-2.060955282944671e-07
-2.0904628141959862e-07
-2.1203928240879147e-07
-2.1507513494711632e-07
-2.1815445315378872e-07
-2.2127785909240721e-07
-2.2444598405145033e-07
-2.276594681680042e-07
-2.3091896184297168e-07
-2.342251226210637e-07
-2.3757861922516985e-07
-2.4098012873933e-07
-2.444303391739566e-07
-2.4792994771354743e-07
-2.514796614378964e-07
-2.5508019827445716e-07
-2.587322855199248e-07
-2.6243666121847364e-07
-2.6619407350603197e-07
-2.700052822574017e-07
-2.738710575544978e-07
-2.777921809526962e-07
-2.8176944437408036e-07
-2.858036519809426e-07
-2.8989561944893494e-07
-2.940461730632782e-07
-2.982561515298132e-07
-3.0252640615541226e-07
-3.0685779973949057e-07
-3.112512078073948e-07
-3.1570751786447193e-07
-3.2022763089833983e-07
-3.2481246008131404e-07
-3.2946293221022827e-07
-3.3417998697091167e-07
-3.3896457796167567e-07
-3.438176718467689e-07
-3.48740249355578e-07
-3.5373330499292865e-07
-3.5879784852227425e-07
-3.6393490341485313e-07
-3.691455076199057e-07
-3.7443071401743744e-07
-3.797915909750649e-07
-3.852292215049402e-07
-3.9074470485882945e-07
-3.963391554742679e-07
-4.0201370441264594e-07
-4.0776949845888755e-07
-4.136077003634442e-07
-4.195294901719604e-07
-4.2553606460424276e-07
-4.316286374376338e-07
-4.3780843999099983e-07
-4.440767213120811e-07
-4.5043474843770026e-07
-4.568838062046776e-07
-4.634251974770798e-07
-4.700602445344322e-07
-4.7679028834096693e-07
-4.836166887772081e-07
-4.905408256296317e-07
-4.975640979644307e-07
-5.046879254889198e-07
-5.119137484119185e-07
-5.192430249968683e-07
-5.2667723873627e-07
-5.342178905861673e-07
-5.418665060662881e-07
-5.496246293915834e-07
-5.574938283289658e-07
-5.654756947328504e-07
-5.735718399974693e-07
-5.817839013825404e-07
-5.901135382324922e-07
-5.985624345131169e-07
-6.071322964668752e-07
-6.158248563419011e-07
-6.246418709583614e-07
-6.335851231815612e-07
-6.426564185734937e-07
-6.518575919481438e-07
-6.611905017835096e-07
-6.706570360188319e-07
-6.802591055645596e-07
-6.89998651767082e-07
-6.998776421662453e-07
-7.098980751990558e-07
-7.200619744299891e-07
-7.303713948345926e-07
-7.408284193090591e-07
-7.514351619730859e-07
-7.621937647265577e-07
-7.73106402795023e-07
-7.841752812633379e-07
-7.954026379312917e-07
-8.067907413117359e-07
-8.183418926011217e-07
-8.300584263898694e-07
-8.419427105733554e-07
-8.539971468797015e-07
-8.66224171212817e-07
-8.786262549349009e-07
-8.912059043927542e-07
-9.03965661670867e-07
-9.169081056486643e-07
-9.300358522930374e-07
-9.433515541692333e-07
-9.568579020374779e-07
-9.705576255447646e-07
-9.844534937094793e-07
-9.985483148946747e-07
-1.0128449374610313e-06
-1.027346250383009e-06
-1.0420551846807534e-06
-1.0569747129545934e-06
-1.0721078498783531e-06
-1.0874576536843567e-06
-1.1030272270536393e-06
-1.1188197165072763e-06
-1.1348383134080404e-06
-1.1510862553147563e-06
-1.1675668255446692e-06
-1.1842833551437048e-06
-1.2012392216754998e-06
-1.218437851972223e-06
-1.2358827221367434e-06
-1.2535773577474364e-06
-1.271525334929917e-06
-1.2897302803827363e-06
-1.3081958736307865e-06
-1.3269258463586252e-06
-1.3459239832357161e-06
-1.3651941242322983e-06
-1.384740163750005e-06
-1.4045660519316615e-06
-1.4246757955114754e-06
-1.4450734584687836e-06
-1.4657631631474505e-06
-1.4867490907342993e-06
-1.5080354821871752e-06
-1.5296266393470797e-06
-1.5515269260881837e-06
-1.5737407681161658e-06
-1.5962726549915507e-06
-1.6191271399253367e-06
-1.6423088421790941e-06
-1.6658224460922195e-06
-1.6896727033650482e-06
-1.7138644345597153e-06
-1.7384025286173608e-06
-1.7632919446541103e-06
-1.7885377128712627e-06
-1.8141449350879586e-06
-1.8401187860091553e-06
-1.8664645152910854e-06
-1.8931874470113534e-06
-1.92029298179858e-06
-1.9477865973326796e-06
-1.9756738502476083e-06
-2.0039603766857164e-06
-2.032651892539309e-06
-2.06175419686927e-06
-2.091273170113121e-06
-2.1212147788215747e-06
-2.151585073642922e-06
-2.1823901921839837e-06
-2.213636360434251e-06
-2.245329892800905e-06
-2.2774771941400703e-06
-2.3100847615501515e-06
-2.343159185115313e-06
-2.376707148236891e-06
-2.410735431052427e-06
-2.445250910768082e-06
-2.480260562738937e-06
-2.5157714619525057e-06
-2.5517907853183546e-06
-2.5883258119069504e-06
-2.625383925826917e-06
-2.6629726156265562e-06
-2.7010994774544043e-06
-2.7397722168085933e-06
-2.7789986500170033e-06
-2.8187867041472737e-06
-2.8591444201074047e-06
-2.9000799540194414e-06
-2.9416015785202997e-06
-2.983717684616402e-06
-3.026436784348647e-06
-3.069767510778423e-06
-3.113718620789142e-06
-3.1582989970702254e-06
-3.203517648504156e-06
-3.2493837137650625e-06
-3.2959064620958697e-06
-3.3430952955408252e-06
-3.3909597504648992e-06
-3.4395095005784244e-06
-3.4887543567673233e-06
-3.538704271682184e-06
-3.589369340006518e-06
-3.640759800791076e-06
-3.6928860397164413e-06
-3.7457585909486148e-06
-3.799388139958727e-06
-3.853785524885215e-06
-3.908961739410824e-06
-3.96492793427192e-06
-4.021695419915983e-06
-4.079275668993423e-06
-4.137680317884904e-06
-4.196921169320224e-06
-4.2570101961006065e-06
-4.317959541654459e-06
-4.379781523981916e-06
-4.442488636888448e-06
-4.5060935530815555e-06
-4.5706091263992416e-06
-4.636048395477866e-06
-4.702424584616255e-06
-4.769751108362093e-06
-4.8380415734400675e-06
-4.907309780683919e-06
-4.97756972906143e-06
-5.048835617346703e-06
-5.1211218481447135e-06
-5.194443030059285e-06
-5.2688139804482614e-06
-5.344249730095552e-06
-5.420765523168631e-06
-5.498376824123602e-06
-5.577099317027358e-06
-5.656948911381479e-06
-5.737941744244669e-06
-5.820094183953519e-06
-5.903422832996292e-06
-5.9879445310428384e-06
-6.073676360260436e-06
-6.1606356453036e-06
-6.2488399621326565e-06
-6.338307133525473e-06
-6.429055243291782e-06
-6.521102628518315e-06
-6.614467891573198e-06
-6.709169903751258e-06
-6.8052277963548315e-06
-6.902660994756796e-06
-7.001489172437335e-06
-7.1017323224624625e-06
-7.203410679202022e-06
-7.306544815625015e-06
-7.41115555441367e-06
-7.517264049768449e-06
-7.6248917381203235e-06
-7.734060370462445e-06
-7.844792016785396e-06
-7.95710903809285e-06
-8.071034158688584e-06
-8.186590366575375e-06
-8.303801060143218e-06
-8.422689866022714e-06
-8.543280885560948e-06
-8.66559839734311e-06
-8.789667228357024e-06
-8.915512324728179e-06
-9.043159257921332e-06
-9.172633675685275e-06
-9.303961891727512e-06
-9.437170296077964e-06
-9.572285945128262e-06
-9.709336025281166e-06
-9.848348321266163e-06
-9.98935086620606e-06
-1.0132372174490381e-05
-1.0277441161903392e-05
-1.0424587091079941e-05
-1.0573839774854522e-05
-1.0725229265742516e-05
-1.0878786282518451e-05
-1.103454171113064e-05
-1.119252716656749e-05
-1.1352774435760375e-05
-1.1515316003727228e-05
-1.1680184656944273e-05
-1.1847413673754699e-05
-1.2017037001308718e-05
-1.218908858579941e-05
-1.2363603693965088e-05
-1.2540616899335555e-05
-1.2720164788582872e-05
-1.2902282734909235e-05
-1.3087008412758505e-05
-1.327437836883558e-05
-1.3464431019729814e-05
-1.3657204467732928e-05
-1.3852737616744555e-05
-1.405107033946619e-05
-1.4252241989789506e-05
-1.4456294200869977e-05
-1.4663266942242879e-05
-1.4873203404946848e-05
-1.508614464633927e-05
-1.5302134569293233e-05
-1.5521217220015524e-05
-1.5743433168280245e-05
-1.5968837218444196e-05
-1.6197456441116587e-05
-1.6429363553842943e-05
-1.6664573407255707e-05
-1.690316627856337e-05
-1.714516295377687e-05
-1.7390627220365213e-05
-1.7639611870512873e-05
-1.7892143623084817e-05
-1.8148315549262883e-05
-1.840812129184216e-05
-1.867168105517086e-05
-1.8938974853627646e-05
-1.9210128805625925e-05
-1.9485124657362633e-05
-1.9764093198408432e-05
-2.004700823627671e-05
-2.0334016627762642e-05
-2.0625076898478714e-05
-2.0920354005317366e-05
-2.1219796098368503e-05
-2.1523571983136382e-05
-2.183164403108187e-05
-2.214415413529392e-05
-2.246111133111883e-05
-2.278259691068955e-05
-2.3108700368087726e-05
-2.3439414990125912e-05
-2.377492178956412e-05
-2.4115137541960035e-05
-2.4460301721921447e-05
-2.4810310681276822e-05
-2.5165386224788866e-05
-2.552548427227049e-05
-2.589074286525909e-05
-2.626122239711144e-05
-2.6636944287938987e-05
-2.7018109723139826e-05
-2.74045799230927e-05
-2.7796750114755537e-05
-2.8194254808295606e-05
-2.8597768490728136e-05
-2.900659097491347e-05
-2.94217822275017e-05
-2.9842291439887553e-05
-3.0269379694974224e-05
-3.07020389788712e-05
-3.114122075427829e-05
-3.158648110835639e-05
-3.2038036534198485e-05
-3.249623372412916e-05
-3.296059703939875e-05
-3.343197542013457e-05
-3.3909682949958674e-05
-3.439442871547077e-05
-3.4886061429064774e-05
-3.538439360888123e-05
-3.589049954398106e-05
-3.6402531227487395e-05
-3.692404768508009e-05
-3.744901643602805e-05
-3.798931125277138e-05
-3.851875060901372e-05
-3.9085537283896636e-05
-3.963290820522235e-05
-4.020138618248022e-05
-4.078074106855648e-05
-4.134059209659393e-05
-4.1955411570043875e-05
-4.250563778819159e-05
-4.3140312443597027e-05
-4.3708954772475e-05
-4.434733844443928e-05
-4.494841882466609e-05
-4.5579025758669955e-05
-4.62190000061263e-05
-4.6854542346659155e-05
-4.749996179005938e-05
-4.8165551186955856e-05
-4.88207429936708e-05
-4.950834798893018e-05
-5.018542060784836e-05
-5.0886462217203735e-05
-5.159242761226655e-05
-5.2298297868478573e-05
-5.304009934523285e-05
-5.374300652887025e-05
-5.453470322856128e-05
-5.523140650089608e-05
-5.6053700445440066e-05
-5.678221027905384e-05
-5.7586971557704175e-05
-5.83772141206332e-05
-5.912701925447732e-05
-6.001536857972063e-05
-6.072006491007298e-05
-6.168083218685214e-05
-6.237419968945987e-05
-6.339011244406619e-05
-6.406547863905404e-05
-6.514020667993704e-05
-6.579945368792844e-05
-6.692103705749873e-05
-6.757361329555716e-05
-6.874359116505941e-05
-6.935486831708077e-05
-7.049451602493886e-05
-7.134105758537521e-05
-7.226840593449338e-05
-7.33799007100874e-05
-7.417183669047346e-05
-7.538163901981646e-05
-7.626357094108263e-05
-7.731652583540215e-05
-7.844587998855849e-05
-7.916726568162015e-05
-8.075364541529188e-05
-8.097528177345489e-05
-8.303847070102602e-05
-8.293566063174459e-05
-8.545899033631996e-05
-8.466050746925875e-05
-8.868878401975706e-05
-8.466307686546409e-05
-0.00010034184448036443
-2.0831409791977062e-05
-3.464775027056319e-06
-6.739081848280981e-05
5.740599759850029e-06
-7.66756560881543e-05
-7.473503856157346e-06
-7.120869339889702e-05
-2.763069030085885e-05
3.396880278942749e-06
-1.7178310308924027e-05
2.6772466129955375e-05
-8.31849453444963e-05
4.2256048679994995e-06
-8.166372610469985e-05
-9.88443779710961e-05
-2.14031151011939e-05
-9.687980965660269e-05
-9.2413052773542e-05
-9.582972376399879e-05
-0.00011797467282551738
-0.00010429642187048584
-4.8203249780411767e-05
-7.672999255969155e-05
-0.00012560465864654884
1.6602269829902455e-06
-0.00012506715340665844
-7.765792341101613e-05
2.3627440996715947e-05
-0.00013885319184195333
3.1715602090656714e-05
-0.00020644155539221217
5.4063243218181734e-05
-0.00018632096425413684
9.940017069126617e-05
-0.00012878416817389132
7.123037253753406e-05
-0.00011460223933784652
-6.0680060323115015e-06
-0.0001182790212223006
-4.54262780837239e-05
-6.949376616971481e-05
-9.493996412309261e-05
-4.2630146903366306e-05
-2.0540570282862047e-07
-3.8143691271183555e-05
6.758269865361766e-05
5.956866213069345e-05
0.0001540420011950927
0.00015966327075420117
0.00021665336851700578
0.00012220076450186051
0.0002857620990351986
3.488503756707284e-05
0.0002092880298740496
-3.841895312194088e-05
8.492708991443901e-05
-0.00010785386901059069
5.2115985611028703e-05
-7.109801107063607e-05
0.0001895747640516532
-3.9971732342901356e-05
0.0001405342087582792
-0.0016488565511078896
-0.0016176333471240986
-0.0016565715354266946
-0.0016475172652491879
-0.0017003601679483503
-0.001712736011975956
-0.001764364327783547
-0.001789604414180743
-0.0018408702930252274
-0.0018716265525381714
-0.0019357888025463253
-0.0019699638561886464
-0.0020151375484236283
-0.0020396120788911285
-0.0020587306889986593
-0.0020576467226614053
-0.002077637397002503
-0.0020794158745119752
-0.002085957833375703
-0.0021160305446678326
-0.0021239805942576393
-0.0021539973759952483
-0.0021502695737570434
-0.0022120257962058073
-0.002199021568256989
-0.002232394253384928
-0.0022781130130637307
-0.002309217556977344
-0.002311286198185508
-0.00235884489940585
-0.0023456737021187776
-0.002343555225331579
-0.002385159454250946
-0.00239208492395678
-0.002423689862503833
-0.002339444592092461
-0.002358545176019121
-0.002404179586105436
-0.0023123558635709572
-0.002366671556573229
-0.002427429955027809
-0.0024977323656508645
-0.002628836703975332
-0.0026361039304574493
-0.0029203976404289407
-0.002620836857215619
-0.0030247344317125887
-0.0025898607326845726
-0.0033920071433004217
-0.0023306356106770707
-0.0037729487374395035
-0.0018136825090821621
-0.004877170297112215
0.0011139290623750978
-0.008816624496797348
0.04250054718281461
0.1077940387873565
0.10320002091748409
0.08554250261726512
0.05913245204478339
0.06223843580842292
0.02171716188993543
0.0009371338184363976
-0.007461995346831337
-0.026286144175849846
-0.04806018833602639
-0.04231953718977183
-0.06381963761383933
-0.07845120648715045
-0.08297490848846137
-0.03677230202809722
-0.009791054588248228
0.0028854766363658624
0.013753140525325162
0.026698374799287272
0.02834350755782993
0.020991299050616058
0.023278484233290597
0.028552540967464003
0.02826266123673065
0.02221862325611112
0.015517226800933983
0.010570819433191592
-0.0030097951341269925
-0.0046830770887610704
0.0024589407187096185
0.005083441523967666
-0.0005363194857911195
-0.011277542565392833
-0.01336455150386264
-0.011724922922460895
-0.009606712614878835
-0.007611421082509627
-0.0031435573346772334
0.0014244617049069936
0.002515030964058727
-0.0015148227866824296
-0.003998270848996592
-0.001637349932514944
0.0022544947238888786
0.004371916793209519
0.0030229715276387887
0.0011641055297616832
0.0010773772051553287
0.0021068651329303805
0.004002501579492911
0.0057918205284957485
0.00680580517560728
0.004645832392930182
0.0011650415731997573
-0.0022511790028039757
-0.0033822166909690263
-0.0032853250338937814
-0.0025531411690896994
-0.0014844600593943147
-0.00047570076677038906
-0.0022161615033695495
-0.005469715584065729
-0.007200290340346164
-0.005803968532516766
-0.003212750730246088
-0.0017512229393278848
-0.00011133626282684852
0.0010294704544787686
0.0006125726468359224
-0.0010217066027901982
-0.0016620065314893434
6.994496742989607e-05
0.002662669309554097
0.003763094984360336
0.0033491632024921455
0.0019874810569697346
0.00045930971200447044
-0.0008816463009822871
-0.0006166928629864879
0.0002699686521649848
0.0006310246757495994
-0.00012152411974552201
-0.001580222061003578
-0.0028548543102053948
-0.0029241159689489217
-0.002204339263542409
-0.001975696649279403
-0.0011984976435118497
-0.0004188890160019961
-0.00046883146946102307
-0.0010649661392186805
-0.001253220443852818
-0.0005926346997513332
0.00013054079117474394
0.000611829093435205
0.0005272856715612302
0.0005228894627160309
0.0007441532113695046
0.0007607223293545587
0.00044172593705893963
0.00023209973011533832
0.0007738174035836297
0.0008249372519915383
0.0005302039687703612
0.00018763100069309953
-0.0002909978673158385
-0.0008553069106366669
-0.0010864964784680275
-0.0008135254044615008
-0.0005624218997603041
-0.0006709386511930444
-0.0009540830148818228
-0.0012066051957799553
-0.0008397115993587956
-0.00023046823750139594
0.00048595827071493434
0.000867137550582562
0.0006442794694423646
0.0006339909669163393
0.00010665573587971428
-0.000177708701730637
-0.00034016927034977184
-5.84253652548574e-05
-0.00025909150942905236
-0.0004964512751286478
-0.0006995352866923051
-0.0006736721018413585
-0.00041275388315895924
-0.0003248699525882998
-0.0004211054812166887
-0.000730653614717653
-0.001070938160645412
-0.0012094830342279043
-0.0010543371679166563
-0.0007622119473452635
-0.0008144083567841577
-0.0010589863579300704
-0.0012942343332343325
-0.0013697095584826876
-0.0013570350666113795
-0.001103129870528146
-0.0008858001385828105
-0.0007620045503773333
-0.0007568870192490782
-0.0007251463049783626
-0.0006706711797526536
-0.0005159669450545137
-0.0003811144208803348
-0.00045192227330285756
-0.0005113640583232914
-0.00043601681177633887
-0.0003444167896551507
-0.0003092618091296073
-0.0005005680878626776
-0.0006488601989283048
-0.0008926095727253162
-0.0009951037245365048
-0.0010373657457010878
-0.0009081626602950542
-0.0007537640777594273
-0.0006613459143703052
-0.0006824945553616881
-0.0007365198058459462
-0.0006423922375294094
-0.0005185527690662851
-0.0005010059154709345
-0.00045999861283055994
-0.0004732396617356248
-0.00035810583339129483
-0.00029272507542332695
-0.0001932798250999734
-6.164362920333095e-05
2.650700339787051e-05
0.00010144340525634442
0.00010184774268946542
4.578472717115949e-05
8.238453917506614e-05
1.5755087974292375e-05
4.752835011675553e-05
-1.1983512655551335e-06
2.32415999824386e-05
-8.969156853016302e-06
1.1707573456345332e-05
-1.2542572776598242e-05
4.799756528265197e-06
-1.366788807148235e-05
-1.1024480328553673e-07
-1.3943289096244887e-05
-4.626879722664459e-07
-9.874374077074418e-06
2.8608886007666005e-06
-6.369799103975475e-06
5.117366289344137e-06
-3.5610330067037226e-06
4.199418436309776e-06
-1.4167035735071411e-06
2.401415635513819e-06
-3.4087908215048443e-07
1.1193268706288448e-06
1.3408001237573538e-08
3.580339255397852e-07
2.058212331349646e-07
-1.2981015876871015e-07
2.837412881112004e-07
-4.95579196557348e-07
3.650349244042981e-07
-7.311615566241072e-07
4.7298156187415737e-07
-8.222297115112465e-07
6.094615278729875e-07
-8.657306093052186e-07
7.270459643347231e-07
-8.687857621231796e-07
7.490246355512783e-07
-8.058312548554119e-07
6.771770265095881e-07
-7.06433485595675e-07
5.712335491375948e-07
-6.051835883693723e-07
4.6625187557103754e-07
-5.142819058771028e-07
3.7141989755567735e-07
-4.3454317159754684e-07
2.852818680065708e-07
-3.611768716489921e-07
2.0682395669214572e-07
-2.930460958982086e-07
1.3715975277387793e-07
-2.3099111128097993e-07
7.559621705509854e-08
-1.756686140295705e-07
2.2134393525761716e-08
-1.295659064994481e-07
-2.125029283805589e-08
-9.470259735362791e-08
-5.402989318747692e-08
-7.029217597434378e-08
-7.779245981022871e-08
-5.412604708900895e-08
-9.46977584896755e-08
-4.4111601822376004e-08
-1.0644707743755937e-07
-3.883520580806696e-08
-1.1407986643812177e-07
-3.7384856220730824e-08
-1.1837122060726735e-07
-3.89728603354515e-08
-1.2006974583135581e-07
-4.289008249674529e-08
-1.198590013434212e-07
-4.849718210471422e-08
-1.1840256650280531e-07
-5.515347250161938e-08
-1.1633877193931738e-07
-6.228558509141003e-08
-1.1417264442702656e-07
-6.94844288634533e-08
-1.1222844634303439e-07
-7.650878134420752e-08
-1.1068637848269357e-07
-8.32292553314129e-08
-1.0964616613680063e-07
-8.957095402046373e-08
-1.0916925432437742e-07
-9.54904795923573e-08
-1.0928739318290942e-07
-1.0097490028078589e-07
-1.1000364765660978e-07
-1.0603862529842342e-07
-1.1129669199748046e-07
-1.1071906913821469e-07
-1.1312433589096569e-07
-1.1507214606060472e-07
-1.1542962453339918e-07
-1.1916402590660298e-07
-1.1815021337658292e-07
-1.2306189973629832e-07
-1.2122640089754898e-07
-1.2682791327616252e-07
-1.246050732701346e-07
-1.305172452225516e-07
-1.282401304603933e-07
-1.3417854475644914e-07
-1.3209184861163407e-07
-1.3785440619422124e-07
-1.3612671998622958e-07
-1.4158134277355953e-07
-1.4031754051645954e-07
-1.4538974902456427e-07
-1.446433694426725e-07
-1.4930403781203156e-07
-1.490892734092096e-07
-1.5334304719467852e-07
-1.5364575110854743e-07
-1.575207838002584e-07
-1.583078655105041e-07
-1.6184737369986826e-07
-1.630742745900235e-07
-1.663300034715823e-07
-1.6794637499098746e-07
-1.709736868760203e-07
-1.729276385390875e-07
-1.7578184904861523e-07
-1.7802309944532743e-07
-1.8075680063172651e-07
-1.8323891846894723e-07
-1.859001524687708e-07
-1.885820034486685e-07
-1.9121317274223368e-07
-1.9405968832298792e-07
-1.966970829664599e-07
-1.9967947812697814e-07
-2.023532833091916e-07
-2.0544886621201043e-07
-2.0818350933707525e-07
-2.113752188611783e-07
-2.1418992368381687e-07
-2.1746571503072302e-07
-2.2037516304027668e-07
-2.2372732476458497e-07
-2.267423545457899e-07
-2.3016681096630156e-07
-2.3329511416363895e-07
-2.3679074656209032e-07
-2.4003753057249243e-07
-2.4360554380349966e-07
-2.469741398120122e-07
-2.5061749301276946e-07
-2.54109892507408e-07
-2.578328062536814e-07
-2.6145011753991e-07
-2.652576627807041e-07
-2.6900048583323674e-07
-2.728982538024755e-07
-2.767669772652835e-07
-2.8076082377876527e-07
-2.84755851476995e-07
-2.8885170691005796e-07
-2.929736234299151e-07
-2.971773590337238e-07
-3.0142704421603876e-07
-3.057443853163311e-07
-3.101230863789819e-07
-3.145595637270434e-07
-3.190689335310582e-07
-3.236298645820307e-07
-3.2827197367441756e-07
-3.3296246653298197e-07
-3.377397964025305e-07
-3.4256477012751976e-07
-3.474801932161248e-07
-3.524444081842326e-07
-3.5750116009421414e-07
-3.6260925469428287e-07
-3.6781090218555363e-07
-3.730674318918283e-07
-3.7841784030767114e-07
-3.8382731692569353e-07
-3.893306184455297e-07
-3.948975473143779e-07
-4.005581119588661e-07
-4.0628702634853964e-07
-4.121094366944973e-07
-4.180049284227636e-07
-4.239939583211864e-07
-4.3006070450754986e-07
-4.362213019043807e-07
-4.4246408754743767e-07
-4.4880136171662885e-07
-4.552250985598088e-07
-4.6174431083539913e-07
-4.68354052875989e-07
-4.7506061141432306e-07
-4.818615673193573e-07
-4.887610241450006e-07
-4.9575856720936e-07
-5.028566182738083e-07
-5.100562943233765e-07
-5.173587813298497e-07
-5.247663149384499e-07
-5.322792291145221e-07
-5.399005289917925e-07
-5.476300159613229e-07
-5.554711788896983e-07
-5.634235441945908e-07
-5.714908591697627e-07
-5.796725751856043e-07
-5.879725266917597e-07
-5.963902390929718e-07
-6.049295108343601e-07
-6.135900462046881e-07
-6.223755244146327e-07
-6.312858970734456e-07
-6.403246745213115e-07
-6.494920943272281e-07
-6.587914742339773e-07
-6.682233538238269e-07
-6.777908545078926e-07
-6.874948166400024e-07
-6.97338176077443e-07
-7.073220610524875e-07
-7.174492423797467e-07
-7.277211152368138e-07
-7.381403120641783e-07
-7.487084698653071e-07
-7.594281123939756e-07
-7.703010915759145e-07
-7.813298527198365e-07
-7.925164362578008e-07
-8.038632385545981e-07
-8.15372463667044e-07
-8.270464860920049e-07
-8.38887651342479e-07
-8.508983366523472e-07
-8.630810098123921e-07
-8.754380721023641e-07
-8.879720978256095e-07
-9.006855304651527e-07
-9.135810382851495e-07
-9.266611219172459e-07
-9.399285342726223e-07
-9.533858453139674e-07
-9.670358859641148e-07
-9.808813051172434e-07
-9.94925007701008e-07
-1.0091697290438113e-06
-1.023618445966266e-06
-1.038273985775988e-06
-1.0531393971141773e-06
-1.0682176035562785e-06
-1.0835117266170028e-06
-1.0990247892370803e-06
-1.1147599881308344e-06
-1.1307204479581385e-06
-1.1469094435085573e-06
-1.1633302030033838e-06
-1.1799860829974523e-06
-1.1968804166990381e-06
-1.2140166463906247e-06
-1.2313982116392026e-06
-1.2490286446825878e-06
-1.2669114927611085e-06
-1.2850503823064663e-06
-1.3034489696962164e-06
-1.322110979921215e-06
-1.341040180075873e-06
-1.3602403979512748e-06
-1.3797155132763694e-06
-1.3994694609692493e-06
-1.419506235326995e-06
-1.4398298825157863e-06
-1.4604445137938321e-06
-1.4813542907072402e-06
-1.5025634440349322e-06
-1.5240762546646456e-06
-1.545897075760829e-06
-1.5680303115703882e-06
-1.5904804408215564e-06
-1.6132519949251705e-06
-1.636349581294206e-06
-1.6597778626794256e-06
-1.6835415786607601e-06
-1.707645527206439e-06
-1.7320945839246257e-06
-1.7568936858167574e-06
-1.7820478483096015e-06
-1.807562151359579e-06
-1.8334417547128008e-06
-1.8596918854216736e-06
-1.8863178511529383e-06
-1.9133250305613646e-06
-1.9407188836901776e-06
-1.968504945002239e-06
-1.99668883132313e-06
-2.0252762372534577e-06
-2.0542729411922485e-06
-2.08368480228557e-06
-2.1135177653893583e-06
-2.143777858950452e-06
-2.1744711987297435e-06
-2.2056039873962537e-06
-2.2371825169125933e-06
-2.269213169098965e-06
-2.3017024170489137e-06
-2.3346568268488733e-06
-2.3680830582737886e-06
-2.4019878667970104e-06
-2.436378104085559e-06
-2.471260720540518e-06
-2.5066427655071532e-06
-2.5425313896825993e-06
-2.5789338457527216e-06
-2.615857490714476e-06
-2.653309786453139e-06
-2.6912983020454238e-06
-2.7298307145032425e-06
-2.7689148113327496e-06
-2.8085584909586436e-06
-2.84876976538339e-06
-2.889556760878346e-06
-2.930927720472818e-06
-2.972891004860887e-06
-3.015455094732228e-06
-3.058628591909437e-06
-3.1024202216483297e-06
-3.1468388339116334e-06
-3.191893405586209e-06
-3.237593041869718e-06
-3.283946978483235e-06
-3.3309645832271047e-06
-3.378655358166234e-06
-3.42702894127328e-06
-3.476095108680133e-06
-3.525863776367155e-06
-3.576345002323511e-06
-3.6275489884943918e-06
-3.679486082959829e-06
-3.732166781931362e-06
-3.785601731920034e-06
-3.839801731791905e-06
-3.894777735115838e-06
-3.950540852273518e-06
-4.007102352676997e-06
-4.06447366708973e-06
-4.122666389931584e-06
-4.181692281644139e-06
-4.2415632710377654e-06
-4.302291457771411e-06
-4.363889114666073e-06
-4.426368690278477e-06
-4.489742811377394e-06
-4.554024285551364e-06
-4.619226103720793e-06
-4.68536144283653e-06
-4.752443668496267e-06
-4.820486337684532e-06
-4.8895032014589085e-06
-4.959508207754652e-06
-5.030515504206648e-06
-5.10253944098699e-06
-5.175594573761052e-06
-5.249695666602317e-06
-5.324857694921723e-06
-5.401095848609795e-06
-5.478425534954229e-06
-5.556862381868918e-06
-5.636422241024966e-06
-5.7171211910061505e-06
-5.798975540684693e-06
-5.88200183239255e-06
-5.966216845305265e-06
-6.051637598787759e-06
-6.138281355942086e-06
-6.226165627046167e-06
-6.315308173012292e-06
-6.405727009043153e-06
-6.497440408303741e-06
-6.590466905724373e-06
-6.684825301266339e-06
-6.780534664277925e-06
-6.877614337166772e-06
-6.976083939277847e-06
-7.07596337087878e-06
-7.177272816774084e-06
-7.2800327513436545e-06
-7.384263941667861e-06
-7.489987452339415e-06
-7.5972246494605215e-06
-7.70599720521987e-06
-7.816327101864157e-06
-7.92823663651554e-06
-8.041748425439475e-06
-8.156885408990369e-06
-8.2736708553893e-06
-8.392128366502619e-06
-8.51228188194727e-06
-8.634155684227431e-06
-8.757774403316454e-06
-8.883163021924359e-06
-9.010346880404836e-06
-9.139351681914e-06
-9.27020349766342e-06
-9.402928772079931e-06
-9.53755432822609e-06
-9.674107373247652e-06
-9.812615503791266e-06
-9.953106711586661e-06
-1.0095609389118815e-05
-1.0240152335442028e-05
-1.03867647618939e-05
-1.053547629806387e-05
-1.0686316997821627e-05
-1.083931734524641e-05
-1.0994508260908252e-05
-1.1151921108023069e-05
-1.131158769886848e-05
-1.1473540301239421e-05
-1.163781164493713e-05
-1.1804434928263893e-05
-1.1973443824921749e-05
-1.214487249071961e-05
-1.231875557048236e-05
-1.249512820499608e-05
-1.2674026038252074e-05
-1.2855485224610788e-05
-1.30395424359438e-05
-1.3226234869212537e-05
-1.3415600253995105e-05
-1.3607676860018358e-05
-1.380250350495305e-05
-1.4000119562193013e-05
-1.4200564968875339e-05
-1.4403880234005413e-05
-1.4610106446516983e-05
-1.481928528360793e-05
-1.5031459019163156e-05
-1.5246670532411912e-05
-1.5464963316494796e-05
-1.5686381487124685e-05
-1.5910969791781333e-05
-1.6138773618561288e-05
-1.636983900540849e-05
-1.6604212649341677e-05
-1.6841941916082834e-05
-1.7083074849448998e-05
-1.7327660181097756e-05
-1.7575747340427045e-05
-1.7827386464552462e-05
-1.8082628408381315e-05
-1.834152475494431e-05
-1.8604127825792106e-05
-1.887049069163801e-05
-1.91406671829798e-05
-1.941471190108626e-05
-1.969268022889891e-05
-1.9974628342313505e-05
-2.0260613221550943e-05
-2.055069266263215e-05
-2.0844925289046777e-05
-2.1143370563664115e-05
-2.1446088800714094e-05
-2.1753141177891582e-05
-2.206458974884443e-05
-2.2380497455660797e-05
-2.2700928141613542e-05
-2.3025946564051943e-05
-2.335561840746915e-05
-2.3690010296732405e-05
-2.4029189810696088e-05
-2.437322549579332e-05
-2.4722186879778387e-05
-2.50761444857933e-05
-2.5435169846794916e-05
-2.5799335519990658e-05
-2.616871510122045e-05
-2.6543383240138212e-05
-2.692341565519593e-05
-2.7308889148962116e-05
-2.7699881623572493e-05
-2.809647209640908e-05
-2.849874071640993e-05
-2.8906768779857358e-05
-2.9320638747034646e-05
-2.974043425885988e-05
-3.0166240153832132e-05
-3.059814248499652e-05
-3.1036228537487185e-05
-3.148058684614532e-05
-3.1931307213542925e-05
-3.2388480727699377e-05
-3.285219978095869e-05
-3.3322558088505467e-05
-3.37996507072988e-05
-3.428357405515885e-05
-3.477442593035989e-05
-3.527230553151674e-05
-3.577731347741657e-05
-3.628955182746414e-05
-3.680912410228935e-05
-3.73361353046956e-05
-3.787069194080618e-05
-3.841290204167024e-05
-3.896287518504555e-05
-3.952072251757009e-05
-4.008655677716905e-05
-4.0660492315917065e-05
-4.124264512311748e-05
-4.1833132848753446e-05
-4.243207482725686e-05
-4.3039592101559195e-05
-4.3655807447636654e-05
-4.428084539929259e-05
-4.4914832273391396e-05
-4.555789619524042e-05
-4.621016712463678e-05
-4.6871776881960685e-05
-4.754285917507935e-05
-4.8223549626043777e-05
-4.891398579879567e-05
-4.9614307226644634e-05
-5.032465544088699e-05
-5.104517399895059e-05
-5.1776008513839414e-05
-5.251730668310727e-05
-5.326921831925232e-05
-5.4031895379385176e-05
-5.480549199654572e-05
-5.5590164510177726e-05
-5.6386071498551286e-05
-5.7193373809900276e-05
-5.801223459580692e-05
-5.88428193432508e-05
-5.968529590905981e-05
-6.0539834553027024e-05
-6.140660797261286e-05
-6.228579133808255e-05
-6.317756232708158e-05
-6.408210116221036e-05
-6.499959064476058e-05
-6.593021619523496e-05
-6.687416588667503e-05
-6.783163048706633e-05
-6.880280349348038e-05
-6.978788117527758e-05
-7.078706261034144e-05
-7.180054972776029e-05
-7.282854734741299e-05
-7.387126322090968e-05
-7.49289080763971e-05
-7.600169565534921e-05
-7.708984276486405e-05
-7.819356930864878e-05
-7.93130983483286e-05
-8.044865612752335e-05
-8.160047214264478e-05
-8.276877915999666e-05
-8.395381329623038e-05
-8.515581402883583e-05
-8.637502428416948e-05
-8.761169044656849e-05
-8.886606244545554e-05
-9.01383937744007e-05
-9.142894156454575e-05
-9.273796662634222e-05
-9.406573349782577e-05
-9.541251052011497e-05
-9.677856984949474e-05
-9.8164187575445e-05
-9.956964369103455e-05
-0.00010099522225934375
-0.00010244121133545745
-0.00010390790318421083
-0.00010539559415785822
-0.00010690458495597526
-0.00010843518047065847
-0.00010998769007431483
-0.00011156242745088278
-0.00011315971088952747
-0.00011477986312324708
-0.00011642321161439687
-0.00011809008840262307
-0.00011978083039560956
-0.00012149577919474368
-0.0001232352814393977
-0.00012499968855665124
-0.00012678935720464757
-0.00012860464891627306
-0.00013044593065524392
-0.00013231357435868757
-0.0001342079575773641
-0.0001361294629780652
-0.00013807847895870432
-0.00014005539929705033
-0.00014206062344012982
-0.00014409455675173908
-0.00014615760983974606
-0.00014825020024417774
-0.0001503727497765379
-0.0001525256886921965
-0.00015470945044827834
-0.0001569244777669004
-0.00015917121718078036
-0.0001614501229608976
-0.00016376165603895673
-0.00016610628223915063
-0.00016848447717294894
-0.00017089671880465992
-0.00017334349762749353
-0.0001758253041691763
-0.00017834264437778795
-0.00018089602124894124
-0.0001834859567775638
-0.00018611296716402193
-0.00018877758960138106
-0.0001914803552071392
-0.00019422181586174205
-0.00019700251829619583
-0.00019982302957086292
-0.00020268391325125294
-0.0002055857498543934
-0.00020852912452835984
-0.00021151462634583077
-0.00021454286773097016
-0.00021761444322947605
-0.00022072999409468186
-0.0002238901214589575
-0.00022709549401066763
-0.00023034672214633457
-0.0002336445001042417
-0.0002369894496733532
-0.00024038228991023376
-0.00024382365643507676
-0.0002473142898237529
-0.00025085484608124316
-0.00025444608176515966
-0.0002580886789234914
-0.00026178340701792465
-0.00026553097713915517
-0.00026933217056664436
-0.000273187728017062
-0.00027709844606060434
-0.0002810650867695138
-0.00028508847970868875
-0.0002891693854497787
-0.0002933086892157904
-0.00029750714123891967
-0.0003017656722944943
-0.0003060850488270829
-0.00031046621693088517
-0.00031490998974842253
-0.0003194172972852417
-0.000323989041035934
-0.0003286260793749912
-0.0003333294870042958
-0.00033809993443380823
-0.0003429388259208545
-0.0003478464571252092
-0.00035282477926666856
-0.00035787347207586937
-0.00036299526360705596
-0.0003681891926254413
-0.0003734577780495163
-0.0003788022115548046
-0.0003842208555845932
-0.0003897202012597417
-0.0003952944827319638
-0.0004009509533695723
-0.0004066851104017716
-0.00041250274093217415
-0.0004183993582152903
-0.0004243805847962299
-0.0004304419114883845
-0.00043658909898701935
-0.0004428185740777879
-0.0004491339590447738
-0.00045553736039481013
-0.00046202698166538677
-0.0004686085133500849
-0.00047527994686363687
-0.0004820456861024037
-0.000488901568619165
-0.0004958605503960331
-0.0005029031980109617
-0.0005100609679984964
-0.0005172969093801206
-0.0005246541631840776
-0.0005320920027815199
-0.0005396515353117783
-0.0005472961164816267
-0.0005550622629258418
-0.0005629192807843006
-0.0005708975821701687
-0.0005789725670706849
-0.0005871682236545993
-0.0005954692365186901
-0.0006038853210240328
-0.0006124154983676434
-0.0006210606466082976
-0.0006298232287824094
-0.0006387060548464025
-0.0006477071856204255
-0.0006568360575110875
-0.000666078712980982
-0.0006754628115557618
-0.0006849443195241461
-0.0006945909521802894
-0.0007043214680307588
-0.0007142150410124079
-0.0007242287821788227
-0.0007343626663001888
-0.0007446639722850292
-0.000755061190666418
-0.0007656742452824478
-0.0007763385863367419
-0.0007873031169394144
-0.0007982210226320148
-0.0008095655474399
-0.0008207204214854737
-0.0008324681790303969
-0.0008438422028841596
-0.0008560285315394887
-0.000867618343758594
-0.0008801401998724133
-0.0008929258969174541
-0.0008981656204268013
-0.0009105918248277396
-0.000908120119751582
-0.0009096532369789051
-0.0009131138526062635
-0.0009069039926368552
-0.0009015954323773126
-0.0009007027004893338
-0.0009012475882320483
-0.000903413374065843
-0.0009137741194838803
-0.0009190031956441101
-0.0009317952981242814
-0.0009322013481813784
-0.0009414810061775213
-0.0009493726678398186
-0.0009573415921512313
-0.0009735322405148138
-0.001000630025508359
-0.0009991419248427142
-0.0010264055494846468
-0.0010226079793685333
-0.0010444314142972746
-0.0010518322683425152
-0.0010646392057112632
-0.001074293969909405
-0.0010787339048293852
-0.0010865360877803584
-0.001089532628157885
-0.0011035395731892697
-0.0011090901814484796
-0.0011246512723231124
-0.0011312601478337962
-0.0011474885897253247
-0.0011558447607846294
-0.0011633104032398862
-0.0011861130489801753
-0.0011873967720017334
-0.0012192719453101197
-0.0012095090569841532
-0.0012358510853636693
-0.0012361020719211966
-0.0012446841678005105
-0.0012523607997568203
-0.0012584778317616242
-0.0012799919984991933
-0.0012896388213971737
-0.0013431775327252715
-0.0013499158500845923
-0.00140294530385671
-0.0014236773163346962
-0.001463628079250094
-0.001496676600011401
-0.0015355197702430342
-0.0015636008750136736
-0.0015913131404770887
-0.0015917858885711456
-0.0016322870550245436
-0.0016214109544507166
-0.0016586854069510736
-0.0016458273858806771
-0.0016705401864736454
-0.001663020021291231
-0.0016688153609011945
