-8.682305126894642e-05
-0.00012122169432091822
-8.300667511783281e-05
-0.00015812193035164297
-0.00010939015533272369
-0.00017395829002506244
-0.00013611765750186057
-0.00015476708799033338
-0.00014935304783069732
-0.0001454592429430098
-0.0001739410283074926
-0.00012967607438023603
-0.00017915989326347507
-0.00010859165666400047
-0.0001559543247010894
-0.00010559679140934594
-0.00012668678833910012
-0.00011235689797610662
-0.00011330190376726833
-8.490728803612425e-05
-9.995513245416492e-05
-6.307464112947567e-05
-6.174709827208298e-05
-6.105684557944921e-05
-6.339281381339732e-05
-4.53256491332783e-05
-6.84596475408599e-05
-4.52477471256027e-05
-9.035961256024898e-05
-4.022923772501537e-05
-8.844208850133776e-05
-5.0934481458125846e-05
-8.228158901598325e-05
-6.041342604632008e-05
-7.887491251398716e-05
-6.937254794484325e-05
-7.307527575862817e-05
-8.995895128493455e-05
-7.490717216705108e-05
-9.549403776007621e-05
-6.722028036165042e-05
-7.909868920582966e-05
-5.4917251869830076e-05
-6.168352152331776e-05
-3.561405319472417e-05
-6.088589006378672e-05
-2.008105409026387e-05
-5.901275040872699e-05
-1.4745607258537585e-05
-3.688868964006233e-05
-1.9491557399335855e-05
-3.2761701974292056e-05
-2.2241588950388044e-05
-3.390516068006723e-05
-2.689353498368752e-05
-2.6720361706958237e-05
-1.3427214138988732e-05
2.3196917184171845e-05
9.203348423658082e-06
4.749884295416892e-05
4.76438829257228e-06
6.814644620627448e-05
-1.6667088550266872e-05
2.235716798181447e-05
2.8799203710397e-06
2.5712448994665246e-05
2.894185842490068e-05
-1.7153587343898808e-05
4.182587059145445e-05
-5.539128824185687e-05
2.7493791160988952e-05
-9.96122976877287e-05
-1.562884037128819e-05
-9.906443858533008e-05
-7.32994926086848e-05
-0.00015412096362816405
-9.704788318127987e-05
-0.00012084260711360176
-5.668464176782409e-05
-5.9114133476149137e-05
1.342804254043631e-05
5.082694794751351e-05
3.9954729323477605e-05
0.00010719021997202021
6.701321008755573e-05
0.0001432819513001971
6.974591138959416e-05
6.699981900792994e-05
3.44268090581966e-05
2.4834343047134075e-05
8.613221960301329e-06
3.6627799117012864e-05
4.867341733019682e-07
7.959386834146282e-05
-5.108686039012695e-05
0.00014810482656383303
-0.00015110998031190172
0.0002777694316872132
-0.00030322473552161925
0.0004542497394516351
-0.0004993224301706543
0.0007301226120840555
-0.000781014644802754
0.0011764939086928879
-0.0012950470097581454
0.0015840572999112515
-0.0019357976698697412
0.0023324365567565777
-0.002928879377953579
0.003735797982968192
-0.004118266923301334
0.005905508026321093
-0.007399456749011055
0.011024003376534546
-0.015492871688646184
0.02499176585070092
-0.04720768577998556
0.13374863315532232
0.3561524617221138
0.20064076747207074
0.18690410800477864
0.13210363242257442
0.07174689884172485
-0.16821182508440802
-0.14240292644489916
-0.007596031515891019
-0.10341928731155038
-0.23852625526389004
-0.28696779959571267
-0.1467272824142507
-0.04547851203834063
0.052952932366569505
0.10238863761046398
0.09498256326385102
0.07608722526288003
-0.022902975235531337
-0.05216035255741525
0.04660941275011503
0.09033410796509794
0.06164741965400229
-0.024649126323203666
-0.02576986562589729
-5.947234745437659e-05
-0.011240297493615995
0.004228408189829688
0.042516123968445466
0.009099202072831944
-0.064712810967196
-0.07831130448399679
-0.006995559104278379
0.018941006918752626
-0.021048260219808122
-0.014926515330468088
0.00555403487504061
-0.0059826082641087144
-0.03326990793263247
-0.007414826976645106
0.03923515854204736
0.020626526484516627
-0.026675906158704417
-0.011211332697204441
0.014723309617648839
0.011526988823622207
-0.0005466309207890529
0.01793552799145543
0.02570377373797648
-0.0017264022913580676
-0.023139695641934074
-0.00946359991744019
0.007976439682290224
0.005742749230744391
-0.0017490066710513152
-0.004327174097468125
-0.003232890290950805
-0.017768365522162065
-0.01787803988455508
0.0025991667847244776
0.015243385386632469
0.0012583308801929444
-0.01084514109012267
-0.007082863087325995
-0.0021449099840521674
-0.0036227161145364964
-0.000706110479913884
0.0068838799194062515
0.008141542807045765
-0.0017433515957887905
-0.005425144611876992
0.0030646640159903947
0.009206587459879335
0.0020213625741410026
-0.0025674983114192165
0.003015601684122771
0.0029366185657118318
-0.0013981947481183856
-0.0007535657951602585
0.004314504067264935
0.0018113935441155292
-0.006907289953462025
-0.007395588731874568
-0.0014478543768077173
0.0006532204519943772
-0.001297415358524659
-0.0007591206873540496
0.0013897141108524867
-0.002739665719881918
-0.007092413396054645
-0.003926967259686291
0.0017804604028614406
0.002973052853310984
0.0005133186141835075
0.0008977526581118839
0.0013515007300096173
9.62451755110164e-06
-0.000576291894240505
0.002685652226956828
0.00527025007043563
0.0029484526536559604
0.00010317111248138271
0.0006520952803502733
0.0015401264085406607
0.0008868894131905765
-5.10253580566003e-05
0.00038902625843153285
-0.00029504332219129067
-0.002559142569897337
-0.0038550748548539264
-0.0024866999193055915
-0.001192859810059249
-0.0025838208446379808
-0.003399769829234788
-0.0018780226819573717
-0.0009451676650780866
-0.0012186501931113782
-0.0010609595238360067
3.059270195237023e-05
-0.00015028628235751952
-0.0014516347862662273
-0.0016117053089519898
-0.000473306841168747
0.00022485396926659853
-0.0003622275048756847
-0.0008825561497437781
-0.0007900428729774156
-0.00112887001902192
-0.0018337165126189625
-0.0013626921510368805
-7.356290920170741e-06
0.0004200925067693671
-9.937499583481131e-05
-0.00032601024170757676
-0.00014820383168234148
-7.89366412937058e-05
7.234816616989702e-05
0.0005246116009951331
0.0009249700281199773
0.0006327852504820929
-6.490689539488122e-05
-0.00017739426532494123
-0.00011452419558282179
-0.00015106837976151593
-0.0006014477634373988
-0.00048084264578143954
-0.0003552263434401151
-0.00040538516381444326
-0.0006361765806785528
-0.0003816892525322041
-0.00017702456340315867
-0.00015468835409704663
-0.00043834246041096883
2.7383850265447397e-05
0.00018996380274901073
0.0003113929920543914
1.8902755158912673e-06
0.00020599764100380226
-0.000201855692635577
-0.0002722241038132047
-0.0004636603512821586
-0.0005156296918372391
-0.00028213013911658285
-0.0006252950795271458
-0.0003372419269048741
-0.0005916560630274247
-0.00041090380564462936
-0.000754354202484916
-0.0003793624978704832
-9.385600080112199e-05
-3.5141026541600767e-05
-0.0001306998006741236
0.00015783136993969475
0.00012049361710462364
-0.00010774059473843466
-0.00025455842795554974
0.00014135493665374003
-0.00022184932283297106
2.6861429686239266e-07
-8.197247840190881e-05
3.7288077775870935e-05
7.086113049053935e-05
-5.496496683740262e-06
0.0002781348979207152
-1.3595854196984827e-05
9.57042807672043e-05
0.000283893670301938
0.0003725979954139916
0.0002951342424621406
-0.00010641161279915197
0.00018512443747420424
-0.000154197546469446
7.613678377205722e-05
-0.00011799082647169582
3.226110746577976e-05
-7.733719156677375e-05
1.3751369303386436e-05
-4.091622524247116e-05
1.4641751921897221e-05
-2.4725362007962294e-05
-3.294844160065403e-06
-2.4775624687025977e-05
3.944969758813157e-07
-1.4702573393916125e-05
3.080353320424273e-06
-3.5961149500959074e-06
6.475763033715918e-06
-3.6579188432497595e-06
1.5942424033164393e-06
-5.849037888608962e-07
3.2758111534541504e-06
7.719657951323414e-07
1.7498970684993987e-06
9.656121283151738e-09
1.0420178092409606e-06
-1.0982399554586015e-06
4.870386547109126e-07
-1.7487280207029512e-06
-3.318347453530341e-07
-2.26104902489616e-06
-5.792702563552814e-07
-1.798396032666485e-06
-6.073000613200728e-07
-1.6427935546753088e-06
-8.101496163865313e-07
-1.5279141650140877e-06
-9.65010005088895e-07
-1.4090594681944336e-06
-9.324747510629358e-07
-1.2533519907171924e-06
-9.654824222756994e-07
-1.2082292729002995e-06
-9.844948125225963e-07
-1.1583753424235253e-06
-1.020872607760152e-06
-1.1540343845513681e-06
-1.0697220262033923e-06
-1.1657966337381628e-06
-1.1118100293962165e-06
-1.175084224547436e-06
-1.1431122570000271e-06
-1.1994597094312342e-06
-1.1826365636270764e-06
-1.2254439118262322e-06
-1.2111740045946812e-06
-1.246098964523745e-06
-1.2364729912525013e-06
-1.265843713500834e-06
-1.2612496654241991e-06
-1.2868798964079872e-06
-1.2855474076384904e-06
-1.3069925468066432e-06
-1.3091530437479328e-06
-1.3285555309959724e-06
-1.33332251665624e-06
-1.3505912341850966e-06
-1.3573006020393616e-06
-1.3733929668247047e-06
-1.3818410737175685e-06
-1.397299592226231e-06
-1.4071831964173817e-06
-1.4220368666252592e-06
-1.4327848903965962e-06
-1.4472102175151769e-06
-1.4588143021606118e-06
-1.4730604601526087e-06
-1.4852905707695568e-06
-1.4994229470266518e-06
-1.5121479385871162e-06
-1.526266164425527e-06
-1.5394073363070998e-06
-1.5536067489788086e-06
-1.5671176361448103e-06
-1.5814302109749823e-06
-1.59526845421986e-06
-1.6097477676564609e-06
-1.623913729990184e-06
-1.6385890284353888e-06
-1.6530641940015744e-06
-1.6679518685903602e-06
-1.6827265523619225e-06
-1.6978445123727163e-06
-1.7129186765012586e-06
-1.728284738357561e-06
-1.7436544751253669e-06
-1.7592763871649396e-06
-1.774939644254292e-06
-1.7908280286541012e-06
-1.806786016302856e-06
-1.8229488122044335e-06
-1.8392027609850925e-06
-1.8556471419570349e-06
-1.8721994674102387e-06
-1.888932739640102e-06
-1.9057872881842602e-06
-1.922816296550875e-06
-1.939976684531275e-06
-1.9573076661030114e-06
-1.974778407678665e-06
-1.992417878667139e-06
-2.010203944748123e-06
-2.028158155846548e-06
-2.0462646723610274e-06
-2.0645396853211442e-06
-2.0829720123764425e-06
-2.1015739751316506e-06
-2.12033774487177e-06
-2.139272766472184e-06
-2.1583736983274795e-06
-2.177647917064147e-06
-2.1970919184526733e-06
-2.216711555272366e-06
-2.236504675503072e-06
-2.2564760127589e-06
-2.276624417758659e-06
-2.296953818859554e-06
-2.317463821934363e-06
-2.3381577644722255e-06
-2.3590358095735772e-06
-2.380100866750459e-06
-2.4013535209199688e-06
-2.4227963745238057e-06
-2.4444303327597616e-06
-2.4662577826142784e-06
-2.4882798703718123e-06
-2.510498830321506e-06
-2.5329159958065173e-06
-2.5555335007448887e-06
-2.5783528229024466e-06
-2.601376030461622e-06
-2.624604716804091e-06
-2.648040911614556e-06
-2.6716863005489587e-06
-2.6955428945569604e-06
-2.7196124572911735e-06
-2.74389699548395e-06
-2.7683983386716566e-06
-2.7931184995557746e-06
-2.8180593666070884e-06
-2.8432229671470578e-06
-2.86861124115161e-06
-2.8942262359985254e-06
-2.920069941566257e-06
-2.9461444301103905e-06
-2.9724517359620167e-06
-2.9989939606164372e-06
-3.025773182850595e-06
-3.052791535183552e-06
-3.080051138425069e-06
-3.107554159354563e-06
-3.1353027611136274e-06
-3.1632991454146807e-06
-3.1915455172442755e-06
-3.2200441151389233e-06
-3.2487971860975095e-06
-3.277807007201803e-06
-3.3070758664283204e-06
-3.3366060807823463e-06
-3.36639998099633e-06
-3.396459924330167e-06
-3.4267882834961943e-06
-3.457387457737929e-06
-3.4882598641002135e-06
-3.5194079430603658e-06
-3.5508341551331014e-06
-3.5825409853883976e-06
-3.614530938241224e-06
-3.6468065425098814e-06
-3.6793703483999e-06
-3.7122249298639947e-06
-3.7453728829177317e-06
-3.7788168271672486e-06
-3.8125594060571926e-06
-3.84660328569808e-06
-3.8809511570705015e-06
-3.91560573457319e-06
-3.9505697570709985e-06
-3.9858459874467795e-06
-4.021437212909764e-06
-4.05734624717376e-06
-4.0935759274433935e-06
-4.130129117494836e-06
-4.16700870528909e-06
-4.204217606095824e-06
-4.24175876004991e-06
-4.279635133665039e-06
-4.317849720992868e-06
-4.35640554173499e-06
-4.395305643474574e-06
-4.434553100142928e-06
-4.47415101291144e-06
-4.514102511134277e-06
-4.554410752164189e-06
-4.595078922057616e-06
-4.6361102342509005e-06
-4.677507931621157e-06
-4.7192752858293764e-06
-4.76141559751329e-06
-4.803932196754333e-06
-4.84682844385147e-06
-4.890107729191686e-06
-4.933773472559427e-06
-4.97782912502572e-06
-5.022278168242218e-06
-5.067124114701898e-06
-5.112370508681313e-06
-5.158020926022207e-06
-5.204078974564518e-06
-5.250548293960248e-06
-5.297432556524047e-06
-5.344735467685026e-06
-5.392460765582351e-06
-5.440612221782468e-06
-5.489193641751032e-06
-5.538208864846073e-06
-5.587661764591082e-06
-5.637556249122027e-06
-5.687896261375109e-06
-5.7386857801786616e-06
-5.789928819341069e-06
-5.841629428053651e-06
-5.8937916922529665e-06
-5.946419734493419e-06
-5.999517713928173e-06
-6.053089826139587e-06
-6.107140305343936e-06
-6.161673423584445e-06
-6.216693489908148e-06
-6.272204852397642e-06
-6.328211898218696e-06
-6.3847190537256925e-06
-6.4417307842573756e-06
-6.499251595349406e-06
-6.557286032990369e-06
-6.615838683616977e-06
-6.674914174563039e-06
-6.734517174169199e-06
-6.794652392915436e-06
-6.855324583671384e-06
-6.916538540735586e-06
-6.978299101828842e-06
-7.040611147771977e-06
-7.103479603407786e-06
-7.166909436781205e-06
-7.23090566039005e-06
-7.295473332384813e-06
-7.360617555108251e-06
-7.426343476748908e-06
-7.492656291613491e-06
-7.559561240423019e-06
-7.6270636104884925e-06
-7.695168736654078e-06
-7.763882000534999e-06
-7.833208832989094e-06
-7.903154712576821e-06
-7.97372516736304e-06
-8.044925773883358e-06
-8.116762159281516e-06
-8.189240001239449e-06
-8.26236502685943e-06
-8.336143014968963e-06
-8.410579797490952e-06
-8.485681255032141e-06
-8.561453324377793e-06
-8.63790199324788e-06
-8.715033303035148e-06
-8.792853349245033e-06
-8.87136828063156e-06
-8.950584305354993e-06
-9.030507680034364e-06
-9.111144723373803e-06
-9.192501807668094e-06
-9.274585362815328e-06
-9.357401874871365e-06
-9.440957887749715e-06
-9.52526000721237e-06
-9.6103148942502e-06
-9.696129271101388e-06
-9.782709918520409e-06
-9.870063679739296e-06
-9.958197457916468e-06
-1.004711821728372e-05
-1.013683298617396e-05
-1.022734885445915e-05
-1.031867297593883e-05
-1.0410812567648452e-05
-1.0503774909966521e-05
-1.0597567350697178e-05
-1.0692197301981378e-05
-1.0787672242508767e-05
-1.0883999717199619e-05
-1.0981187338689668e-05
-1.1079242788055604e-05
-1.1178173813719203e-05
-1.1277988233672595e-05
-1.1378693937384374e-05
-1.148029888346563e-05
-1.1582811100704395e-05
-1.168623869054748e-05
-1.1790589827179252e-05
-1.1895872757363769e-05
-1.2002095800964653e-05
-1.2109267352878716e-05
-1.221739588333666e-05
-1.2326489937297116e-05
-1.2436558135389469e-05
-1.2547609176723293e-05
-1.265965183774951e-05
-1.277269497307722e-05
-1.2886747516101683e-05
-1.3001818480073112e-05
-1.3117916959267187e-05
-1.3235052128565683e-05
-1.3353233244695062e-05
-1.3472469647474172e-05
-1.3592770760607886e-05
-1.3714146091053925e-05
-1.3836605230591048e-05
-1.3960157857012545e-05
-1.4084813734674406e-05
-1.4210582715016608e-05
-1.4337474737127764e-05
-1.4465499829328932e-05
-1.4594668109463305e-05
-1.47249897851226e-05
-1.485647515557173e-05
-1.4989134611712376e-05
-1.5122978637559237e-05
-1.525801781097208e-05
-1.5394262803485742e-05
-1.5531724382396132e-05
-1.5670413411328354e-05
-1.58103408504362e-05
-1.5951517757899214e-05
-1.6093955291021644e-05
-1.623766470616652e-05
-1.638265736084079e-05
-1.652894471338649e-05
-1.6676538324417352e-05
-1.6825449858520703e-05
-1.6975691083710026e-05
-1.7127273873310343e-05
-1.7280210206992164e-05
-1.7434512170635963e-05
-1.759019195883907e-05
-1.7747261874643747e-05
-1.7905734330848216e-05
-1.8065621851753085e-05
-1.8226937072550508e-05
-1.8389692742067434e-05
-1.8553901722671504e-05
-1.8719576991266772e-05
-1.888673164091026e-05
-1.9055378881964458e-05
-1.9225532042496316e-05
-1.9397204568995415e-05
-1.9570410029195063e-05
-1.9745162110187085e-05
-1.9921474624172946e-05
-2.0099361502357548e-05
-2.027883680378196e-05
-2.045991471311256e-05
-2.0642609540013485e-05
-2.0826935723961687e-05
-2.1012907828847627e-05
-2.120054055530893e-05
-2.138984872974834e-05
-2.1580847312486443e-05
-2.1773551398345274e-05
-2.196797621741107e-05
-2.216413713478603e-05
-2.2362049650782347e-05
-2.2561729407231165e-05
-2.276319218454776e-05
-2.296645390435911e-05
-2.3171530630201453e-05
-2.3378438568941694e-05
-2.3587194072284545e-05
-2.3797813637939022e-05
-2.401031391043376e-05
-2.422471168317831e-05
-2.444102390000355e-05
-2.465926765686001e-05
-2.4879460199713627e-05
-2.510161893009774e-05
-2.5325761405766214e-05
-2.5551905339970052e-05
-2.5780068604178206e-05
-2.6010269230103194e-05
-2.62425254106218e-05
-2.6476855500457552e-05
-2.6713278017404278e-05
-2.695181164627297e-05
-2.7192475238312563e-05
-2.743528781274187e-05
-2.7680268558629957e-05
-2.79274368357501e-05
-2.817681217865347e-05
-2.842841429485246e-05
-2.868226306724299e-05
-2.8938378557580302e-05
-2.9196781006836023e-05
-2.9457490835808073e-05
-2.972052864753255e-05
-2.99859152297254e-05
-3.0253671556238905e-05
-3.052381878689445e-05
-3.079637827072722e-05
-3.107137154810054e-05
-3.1348820351502846e-05
-3.162874660730432e-05
-3.191117243728247e-05
-3.219612016099711e-05
-3.2483612298355485e-05
-3.2773671568975715e-05
-3.306632089544281e-05
-3.336158340562658e-05
-3.365948243418568e-05
-3.3960041523383995e-05
-3.42632844252719e-05
-3.4569235105348954e-05
-3.4877917742883856e-05
-3.518935673226594e-05
-3.550357668528453e-05
-3.582060243516815e-05
-3.614045903594699e-05
-3.646317176514598e-05
-3.6788766126284945e-05
-3.7117267850717006e-05
-3.744870289978529e-05
-3.778309746610517e-05
-3.812047797596043e-05
-3.84608710925196e-05
-3.880430371656663e-05
-3.915080298905202e-05
-3.950039629313409e-05
-3.985311125671712e-05
-4.020897575456571e-05
-4.056801790988551e-05
-4.093026609699676e-05
-4.129574894445062e-05
-4.166449533606493e-05
-4.203653441233699e-05
-4.241189557557535e-05
-4.279060848999121e-05
-4.317270308473145e-05
-4.355820955607729e-05
-4.3947158370275774e-05
-4.433958026527517e-05
-4.4735506253398995e-05
-4.5134967624493015e-05
-4.553799594710507e-05
-4.594462307218821e-05
-4.6354881135027515e-05
-4.676880255798595e-05
-4.718642005128093e-05
-4.7607766619180104e-05
-4.803287556086024e-05
-4.8461780471844836e-05
-4.8894515247849496e-05
-4.933111408664975e-05
-4.977161149296051e-05
-5.021604227832012e-05
-5.066444156460209e-05
-5.1116844789522926e-05
-5.157328770498054e-05
-5.203380638440559e-05
-5.249843721911863e-05
-5.296721693081818e-05
-5.3440182564077384e-05
-5.3917371499679386e-05
-5.4398821446764115e-05
-5.4884570455278336e-05
-5.5374656912315304e-05
-5.5869119548007185e-05
-5.636799744172284e-05
-5.6871330014215396e-05
-5.737915705028031e-05
-5.7891518674391216e-05
-5.840845538661755e-05
-5.8930008030684414e-05
-5.945621783099266e-05
-5.998712637107556e-05
-6.052277560422818e-05
-6.106320787302552e-05
-6.160846586793461e-05
-6.215859270693224e-05
-6.271363183162754e-05
-6.327362714406669e-05
-6.383862286164776e-05
-6.440866367114296e-05
-6.498379459175953e-05
-6.556406109620074e-05
-6.614950903222343e-05
-6.674018466523474e-05
-6.733613468847452e-05
-6.793740617555652e-05
-6.854404667681652e-05
-6.915610409423848e-05
-6.977362684200373e-05
-7.039666367468511e-05
-7.10252638784646e-05
-7.165947708390262e-05
-7.229935345433238e-05
-7.294494352267625e-05
-7.359629833510618e-05
-7.425346935409359e-05
-7.49165085117229e-05
-7.558546822898437e-05
-7.626040133148441e-05
-7.694136121958074e-05
-7.762840162923753e-05
-7.832157694862226e-05
-7.902094185931833e-05
-7.972655173027644e-05
-8.043846223476972e-05
-8.115672970399252e-05
-8.188141086561324e-05
-8.26125629748689e-05
-8.335024390653846e-05
-8.409451174173487e-05
-8.484542571545253e-05
-8.560304443161254e-05
-8.636742901576167e-05
-8.713863787265021e-05
-8.791673482971547e-05
-8.870177737492713e-05
-8.949383275635298e-05
-9.029295704404304e-05
-9.109922120830935e-05
-9.191268017314544e-05
-9.273340739379351e-05
-9.356145897634568e-05
-9.439690748937218e-05
-9.523981487805783e-05
-9.609024722662368e-05
-9.694827827230164e-05
-9.781396291258602e-05
-9.868738825143846e-05
-9.95686007100702e-05
-0.00010045769377971031
-0.00010135471643583791
-0.00010225975437996859
-0.00010317287530194974
-0.00010409414145889662
-0.00010502365105330232
-0.0001059614371818136
-0.00010690762693468196
-0.00010786223296214027
-0.00010882539694557786
-0.00010979712972971207
-0.00011077756754096675
-0.00011176673746983792
-0.00011276475728634746
-0.00011377167729023294
-0.00011478759418467703
-0.00011581258235783543
-0.0001168467172348339
-0.00011789009731240352
-0.00011894277601454508
-0.00012000487878763982
-0.00012107643220710118
-0.00012215759476104718
-0.00012324836141828837
-0.00012434892498721685
-0.00012545925338872837
-0.00012657956218144369
-0.00012770980980920813
-0.00012885021211630782
-0.00013000074256273864
-0.0001311615936996375
-0.0001323327733156951
-0.000133514439700483
-0.00013470663890233214
-0.0001359094946003104
-0.00013712308857120534
-0.00013834751701655504
-0.00013958287898640023
-0.00014082928389652118
-0.00014208677126043012
-0.00014335561098194338
-0.00014463549214754207
-0.00014592741692839514
-0.00014722962293156616
-0.00014854593303439967
-0.00014986941176146212
-0.0001512101227217847
-0.00015255506874978925
-0.0001539208023111499
-0.00015528736209818872
-0.0001566800677223583
-0.0001580688727531917
-0.0001594860320344605
-0.0001609013634727857
-0.00016233953379553388
-0.00016378648574737762
-0.0001652423561145644
-0.00016672513856684675
-0.00016819994617787298
-0.00016971325894374334
-0.00017121556268952145
-0.000172753191108016
-0.00017428861311009555
-0.00017584835795852669
-0.0001774238324880788
-0.00017900257709034398
-0.0001806188181521541
-0.00018222001741876898
-0.00018386701402287042
-0.0001854969133512005
-0.00018716957347499584
-0.00018883027267176892
-0.00019052859039008147
-0.00019221987980277727
-0.0001939484884675512
-0.00019566797831738637
-0.00019742799238624958
-0.00019917987176130378
-0.00020096958699896534
-0.00020275772676688314
-0.00020457141523631253
-0.00020640521943237613
-0.00020823219733416857
-0.00021012478826907969
-0.00021195497939623283
-0.0002139127704879533
-0.00021575149562260906
-0.00021776807563594468
-0.00021962001457054812
-0.00022169396789248688
-0.00022355936133767323
-0.00022568492215835692
-0.0002275745153392239
-0.0002297480940790242
-0.0002316720962960428
-0.00023387807672649308
-0.00023585295267236628
-0.00023806984305566048
-0.00024009807933732252
-0.00024234586447223483
-0.00024437917948279047
-0.00024676710390132695
-0.0002485491109102539
-0.0002516851539948059
-0.00025178638030917536
-0.0002596404199254633
-0.00024379508398141993
-0.0002491742283142091
-0.00023318859821755807
-0.00023708716277043963
-0.0002161137879302325
-0.0002432554450388364
-0.00019426499393870392
-0.00022173996979983794
-0.00020645495441808546
-0.00020234014603520115
-0.00021272679015254045
-0.00020658867864323184
-0.00021735728095218776
-0.00021267570982345398
-0.0002264614189913426
-0.00020712645617098962
-0.00021731661740225454
-0.00019580591253291226
-0.00021529400420995087
-0.00020033015927653
-0.0002172907407489281
-0.00020606699693575747
-0.00022682560152343493
-0.00019424289197185352
-0.00023759306087683946
-0.00016814110972319558
-0.0002348784899693544
-0.00016271524254595643
-0.00022289412193336131
-0.00018005064171981911
-0.0002053967738356621
-0.00017583073995710658
-0.00020118409072391387
-0.00018603420527491977
-0.0001892238566209864
-0.0001754750674656579
-0.0001898790065301699
-0.00017809775174033808
-0.000193920876850391
-0.00018011856338556
-0.0002151000937114842
-0.00018570116250631388
-0.00022761344223252105
-0.00016232228863328682
-0.00022769551620046584
-0.00015390444079384496
-0.00022132804759763663
-0.0001499848920112062
-0.00021458953214676304
-0.0001518920398774522
-0.00019108336987873255
-0.000155208797749763
-0.00015566664964650605
-0.00014380976163739137
-0.00014345420840466044
-0.0001138191040277335
-0.00013010709189493856
-9.854482331611355e-05
-0.0001293699201352818
-9.866177457377664e-05
-0.0001528350758200714
-0.0002307132724175756
-0.00021559144889323154
-0.00023445682353371273
-0.00024168935545071575
-0.0002572269304203604
-0.00025969429280295526
-0.0002706257915591493
-0.00027018310463417937
-0.0002781435718837025
-0.0002762651976340035
-0.0002836134568093882
-0.0002807763776451214
-0.0002861274380938494
-0.00028038794819796735
-0.00028527677759218
-0.0002786565853520825
-0.0002818900283155845
-0.00027759313980298096
-0.0002768624826459042
-0.0002762889489221032
-0.0002731146158464438
-0.00028028966390514757
-0.0002722796014865232
-0.0002827385686100096
-0.00027795850034859917
-0.0002886353805956529
-0.0002845604047144821
-0.0002969202071140835
-0.0002933851077530202
-0.00030519492730382125
-0.00030269567214498774
-0.00031211920518037304
-0.00031038726044194977
-0.00031676247818843
-0.00031844378135233414
-0.0003221867314751908
-0.0003237914983819434
-0.0003298905379324671
-0.0003278466915671701
-0.00033579047290349683
-0.0003319733410683209
-0.00034190240551170044
-0.00033341520259776625
-0.0003461555995695997
-0.0003337829841312489
-0.0003487141111684255
-0.00033702003465503643
-0.0003486104939177967
-0.00033826518135184123
-0.0003506901153256499
-0.0003439895640218371
-0.00035497269546734463
-0.0003522033258303206
-0.0003607618764196011
-0.000359938955835403
-0.00036847552644213863
-0.0003688074374777157
-0.00037800712990871326
-0.00037849462853172065
-0.0003857979326758344
-0.0003892064140670219
-0.00039560769651216464
-0.00039911462227139717
-0.00040271278346887626
-0.00041334024363420124
-0.00041080401339287694
-0.0004259072682101971
-0.00042367689394133225
-0.0004321969438520699
-0.0004342301532695522
-0.0004392901926427628
-0.0004403554010814257
-0.0004458960422214472
-0.00044818630041792225
-0.0004514917435916192
-0.0004545581582250221
-0.00045772111878602693
-0.00046069103513901377
-0.0004646131580980677
-0.00047123520883629545
-0.00047556676727105785
-0.0004830500742535885
-0.00048652661965662835
-0.0004935305896035078
-0.0004973575266041679
-0.0005040274124296845
-0.000506920620698853
-0.0005123206553960223
-0.0005178341029346322
-0.0005203852972633658
-0.0005271259517677478
-0.0005303650244838033
-0.000535710948959275
-0.0005411903628215166
-0.0005432090433373463
-0.000551300085954914
-0.0005532739458322814
-0.0005660908269089407
-0.0005656921943544537
-0.0005825290677180291
-0.0005805323562942049
-0.0005938167335653461
-0.0005967411122659964
-0.0006056395429283813
-0.0006099979736428504
-0.0006201210786804775
-0.0006222116924337695
-0.0006271698780252491
-0.0006329448781467318
-0.00064535972585168
-0.000651297429855758
-0.0006553856238890117
-0.0006690184674334054
-0.0006806563884009756
-0.0006875829695567777
-0.0006906410831854018
-0.0006932383663915942
-0.0006933964317995913
-0.0006512590033582006
-0.0006158887761279022
-0.0006188560251579087
-0.0006306936998007766
-0.0006512573033598496
-0.0006826006222383026
-0.000739986410978202
-0.0007456894402281282
-0.0007543471981177153
-0.0007907332757352095
-0.0008395607246182327
-0.000878703978998898
-0.0008490313359446062
-0.0007819499437340098
-0.0007933999139621043
-0.0008407934328629532
-0.0008430623439872333
-0.0006800495565004987
-0.0006946204305063312
-0.0008113938445630609
-0.0007218525300187969
-0.0005939725976551089
-0.0007459011390258165
-0.0008725837402106342
-0.0007831842862741951
-0.0007547866359073797
-0.0008109354588914759
-0.0007322579945471287
-0.0008361300279861535
-0.0007534254036580068
-0.0012372399248074184
0.00114663880256304
0.007508988446272313
0.01190423653979145
0.013952231911087923
0.019949601366122033
0.031984346275426914
0.04074585336142198
0.03736393280324232
0.02872647052129825
0.02347911988141476
0.017379095710142387
0.00885640989790999
-0.002998983386836069
-0.01373770482620008
-0.013819613581539684
-0.017443302567835946
-0.02904283956012326
-0.03614358708726744
-0.030910453340369886
-0.015136422703933727
-0.002969113594284462
0.00036386012392207196
0.0032754448576064192
0.009766997065673858
0.013741461676346323
0.011499448758571916
0.009593501525228355
0.011993155257299765
0.015639268269983863
0.01575039459730261
0.012323292130271448
0.007866838864724729
0.0019657194491604435
-0.003618339638328156
-0.00544794371929834
-0.004703492697518383
-0.005372668805570604
-0.008717528852457013
-0.011117334777454559
-0.010076729364181481
-0.0080960483123925
-0.006884977531529166
-0.004621930612392048
-0.0005903590303453463
0.002389695444070838
0.0019621747912108084
0.0004679885512486392
0.0016214514514964326
0.004178605645736142
0.005021760364175752
0.003491294993267149
0.0015909706232741289
0.0008616517909481929
0.00016396874693927347
-0.000634444817102184
-0.0010423709489873227
-0.0009186510308621208
-0.0012204023965182993
-0.00190890291953318
-0.002036529262442781
-0.002309808230686877
-0.0027069145013021343
-0.0027977827360671365
-0.0021373173913816637
-0.0005487784306825259
0.000401906652788391
0.00020298042031033044
8.845593710168815e-05
0.0006146741232647625
0.000840955560927718
0.0010118385793390292
0.0015054083749921452
0.0016876615842033036
0.001534167007588268
0.000949461021590957
0.0002237297556366656
6.501439036889483e-06
0.0005827397359742192
0.0011745116856168815
0.001033860721916299
0.00043536701407180317
-8.395076543484776e-05
-0.00039735846001934185
-0.00042176416891822845
-0.0002839026293001199
-1.0333169500795111e-05
0.00011907153479576895
-9.531757777938988e-05
-0.000323125605366157
-0.0002592947926124835
-7.769194781174411e-05
4.607717160279335e-05
0.0002212435129334953
0.0004481976129487985
0.0005157547923556032
0.00039479875889371054
0.0001880749014136752
5.206169677905893e-05
-9.930991501879148e-05
-0.00035833010384109004
-0.00046998874955865664
-0.00039355895272554496
-0.0002470406764497282
-0.00022484951221558462
-0.00040398653816330337
-0.000505372773080648
-0.00037090867696984637
-0.00013654413582436678
3.720673918363231e-05
3.506470868575097e-05
-9.596487716413357e-05
-0.00029895504282178626
-0.0003835839836229892
-0.00020192635034498133
0.00013066492118974006
0.0003621633215211939
0.0004233705718168762
0.0004080041947256451
0.0005128643661040944
0.0005816456533423613
0.0006210528864360316
0.0006751990767008807
0.0007323806851820306
0.000650681257914639
0.00047896352049673697
0.00031088266717197035
0.00022034488587479572
0.00014560059481651344
6.969600104483936e-05
-1.3531146872475888e-05
-6.13071447581018e-05
-6.922749761035594e-05
-7.169007156940195e-05
-0.0001102460789029107
-0.00016168476656725395
-7.93910827523365e-05
0.00025226123270619203
0.0005676282810216003
0.0007449841434591704
0.0008254890846807531
0.0007954000843861395
0.000612848928651334
0.00040849174437742247
0.00028303042295298305
0.0001582683328728142
-9.394178481668565e-05
-0.000403033749674017
-0.0005535188940841932
-0.0005421240254139126
-0.000565611186856077
-0.0006355894463339604
-0.0006136547782352236
-0.0005181093491989935
-0.0004162554108032046
-0.00035986105598386224
-0.0002590821571195446
-0.00012570191407165152
4.268064768291513e-07
8.996627476595266e-05
9.807018817140951e-05
6.133570712996147e-05
3.219414003825062e-05
2.730489131753041e-08
-2.0704438346323863e-05
-1.332748966301359e-05
6.246555609613606e-05
0.00016627146528384138
0.00022269404543396443
0.00020940293778531872
0.00013014355636773058
2.910108264475331e-05
-4.4163789364995464e-05
-2.5776063180167944e-05
3.250784808988107e-05
2.1031111434533173e-08
-0.00013039984712200596
-0.00025393626828121665
-0.00028630091848012547
-0.00029643448040176713
-0.0002770284723520363
-0.00021971000861263385
-7.35023430715127e-05
4.798766785864302e-05
9.708764727755107e-05
0.0001459786636213208
0.0002566153013294469
0.00031951219002029495
0.0002943039693862751
0.00023877879762210067
0.00019170943621346507
0.0001527789321733293
4.253593376260729e-05
-6.971726357209572e-05
-0.00014367852655906583
-0.0001729513343308852
-0.00016462977158765175
-0.00011613196112779243
-8.670235750038045e-06
0.00011942720855437434
0.00015963345661865132
0.00013109440454880998
0.00013471018396423682
0.00019042958249121505
0.00022613181208235413
0.0002441487653605356
0.00023071915765584313
0.00021251541497999257
0.00014911635339567159
7.096783530009983e-05
7.387052064043373e-06
4.086732397450953e-05
-8.04245398124603e-05
1.0851117109267469e-05
-6.90714239982591e-05
1.1569877088604338e-06
-4.464919939992616e-05
-6.322939039276471e-07
-2.8774176246956773e-05
-5.005575176558925e-06
-2.1799342243937047e-05
-6.171167025920566e-06
-1.178667320373989e-05
-5.700113911068921e-07
-5.067835056220011e-06
2.2666138056630977e-06
-9.107687493440384e-07
2.8802710772483486e-06
1.7779781555111313e-07
2.9292113649657166e-06
8.758246493288657e-07
2.0658556798671193e-06
5.144139945804406e-07
1.0907450769715062e-06
-5.1541818207097995e-08
3.379874767778582e-08
-9.385062881288222e-07
-6.459952061895575e-07
-1.4735602126065195e-06
-9.419276281322296e-07
-1.5505854276399154e-06
-9.509341112338618e-07
-1.4691127283787784e-06
-1.0065182284242137e-06
-1.3922847486459841e-06
-1.0237100843457137e-06
-1.290588539060839e-06
-1.019363658148623e-06
-1.1889467432280336e-06
-9.956878279689248e-07
-1.1209101821533498e-06
-9.912693493854515e-07
-1.0847616509098682e-06
-1.0057759195221774e-06
-1.0859445786239573e-06
-1.0385688748996058e-06
-1.099885421328281e-06
-1.0720010992476114e-06
-1.1199116874633167e-06
-1.1061293028668748e-06
-1.1439837930777089e-06
-1.139984003099316e-06
-1.1701653258675698e-06
-1.1694756099963483e-06
-1.1933004868576458e-06
-1.1947460040540384e-06
-1.2149582733923109e-06
-1.217767757774428e-06
-1.2355447442950122e-06
-1.2399670775578515e-06
-1.2561510951614912e-06
-1.2620470382716364e-06
-1.2771190958542128e-06
-1.2844357702383041e-06
-1.298611790846553e-06
-1.3070792111015243e-06
-1.3207800175189669e-06
-1.3303869226736315e-06
-1.3438608168784487e-06
-1.354355159080572e-06
-1.3676946591903612e-06
-1.3788625052919183e-06
-1.3921143396450819e-06
-1.4038200388476175e-06
-1.41706954579423e-06
-1.4292230090095365e-06
-1.4425044291409717e-06
-1.455031829771707e-06
-1.4683984160158026e-06
-1.4812553014476612e-06
-1.4947427440120426e-06
-1.50789709730387e-06
-1.5215412720973346e-06
-1.5349776845179552e-06
-1.5488092452289664e-06
-1.562525062665963e-06
-1.5765679516749342e-06
-1.5905583151842764e-06
-1.6048259248772033e-06
-1.6190896477671413e-06
-1.6335948540847618e-06
-1.6481326769535794e-06
-1.662885559952854e-06
-1.677698713002364e-06
-1.6927071169367107e-06
-1.7077966535789229e-06
-1.7230674520842795e-06
-1.7384355471249124e-06
-1.753974887534979e-06
-1.7696240149240732e-06
-1.7854377841007026e-06
-1.8013714511849066e-06
-1.817465577179199e-06
-1.8336877839498909e-06
-1.8500680638670468e-06
-1.86658314891361e-06
-1.8832552728331812e-06
-1.900067927457962e-06
-1.917037693093142e-06
-1.9341529328930463e-06
-1.9514260966678595e-06
-1.9688490949520423e-06
-1.986431405758465e-06
-2.0041675057348853e-06
-2.0220647259764523e-06
-2.040119413928643e-06
-2.058337342781706e-06
-2.0767162274377624e-06
-2.095260715681411e-06
-2.1139695354582496e-06
-2.132846513073369e-06
-2.1518911233737683e-06
-2.171106597481903e-06
-2.1904929699503335e-06
-2.2100530427861033e-06
-2.229787270528196e-06
-2.2496981474987813e-06
-2.269786444721708e-06
-2.2900544365193555e-06
-2.310503135053968e-06
-2.331134661235425e-06
-2.3519502131179453e-06
-2.3729518060598004e-06
-2.3941407829067975e-06
-2.415519089628933e-06
-2.4370881837929947e-06
-2.458849968685132e-06
-2.4808059944328334e-06
-2.5029581416162056e-06
-2.5253080366631803e-06
-2.5478575522189885e-06
-2.570608379398875e-06
-2.593562394072495e-06
-2.6167213436340354e-06
-2.6400871153555534e-06
-2.663661506943025e-06
-2.6874464232552926e-06
-2.7114437081469743e-06
-2.7356552887557325e-06
-2.760083052184698e-06
-2.7847289514062077e-06
-2.809594914855578e-06
-2.834682924180687e-06
-2.8599949478911186e-06
-2.8855329984825727e-06
-2.911299083781043e-06
-2.937295248962949e-06
-2.963523540837668e-06
-2.9899860387218454e-06
-3.016684828325585e-06
-3.043622024418509e-06
-3.070799751696599e-06
-3.098220161483787e-06
-3.125885417769222e-06
-3.1537977094845294e-06
-3.1819592402635777e-06
-3.2103722375558474e-06
-3.2390389452050124e-06
-3.2679616300917665e-06
-3.2971425767462864e-06
-3.3265840922904323e-06
-3.3562885025879895e-06
-3.3862581559212525e-06
-3.416495420086041e-06
-3.447002685204011e-06
-3.477782361742659e-06
-3.5088368826189167e-06
-3.5401687017129826e-06
-3.571780295400542e-06
-3.6036741616063948e-06
-3.6358528210743e-06
-3.6683188166933885e-06
-3.7010747143744957e-06
-3.73412310260095e-06
-3.767466593265035e-06
-3.801107821384416e-06
-3.835049445660124e-06
-3.869294148342944e-06
-3.903844635786784e-06
-3.9387036384143956e-06
-3.973873911157711e-06
-4.009358233431199e-06
-4.045159409523731e-06
-4.081280268733579e-06
-4.11772366566571e-06
-4.154492480362922e-06
-4.1915896186330666e-06
-4.229018012200672e-06
-4.266780618994317e-06
-4.304880423322197e-06
-4.343320436173258e-06
-4.382103695417527e-06
-4.421233266040937e-06
-4.460712240360265e-06
-4.500543738336434e-06
-4.540730907820938e-06
-4.5812769247772605e-06
-4.622184993489332e-06
-4.6634583468218335e-06
-4.705100246537257e-06
-4.7471139835671735e-06
-4.789502878192793e-06
-4.832270280333241e-06
-4.875419569827378e-06
-4.9189541567299476e-06
-4.962877481527141e-06
-5.007193015396283e-06
-5.051904260522326e-06
-5.097014750379028e-06
-5.1425280499963605e-06
-5.188447756231362e-06
-5.234777498045422e-06
-5.281520936802788e-06
-5.328681766581802e-06
-5.376263714427354e-06
-5.42427054066403e-06
-5.472706039196838e-06
-5.521574037814343e-06
-5.570878398497659e-06
-5.6206230176900405e-06
-5.670811826641791e-06
-5.7214487916989754e-06
-5.772537914628081e-06
-5.824083232929843e-06
-5.876088820152401e-06
-5.928558786229583e-06
-5.9814972777974675e-06
-6.0349084785063886e-06
-6.088796609363177e-06
-6.1431659290705175e-06
-6.1980207343652176e-06
-6.25336536032348e-06
-6.309204180751039e-06
-6.3655416085181635e-06
-6.422382095906172e-06
-6.479730134921642e-06
-6.5375902576773795e-06
-6.595967036798539e-06
-6.654865085719931e-06
-6.714289059070832e-06
-6.774243653026276e-06
-6.834733605697927e-06
-6.895763697555859e-06
-6.957338751722129e-06
-7.019463634376261e-06
-7.0821432551736174e-06
-7.145382567595726e-06
-7.209186569337878e-06
-7.273560302719609e-06
-7.338508855131795e-06
-7.4040373593835165e-06
-7.4701509940343954e-06
-7.536854983932004e-06
-7.604154600636035e-06
-7.672055162741905e-06
-7.740562036351436e-06
-7.809680635411753e-06
-7.879416422280254e-06
-7.9497749081699e-06
-8.020761653365887e-06
-8.092382267826676e-06
-8.164642411577478e-06
-8.237547795303634e-06
-8.31110418069293e-06
-8.385317380731473e-06
-8.460193260329137e-06
-8.53573773679651e-06
-8.611956780354329e-06
-8.688856414504386e-06
-8.766442716452532e-06
-8.844721817751551e-06
-8.923699904727256e-06
-9.00338321891024e-06
-9.083778057526076e-06
-9.16489077404747e-06
-9.246727778700043e-06
-9.329295538960144e-06
-9.412600580029242e-06
-9.496649485385428e-06
-9.581448897331567e-06
-9.66700551743147e-06
-9.753326107067334e-06
-9.840417488034378e-06
-9.92828654305868e-06
-1.0016940216314317e-05
-1.0106385513957333e-05
-1.0196629504714545e-05
-1.0287679320475243e-05
-1.0379542156777131e-05
-1.0472225273359378e-05
-1.056573599482954e-05
-1.0660081711231134e-05
-1.0755269878589678e-05
-1.0851308019487827e-05
-1.0948203723646667e-05
-1.104596464860351e-05
-1.1144598520284807e-05
-1.124411313356121e-05
-1.1344516352930836e-05
-1.144581611311514e-05
-1.1548020419707705e-05
-1.1651137349762315e-05
-1.1755175052446942e-05
-1.1860141749729831e-05
-1.196604573698275e-05
-1.2072895383627175e-05
-1.2180699133839887e-05
-1.2289465507209132e-05
-1.2399203099382541e-05
-1.2509920582772296e-05
-1.2621626707202613e-05
-1.2734330300650902e-05
-1.2848040269931686e-05
-1.2962765601365984e-05
-1.3078515361529804e-05
-1.319529869796797e-05
-1.3313124839896273e-05
-1.3432003098952372e-05
-1.355194286990595e-05
-1.3672953631422256e-05
-1.3795044946817141e-05
-1.3918226464779571e-05
-1.4042507920179574e-05
-1.4167899134817641e-05
-1.4294410018161115e-05
-1.4422050568187487e-05
-1.4550830872148645e-05
-1.4680761107360501e-05
-1.481185154203913e-05
-1.4944112536061658e-05
-1.5077554541812269e-05
-1.521218810504165e-05
-1.5348023865625286e-05
-1.5485072558469194e-05
-1.5623345014344116e-05
-1.5762852160715584e-05
-1.5903605022640332e-05
-1.604561472361122e-05
-1.618889248643533e-05
-1.6333449634196325e-05
-1.6479297591021123e-05
-1.662644788303605e-05
-1.6774912139327827e-05
-1.692470209282656e-05
-1.7075829581238416e-05
-1.7228306547907276e-05
-1.7382145042835697e-05
-1.7537357223728142e-05
-1.7693955356823133e-05
-1.7851951817807475e-05
-1.801135909288619e-05
-1.817218977976016e-05
-1.8334456588694863e-05
-1.8498172343418546e-05
-1.8663349982088375e-05
-1.883000255846587e-05
-1.8998143242864398e-05
-1.916778532326787e-05
-1.933894220620238e-05
-1.9511627417851963e-05
-1.968585460533302e-05
-1.9861637537612307e-05
-2.0038990106607867e-05
-2.021792632820975e-05
-2.0398460343464388e-05
-2.058060641975016e-05
-2.0764378951824015e-05
-2.0949792462947753e-05
-2.1136861606051638e-05
-2.1325601164936126e-05
-2.1516026055451215e-05
-2.1708151326600125e-05
-2.190199216176776e-05
-2.2097563879912058e-05
-2.2294881936752402e-05
-2.249396192603728e-05
-2.2694819580787483e-05
-2.2897470774526263e-05
-2.3101931522483967e-05
-2.3308217982876474e-05
-2.3516346458223286e-05
-2.372633339662851e-05
-2.393819539307703e-05
-2.415194919070819e-05
-2.4367611682179604e-05
-2.4585199910988773e-05
-2.4804731072840735e-05
-2.502622251694488e-05
-2.524969174744592e-05
-2.5475156424802598e-05
-2.570263436717292e-05
-2.5932143551806366e-05
-2.6163702116477507e-05
-2.639732836093115e-05
-2.6633040748287666e-05
-2.6870857906587884e-05
-2.7110798630150838e-05
-2.7352881881169468e-05
-2.7597126791139084e-05
-2.78435526623884e-05
-2.8092178969596035e-05
-2.834302536132496e-05
-2.8596111661628845e-05
-2.8851457871533777e-05
-2.9109084170704947e-05
-2.9369010918956097e-05
-2.963125865796209e-05
-2.9895848112737047e-05
-3.016280019346539e-05
-3.043213599690709e-05
-3.0703876808368106e-05
-3.097804410301443e-05
-3.125465954803547e-05
-3.153374500380077e-05
-3.181532252624625e-05
-3.209941436778141e-05
-3.2386042980009605e-05
-3.2675231014598016e-05
-3.296700132572513e-05
-3.326137697173064e-05
-3.355838121626001e-05
-3.3858037531921486e-05
-3.416036959898856e-05
-3.4465401311749466e-05
-3.477315677481152e-05
-3.508366031122794e-05
-3.5396936458378735e-05
-3.57130099747163e-05
-3.603190583922932e-05
-3.6353649252588685e-05
-3.6678265644059216e-05
-3.700578066424267e-05
-3.733622020035229e-05
-3.766961036193753e-05
-3.800597750092013e-05
-3.834534819586229e-05
-3.868774926989345e-05
-3.903320778059715e-05
-3.9381751029303534e-05
-3.973340656246804e-05
-4.008820216745045e-05
-4.044616588868202e-05
-4.080732600802325e-05
-4.117171107681996e-05
-4.1539349880897444e-05
-4.191027148654113e-05
-4.2284505194080055e-05
-4.266208059148941e-05
-4.304302750640742e-05
-4.3427376053772014e-05
-4.381515660242485e-05
-4.420639979915608e-05
-4.4601136567532635e-05
-4.499939809340525e-05
-4.540121586561787e-05
-4.580662162013643e-05
-4.6215647417576015e-05
-4.6628325559544765e-05
-4.704468868180377e-05
-4.7464769669385156e-05
-4.788860173537122e-05
-4.8316218366722534e-05
-4.874765335681846e-05
-4.9182940812141454e-05
-4.962211511034284e-05
-5.006521099445646e-05
-5.051226343108788e-05
-5.096330781841733e-05
-5.141837971116281e-05
-5.187751519512276e-05
-5.234075038482557e-05
-5.280812213593971e-05
-5.327966702009805e-05
-5.375542281745916e-05
-5.4235426434989274e-05
-5.471971666167754e-05
-5.5208330803342785e-05
-5.570130841826978e-05
-5.61986877717196e-05
-5.6700508368088534e-05
-5.720681042343601e-05
-5.7717632444148365e-05
-5.823301734685744e-05
-5.875300233943825e-05
-5.927763269488861e-05
-5.980694553564878e-05
-6.034098661449318e-05
-6.087979525169804e-05
-6.142341534284733e-05
-6.197189053088408e-05
-6.252526138229928e-05
-6.308357634463133e-05
-6.364687330432967e-05
-6.421520403003165e-05
-6.478860575288229e-05
-6.536713132165915e-05
-6.595081951509159e-05
-6.653972235709559e-05
-6.713388187450445e-05
-6.773334771348165e-05
-6.833816692800032e-05
-6.894838464505636e-05
-6.956405549222305e-05
-7.018521735356262e-05
-7.081193468515008e-05
-7.144423705948049e-05
-7.208219828928666e-05
-7.272584202852898e-05
-7.337524712746225e-05
-7.403043751623341e-05
-7.469148977236849e-05
-7.535843562904172e-05
-7.603134276232444e-05
-7.671025590495067e-05
-7.739523036694868e-05
-7.808632542885552e-05
-7.878358445065868e-05
-7.948707913740132e-05
-8.019684423586637e-05
-8.091295977404782e-05
-8.163545724091704e-05
-8.236441796771049e-05
-8.309987898045147e-05
-8.384191265323714e-05
-8.459057325878143e-05
-8.534591064310489e-05
-8.610801145291468e-05
-8.687688616726029e-05
-8.765267648650757e-05
-8.843531413544871e-05
-8.922507405716612e-05
-9.002165123528306e-05
-9.082577119821802e-05
-9.1636286356543e-05
-9.245516533089722e-05
-9.327984104961942e-05
-9.411355262254988e-05
-9.49529429040221e-05
-9.580124744357606e-05
-9.665669471943506e-05
-9.751906722409468e-05
-9.839124456541867e-05
-9.926793675205331e-05
-0.00010015682965526203
-0.00010104848806733835
-0.00010195324018574483
-0.00010286164215463566
-0.00010378160104774283
-0.00010470755078048502
-0.00010564280425612305
-0.00010658701459618017
-0.00010753803728722963
-0.00010850014123168356
-0.00010946805331142791
-0.00011044817837925838
-0.00011143309688772113
-0.0001124314781684177
-0.00011343328255063005
-0.0001144495603598375
-0.00011546938712023863
-0.00011650267550767317
-0.00011754277384542404
-0.00011859163751466891
-0.00011965418403009549
-0.00012071755682028422
-0.00012180266671650737
-0.0001228813238635532
-0.00012398797023030267
-0.00012508296194373278
-0.00012621006673540044
-0.00012732303451624136
-0.00012846945973743137
-0.0001296024585616235
-0.0001307683907795131
-0.0001319234863756156
-0.00013310819177168523
-0.00013428812527372595
-0.00013549121312455897
-0.00013669764075525405
-0.00013791867907201228
-0.00013915254095380326
-0.0001403935257776019
-0.00014165190796043298
-0.00014291533267287348
-0.00014419587798428256
-0.00014548386600797103
-0.0001467814357131275
-0.00014809731491586078
-0.00014940797602828538
-0.0001507644194680045
-0.00015205205401475704
-0.00015354179268804594
-0.0001545928596771791
-0.00015679394501815345
-0.00015567641341228056
-0.00015962337754631795
-0.00015738765086985296
-0.00016043025527921894
-0.0001591568662594865
-0.00016147673688356426
-0.00016556424134232638
-0.00016413517627858
-0.00017016661016510477
-0.0001691321379705555
-0.00017517558229305691
-0.00017159422388876767
-0.00017782757334940021
-0.0001751873195476641
-0.00018050963897679588
-0.00017694978446653955
-0.00018406997515451392
-0.00018220276389229628
-0.00018799157873046097
-0.00018815111655303158
-0.00019768032164347625
-0.0001998548976576899
-0.00020815413476832747
-0.00021343529775389347
-0.0002157766574027479
-0.00022126656464436788
-0.00022193513131901757
-0.00022472827808733668
-0.0002250444006137089
-0.00022345712744566777
-0.00022401468634413436
-0.00022057245036819124
-0.0002207002786778139
-0.00021763302169661034
-0.00021740620358094728
-0.00021503160428992956
-0.0002197022643907916
-0.0002131436416920106
-0.00022442179196606116
-0.00021799559214456116
-0.0002298615391008405
-0.00022830656854927163
-0.00023299500373144018
-0.00023272535685689276
-0.0002375073269861337
-0.00023629507198268446
-0.00023992428310673313
-0.00024043943399285197
-0.00024530448270423597
-0.0002402327447884758
-0.00024875242712783975
-0.00024009505191070724
-0.000245668878049616
-0.0002402950808242003
-0.0002446070996470251
-0.00023712727161957916
-0.00024318118267072393
-0.00023677812134366422
-0.0002390716295580748
-0.00024041473138858296
-0.00024028127205135243
-0.0002469259546237029
