8.912620023513877e-05
0.0001676783320000603
7.927783803645343e-05
0.00014229673582342902
4.365295858037107e-05
0.00013507356365414561
4.850642838938649e-05
0.00014114351660356075
5.0018658369695276e-05
0.0001152702978738136
9.612104087264962e-05
0.00010342649856043496
0.00011600298698616477
0.00012432860783750257
0.0001260384114939796
0.0001248537782178558
0.00013498381663978849
0.00012205720577343959
0.0001485184088664855
0.00010130524646542364
0.00013595825643470403
0.00012826737762383622
0.00011563322184152732
0.00014875214162415602
0.0001053350155527052
0.00016492884068417717
9.396426239782632e-05
0.00018594017675497296
0.00010032874849999355
0.00022112547878888692
5.640501996053966e-05
0.0002238951553159979
8.371791406141149e-05
0.0002162364603596025
0.00010621473046068891
0.00022184053145635408
8.814724097693449e-05
0.00022181184710647972
8.853119400279249e-05
0.00019778889223032192
0.00012000499754281823
0.00018683116905232502
0.00014835985941163952
0.0001795308044293383
0.0001607288833132003
0.0001858647043767378
0.0001829115350540881
0.00020427828192485554
0.00019694255351971506
0.00020669529735075693
0.00020448873294518877
0.00020899706006250832
0.00020944560979533602
0.00021011559380742468
0.00021697992034740618
0.0002030442747186765
0.00017764464327667522
0.00022220209593259562
0.000152726981706669
0.00022025968168270247
0.00019288385489813682
0.0002592938533852602
0.0002476077934903463
0.0003963802158948062
0.00039053198297533807
0.0004711269245161394
0.00042490194759266963
0.0005236570219708349
0.00036442382660751486
0.00047554268174397315
0.000250881745978107
0.00042883002376863365
0.00011020878902600492
0.000391918882899063
6.522662291745525e-05
0.00041666281763575477
4.212005750052738e-05
0.00043376730870185753
3.463784017958697e-05
0.000506022671452305
-2.2001626131772618e-05
0.0005241277986899021
-9.557037530009323e-05
0.000572299378553163
-0.00021614550502526247
0.0005952477164797052
-0.0002643617939382422
0.0006494572821681324
-0.000362566288167274
0.000696264949714809
-0.00048505692426322865
0.0008819852998372517
-0.000606891182289748
0.001150504610928391
-0.0007665057018391899
0.0014401926424157515
-0.0009543472563110433
0.0016896519920483505
-0.0012508355841605243
0.002014346721057276
-0.001624760519920844
0.0022896920329290305
-0.0021069357463659832
0.0027140450290297612
-0.002722328045193841
0.003004644465041926
-0.003343325641205248
0.0037074742648474284
-0.004120609028173906
0.004802587728758397
-0.004914610616041308
0.006635303111639911
-0.007402746888603111
0.01044079756402285
-0.012722635789894422
0.019145369025152376
-0.030720576243070747
0.06622915831647344
0.3499442926471166
0.23133946562647073
0.16397573075736327
0.1693671787469851
0.13350930063698038
-0.09225923068611586
-0.2180827180735848
-0.031265883742775114
-0.0726021111580483
-0.20683711146498798
-0.30942104939367093
-0.21323942352110983
-0.07310716687235329
0.01979106277124542
0.09593134924243178
0.09169654069026371
0.09093280901475212
0.05717512133667774
-0.039882317957938375
-0.0010365588104514086
0.09353421346884365
0.0979065284298617
0.01578555578924018
-0.049076520273428285
-0.007881954279869893
-0.010751198226371975
-0.02046776070600997
0.0209244978697328
0.020905239508183324
-0.03134500070546742
-0.08282640582143883
-0.0444328708805001
0.022722322794978635
-0.012332760780951054
-0.032558799257990184
0.004709329791004722
0.01869505130153693
-0.022913331682301002
-0.02566653451833154
0.028772993774962154
0.03786306501907626
-0.01570226544668494
-0.02669942081682837
0.013087662739413796
0.024908472410364244
0.006134867481600962
0.004749309232449189
0.026460909387842006
0.014385354339534905
-0.017221662154714427
-0.018801216007977857
0.00362807527930114
0.009185206333875467
-0.0008321229357082167
-0.008701324209867255
-0.0036256320865910704
-0.010843174422686626
-0.02202750395247099
-0.01014928877662722
0.01164161898934591
0.008575258967772607
-0.006519446504948467
-0.008255150582072495
-0.0035721560946810438
-0.0021998919349153316
-0.0030734732041396047
0.003907688417963479
0.012120448351961051
0.006543913509216447
-0.004606556250640494
-0.0032065686864533004
0.00841228510211598
0.006244900965799641
-0.003848777791394819
0.00039068480828947363
0.005833904305667475
0.002341979589468287
-0.0018699702085594905
-0.00029428592484088316
0.0012891758821696724
-0.005169556818977792
-0.008642376172477779
-0.0021667882177744046
0.0037988773187509492
0.001722399778540483
-0.00257254842388721
-0.0002402225861854775
-0.0003417828833820602
-0.00518999251939584
-0.004939198764685215
0.0004516445976253278
0.0040599144117641536
0.0014195163696624213
-0.00047585999779842
0.0008245518334390329
0.0004718422607030671
-0.0013026107398040057
9.438455063529831e-05
0.004832600166775379
0.004899802967188531
0.0014341979384029486
0.0001757531065554651
0.0009701119674203813
0.0009704109259642982
-7.731492743382948e-05
-2.1516075530414607e-05
0.0008706650418127941
-0.0007032343894610434
-0.0029710744812764356
-0.003039678372481801
-0.0011484534144264235
-0.0015546975380240171
-0.003079371112601496
-0.0020839635771943876
-0.00039593002720348834
-0.00030887637888059706
-0.0007978228799168576
-0.0006080839632427487
-0.00012711910295387787
-0.0010065902940802444
-0.0016537814126987708
-0.0006637815980595158
0.00042019695312164776
-0.00013769120894273346
-0.0015346749527173828
-0.0014710554779461741
-0.0008385387034663125
-0.0012190355003474356
-0.0011021962296566535
-0.0001141630646920937
0.0007949024687763037
0.00021076104013987627
-0.00022198125777625206
-0.00021562009519466544
0.00016976717542409184
8.26830324010181e-05
0.00037793759557357175
0.0007940723070292174
0.0010337655615127248
0.0002752937126074794
-1.217678426151497e-05
-4.1625416165480815e-05
0.00017339813002725473
-0.000178179907604246
-0.00030597833201947435
-7.144549790441871e-05
-0.00013541785870884235
-0.0005624319371437965
-0.000649556444113682
-0.0004019401883072383
-0.0002525525934914794
-0.0005993004658510086
-0.00023308915943908077
0.00011228363776538664
0.00018112198704828064
-2.327431645499675e-05
-6.777756318498005e-05
-0.0001453503975685076
-0.00045664074051394695
-0.0003867394499179666
-0.0005802283194857581
-0.00013698865397295413
-0.0005475394414545002
-0.00045035393641687136
-0.0005464564682986948
-0.00038298513368732355
-0.0005251212063389502
-0.0005130060423623431
-5.0935664316622436e-05
1.5154795385973092e-05
-5.587424822865294e-05
-0.00013771337770896981
-0.00010458918276111731
-0.00024413595900853072
-0.0003759222935953817
-0.0002752620601702859
-9.13361418370159e-05
-0.0002124345154773514
-8.378593775591921e-05
-0.00045558941444294964
-5.8195823517961405e-05
-0.00012374842029373
0.0001360748931911272
-0.00014125777082935108
8.479132441146999e-05
3.9081667093841105e-05
-0.00021417155323993382
-0.00040660915644780084
3.592706237128755e-05
0.00040282459594645595
-0.00014772424429876217
-0.0005444977877615936
-0.000530185707714758
-0.00032621812937782966
-0.0003986054755932043
-0.0004891064875911838
-0.00020851900551881642
1.3894289306323634e-05
-0.0003291897998949462
-0.000685309987687657
-0.0006105726762015661
-0.00021285984910162156
-0.0003557850952616927
-0.0005806270265237821
-0.0005954073011125165
-0.0004636125402270174
-0.0004348421382509817
-0.0004379665803775464
-0.00020752439019187984
-0.00032211788974421474
-2.069901137033317e-06
-0.00017560592161807971
0.00021570987546148924
-1.5874807097568822e-06
0.0001432205847488651
4.9288351977659156e-05
8.670528297911677e-05
5.45040013017323e-05
4.34974455758238e-05
4.721960533709581e-05
3.1324790920751635e-05
3.473575504985833e-05
1.4532721519597828e-05
2.2988118600223098e-05
1.087406688931805e-05
1.1606248613745405e-05
5.867654975877466e-07
3.988682611001052e-06
-3.1748178461026835e-06
-5.84898810834489e-07
-4.818629476960757e-06
-1.5316819933042063e-06
-6.215340143518441e-06
-3.4514240336298553e-06
-6.019454099071182e-06
-2.519163905435537e-06
-4.105923796040439e-06
-1.7512899661226503e-06
-2.0197731985969677e-06
-8.172907572162255e-07
-5.657506464105955e-07
-2.839053775587422e-07
2.889319454194711e-07
1.1600214968113254e-07
5.433171189647527e-07
2.836910406572705e-07
6.988744789375445e-07
4.6117893119982083e-07
6.869526896473993e-07
4.901261985504335e-07
6.070266876244575e-07
4.309951701563994e-07
4.825492613130811e-07
3.738080697084957e-07
4.007125132838435e-07
3.1350860188157983e-07
3.210478283187379e-07
2.692240010232494e-07
2.722061010380916e-07
2.4071375460434086e-07
2.3974970652165806e-07
2.310651300314187e-07
2.2812553528150925e-07
2.334631136633944e-07
2.3222627113265656e-07
2.464329776387386e-07
2.443731968310159e-07
2.5837806907208494e-07
2.576132296788769e-07
2.703540959748951e-07
2.70860585516175e-07
2.811224524452982e-07
2.8324016687619746e-07
2.909801972324211e-07
2.9352704765742144e-07
2.9931408619373115e-07
3.0234485429159186e-07
3.0672824626390427e-07
3.09733512599171e-07
3.133125702770023e-07
3.164749713814412e-07
3.196675495121225e-07
3.229245441544251e-07
3.2600358690262204e-07
3.2937869571571243e-07
3.324324954166735e-07
3.3592482491517917e-07
3.391217297307042e-07
3.427622572577116e-07
3.4612703310107906e-07
3.4988421467388453e-07
3.534395762970488e-07
3.572905158634107e-07
3.6101211777373604e-07
3.649448086584864e-07
3.688166232140855e-07
3.7282143841750603e-07
3.768171019124557e-07
3.8089898623237285e-07
3.850051539614494e-07
3.891640403350799e-07
3.933651600212607e-07
3.9760420402537014e-07
4.018943230016392e-07
4.062165953007185e-07
4.1059459442464516e-07
4.150054153769433e-07
4.1947256803134825e-07
4.2397496754793124e-07
4.285338389149306e-07
4.331318641829715e-07
4.377855865680697e-07
4.42482296430461e-07
4.472342186334112e-07
4.5203275270111996e-07
4.568859911235901e-07
4.6178897636058383e-07
4.6674656079253446e-07
4.71756363363586e-07
4.768208713597233e-07
4.819396145216981e-07
4.871136238676632e-07
4.923434853698616e-07
4.976294345898635e-07
5.029726115809985e-07
5.08372927528894e-07
5.13831678601584e-07
5.193487594206889e-07
5.249254528758018e-07
5.305617620937619e-07
5.362588540450608e-07
5.420169034492037e-07
5.478369540982373e-07
5.537193392100577e-07
5.596649868646993e-07
5.65674369205015e-07
5.717483274234839e-07
5.778874383529785e-07
5.840924847032249e-07
5.903641237501195e-07
5.967031041751342e-07
6.031101368215454e-07
6.095859550489069e-07
6.161313084272752e-07
6.227469300576353e-07
6.294335937656115e-07
6.3619204375035e-07
6.430230720920211e-07
6.499274390167454e-07
6.569059501006116e-07
6.639593858492914e-07
6.710885646668519e-07
6.782942882732642e-07
6.855773878927305e-07
6.929386863928832e-07
7.003790298671883e-07
7.078992620043983e-07
7.155002435435922e-07
7.231828390172822e-07
7.309479267237707e-07
7.387963912018375e-07
7.467291271244904e-07
7.54747040128157e-07
7.628510446384382e-07
7.710420645640681e-07
7.793210341476575e-07
7.876888984681215e-07
7.961466114143038e-07
8.046951381096527e-07
8.133354530387264e-07
8.220685431225395e-07
8.308954031015418e-07
8.398170407328165e-07
8.488344732467985e-07
8.579487291201558e-07
8.671608480759105e-07
8.764718804227538e-07
8.858828895378011e-07
8.953949481182202e-07
9.05009141317483e-07
9.14726565490347e-07
9.245483294530234e-07
9.344755534786641e-07
9.445093697892302e-07
9.546509233484028e-07
9.64901370300061e-07
9.752618803243378e-07
9.857336348766761e-07
9.963178281223429e-07
1.0070156677228554e-06
1.0178283744511709e-06
1.0287571819064665e-06
1.0398033356971188e-06
1.0509680958993827e-06
1.0622527366778022e-06
1.0736585450039373e-06
1.0851868215264637e-06
1.0968388815468734e-06
1.1086160545176378e-06
1.120519683274376e-06
1.1325511254896888e-06
1.1447117538195255e-06
1.1570029555523094e-06
1.1694261326535119e-06
1.181982702057533e-06
1.1946740960099033e-06
1.2075017621033195e-06
1.2204671637120032e-06
1.2335717797447602e-06
1.2468171048165286e-06
1.260204650020073e-06
1.273735942546473e-06
1.2874125255647772e-06
1.3012359592045881e-06
1.3152078202735736e-06
1.3293297026882199e-06
1.3436032173198484e-06
1.3580299917297176e-06
1.3726116716203905e-06
1.3873499206565158e-06
1.4022464199596983e-06
1.4173028684894874e-06
1.4325209835102347e-06
1.4479025015603163e-06
1.4634491769307265e-06
1.4791627822152015e-06
1.495045110465063e-06
1.511097973539742e-06
1.527323202295494e-06
1.5437226473588995e-06
1.5602981793249392e-06
1.57705168924448e-06
1.5939850878987207e-06
1.6111003067522252e-06
1.628399298180856e-06
1.6458840354430706e-06
1.6635565132705327e-06
1.6814187467801433e-06
1.6994727735311852e-06
1.7177206535242388e-06
1.7361644680438779e-06
1.754806320522033e-06
1.7736483372571293e-06
1.7926926683634888e-06
1.8119414854728214e-06
1.8313969841671747e-06
1.851061384001919e-06
1.8709369281427635e-06
1.8910258834959617e-06
1.91133054142047e-06
1.931853217806468e-06
1.952596254167863e-06
1.9735620164173216e-06
1.9947528961520477e-06
2.01617130998177e-06
2.0378197015930277e-06
2.0597005404281453e-06
2.081816321536717e-06
2.104169568037514e-06
2.1267628303821675e-06
2.149598684359001e-06
2.172679736077936e-06
2.1960086174503785e-06
2.219587989298554e-06
2.2434205420753374e-06
2.2675089936933005e-06
2.29185609381492e-06
2.316464616385373e-06
2.3413373709136866e-06
2.366477194316489e-06
2.391886952254424e-06
2.4175695442953392e-06
2.4435278992590863e-06
2.469764980585909e-06
2.496283778394617e-06
2.5230873181387114e-06
2.5501786575413037e-06
2.577560886866221e-06
2.6052371297892403e-06
2.633210542764226e-06
2.6614843173746033e-06
2.6900616784351352e-06
2.7189458852993633e-06
2.7481402325971356e-06
2.7776480498422815e-06
2.8074727040526472e-06
2.8376175973043795e-06
2.868086167384914e-06
2.898881890013447e-06
2.9300082775752948e-06
2.9614688812579313e-06
2.9932672891275344e-06
3.0254071282341533e-06
3.0578920657001662e-06
3.0907258062185384e-06
3.123912094278418e-06
3.1574547160829807e-06
3.191357497891144e-06
3.2256243068115803e-06
3.260259051052249e-06
3.2952656817330714e-06
3.3306481921947535e-06
3.3664106175814758e-06
3.402557037152738e-06
3.439091574821123e-06
3.4760183979100183e-06
3.5133417182070265e-06
3.551065792774949e-06
3.589194924838012e-06
3.6277334641713135e-06
3.6666858061482413e-06
3.706056393961571e-06
3.745849718878036e-06
3.786070320019319e-06
3.826722784747161e-06
3.867811749880268e-06
3.9093419028149445e-06
3.951317980911001e-06
3.9937447718838e-06
4.036627115187701e-06
4.079969902599789e-06
4.123778077846918e-06
4.168056637762763e-06
4.2128106332514625e-06
4.25804516940298e-06
4.3037654059129016e-06
4.349976557835311e-06
4.396683896183001e-06
4.4438927488330005e-06
4.491608500790251e-06
4.539836594687208e-06
4.588582531808521e-06
4.637851872740795e-06
4.687650237023694e-06
4.737983305121672e-06
4.788856818319781e-06
4.840276579530425e-06
4.892248454220569e-06
4.944778370474627e-06
4.9978723201506495e-06
5.0515363597073565e-06
5.105776610024593e-06
5.160599258431653e-06
5.216010558381154e-06
5.272016830405735e-06
5.328624463002765e-06
5.385839912865065e-06
5.443669706596977e-06
5.502120440964604e-06
5.561198782620853e-06
5.620911470701449e-06
5.681265316656234e-06
5.742267204849813e-06
5.803924092731994e-06
5.866243014052662e-06
5.929231076769702e-06
5.992895466726614e-06
6.057243444345696e-06
6.1222823507312354e-06
6.188019605596513e-06
6.254462705451887e-06
6.321619229996377e-06
6.389496838074896e-06
6.4581032751414615e-06
6.527446364962882e-06
6.5975340166806525e-06
6.6683742269129515e-06
6.739975075450793e-06
6.8123447293996775e-06
6.885491442122985e-06
6.959423559602714e-06
7.034149514748185e-06
7.1096778309137285e-06
7.186017123187154e-06
7.263176098593581e-06
7.341163558972474e-06
7.419988400311078e-06
7.499659613070114e-06
7.580186285719576e-06
7.661577603850986e-06
7.74384285188133e-06
7.826991412074671e-06
7.911032768977838e-06
7.995976510822081e-06
8.08183232541915e-06
8.168610005947902e-06
8.256319451475008e-06
8.344970666602624e-06
8.434573763341344e-06
8.525138961461374e-06
8.616676592726344e-06
8.709197098581895e-06
8.802711031798572e-06
8.897229059009939e-06
8.992761961809496e-06
9.089320638009518e-06
9.186916101176041e-06
9.285559482609049e-06
9.385262035578978e-06
9.486035132972253e-06
9.587890268913197e-06
9.690839061097427e-06
9.794893253838851e-06
9.90006471606776e-06
1.00063654439041e-05
1.0113807561967984e-05
1.022240332716775e-05
1.0332165126090788e-05
1.0443105479116877e-05
1.0555237039607557e-05
1.066857259940661e-05
1.0783125086055115e-05
1.0898907566102311e-05
1.1015933245337084e-05
1.1134215474076941e-05
1.1253767743753902e-05
1.1374603691435854e-05
1.149673709909789e-05
1.1620181900375243e-05
1.174495217485524e-05
1.1871062155028732e-05
1.1998526224523852e-05
1.212735892476018e-05
1.2257574950051166e-05
1.2389189154066562e-05
1.2522216548728005e-05
1.2656672309301108e-05
1.2792571772072013e-05
1.2929930438638663e-05
1.3068763976417235e-05
1.3209088222383881e-05
1.3350919183399452e-05
1.3494273036214152e-05
1.3639166133866127e-05
1.3785615002249814e-05
1.3933636349296787e-05
1.4083247055140255e-05
1.423446418981133e-05
1.4387304996809909e-05
1.4541786917623045e-05
1.4697927563407903e-05
1.4855744756375256e-05
1.5015256484723113e-05
1.517648095965778e-05
1.5339436551867948e-05
1.5504141872192548e-05
1.567061568061255e-05
1.5838876998724733e-05
1.6008944981502527e-05
1.6180839071893262e-05
1.6354578826004813e-05
1.6530184122062112e-05
1.670767492030419e-05
1.6887071546950103e-05
1.7068394372731134e-05
1.7251664189105626e-05
1.7436901775117484e-05
1.7624128403134634e-05
1.781336526570596e-05
1.8004634137230803e-05
1.8197956618900212e-05
1.8393355007837104e-05
1.8590851313036893e-05
1.8790468381653098e-05
1.8992228618809007e-05
1.919615545179355e-05
1.940227167315881e-05
1.961060132673535e-05
1.9821167572292277e-05
2.0033995110469588e-05
2.0249107446067196e-05
2.0466529987571967e-05
2.068628655330128e-05
2.090840331733096e-05
2.1132904367815973e-05
2.1359816719136748e-05
2.1589164670381307e-05
2.1820976166277237e-05
2.2055275639919734e-05
2.2292092078872938e-05
2.2531449951896493e-05
2.277337942095236e-05
2.3017904869105385e-05
2.326505779365318e-05
2.35148623436072e-05
2.376735153880095e-05
2.4022549116908148e-05
2.4280489842247606e-05
2.4541196824176634e-05
2.4804706837267768e-05
2.5071042098173354e-05
2.534024171376486e-05
2.5612326681494083e-05
2.588733882609548e-05
2.6165297531664946e-05
2.6446247804112148e-05
2.6730206934783745e-05
2.7017223666935344e-05
2.7307312617627384e-05
2.7600526940697328e-05
2.7896877868445165e-05
2.8196423775701568e-05
2.8499171652609904e-05
2.880518607142554e-05
2.9114468740349493e-05
2.942709160066347e-05
2.974304983152735e-05
3.006242413788681e-05
3.0385201686501025e-05
3.071147358711452e-05
3.10412172510272e-05
3.13745361144779e-05
3.171139579032545e-05
3.2051914280833234e-05
3.2396043021104196e-05
3.274391717771963e-05
3.3095471257019e-05
3.34508605663239e-05
3.380999955285608e-05
3.417306702391872e-05
3.453995386111996e-05
3.4910866082180775e-05
3.5285667192476965e-05
3.5664594366982636e-05
3.604747979027976e-05
3.643459575551969e-05
3.6825739131042315e-05
3.722122161132642e-05
3.762079984323931e-05
3.802483138237722e-05
3.8433024532059424e-05
3.8845792847262695e-05
3.9262784578308224e-05
3.968448106404332e-05
4.011045944483677e-05
4.0541277290454436e-05
4.09764351198699e-05
4.141656864411877e-05
4.186110389264733e-05
4.231074925683089e-05
4.2764865741999505e-05
4.32242216266765e-05
4.368813121246451e-05
4.415739883736826e-05
4.463131999243418e-05
4.5110706399845214e-05
4.559486164735539e-05
4.608457753517946e-05
4.657919702808627e-05
4.707945262254036e-05
4.758477582544277e-05
4.809577845211847e-05
4.86120557493825e-05
4.9134012268912605e-05
4.966150154822428e-05
5.0194620622598385e-05
5.0733591396752604e-05
5.1278077755209856e-05
5.182881773278976e-05
5.2384865904654123e-05
5.294768987332797e-05
5.3515478799944644e-05
5.409073198837239e-05
5.467041852075857e-05
5.525848698449687e-05
5.585019001189259e-05
5.645150710818954e-05
5.7055305234878905e-05
5.7670357394280086e-05
5.8286272727761657e-05
5.891562369661832e-05
5.9543606806765e-05
6.018791696861883e-05
6.082782332467694e-05
6.148787890657148e-05
6.213943888071574e-05
6.281618134545324e-05
6.34789689836733e-05
6.41735331474158e-05
6.48469300439658e-05
6.55606720578461e-05
6.624382789009557e-05
6.697836435989868e-05
6.76701596350332e-05
6.842734300829822e-05
6.912659413915376e-05
6.990782865558959e-05
7.061535617491465e-05
7.14219548709899e-05
7.21369388573534e-05
7.297187268561107e-05
7.368323788348868e-05
7.455599766752153e-05
7.525022383338999e-05
7.616966591243376e-05
7.683774142436088e-05
7.781508407106452e-05
7.844899495963731e-05
7.949142878663218e-05
8.00882246763529e-05
8.120917462119646e-05
8.175538555135232e-05
8.296782198657926e-05
8.345863480344225e-05
8.476474108623511e-05
8.518853081995216e-05
8.660771139272147e-05
8.693997058367015e-05
8.849295502724036e-05
8.871088418436861e-05
9.041633551741166e-05
9.050816872395397e-05
9.238346925612671e-05
9.232001227966623e-05
9.440784246027582e-05
9.415001524800282e-05
9.649351736438052e-05
9.598631143661494e-05
9.867117508054321e-05
9.782420083291523e-05
0.00010093663386989433
9.966658885062559e-05
0.00010328872002745865
0.00010149362566969685
0.00010573391191748055
0.00010329240407174313
0.00010829373551687416
0.00010504432064613496
0.00011098586535572726
0.00010674996491131898
0.00011384229339779159
0.00010838073288194777
0.00011688783818278314
0.00010993246926353784
0.00012012006526546104
0.00011140248866520208
0.000123591059078082
0.00011272964505116417
0.0001273305769566302
0.00011388734268569234
0.00013132860009349573
0.00011483818642540888
0.0001356321812552525
0.00011563849809168676
0.00014008116341156506
0.000116570422526892
0.00014408585935853048
0.00011949440450426249
0.0001427285897994052
7.164343466780422e-05
0.00014879742569373115
4.665479995159813e-05
0.00012933880982955763
5.3930408807034605e-05
0.00013200092106995065
4.0290626194484756e-05
0.00011593719047768886
4.956887524715597e-05
0.00012052561919546332
6.30717197879968e-05
0.0001278590374474174
4.960757395542834e-05
0.00011554879777134065
4.732645655380777e-05
8.016208586842136e-05
7.404235864913862e-05
5.3391230679575015e-05
4.62964961191832e-05
3.5116894422364915e-05
6.108744898701064e-05
1.0165560836900868e-05
4.5427404574057426e-05
2.3552830468933186e-05
3.450854915245077e-05
3.452921024589822e-05
3.060808296589998e-05
4.74197948936684e-05
5.048929299938765e-05
2.86469780501537e-05
3.151229353989735e-05
4.881944742342461e-05
2.947963390353655e-06
3.0423133586721095e-05
1.9499191744695003e-05
3.6774499045584754e-05
1.3184761513610241e-05
5.5893000371458433e-05
1.9475121527179608e-05
6.470929018731716e-05
3.580430543108457e-05
6.013788331677728e-05
3.975187592264154e-05
6.752290795085675e-05
5.163659879874193e-05
6.526782184427664e-05
8.278897218289295e-05
6.599974761992738e-05
8.851245897210095e-05
6.600291912227798e-05
9.419397663926917e-05
8.788315987144857e-05
9.697733881746289e-05
9.65460187624617e-05
0.00011639830706599635
8.338007545416327e-05
0.00013725180700056323
-0.00015206147640053032
-0.00013334348418023346
-0.00015944654282738698
-0.00016293049996203123
-0.00018080337325368994
-0.000185032650248475
-0.0001943919562347034
-0.00019890154063746023
-0.0002037902131250108
-0.00020558688366545313
-0.00021204039557081304
-0.0002147527814520448
-0.00021934731146521625
-0.00022012777201150412
-0.00022669247555219996
-0.00022570006886089234
-0.0002333500736718869
-0.00023174799845499696
-0.00024163250819816831
-0.00024179331443113992
-0.0002520622264630274
-0.00025193554247511437
-0.0002601891849579063
-0.00026062761113914963
-0.00026816937109714614
-0.0002675653766820955
-0.00027512711466290874
-0.0002729151047238485
-0.0002846984024890398
-0.0002829810852722415
-0.0002904174823781321
-0.00029167219987309917
-0.0002947309803244688
-0.00029896841485320196
-0.0003019549233085111
-0.00030569816257666055
-0.0003079750590114362
-0.0003118048477727824
-0.0003120163889793954
-0.00031758554149440585
-0.00031586803665857783
-0.00032405789577023196
-0.0003211404467103538
-0.0003298818620377533
-0.0003279797422406673
-0.00033461715156490516
-0.0003344459545746854
-0.0003427122455648667
-0.00033962988562535504
-0.00035098797231848243
-0.0003471484160038954
-0.00035751412076579235
-0.0003573913795189143
-0.0003638134361975861
-0.00036639595940631713
-0.00037148743149148153
-0.0003770983052053694
-0.00037961390228736364
-0.00038595032363225004
-0.00038744135815810374
-0.00039562797302394496
-0.0003959563866815816
-0.00040256427302870186
-0.00040828461616618684
-0.00040985533095801537
-0.0004190368535803918
-0.00041907938033575317
-0.00042860732378124114
-0.0004298388357490548
-0.000439581859771866
-0.0004391941430150084
-0.0004478542535270635
-0.0004521593312549413
-0.0004562257147246395
-0.00046070813885109826
-0.0004676998639378642
-0.00047080420683874883
-0.00048072773374673337
-0.0004823771363786632
-0.0004914576721734541
-0.0004977233080812786
-0.000502870154665974
-0.0005108906702277085
-0.0005144550728772798
-0.0005246750252415129
-0.0005273674996159768
-0.0005377707046179574
-0.0005420159492327703
-0.0005504853333167608
-0.0005564140581072856
-0.0005625360947689498
-0.0005725990137468508
-0.0005744451738083537
-0.0005847444888874034
-0.0005831658332036639
-0.0005903743363617135
-0.0005913610424856798
-0.0005924674199504151
-0.0005912972651202387
-0.0005905618116171549
-0.0005906545891783228
-0.0005873117883583132
-0.0005940319189002214
-0.0005916438236849213
-0.0006022134700921335
-0.0006043712775781964
-0.0006202911614958675
-0.0006255748569982517
-0.0006383266339742982
-0.0006538033451352814
-0.0006710174723718703
-0.0006799387781290796
-0.0006836343516963301
-0.000710573383323444
-0.0007114674492642802
-0.0007272861122174331
-0.000728243433309117
-0.0007548436108086483
-0.0007056385459201941
-0.0006779219096838123
-0.0006786402814223103
-0.0007119118865109553
-0.0007091084852118837
-0.0007553785719652268
-0.0008095844957288159
-0.0008424547709339814
-0.0008178560351936589
-0.0008741277084360905
-0.0009008109991698737
-0.0009569055105606806
-0.0009265608310525675
-0.0008469316826369428
-0.0008472557286395453
-0.0009408167657126601
-0.0008153457300286143
-0.0008452599331891498
-0.0008177818586566962
-0.0008338404814919986
-0.0007837622273852692
-0.0008636272674397366
-0.0008341186670006923
-0.0009398309761503834
-0.0008841125236759092
-0.0010802582991657286
-0.0008566636735027857
-0.0009858241791023939
-0.0007942071636665677
-0.001319713346707683
0.0007689901759902395
0.00812010110764107
0.014388583944478887
0.020481311139212463
0.02461229846113957
0.022289285562868744
0.022190986767940714
0.02822353629303747
0.03660637910516654
0.035608041384290176
0.022724151151296616
0.009050208728362801
-0.00544949348209961
-0.013035757964764003
-0.011703463445755452
-0.015395409061879955
-0.024889324718259227
-0.03255788223099654
-0.031104669211805824
-0.021691147556220758
-0.010365498376733263
0.0006012970848788505
0.007949761068510336
0.00903355657863647
0.0061874437771182065
0.004625867365610902
0.00897912537451593
0.015477745811674555
0.01753345714992071
0.0135774158711176
0.007549903192552488
0.0037518999391753507
0.004145422957632117
0.006142799119328307
0.0046436963673328075
-0.0013180033232585244
-0.0072506248871795475
-0.009808386009542192
-0.00932865447820909
-0.008436280041613637
-0.007879859060717998
-0.007132662432877781
-0.00629716934465489
-0.004821413500213515
-0.0021597152687728924
0.0009579257582761992
0.0025165464717677413
0.002249760044598152
0.0016670792538763957
0.002163238811745814
0.003135973267657635
0.0036079965227770352
0.003107914981037866
0.001092292840613799
-0.0010126027594287617
-0.001484282810385317
-7.403295996381695e-05
0.001130419720621874
0.0007423338166407356
-0.0015524292279498985
-0.003919258777239652
-0.003949886679387348
-0.002296639889441976
-0.0005811903539227198
-7.478278869506468e-05
-0.0009055332907184062
-0.0016059973913849514
-0.0009811349648804033
0.00045322967350563655
0.0017817423602425654
0.002872502318508377
0.002259112577435151
0.00045409586095886817
-0.0002022668932811941
0.0006425077188104113
0.0015143253206663125
0.0014339862672921038
0.000877882518415663
0.0004444571769365056
0.00024194774462666722
0.0003275569710776936
0.0006752212798802164
0.0008662971131789918
0.00021507139790121377
-0.0008028120811738148
-0.000923298269996902
-0.00017780245725477678
0.0003316203360874948
8.639684634323655e-05
-0.00041614133116397935
-0.0005553463891607356
-0.00017468120547604584
0.00039367596555537113
0.0008632752024840824
0.0009295300350563071
0.0005350792660955743
-0.00011569203151697138
-0.00033254231891327796
1.6165035725480637e-06
0.0003643646207193692
0.0002702605722211572
-0.00033978315503466194
-0.0008569601824824167
-0.0008146847780381333
-0.00041724557221203194
4.948564584942489e-05
0.00020621692384637484
3.3720781546428136e-05
-0.0002735572311959581
-0.00034733027537238345
-8.934972230884583e-05
0.00017056950169115848
0.00017255568806438313
-2.7348543667247055e-05
-0.00017110601744162618
-7.871045510485334e-06
0.0003261962778101355
0.0006128938504902542
0.0007583774883353912
0.0007715663172986424
0.0006890282999859902
0.0006987836381979896
0.0007307405701780926
0.0007277498727808336
0.0006467986588464421
0.0003522424906790786
-3.84034056616326e-06
-0.00012526879522339787
5.829870740515053e-05
0.0002667417432880721
0.00019851678546731026
-8.274283696204626e-06
-0.00015388324417608729
-7.566944932790966e-05
0.00011708303737471815
0.00024169192758444303
0.00031762043218051643
0.0004072578311457698
0.00042341032906811037
0.0005359898215508782
0.0008062468820296912
0.0009956752434941932
0.000926544374045104
0.0006555257636357724
0.00030522429466494993
2.693276194299358e-05
-9.987136338349682e-05
-0.00010616563607997517
-0.00013054052384393338
-0.0003490968636305805
-0.0006526784245323277
-0.0007607115572428874
-0.0006681271906805481
-0.0005067344346903675
-0.00039935989620958567
-0.0003864048902660378
-0.00037240337920167754
-0.00021284093794725201
6.455817952782074e-05
0.00024747638435059275
0.00027379680783256097
0.0002026875978381759
7.20541271614311e-05
-5.6994036001798456e-05
-3.511310109556798e-05
0.0001327302909004989
0.00030696782596255877
0.0003076378031065481
0.00017493511182421013
0.00012967863374537713
0.00016439145492570345
0.00014212664498420544
6.962230974905288e-05
2.926849097810292e-05
1.3410809535529047e-05
-9.177214040778983e-05
-0.00017830143380192517
-0.00019811280635322222
-0.00021081335395747717
-0.00029192124214232767
-0.0003385008943293814
-0.0002922015372659639
-0.00021494074700493425
-0.0001657091787909794
-9.117155721823119e-05
3.410110448003945e-05
0.00015296941432192256
0.0002538368824247552
0.00025601100157841253
0.00027203562130142297
0.0002901427877710657
0.00018701021216981502
-9.770240360997402e-06
-0.00018257550614383353
-0.0002669383652551534
-0.0002396303659743446
-0.000177404881549238
-9.980834662221433e-05
-2.2610872260237728e-05
5.155661576123271e-05
0.00011588039702175611
0.00015664579602059375
0.00020377522613714827
0.00023457157118803148
0.00021511370945777645
0.00011215025365734002
3.5110238614871874e-05
2.0623856362887716e-05
6.1505613771946355e-06
-3.584638734849613e-05
-1.9840069229278695e-05
3.616752938983246e-05
2.1539024858628283e-05
-4.884258122047125e-05
-5.692654983488173e-05
-9.355186791174929e-06
5.957416750183853e-06
-3.5311251021695076e-05
-0.00010360847688316429
-0.00010654522672867142
-0.00011033976890056918
-0.00013810819152970796
-0.00017140320120897297
-0.00015333098541108923
-0.00011017292934643159
-4.871624449287828e-05
1.0702761230589651e-05
1.6111735241058868e-06
2.806638480274304e-05
1.5334375683902484e-05
2.167595295314616e-05
1.5066934037814318e-05
1.389912060756988e-05
9.737206814034328e-06
8.967495175902368e-06
9.544310236090509e-06
8.391228453472131e-06
8.249504686147198e-06
6.158232384126947e-06
4.696135693495093e-06
2.5692404886996825e-06
1.7439207938622057e-06
9.946477479089784e-07
1.1285264555536913e-06
6.43978228176428e-07
1.479785126875274e-07
-7.316205809580582e-07
-1.019181695850231e-06
-1.3599198679912247e-06
-1.220551586651725e-06
-1.3219609410030763e-06
-9.884489210582569e-07
-9.240667093284569e-07
-5.775747556833457e-07
-4.354506780697518e-07
-2.6150419133092774e-07
-2.0062477333693892e-07
-1.5694129965526313e-07
-1.0371135284164418e-07
-7.229370796273116e-08
-4.569766437652334e-09
1.5443832241703037e-08
5.5106158673538796e-08
4.842741030929021e-08
5.5910188770380564e-08
3.988885909425588e-08
4.08469185489424e-08
2.6695958668925684e-08
2.1964037404326783e-08
8.7531787393378e-09
3.4489413094137417e-09
-6.981902431636017e-09
-1.247340846062539e-08
-2.1944347974173217e-08
-2.788465738412342e-08
-3.501536194067817e-08
-3.8281648122740625e-08
-4.079404363320645e-08
-4.155611065166393e-08
-4.177702241829964e-08
-4.214262943165936e-08
-4.1749983944409236e-08
-4.2012198035994847e-08
-4.136572635728836e-08
-4.1422454897339575e-08
-4.073479169849469e-08
-4.071624984082955e-08
-4.0221645353959515e-08
-4.020555802050846e-08
-3.995426256357161e-08
-4.008938911625971e-08
-4.016535117140076e-08
-4.0482550842525344e-08
-4.0771963973409986e-08
-4.117004756050034e-08
-4.155668685616688e-08
-4.2004378507441535e-08
-4.247710772069214e-08
-4.2985519559525336e-08
-4.3517690112240435e-08
-4.4050245874235373e-08
-4.4599731552154884e-08
-4.513289219253407e-08
-4.5680541676076155e-08
-4.620616898102256e-08
-4.6745326588701667e-08
-4.726511145170713e-08
-4.77979710774071e-08
-4.831880878686191e-08
-4.885164557163406e-08
-4.9377833423415105e-08
-4.991241263964949e-08
-5.0444750865179244e-08
-5.098406990674002e-08
-5.152572001583652e-08
-5.207425156010623e-08
-5.26280973898324e-08
-5.318848036481403e-08
-5.375540463388624e-08
-5.432862982358627e-08
-5.490905699051432e-08
-5.549579392177177e-08
-5.6089921256436207e-08
-5.6690401392781075e-08
-5.729831898160817e-08
-5.791271672273327e-08
-5.85345045052909e-08
-5.916286788880637e-08
-5.979849209731972e-08
-6.044076268987841e-08
-6.109020390333213e-08
-6.174645158282116e-08
-6.240988483119543e-08
-6.308031841777893e-08
-6.375799289103144e-08
-6.444285446532982e-08
-6.513504928150462e-08
-6.583461609979029e-08
-6.654164811915425e-08
-6.725623802483505e-08
-6.797845078362956e-08
-6.870840381671336e-08
-6.94461545368741e-08
-7.019182739694831e-08
-7.094547964100822e-08
-7.170723140282871e-08
-7.247714503216623e-08
-7.325533461809749e-08
-7.404187048112837e-08
-7.483686132334159e-08
-7.564038512576155e-08
-7.645254547384986e-08
-7.727342641493861e-08
-7.810312816793324e-08
-7.894174023478017e-08
-7.978936118215561e-08
-8.064608508680384e-08
-8.151201037505786e-08
-8.238723499222404e-08
-8.32718582532746e-08
-8.41659812429656e-08
-8.506970489393956e-08
-8.598313293417645e-08
-8.690636836996386e-08
-8.78395172920429e-08
-8.878268518271398e-08
-8.97359803508739e-08
-9.069951077380267e-08
-9.167338696719571e-08
-9.265771952571907e-08
-9.365262118937669e-08
-9.465820513667811e-08
-9.567458635368763e-08
-9.67018805964157e-08
-9.774020519448382e-08
-9.878967855878832e-08
-9.985042047843621e-08
-1.009225519316739e-07
-1.0200619524416716e-07
-1.0310147402446397e-07
-1.0420851321478941e-07
-1.0532743912746128e-07
-1.0645837939168292e-07
-1.0760146305631197e-07
-1.0875682044742332e-07
-1.0992458335923718e-07
-1.1110488497495866e-07
-1.1229785995732228e-07
-1.1350364438318748e-07
-1.1472237581379484e-07
-1.1595419323307508e-07
-1.1719923712909968e-07
-1.1845764949456879e-07
-1.1972957392466046e-07
-1.2101515554005233e-07
-1.223145409655086e-07
-1.236278783889284e-07
-1.249553175812341e-07
-1.2629700995153692e-07
-1.2765310857336106e-07
-1.2902376814105193e-07
-1.3040914500124523e-07
-1.3180939716537582e-07
-1.3322468434331518e-07
-1.346551679825856e-07
-1.3610101125380476e-07
-1.3756237909233948e-07
-1.3903943820654558e-07
-1.4053235707825581e-07
-1.4204130599155867e-07
-1.4356645704365393e-07
-1.4510798420280325e-07
-1.466660633309697e-07
-1.482408721683001e-07
-1.4983259033595072e-07
-1.5144139937322122e-07
-1.530674827881801e-07
-1.547110260703634e-07
-1.5637221670185394e-07
-1.58051244177461e-07
-1.5974829999940095e-07
-1.6146357772880364e-07
-1.6319727300968004e-07
-1.6494958362696773e-07
-1.6672070947634261e-07
-1.6851085258317894e-07
-1.7032021713562421e-07
-1.7214900950719128e-07
-1.7399743830741766e-07
-1.7586571439714602e-07
-1.7775405087598812e-07
-1.7966266315270303e-07
-1.81591768935995e-07
-1.835415882475239e-07
-1.8551234349061647e-07
-1.8750425946235526e-07
-1.8951756339498154e-07
-1.9155248494700486e-07
-1.9360925622181066e-07
-1.9568811181994595e-07
-1.9778928884848406e-07
-1.9991302699277176e-07
-2.0205956851792e-07
-2.0422915827655603e-07
-2.0642204375337044e-07
-2.0863847507620323e-07
-2.1087870505056205e-07
-2.1314298920423712e-07
-2.154315858267933e-07
-2.1774475599048166e-07
-2.2008276354796262e-07
-2.2244587518085112e-07
-2.248343604277297e-07
-2.2724849172851944e-07
-2.2968854445588123e-07
-2.3215479696061668e-07
-2.346475305591185e-07
-2.3716702957413648e-07
-2.3971358138896053e-07
-2.42287476477697e-07
-2.448890084332683e-07
-2.4751847404916143e-07
-2.5017617322664783e-07
-2.528624091203101e-07
-2.5557748816341236e-07
-2.5832172003683804e-07
-2.6109541779073715e-07
-2.6389889778077533e-07
-2.667324797852276e-07
-2.695964870076076e-07
-2.7249124612055073e-07
-2.7541708740854917e-07
-2.783743445538222e-07
-2.813633548270542e-07
-2.8438445921058746e-07
-2.874380022801354e-07
-2.9052433240888374e-07
-2.9364380164421684e-07
-2.9679676583023234e-07
-2.9998358461755335e-07
-3.0320462144126483e-07
-3.0646024376111865e-07
-3.097508229570707e-07
-3.130767343566298e-07
-3.1643835734428095e-07
-3.198360753525406e-07
-3.2327027593839286e-07
-3.267413507971402e-07
-3.302496958346385e-07
-3.3379571130130433e-07
-3.3737980171903974e-07
-3.410023758963299e-07
-3.446638470170661e-07
-3.4836463269724994e-07
-3.5210515507606583e-07
-3.558858408585989e-07
-3.5970712131347675e-07
-3.63569432315587e-07
-3.6747321440077523e-07
-3.7141891283634545e-07
-3.754069777045434e-07
-3.794378639290384e-07
-3.835120313113523e-07
-3.8762994458862066e-07
-3.9179207346500726e-07
-3.9599889269133887e-07
-4.0025088211365035e-07
-4.0454852673311396e-07
-4.0889231679421207e-07
-4.1328274779208266e-07
-4.1772032050724087e-07
-4.2220554110001304e-07
-4.2673892118765054e-07
-4.3132097787878035e-07
-4.3595223384214343e-07
-4.406332173561428e-07
-4.453644623586897e-07
-4.501465085153186e-07
-4.5497990128293836e-07
-4.598651920078439e-07
-4.6480293795087e-07
-4.697937023429022e-07
-4.748380544577352e-07
-4.7993656967062e-07
-4.850898295556249e-07
-4.902984219465681e-07
-4.955629409717117e-07
-5.008839871270543e-07
-5.062621673684875e-07
-5.116980951423711e-07
-5.171923905256115e-07
-5.227456802321673e-07
-5.283585977015198e-07
-5.340317831912373e-07
-5.397658838098528e-07
-5.455615536185086e-07
-5.514194537105908e-07
-5.573402522840182e-07
-5.633246247045871e-07
-5.693732535896716e-07
-5.754868288784798e-07
-5.81666047935487e-07
-5.879116156029107e-07
-5.94224244277906e-07
-6.00604654020986e-07
-6.070535726418903e-07
-6.13571735740134e-07
-6.201598868253548e-07
-6.268187773639331e-07
-6.335491669162523e-07
-6.403518232017506e-07
-6.472275221732979e-07
-6.541770481084848e-07
-6.612011937234645e-07
-6.683007602232595e-07
-6.754765574448762e-07
-6.827294039054438e-07
-6.900601269181422e-07
-6.974695626734903e-07
-7.049585563323165e-07
-7.125279621076155e-07
-7.201786434688938e-07
-7.279114730629954e-07
-7.357273329988137e-07
-7.436271147803417e-07
-7.516117195164652e-07
-7.596820579569043e-07
-7.678390506317499e-07
-7.760836279893879e-07
-7.844167305682236e-07
-7.928393088092495e-07
-8.013523235088902e-07
-8.099567455951279e-07
-8.186535565921776e-07
-8.274437484704885e-07
-8.363283240015075e-07
-8.453082965959341e-07
-8.543846905484614e-07
-8.635585410466198e-07
-8.728308946495938e-07
-8.822028089416201e-07
-8.916753530808477e-07
-9.012496074765983e-07
-9.10926664334042e-07
-9.207076273614766e-07
-9.305936123331501e-07
-9.405857467944666e-07
-9.506851706221663e-07
-9.608930357408877e-07
-9.7121050664803e-07
-9.816387600777594e-07
-9.921789856352932e-07
-1.0028323855043836e-06
-1.0136001749620955e-06
-1.0244835822183457e-06
-1.0354838487524384e-06
-1.0466022292990524e-06
-1.057839992034534e-06
-1.0691984189034045e-06
-1.0806788054116027e-06
-1.0922824612731303e-06
-1.1040107098157195e-06
-1.1158648891885798e-06
-1.1278463510878641e-06
-1.139956462801149e-06
-1.1521966049579592e-06
-1.1645681746616477e-06
-1.1770725819639774e-06
-1.189711254555271e-06
-1.2024856324373734e-06
-1.2153971747111845e-06
-1.22844735183782e-06
-1.2416376551613903e-06
-1.2549695859813935e-06
-1.268444668843131e-06
-1.282064436321234e-06
-1.2958304472294904e-06
-1.3097442657279565e-06
-1.3238074859934357e-06
-1.338021703973518e-06
-1.352388550490837e-06
-1.3669096534109598e-06
-1.3815866816665784e-06
-1.39642129499528e-06
-1.4114152021280134e-06
-1.4265700943525133e-06
-1.4418877220693312e-06
-1.4573698076729652e-06
-1.4730181455102588e-06
-1.4888344882357384e-06
-1.504820676743459e-06
-1.5209784927354853e-06
-1.5373098267406206e-06
-1.553816487770952e-06
-1.5705004196863207e-06
-1.5873634565665437e-06
-1.604407600005011e-06
-1.6216347059449642e-06
-1.6390468390388348e-06
-1.6566458730092625e-06
-1.6744339421598454e-06
-1.6924129325161124e-06
-1.710585056051615e-06
-1.7289522040122614e-06
-1.7475166759019141e-06
-1.7662803592709378e-06
-1.785245653105087e-06
-1.8044144302107148e-06
-1.8237892032988486e-06
-1.8433718167071322e-06
-1.8631649139258099e-06
-1.8831702943683916e-06
-1.9033907525653265e-06
-1.9238280229639713e-06
-1.944485075241158e-06
-1.9653635543670164e-06
-1.9864666344279205e-06
-2.0077958408513323e-06
-2.029354587980848e-06
-2.0511442443264826e-06
-2.073168507909075e-06
-2.0954285448312668e-06
-2.1179283893124417e-06
-2.14066894964877e-06
-2.1636546599609386e-06
-2.1868861031491577e-06
-2.210368189862924e-06
-2.234101095964546e-06
-2.258090300185289e-06
-2.282335474174254e-06
-2.3068427732658215e-06
-2.33161124922474e-06
-2.356647862874204e-06
-2.381950907974137e-06
-2.4075283037122557e-06
-2.433377422874917e-06
-2.459507322451421e-06
-2.4859142634232564e-06
-2.512608648956138e-06
-2.5395854061222023e-06
-2.5668565265510356e-06
-2.594415345501603e-06
-2.6222757229707846e-06
-2.650429105855168e-06
-2.6788915415637635e-06
-2.7076522523520772e-06
-2.736729832554779e-06
-2.7661109017252695e-06
-2.795817005104401e-06
-2.8258317330844517e-06
-2.8561800400753786e-06
-2.8868420033248236e-06
-2.917846511590709e-06
-2.9491695656605867e-06
-2.9808445929699725e-06
-3.012842835370985e-06
-3.0452030092726636e-06
-3.0778907762498385e-06
-3.1109510368396284e-06
-3.144343015229348e-06
-3.1781186008170495e-06
-3.2122300353621194e-06
-3.246736514473259e-06
-3.281583291084918e-06
-3.316836539943992e-06
-3.3524350679612898e-06
-3.3884512366530797e-06
-3.4248183910528694e-06
-3.461613746351687e-06
-3.498766961119613e-06
-3.536357891931099e-06
-3.5743150607349915e-06
-3.612718351910974e-06
-3.651497664546857e-06
-3.6907305209313854e-06
-3.730350712641728e-06
-3.7704304108958885e-06
-3.8109115535235605e-06
-3.8518550291976456e-06
-3.8932186305707175e-06
-3.935042784269233e-06
-3.977311451533461e-06
-4.020032807503654e-06
-4.0632305692914206e-06
-4.106864222521052e-06
-4.151017605182321e-06
-4.195576449479536e-06
-4.240714868216679e-06
-4.2862100745359386e-06
-4.332365677134527e-06
-4.378806528231548e-06
-4.426015523255507e-06
-4.473407431572485e-06
-4.521711967201726e-06
-4.570054892150035e-06
-4.619503819972698e-06
-4.668791446085091e-06
-4.7194409580086395e-06
-4.769659474158829e-06
-4.821575396639528e-06
-4.872700573206167e-06
-4.92596179810928e-06
-4.977955611195836e-06
-5.032656711339255e-06
-5.085464551786087e-06
-5.141718317489864e-06
-5.195267153092556e-06
-5.25320663771452e-06
-5.307404600183349e-06
-5.367186326172852e-06
-5.4219159595787205e-06
-5.483742456624801e-06
-5.538784544892241e-06
-5.602821133940579e-06
-5.65787352513103e-06
-5.724502870023049e-06
-5.779419162210827e-06
-5.849548029244209e-06
-5.903787294354304e-06
-5.978742550243965e-06
-6.031681841663192e-06
-6.112516333157557e-06
-6.163289628547384e-06
-6.250423303721898e-06
-6.2985563063951144e-06
-6.392662049075097e-06
-6.437125868544841e-06
-6.539644290976324e-06
-6.579173302807102e-06
-6.691060789297716e-06
-6.725191468614361e-06
-6.846995331601449e-06
-6.875152720913977e-06
-7.0086931499568905e-06
-7.028828310154042e-06
-7.178590604063964e-06
-7.186802942378556e-06
-7.35650538731536e-06
-7.350039459137064e-06
-7.5420245847579795e-06
-7.5171304177649285e-06
-7.735697802413325e-06
-7.686240810722946e-06
-7.939013063009651e-06
-7.857719526174756e-06
-8.152534043586249e-06
-8.032378061783316e-06
-8.37668304364339e-06
-8.2099348296975e-06
-8.613212162822067e-06
-8.38814781620623e-06
-8.86345748033748e-06
-8.565976033280168e-06
-9.128194285908933e-06
-8.740792845543261e-06
-9.408514590118159e-06
-8.912136846901892e-06
-9.70576567788106e-06
-9.077587030161644e-06
-1.0023600539290235e-05
-9.232185138637083e-06
-1.0366016185689875e-05
-9.371168958108669e-06
-1.073630179883702e-05
-9.494962374114997e-06
-1.1139898109872783e-05
-9.598432282618378e-06
-1.15922740424491e-05
-9.66501027980344e-06
-1.2115366278919618e-05
-9.65763672795101e-06
-1.2777609078521888e-05
-9.421072238671821e-06
-1.3895098981183941e-05
-1.1512510495654085e-05
-1.818464786327922e-05
-1.3258044122199181e-05
-2.1906624091537377e-05
-1.5749954476619663e-05
-2.4959525868779175e-05
-1.8290383281572295e-05
-2.5020354174382775e-05
-2.1601719237225792e-05
-2.8505493419086282e-05
-2.3559475531605476e-05
-3.205897847231707e-05
-2.569182761553632e-05
-3.295289676833195e-05
-3.07281549262643e-05
-3.479747332280384e-05
-3.598805444301445e-05
-4.2131677705158885e-05
-4.146550990580971e-05
-5.100603464032542e-05
-4.577331679098514e-05
-5.7229399992752005e-05
-5.193107662471494e-05
-6.018250786010221e-05
-5.6027924308225333e-05
-6.483250399176175e-05
-6.31937815815765e-05
-7.154999763660274e-05
-6.979832881351297e-05
-8.083174305378383e-05
-7.300299622699757e-05
-8.425958204853295e-05
-8.166527505682894e-05
-8.443178318045871e-05
-9.004458859260134e-05
-8.902391870979459e-05
-9.177817823362948e-05
-9.384611958214675e-05
-9.550601633762437e-05
-9.554871422834109e-05
-0.00010090712235427305
-0.00010310105941663318
-0.00010267606426415388
-0.00010879792152008131
-0.00010695227828215971
-0.000114443219045681
-0.0001108265630912137
-0.00012173543257120679
-0.00011826361617489006
-0.00013143697446342046
-0.0001235901444270591
-0.0001380693190130542
-0.00013495694073542433
-0.00014491735219663248
-0.00014426085239771372
-0.00014864406785226566
-0.00014967917463227823
-0.00015497425126983314
-0.00015323779828562458
-0.00016120292146558026
-0.00015672724358794705
-0.0001691167219417028
