-0.0017397961714770932
-0.0018246857674303948
-0.001739088843438994
-0.001862643537802335
-0.0017965255434226983
-0.0018921872595327848
-0.0018229086233767038
-0.0019788393197483784
-0.0018781404943498821
-0.002055732047646591
-0.0018681796864647117
-0.0021502779873590577
-0.0019676619635173036
-0.0021186510861423468
-0.0017009824577810075
-0.002163807596584683
-0.0018382654289235323
-0.002292898969330999
-0.0019476089668229656
-0.0019063967744702163
-0.0021094850259856246
-0.0017838296732046843
-0.002602195629738505
-0.002246723752240303
-0.002932849555460113
-0.002913128909586095
-0.002050276467421859
-0.0031464612875845336
-0.0006878466819812132
-0.0026671565777247044
0.0008981143465782098
-0.00493108890677023
0.0194552023394802
0.13747174616443492
0.15802247384481985
0.19148204870558524
0.13117939400575435
0.0902810670815733
0.10594664587522337
0.11803533357932035
0.06911966449066285
-0.15821584147060674
-0.22196230287295057
-0.18028246351776947
-0.15901710742379638
-0.14338583229157406
-0.11831324379323571
-0.06309438558242053
-0.03907047673258347
-0.03839727671677699
0.02662725086069935
0.01882034587831531
0.043944183230898534
0.08455881709837387
0.06791294882038548
0.07511070024813687
0.0884712093746515
0.09014873921400343
0.03414298347879083
-0.00557791535182443
-0.017064100277925556
-0.00852406508762644
0.005527590346546246
-0.01057471530106386
-0.02860708730014027
-0.02571258902274843
-0.031117987768723647
-0.05308182376482126
-0.04184932852935816
-0.018988922727392877
-0.008840681217013119
0.0029343601360701313
0.010031487346308536
-0.010049924568521218
-0.012950397715662088
-0.005003659905779776
0.021774675233538304
0.028577731641549663
0.035840867153808055
0.03144169765526181
0.019326051550800624
0.011064405441340653
0.008950955088632102
0.013230722190105081
0.014458282261105352
0.00811264414527733
-0.001848880949131688
-0.010878981887635869
-0.015458801249028192
-0.020095805627165318
-0.024221515982112488
-0.023859488034813775
-0.020060177226029013
-0.013748667062473297
-0.014406724557779457
-0.007751518392646728
-0.00284842021744021
-0.002491084636068213
-0.0029805452211537687
-0.0004917488786839215
0.004134715981754951
0.010895374426155634
0.016954280536341813
0.014810100658019312
0.010181847652042051
0.0007844975297009362
-0.0059614032923710975
-0.0072492558737742505
-0.002389910957886307
-0.0027881179493283092
-0.0017994889077556841
-0.0035791409247919303
-0.008115759428923956
-0.010681565832527651
-0.010636318010014134
-0.007231667608376978
-0.002523457488014398
0.0008344795410358761
0.0016249299191969805
0.0013601637992910957
0.000801222428526076
-0.0010866456696476204
-0.00016430897285622714
0.0045735331507416686
0.005297254930408921
0.004324613637041387
0.0031375276961908426
0.0018933515975271785
-0.0004402855565444171
-0.0022951573897733385
-0.0035619509419240556
-0.002828839309770153
-0.0023023801771712314
-0.0028291459117696614
-0.0028273830684967666
-0.0025253711084021824
-0.0026044666858239815
-0.0032018651023580967
-0.002906657806563061
-0.000924596397575657
0.0012790250965795708
0.0021554104292398676
0.0026788495076681337
0.0022826421219121736
0.001924053669474421
0.000562054159086142
0.0013985486421646128
0.0012569781780399664
0.0016233213502912726
0.00130647654751617
0.0004893074041785329
-0.0010383154801754451
-0.002150320028256985
-0.0028304248319959173
-0.002496842150269636
-0.0013102195894501684
-0.0009852053501679438
-0.0017993846304950301
-0.0022790735146486062
-0.0028001625770440923
-0.0033832325917112476
-0.0025797735668260575
-0.0013257202261224626
-0.0007206744155048656
-0.0008872164590180594
-4.969711482328025e-05
0.00012072181465172408
0.0007074111687779657
0.0005042078739156186
0.000681554283000459
0.000766074327460267
0.0008517296390799105
0.0008469094705886381
4.0579351694164194e-05
-0.0005928904616676692
-0.0009136106122816367
-0.0011797232104453286
-0.001624671464275381
-0.0015414277482900154
-0.0010254193571371266
-0.000979023793309994
-0.001497128400529736
-0.0018985246539885239
-0.0021944653990259924
-0.0013485942721775611
-0.0004306878334521624
-0.0006354169099032292
0.00017788053100886532
0.000686407723089132
0.0007348111544847162
0.00024270054615735097
0.0001797119929666239
0.0003146684040776233
7.112445881400035e-06
-1.3674255915948567e-05
0.0004214592940803871
-0.00017944597584306507
0.0002153321779004685
-0.00012369491566530355
9.448866823808757e-05
-9.253535319892988e-05
2.8997576591333334e-05
-3.1528060227673936e-05
2.6479446812396152e-05
-2.233471183146383e-05
1.6497874835772483e-05
-1.8537839380867657e-05
5.2897929916570496e-08
-7.311529581003587e-06
8.488917485837918e-07
4.609769602961257e-06
-5.770882469134219e-06
9.781330815261842e-06
-1.386946827223605e-05
1.7301256157159648e-05
-2.017449315858946e-05
1.990501637759044e-05
-1.832645038577147e-05
1.6687402089203768e-05
-1.3805010805945745e-05
1.2014638713208378e-05
-1.0128536972032142e-05
8.16633483630906e-06
-7.052861264962465e-06
5.90754786627311e-06
-4.691486463367662e-06
3.6466018205915697e-06
-2.6275950240229468e-06
1.6216553292034905e-06
-8.16724435396491e-07
-1.3544498034430419e-08
6.351610949231236e-07
-1.2329755067577199e-06
1.6475253888023622e-06
-1.9769602327109406e-06
2.1406204327662284e-06
-2.255279119205665e-06
2.183216690673437e-06
-2.130995917383211e-06
1.9579744032069066e-06
-1.824059198734444e-06
1.609895062489584e-06
-1.4632911259867577e-06
1.238545235261756e-06
-1.0945951471627666e-06
8.746065140673685e-07
-7.406922851948237e-07
5.340304500898833e-07
-4.2062741350927524e-07
2.3934191990772e-07
-1.5712850281763158e-07
6.492762989266363e-09
3.912520567435091e-08
-1.5569900550671686e-07
1.6636035277952863e-07
-2.5144214541744127e-07
2.3120785799996858e-07
-2.91761061193478e-07
2.4791577903288727e-07
-2.914884983148524e-07
2.3175904975171469e-07
-2.6538440788730164e-07
1.957628262631286e-07
-2.2465330014049666e-07
1.4959252385882311e-07
-1.776503882255573e-07
1.0036255975538668e-07
-1.305637263020621e-07
5.359084898743337e-08
-8.806659875805999e-08
1.3086579359229689e-08
-5.319474137457751e-08
-1.8998326113250225e-08
-2.7248350345054732e-08
-4.2076589519405346e-08
-1.0162301976215492e-08
-5.677224031831003e-08
-9.014611492713133e-10
-6.441813785558947e-08
2.065522023710596e-09
-6.665127818720551e-08
3.9292167707417197e-10
-6.509281158875724e-08
-4.367567602286265e-09
-6.119535533443288e-08
-1.0879831176198495e-08
-5.617764496266501e-08
-1.805566194674384e-08
-5.0994846408785894e-08
-2.5075723552713675e-08
-4.633167969897087e-08
-3.139187277831357e-08
-4.2609560746940944e-08
-3.670373209486641e-08
-4.002185814179493e-08
-4.091499061385437e-08
-3.85857410372184e-08
-4.407690285760518e-08
-3.819854230060343e-08
-4.633388803448185e-08
-3.868917270322819e-08
-4.7877459446662995e-08
-3.985806516565091e-08
-4.891170738308831e-08
-4.150606731695341e-08
-4.9629907653285683e-08
-4.345339093408951e-08
-5.019948868330466e-08
-4.555094539342337e-08
-5.075387479952856e-08
-4.768569457488589e-08
-5.138980891349065e-08
-4.978091274008417e-08
-5.216914368772266e-08
-5.1792658839542975e-08
-5.312377716175929e-08
-5.3703860422387416e-08
-5.4262173432387826e-08
-5.5517483631356904e-08
-5.557622030161538e-08
-5.724989188900416e-08
-5.7047507455356555e-08
-5.8925039522674666e-08
-5.8652582259326874e-08
-6.056981695758482e-08
-6.036700462175738e-08
-6.22105884518962e-08
-6.216822379761751e-08
-6.387087766177631e-08
-6.403737646984388e-08
-6.557005512630634e-08
-6.59601605299074e-08
-6.732285890039252e-08
-6.792697555368758e-08
-6.913954192196495e-08
-6.993254509464128e-08
-7.102643374368254e-08
-7.197522496890174e-08
-7.29867231008454e-08
-7.405617040521367e-08
-7.502131113470284e-08
-7.617849885421064e-08
-7.712962171883478e-08
-7.834652482330284e-08
-7.931030506099467e-08
-8.05651286934746e-08
-8.156180227015218e-08
-8.283927258588043e-08
-8.388275366335868e-08
-8.517366735267141e-08
-8.627226516033995e-08
-8.757257441329835e-08
-8.87300471776346e-08
-9.003972369493567e-08
-9.125645526693099e-08
-9.257831553718065e-08
-9.385245862585166e-08
-9.519108132142497e-08
-9.651956151001968e-08
-9.788037740770302e-08
-9.925970399381114e-08
-1.0064829375928128e-07
-1.0207515668153068e-07
-1.0349676025884569e-07
-1.0496842157322315e-07
-1.0642764121149327e-07
-1.0794214842564534e-07
-1.0944281410079845e-07
-1.1099907041298498e-07
-1.1254422844358958e-07
-1.1414195768915357e-07
-1.1573394548356625e-07
-1.1737359057524977e-07
-1.1901416200379425e-07
-1.2069674628853184e-07
-1.223872193782758e-07
-1.2411419906909306e-07
-1.25855604366724e-07
-1.2762872780577395e-07
-1.2942194211026437e-07
-1.312431289816581e-07
-1.3308898583327608e-07
-1.3496023183216734e-07
-1.368596056115453e-07
-1.3878291411772309e-07
-1.407367776006625e-07
-1.42714116893399e-07
-1.4472357494376732e-07
-1.4675685720659526e-07
-1.4882316105619027e-07
-1.5091423778365327e-07
-1.5303878491616622e-07
-1.5518945548130634e-07
-1.573737797971311e-07
-1.5958580692955904e-07
-1.6183156368299837e-07
-1.6410669277270662e-07
-1.664156404749574e-07
-1.687556198879921e-07
-1.7112960375913026e-07
-1.735362036659003e-07
-1.759771407556696e-07
-1.78452169242462e-07
-1.8096203657455047e-07
-1.8350735253737762e-07
-1.8608817933845256e-07
-1.8870570201645544e-07
-1.9135956431804292e-07
-1.940512797162777e-07
-1.9678029865787764e-07
-1.995482636818393e-07
-2.0235460607414147e-07
-2.0520095006773174e-07
-2.080868300180787e-07
-2.1101375543371072e-07
-2.1398143853698648e-07
-2.1699122072999302e-07
-2.2004302690690168e-07
-2.2313801359278348e-07
-2.2627632254288473e-07
-2.2945893349409982e-07
-2.326861878745e-07
-2.359589140249127e-07
-2.3927762350835213e-07
-2.4264302781254465e-07
-2.4605577311684866e-07
-2.495164908179054e-07
-2.5302592611734474e-07
-2.5658466596887013e-07
-2.601935224192005e-07
-2.638530682509341e-07
-2.6756415596443286e-07
-2.713273686354937e-07
-2.7514357924885227e-07
-2.7901339877184003e-07
-2.8293770739078877e-07
-2.869171557471316e-07
-2.9095262341885444e-07
-2.950448067712318e-07
-2.9919458201016404e-07
-3.034026935104007e-07
-3.076700151775718e-07
-3.1199733805837584e-07
-3.163855369237717e-07
-3.208354468864187e-07
-3.253479483373732e-07
-3.299239165288712e-07
-3.3456424293953554e-07
-3.392698392449406e-07
-3.440416127698659e-07
-3.488805080517285e-07
-3.537874532135582e-07
-3.587634227648906e-07
-3.6380936947570663e-07
-3.6892629550529937e-07
-3.7411518168518725e-07
-3.793770567842372e-07
-3.8471293203543033e-07
-3.9012386218685233e-07
-3.956108903754342e-07
-4.011750977719192e-07
-4.06817560637783e-07
-4.1253938732124795e-07
-4.183416879325816e-07
-4.2422559902704354e-07
-4.3019226499694044e-07
-4.3624285192295914e-07
-4.423785390727207e-07
-4.4860052363917755e-07
-4.5491001988691264e-07
-4.6130825750968166e-07
-4.6779648620737246e-07
-4.743759697643096e-07
-4.810479938650511e-07
-4.878138578148783e-07
-4.946748837766565e-07
-5.016324078257334e-07
-5.086877894401771e-07
-5.158424028340984e-07
-5.230976456850438e-07
-5.304549316655777e-07
-5.379156974502641e-07
-5.454813970240391e-07
-5.531535074015936e-07
-5.609335244835534e-07
-5.688229665692934e-07
-5.768233722371063e-07
-5.849363024605647e-07
-5.931633396578928e-07
-6.015060888334145e-07
-6.099661776226561e-07
-6.185452561674465e-07
-6.272449981498118e-07
-6.360671005248286e-07
-6.450132844885992e-07
-6.540852950237541e-07
-6.632849022247811e-07
-6.726139003109671e-07
-6.820741094877569e-07
-6.916673746422408e-07
-7.013955677873801e-07
-7.112605861919752e-07
-7.212643546375408e-07
-7.314088246238026e-07
-7.41695974734724e-07
-7.521278120800612e-07
-7.627063715268806e-07
-7.734337170062396e-07
-7.843119409502684e-07
-7.953431652280539e-07
-8.065295421395271e-07
-8.178732536123952e-07
-8.293765125495876e-07
-8.410415630556375e-07
-8.528706805534508e-07
-8.64866172907864e-07
-8.770303798978554e-07
-8.893656746032392e-07
-9.018744632464807e-07
-9.1455918589862e-07
-9.274223173194205e-07
-9.404663666202906e-07
-9.536938784558214e-07
-9.671074331181126e-07
-9.80709647323795e-07
-9.945031746033672e-07
-1.0084907056705835e-06
-1.0226749691522301e-06
-1.0370587320777513e-06
-1.051644800427855e-06
-1.066436019378893e-06
-1.0814352745431872e-06
-1.0966454918922685e-06
-1.112069638610361e-06
-1.1277107235879106e-06
-1.1435717979016696e-06
-1.1596559557269445e-06
-1.1759663346847578e-06
-1.192506116561758e-06
-1.2092785279765698e-06
-1.2262868406915576e-06
-1.2435343727161628e-06
-1.2610244884612943e-06
-1.2787606000052437e-06
-1.296746167141552e-06
-1.3149846984014668e-06
-1.3334797518138597e-06
-1.3522349352618201e-06
-1.3712539073743035e-06
-1.3905403783362469e-06
-1.4100981104332722e-06
-1.4299309189329257e-06
-1.4500426727785676e-06
-1.4704372953491807e-06
-1.4911187651150959e-06
-1.512091116512293e-06
-1.5333584407473122e-06
-1.5549248864807352e-06
-1.5767946609200612e-06
-1.5989720303782873e-06
-1.6214613210684126e-06
-1.6442669200835563e-06
-1.6673932762313604e-06
-1.6908449009499227e-06
-1.7146263691213831e-06
-1.7387423199288765e-06
-1.7631974577672627e-06
-1.7879965532457964e-06
-1.8131444440364075e-06
-1.8386460359925971e-06
-1.8645063038277149e-06
-1.8907302923427093e-06
-1.9173231171330275e-06
-1.944289965860168e-06
-1.9716360990382686e-06
-1.9993668513213804e-06
-2.0274876322886465e-06
-2.0560039276380088e-06
-2.0849213001822645e-06
-2.1142453910192455e-06
-2.143981920603444e-06
-2.1741366898076625e-06
-2.2047155810575245e-06
-2.235724559582859e-06
-2.2671696745428863e-06
-2.299057060098711e-06
-2.3313929367828855e-06
-2.3641836124862516e-06
-2.3974354839018802e-06
-2.431155037654377e-06
-2.465348851617838e-06
-2.5000235962793424e-06
-2.535186035768945e-06
-2.5708430294751373e-06
-2.6070015330679e-06
-2.643668600493202e-06
-2.680851384414488e-06
-2.7185571384511203e-06
-2.7567932179075076e-06
-2.7955670816436767e-06
-2.8348862940313913e-06
-2.8747585249710647e-06
-2.915191552585461e-06
-2.9561932640915015e-06
-2.9977716582193364e-06
-3.0399348460758042e-06
-3.082691052424657e-06
-3.126048618143796e-06
-3.17001600127478e-06
-3.2146017785717167e-06
-3.2598146480598703e-06
-3.305663429380615e-06
-3.352157066633006e-06
-3.399304629600041e-06
-3.447115315544612e-06
-3.495598451475068e-06
-3.5447634949142826e-06
-3.5946200371562276e-06
-3.645177803906184e-06
-3.6964466576295835e-06
-3.7484365997018454e-06
-3.8011577720700393e-06
-3.854620459478033e-06
-3.908835091249682e-06
-3.963812243330594e-06
-4.019562640387043e-06
-4.076097157965693e-06
-4.1334268246996306e-06
-4.1915628241657055e-06
-4.2505164972891874e-06
-4.3102993446351165e-06
-4.370923028295033e-06
-4.432399374589376e-06
-4.494740376094323e-06
-4.557958194083652e-06
-4.622065160597103e-06
-4.687073781568709e-06
-4.752996738630988e-06
-4.819846891705292e-06
-4.887637281679111e-06
-4.956381132938643e-06
-5.026091855647751e-06
-5.0967830486470895e-06
-5.168468502228605e-06
-5.241162200461192e-06
-5.314878324160334e-06
-5.389631253564461e-06
-5.465435571202224e-06
-5.5423060646228465e-06
-5.620257729447935e-06
-5.6993057723323274e-06
-5.779465613429323e-06
-5.860752890067837e-06
-5.943183459533813e-06
-6.026773402020608e-06
-6.111539023914529e-06
-6.197496860981281e-06
-6.284663681543543e-06
-6.3730564897716835e-06
-6.462692528917398e-06
-6.553589284977927e-06
-6.645764489620536e-06
-6.739236124065915e-06
-6.834022422347368e-06
-6.930141874984786e-06
-7.027613232732225e-06
-7.126455509877958e-06
-7.226687988001138e-06
-7.328330220168316e-06
-7.4314020343964056e-06
-7.535923537571316e-06
-7.641915119277953e-06
-7.749397455962602e-06
-7.858391514884659e-06
-7.96891855804079e-06
-8.081000146702453e-06
-8.194658145339791e-06
-8.30991472586121e-06
-8.426792372159494e-06
-8.545313884193695e-06
-8.665502382660686e-06
-8.787381313397154e-06
-8.910974452288277e-06
-9.036305909305455e-06
-9.16340013353589e-06
-9.292281918153202e-06
-9.422976404830326e-06
-9.555509088922777e-06
-9.689905824420146e-06
-9.826192828975115e-06
-9.964396688757473e-06
-1.010454436411296e-05
-1.0246663194543766e-05
-1.0390780904062484e-05
-1.0536925606435582e-05
-1.0685125811088622e-05
-1.0835410428523525e-05
-1.0987808775561614e-05
-1.1142350581331865e-05
-1.129906599323162e-05
-1.1457985582824184e-05
-1.161914035161687e-05
-1.1782561736900027e-05
-1.194828161826941e-05
-1.2116332323804059e-05
-1.2286746636114721e-05
-1.2459557798997784e-05
-1.2634799523673478e-05
-1.2812505995822131e-05
-1.2992711881644101e-05
-1.3175452334890012e-05
-1.3360763003941828e-05
-1.3548680038399019e-05
-1.3739240096435218e-05
-1.393248035190303e-05
-1.4128438501297092e-05
-1.432715277121415e-05
-1.4528661926110258e-05
-1.4733005275636979e-05
-1.494022268233846e-05
-1.5150354569328883e-05
-1.536344192831909e-05
-1.557952632753011e-05
-1.5798649919898308e-05
-1.6020855451169807e-05
-1.6246186268376462e-05
-1.647468632817867e-05
-1.6706400205507635e-05
-1.6941373102122466e-05
-1.7179650855658085e-05
-1.7421279948418933e-05
-1.7666307516440863e-05
-1.7914781358763124e-05
-1.816674994664484e-05
-1.8422262433185786e-05
-1.8681368662791802e-05
-1.8944119180848743e-05
-1.9210565243645266e-05
-1.948075882848366e-05
-1.9754752643678583e-05
-2.0032600138965122e-05
-2.0314355515632567e-05
-2.0600073737538603e-05
-2.0889810541243562e-05
-2.118362244769986e-05
-2.14815667724938e-05
-2.178370163753284e-05
-2.2090085982023368e-05
-2.240077957414103e-05
-2.271584302303807e-05
-2.3035337789644155e-05
-2.3359326200335546e-05
-2.3687871456876054e-05
-2.4021037651339992e-05
-2.4358889775537036e-05
-2.4701493737331313e-05
-2.5048916369694923e-05
-2.5401225447232913e-05
-2.5758489696525808e-05
-2.6120778811418704e-05
-2.6488163466233464e-05
-2.6860715328036033e-05
-2.723850707432487e-05
-2.7621612401137327e-05
-2.8010106045673407e-05
-2.840406379100527e-05
-2.880356249172506e-05
-2.9208680078042894e-05
-2.961949558021276e-05
-3.003608913869284e-05
-3.0458542018664352e-05
-3.088693663504138e-05
-3.1321356551224696e-05
-3.176188651966697e-05
-3.2208612468923926e-05
-3.266162155339178e-05
-3.312100213527015e-05
-3.3586843837540153e-05
-3.405923752727521e-05
-3.453827536314025e-05
-3.5024050791091854e-05
-3.551665857399349e-05
-3.60161948103079e-05
-3.652275694558519e-05
-3.7036443796930035e-05
-3.7557355580640256e-05
-3.808559389736503e-05
-3.862126181804806e-05
-3.916446380933361e-05
-3.9715305868874074e-05
-4.027389542453054e-05
-4.084034146197935e-05
-4.1414754480811574e-05
-4.199724651311428e-05
-4.258793123796409e-05
-4.318692380903791e-05
-4.379434117359469e-05
-4.441030171120172e-05
-4.503492569918625e-05
-4.5668334880748305e-05
-4.631065289508097e-05
-4.6962005021266174e-05
-4.762251827075204e-05
-4.829232164069511e-05
-4.8971545545798724e-05
-4.966032283531792e-05
-5.035878744763002e-05
-5.10670761083268e-05
-5.17853265268103e-05
-5.251367920934471e-05
-5.325227599333685e-05
-5.400126100129927e-05
-5.476078057989591e-05
-5.553098234021593e-05
-5.631201745214193e-05
-5.7104036956035116e-05
-5.790719714195028e-05
-5.8721652412211246e-05
-5.954756442285488e-05
-6.038509113462354e-05
-6.123439927689547e-05
-6.209565130832961e-05
-6.296901803955071e-05
-6.385466778671516e-05
-6.475277443657081e-05
-6.56635132120476e-05
-6.658706055084126e-05
-6.752359911512156e-05
-6.847330797965826e-05
-6.943637688688265e-05
-7.041298907426471e-05
-7.140333887187093e-05
-7.240761794761563e-05
-7.34260203094938e-05
-7.445875014100737e-05
-7.550600147375507e-05
-7.656798513758353e-05
-7.764490533213725e-05
-7.873697104403152e-05
-7.984439909368447e-05
-8.096740154538205e-05
-8.210620025029294e-05
-8.326101549530074e-05
-8.443207544729854e-05
-8.561960364964806e-05
-8.682383626572852e-05
-8.804501132357373e-05
-8.928334697057066e-05
-9.053912997925831e-05
-9.18125313735646e-05
-9.310390073288322e-05
-9.441336948142138e-05
-9.574131885300768e-05
-9.708789835288979e-05
-9.845344102204365e-05
-9.98382064602457e-05
-0.00010124239143775404
-0.00010266643649573307
-0.00010411036111534718
-0.00010557479110285639
-0.00010705960057660359
-0.00010856554026190035
-0.00011009242456950325
-0.00011164101475475828
-0.00011321121309691446
-0.00011480361996479187
-0.000116418401218487
-0.0001180558420760075
-0.00011971648546867109
-0.00012140025109164706
-0.00012310802429860406
-0.00012483949712440887
-0.00012659565120630488
-0.00012837629740339388
-0.0001301820945856858
-0.0001320134206363831
-0.00013387018725531284
-0.00013575371397297743
-0.0001376627946991969
-0.0001396002055580976
-0.00014156281889238036
-0.00014355589885458589
-0.00014557351690191816
-0.00014762360807315253
-0.00014969831298928697
-0.00015180642943912368
-0.0001539404309053049
-0.00015610774001917935
-0.00015830313276920356
-0.00016053102636453864
-0.00016278973341139508
-0.00016507995328089316
-0.00016740356450119443
-0.00016975847229465553
-0.0001721476491779517
-0.00017457162965781302
-0.0001770235877045133
-0.00017952122378846994
-0.00018204474986486413
-0.00018460159589001003
-0.00018721585956153666
-0.00018982733759883978
-0.00019252535549279756
-0.00019520907690428785
-0.00019798178588593257
-0.0002007447270958593
-0.00020359506796489043
-0.00020643792824804924
-0.00020936771660217453
-0.00021230500659136068
-0.00021529465897902715
-0.00021835224191219058
-0.0002213918542478075
-0.0002245846305015951
-0.00022768298658340622
-0.00023098931182925406
-0.00023420187118806176
-0.00023756093080313026
-0.0002409467262154854
-0.00024432591630197916
-0.00024790233049402205
-0.00025129469999484247
-0.0002550634715870739
-0.000258484812490402
-0.0002624252645818052
-0.00026590936387723514
-0.0002699866908550707
-0.0002735874521760115
-0.0002777596791519591
-0.00028152251807079674
-0.00028575988658601685
-0.00028972965333201156
-0.00029399404832624004
-0.00029818769287862524
-0.0003025122816333811
-0.0003068871455423894
-0.0003113427589810803
-0.00031582813761936354
-0.0003204981674733518
-0.0003250174672865271
-0.00032998771962799837
-0.0003344601790863425
-0.00033994197384892833
-0.0003438130754116406
-0.0003506117654204924
-0.0003533600442362497
-0.00036134281730564044
-0.0003637095288788429
-0.0003719654349491519
-0.0003746433792995728
-0.0003826877210135977
-0.0003862915028916737
-0.0003935133299089843
-0.0003981799718592583
-0.0004052712716916166
-0.00041004803534301117
-0.00041730489562003415
-0.0004221461739955237
-0.0004311856539443771
-0.0004278841525870232
-0.00047195198958021635
-0.0004411656343581514
-0.0004387407144791494
-0.0005137105178899259
-0.0004235476779546471
-0.0005513758307935171
-0.00045923680084738756
-0.0005927239059603008
-0.00048747940511350337
-0.0006323687398780784
-0.0005511632680304896
-0.0006628995766198146
-0.0005973964522547268
-0.0007732663485103611
-0.0007051046527774552
-0.0008132193340057714
-0.0008327364761186468
-0.0008008992255930433
-0.000886785178901635
-0.0008565390091752091
-0.0009051012332298644
-0.0008639922349443661
-0.0009490375277105023
-0.0008698131210966159
-0.0009416107538105954
-0.0009437103442622684
-0.0009645567589272094
-0.000983943648641579
-0.001003496763420481
-0.0010446145335954483
-0.0010679144799822134
-0.0010778068116275908
-0.0012044059286418479
-0.001101697323843756
-0.0013349312065771002
-0.0011537060071867555
-0.0013495463029646465
-0.0012862060401294187
-0.001306692208413722
-0.0013645884790535884
-0.0013264203739091346
-0.0013763972321538948
-0.0013016946064687007
-0.0014082130234583656
-0.0012321716041804875
-0.0014438357035297666
-0.0012552643031027363
-0.0014568739932827382
-0.001351230182689997
-0.0014331455833998911
-0.0015200512563338237
-0.0014674186609747175
-0.001638905830990186
-0.0015351822480050709
-0.0016555153969533346
-0.0015847204468165954
-0.001698952396282094
-0.0016410294900977562
-0.001743460247832243
-0.0016521707874294785
-0.00179099527108789
-0.0016706083473498699
-0.0018285381746642859
-0.0017804992682879618
-0.0018862194399593562
-0.0026227763565197042
-0.001686434769428227
-0.002956135902514299
-0.0014265346872189678
-0.0033964571688774813
-0.001226621652241894
-0.0038588305247301124
-0.0008144728377910628
-0.002777767886772903
-0.002353464184009457
-0.0017745164808956508
-0.0037447523689050745
0.0008210705705246125
-0.008194520193992935
0.004087682001383884
-0.010550036824654056
0.004052403856796932
-0.012383059435729319
0.005649144245899818
-0.016029316263796667
0.011159480300802533
-0.019507142156680115
0.022264157715099035
-0.032969997524632796
0.05125330690952642
-0.09584518013400913
0.36738034342343545
0.3346948661829172
0.3381847129992773
0.05792043032780813
0.36425497235091725
0.27126863671565205
-0.28224902472069857
-0.06446264033538798
-0.2912737836061216
-0.330371204737846
-0.41226501195154197
-0.2099541706879464
-0.17253374457803006
0.0730982098661695
0.0748910759366789
0.05245131094429656
-0.21981259177313323
-0.10781518237402521
0.08231106428383464
0.30105122248872446
0.25653443649083724
0.09319771532522525
-0.06151055344927103
-0.04527728134212734
-0.04087925259522511
0.07832550143350078
0.14653903134249
0.04764101265337437
-0.03495095127394604
-0.10466850412132113
-0.07854794413584772
-0.07643095353171493
-0.02130429109437201
0.008153123872923624
0.011127062008958341
-0.050252250452458916
-0.07615891668309402
-0.04254673368774049
0.0162655084811077
0.032178404021473
0.019675312217773987
0.015631895017684874
0.028120254331983445
0.0551918368998842
0.03721501446285749
-0.0010411688835566418
-0.01589728653657537
0.0031225153994127947
0.030647107410900085
0.025153619667099086
0.011006158837405017
-0.021986374617836743
-0.048947603228742455
-0.04589725905892683
-0.0005429014865546249
0.038680398188623996
0.03434385832135137
-0.014230895112658825
-0.0430915172270113
-0.039918857972946836
-0.02759490109706238
0.0008959224802290457
0.008752023506015689
0.020970391739640458
-0.0012096294197053061
-0.028720272216912715
-0.03578033772259634
-0.0032526590858758583
0.031666431069583716
0.03544479817544169
0.018257012185540357
0.004434638095749574
-0.00034690709315976086
0.002500138051952862
0.0018782350878788136
0.00273874019647181
0.0009355788592788718
-0.007424622482097406
-0.01174631906695715
-0.013360135202230157
-0.009797412485555688
-0.0152584565912741
-0.014860105265972059
-0.008167268251282563
0.00621564562809823
0.0099782750752606
0.0028080685418916543
-0.0054471344158392885
-0.005332224345320546
-0.003057328246999353
0.006881452759426498
0.011791060302996594
0.015294307849786658
0.0087944827830269
-0.006227400984747741
-0.012027262328686356
-0.00736311848277374
0.004175269295908415
0.006907979597994292
0.004182648497448283
-0.003694395072068677
-0.01127140567764407
-0.009954271499789471
-0.0021665313198244644
0.003412453912166298
0.004812632338941974
0.0008523045007140196
-0.004769241881367796
-0.006897475211151241
-0.0027193139424758128
0.0022407941657135513
0.004272609370580312
0.004992428834635998
0.0035344459243670046
0.0023118616302663843
0.0015187042704969175
0.0014122421764387859
0.0009432640959657246
0.0005831349441513611
0.0004841184581140978
-0.0003610127386839508
-0.0005498487124740311
-0.001534707918102826
-0.003749227801936629
-0.004166699417702305
-0.0018277231336507429
0.0008846941520877531
0.0012799753943619546
0.0009857834425173147
0.0005617465508999009
-0.00040533239144497
-0.0019008499820180077
4.627643999800598e-06
0.0022467894683878085
0.0034340834167775084
0.0015683912902377329
-0.0017653506137616534
-0.002657640346696165
-0.001956184996824185
0.000926679341732747
0.001706302297645979
0.0014065853642078509
-2.5550758318326804e-05
-0.0009080233672604804
-0.0011202859429207891
-0.0005707368922994253
0.000620790403028
0.0010123839674103003
0.001672051514289463
-0.00042725512988319944
-0.0016726806627027381
-0.002191469310860689
-0.001411616363728867
-0.0005677892513873925
-0.0004495955341424482
0.0010904995347552253
0.0018663038567128917
0.0013369756608387147
-9.547584760229849e-05
-0.001088629094382849
-0.0009704997833477045
-0.0004726429394257402
0.000407857738945355
0.00016353044071705216
0.00022702841140516842
-0.0006489198677448503
-0.0006441132980875394
-0.0008688136853035708
-0.0002667164873414418
0.0009033576478096621
-0.0011341581328167822
0.0010427298428434227
-0.0008125095410558454
0.0004904325452482184
-0.000415636151245097
0.00026697792818100564
-0.00021300821842159178
0.00018923104196840075
-0.00011013046010247457
0.00017543916958788453
-0.0001439895057896161
8.731434811888117e-05
-8.253780411720888e-05
5.7311439607819975e-05
-1.8386733194335116e-05
6.861943570966953e-06
1.997274882826897e-05
-4.411116389579179e-05
6.13282464036395e-05
-7.734180240668273e-05
8.298323982423248e-05
-8.447347799537652e-05
7.84394392742416e-05
-6.82486397396364e-05
6.157617608555871e-05
-5.4213191606938314e-05
4.60720311183944e-05
-4.139485534962895e-05
3.6293825052814005e-05
-3.0848088007270295e-05
2.6229729795801925e-05
-2.11221385619121e-05
1.587804292949198e-05
-1.1133499397240551e-05
6.69382357072236e-06
-2.7747475317948037e-06
-7.593975898591721e-07
3.607106900444749e-06
-5.787852981856308e-06
7.4559086790859305e-06
-8.538405567214353e-06
9.000699005960212e-06
-9.188849090607104e-06
8.999351817121862e-06
-8.61483127399961e-06
8.081326986697111e-06
-7.496191397729653e-06
6.7827568125899095e-06
-6.0815257677117145e-06
5.297869229541887e-06
-4.548956137682752e-06
3.74359570167555e-06
-3.015139289671903e-06
2.2744471136863786e-06
-1.638539439312379e-06
1.0146343268026194e-06
-5.245614432561546e-07
5.114912160074543e-08
2.851472043180047e-07
-6.038279560089364e-07
7.938073719824384e-07
-9.81625465961409e-07
1.05147698493957e-06
-1.1368829298653935e-06
1.1191523689893339e-06
-1.1331867903346688e-06
1.0552825601536833e-06
-1.0230668017658946e-06
9.0794986116788e-07
-8.496280837134345e-07
7.151597838184285e-07
-6.477111853627664e-07
5.091199313973782e-07
-4.456622616499928e-07
3.1450121005974045e-07
-2.6462319224784293e-07
1.4795662663569156e-07
-1.1681450666402998e-07
1.78941538267691e-08
-6.9555178555257176e-09
-7.424977554776509e-08
6.604817270417038e-08
-1.3156793268092118e-07
1.0685343767690824e-07
-1.5976114321563078e-07
1.2175654617830548e-07
-1.6546056483398783e-07
1.1749045408532971e-07
-1.5527349666677546e-07
1.0042335804770421e-07
-1.3525758539708818e-07
7.619182477384273e-08
-1.105624732235938e-07
4.941999865023736e-08
-8.52380553856627e-08
2.3551970039156767e-08
-6.212963261399695e-08
8.479340528333434e-10
-4.294301744929563e-08
-1.7493633827983524e-08
-2.8430165328061432e-08
-3.111131528744579e-08
-1.8625158348765936e-08
-4.023871267438972e-08
-1.3084215955269304e-08
-4.548255413180241e-08
-1.10864450328374e-08
-4.7640535507428167e-08
-1.1793181320168475e-08
-4.7565240663500694e-08
-1.4365375295452391e-08
-4.606480187617848e-08
-1.804470999402022e-08
-4.383756544291788e-08
-2.2204341844573108e-08
-4.1436145190813095e-08
-2.6371234533107205e-08
-3.925696680532817e-08
-3.022580466878434e-08
-3.754991082847536e-08
-3.3585225272625245e-08
-3.644025130277763e-08
-3.637773874818305e-08
-3.595643036004986e-08
-3.861413843580033e-08
-3.6058439144715654e-08
-4.036032188157752e-08
-3.666369558213284e-08
-4.171334692091612e-08
-3.766882424819512e-08
-4.278202058328323e-08
-3.8966593119050706e-08
-4.3672418805016516e-08
-4.045797462909231e-08
-4.447820801988314e-08
-4.205959322056002e-08
-4.527524889713771e-08
-4.370723508410803e-08
-4.611974204317762e-08
-4.535629634589214e-08
-4.704897689594352e-08
-4.6980090192454485e-08
-4.8083742031426735e-08
-4.856689856508854e-08
-4.923162896146652e-08
-5.011648016202408e-08
-5.049059062641956e-08
-5.163655667255655e-08
-5.185233137745002e-08
-5.313962276665748e-08
-5.330524024846307e-08
-5.464029955641429e-08
-5.483673476327361e-08
-5.615331650673497e-08
-5.64349576196322e-08
-5.769212685271391e-08
-5.8089866253156763e-08
-5.926809842264711e-08
-5.979379497436654e-08
-6.08901731675689e-08
-6.154160104736078e-08
-6.256488443580452e-08
-6.33305178617395e-08
-6.429661696913695e-08
-6.515982088400527e-08
-6.608799725971604e-08
-6.70303956670738e-08
-6.794034188267305e-08
-6.894429191504729e-08
-6.985410127641417e-08
-7.090430684692514e-08
-7.182924968240998e-08
-7.291362672293654e-08
-7.386560326231011e-08
-7.497555174287591e-08
-7.596306001616312e-08
-7.709330126771897e-08
-7.812175772026111e-08
-7.926989369273253e-08
-8.034216314445602e-08
-8.150808916988685e-08
-8.262510341693584e-08
-8.381038435711875e-08
-8.49717611847798e-08
-8.617903620220359e-08
-8.738363341075214e-08
-8.861611130276683e-08
-8.986248561243526e-08
-9.112354247293314e-08
-9.241029287263263e-08
-9.3703187114603e-08
-9.502918857178487e-08
-9.635687915827192e-08
-9.77214175933161e-08
-9.908647530232871e-08
-1.0048930074104019e-07
-1.0189388770156117e-07
-1.0333520700277557e-07
-1.0478110925964124e-07
-1.0626154034432903e-07
-1.0775022883798783e-07
-1.0927072864179736e-07
-1.1080343755991455e-07
-1.1236522601631538e-07
-1.1394303142952004e-07
-1.1554751476054769e-07
-1.1717141096294407e-07
-1.1882011485025881e-07
-1.2049107286351765e-07
-1.2218558816578986e-07
-1.2390460823736953e-07
-1.256465528854658e-07
-1.274146960553754e-07
-1.2920568886158482e-07
-1.3102409960878583e-07
-1.3286574731315864e-07
-1.3473566308731474e-07
-1.366295566775956e-07
-1.385523098643653e-07
-1.4050002787417692e-07
-1.4247704240803044e-07
-1.4448015909314035e-07
-1.465129429149446e-07
-1.4857303927873385e-07
-1.5066317587069484e-07
-1.5278184977460078e-07
-1.549309894187075e-07
-1.5710986709998806e-07
-1.593197192558543e-07
-1.615604654902486e-07
-1.6383279297484468e-07
-1.6613711743352147e-07
-1.6847373118192982e-07
-1.7084339466429468e-07
-1.7324615198834568e-07
-1.7568297316526357e-07
-1.7815377840633365e-07
-1.8065963363223664e-07
-1.8320043559125546e-07
-1.857772623993937e-07
-1.8839005810422985e-07
-1.910398556449061e-07
-1.937266927935083e-07
-1.9645152334090213e-07
-1.992145017527206e-07
-2.0201649037973612e-07
-2.0485776579368294e-07
-2.0773910080758122e-07
-2.1066088727790012e-07
-2.136238207734592e-07
-2.1662839403985973e-07
-2.1967524275849637e-07
-2.2276494269016234e-07
-2.2589808922057752e-07
-2.2907532203249314e-07
-2.3229721571793246e-07
-2.3556445644633273e-07
-2.388776151798083e-07
-2.4223741020880374e-07
-2.456444225700568e-07
-2.4909939137915046e-07
-2.5260291793656117e-07
-2.561557546007509e-07
-2.597585304362285e-07
-2.634120061014572e-07
-2.671168431132853e-07
-2.708738091987406e-07
-2.7468359892028615e-07
-2.7854698696842795e-07
-2.8246470177607785e-07
-2.8643752711041137e-07
-2.9046622373367706e-07
-2.9455158676028326e-07
-2.9869440823157567e-07
-3.0289549788828363e-07
-3.071556766196215e-07
-3.114757714133866e-07
-3.158566310897115e-07
-3.2029910297049695e-07
-3.2480406177929494e-07
-3.2937237729423197e-07
-3.3400495050056773e-07
-3.38702675425559e-07
-3.434664775786578e-07
-3.4829727753316053e-07
-3.531960261031475e-07
-3.581636710825453e-07
-3.632011883608621e-07
-3.683095548406845e-07
-3.734897718182806e-07
-3.787428460091946e-07
-3.8406980558750026e-07
-3.894716865925074e-07
-3.9494954509437796e-07
-4.005044482932596e-07
-4.0613748137838246e-07
-4.118497408077404e-07
-4.176423427648679e-07
-4.2351641682536467e-07
-4.2947310788937765e-07
-4.355135800084009e-07
-4.4163900928852196e-07
-4.478505937731414e-07
-4.5414954140746144e-07
-4.6053708389198755e-07
-4.670144651761077e-07
-4.7358295077008783e-07
-4.802438205477044e-07
-4.869983748628792e-07
-4.938479302024623e-07
-5.007938240503967e-07
-5.078374102184934e-07
-5.149800641787543e-07
-5.222231780864506e-07
-5.29568165034966e-07
-5.370164580617998e-07
-5.445695101902008e-07
-5.522287945470194e-07
-5.599958060335721e-07
-5.678720594811965e-07
-5.758590908683768e-07
-5.839584585149923e-07
-5.921717422842365e-07
-6.005005449701787e-07
-6.089464905910131e-07
-6.175112274779508e-07
-6.261964261983222e-07
-6.350037809231893e-07
-6.439350093674981e-07
-6.529918538979163e-07
-6.6217608145e-07
-6.714894842827987e-07
-6.809338786608991e-07
-6.905111070492839e-07
-7.002230373955899e-07
-7.1007156460072e-07
-7.200586094689015e-07
-7.301861207793803e-07
-7.404560740439242e-07
-7.508704724344673e-07
-7.614313477719015e-07
-7.721407600802532e-07
-7.830007988096632e-07
-7.940135821338234e-07
-8.051812585285756e-07
-8.165060064804774e-07
-8.279900353125313e-07
-8.39635585128673e-07
-8.514449277158276e-07
-8.634203671510632e-07
-8.755642391111707e-07
-8.878789128224929e-07
-9.003667901380519e-07
-9.130303075671753e-07
-9.258719355573208e-07
-9.388941788236738e-07
-9.520995782850983e-07
-9.654907095878879e-07
-9.79070185196107e-07
-9.92840653597088e-07
-1.0068048014767739e-06
-1.0209653528436835e-06
-1.0353250703143413e-06
-1.0498867548738855e-06
-1.0646532472881332e-06
-1.0796274280983759e-06
-1.0948122183516984e-06
-1.1102105803399709e-06
-1.1258255179572019e-06
-1.1416600770447483e-06
-1.157717347049711e-06
-1.174000459788077e-06
-1.1905125919114967e-06
-1.2072569646331965e-06
-1.224236844329929e-06
-1.241455543349269e-06
-1.2589164208490038e-06
-1.2766228826115167e-06
-1.294578383090328e-06
-1.3127864248990012e-06
-1.3312505598370161e-06
-1.3499743900455274e-06
-1.368961567901547e-06
-1.3882157975648839e-06
-1.4077408348103088e-06
-1.4275404883450776e-06
-1.4476186213693149e-06
-1.4679791500608408e-06
-1.488626046724454e-06
-1.5095633381821075e-06
-1.5307951097588701e-06
-1.5523255022962743e-06
-1.5741587174227314e-06
-1.5962990122832255e-06
-1.6187507070677953e-06
-1.6415181820269437e-06
-1.664605877431223e-06
-1.68801829848568e-06
-1.7117600106010544e-06
-1.7358356472455157e-06
-1.760249902848371e-06
-1.7850075413120003e-06
-1.8101133919690843e-06
-1.8355723527365065e-06
-1.861389388989939e-06
-1.887569539065978e-06
-1.9141179084304378e-06
-1.9410396765529372e-06
-1.9683400943031754e-06
-1.99602448847677e-06
-2.0240982596172324e-06
-2.052566884324855e-06
-2.0814359157654214e-06
-2.110710985353103e-06
-2.1403978040225547e-06
-2.1705021632071903e-06
-2.2010299351858556e-06
-2.2319870756424675e-06
-2.2633796238263405e-06
-2.2952137030169024e-06
-2.3274955233670153e-06
-2.360231382479011e-06
-2.393427666484097e-06
-2.427090850840464e-06
-2.4612275025719457e-06
-2.4958442811123978e-06
-2.53094793920103e-06
-2.566545324639031e-06
-2.602643381729064e-06
-2.6392491523663e-06
-2.676369777380224e-06
-2.7140124984530254e-06
-2.752184658387502e-06
-2.790893703545974e-06
-2.830147185482225e-06
-2.8699527613649904e-06
-2.9103181963796836e-06
-2.951251364765109e-06
-2.9927602521629283e-06
-3.0348529553609217e-06
-3.077537685983395e-06
-3.1208227703393918e-06
-3.1647166528472534e-06
-3.209227895688109e-06
-3.254365182167769e-06
-3.3001373176141198e-06
-3.3465532311196524e-06
-3.393621977280199e-06
-3.4413527375716513e-06
-3.489754823569717e-06
-3.5388376772905756e-06
-3.588610873822562e-06
-3.6390841224685907e-06
-3.690267269697029e-06
-3.742170299730202e-06
-3.7948033377331386e-06
-3.848176651081547e-06
-3.902300651520191e-06
-3.95718589751528e-06
-4.012843095857276e-06
-4.069283104161307e-06
-4.12651693236331e-06
-4.184555745270515e-06
-4.243410864975932e-06
-4.303093772805916e-06
-4.363616111117811e-06
-4.424989686947463e-06
-4.4872264722770885e-06
-4.550338608371514e-06
-4.614338406530615e-06
-4.6792383522290405e-06
-4.7450511053131876e-06
-4.811789504199164e-06
-4.87946656814865e-06
-4.948095499506111e-06
-5.017689686248605e-06
-5.088262703790243e-06
-5.159828320273614e-06
-5.232400495571365e-06
-5.305993387101572e-06
-5.380621351227177e-06
-5.456298945868341e-06
-5.5330409340258115e-06
-5.610862286599676e-06
-5.689778184227471e-06
-5.769804021109651e-06
-5.850955408982241e-06
-5.933248178489219e-06
-6.016698383100446e-06
-6.101322301357533e-06
-6.187136441727491e-06
-6.274157544452325e-06
-6.362402585311866e-06
-6.451888779327353e-06
-6.5426335822845166e-06
-6.634654696976961e-06
-6.727970073978006e-06
-6.822597916679679e-06
-6.9185566852823614e-06
-7.015865099098558e-06
-7.114542140397584e-06
-7.214607059159196e-06
-7.31607937512485e-06
-7.418978883227706e-06
-7.523325656429776e-06
-7.62914005074546e-06
-7.73644270832266e-06
-7.845254560881303e-06
-7.955596834867146e-06
-8.067491055527894e-06
-8.180959050856844e-06
-8.296022955697974e-06
-8.41270521644206e-06
-8.531028594918957e-06
-8.651016173418652e-06
-8.772691357917492e-06
-8.896077884677214e-06
-9.021199823670882e-06
-9.14808158337813e-06
-9.276747915063117e-06
-9.407223918527017e-06
-9.53953504598227e-06
-9.673707108987222e-06
-9.809766280913668e-06
-9.947739103962372e-06
-1.0087652493133295e-05
-1.0229533742268319e-05
-1.0373410528872334e-05
-1.0519310919565334e-05
-1.0667263376413789e-05
-1.081729676151921e-05
-1.0969440342711468e-05
-1.1123723799410796e-05
-1.1280177228702973e-05
-1.1438831150805225e-05
-1.1599716515364343e-05
-1.1762864707545815e-05
-1.1928307553412464e-05
-1.2096077327036553e-05
-1.2266206756049274e-05
-1.2438729028802636e-05
-1.2613677800325709e-05
-1.2791087198752403e-05
-1.2970991832892895e-05
-1.3153426797004111e-05
-1.333842768035283e-05
-1.352603057208114e-05
-1.3716272069345774e-05
-1.3909189283193386e-05
-1.410481984756096e-05
-1.4303201925243252e-05
-1.4504374215576314e-05
-1.4708375962540826e-05
-1.4915246961969865e-05
-1.5125027569579813e-05
-1.5337758708685537e-05
-1.555348187785876e-05
-1.57722391598131e-05
-1.5994073228417006e-05
-1.621902735891639e-05
-1.644714543373076e-05
-1.6678471953716347e-05
-1.691305204456193e-05
-1.7150931468388596e-05
-1.739215662819129e-05
-1.7636774583003334e-05
-1.7884833050545613e-05
-1.81363804223605e-05
-1.8391465767913693e-05
-1.865013884930493e-05
-1.8912450127386805e-05
-1.917845077219031e-05
-1.944819267592126e-05
-1.9721728455229944e-05
-1.999911147507801e-05
-2.0280395842109432e-05
-2.056563643065357e-05
-2.0854888887515298e-05
-2.1148209626746647e-05
-2.1445655890555988e-05
-2.174728567350538e-05
-2.2053157853374537e-05
-2.236333205273282e-05
-2.2677868834940977e-05
-2.2996829495928062e-05
-2.3320276319986274e-05
-2.364827235038793e-05
-2.398088160560411e-05
-2.4318168966881346e-05
-2.4660200195303177e-05
-2.5007042092119896e-05
-2.5358762199725437e-05
-2.5715429272442835e-05
-2.60771127442999e-05
-2.644388329018808e-05
-2.6815812396901724e-05
-2.7192972600368942e-05
-2.7575437583318382e-05
-2.7963281769515045e-05
-2.8356581057817527e-05
-2.8755411917884776e-05
-2.9159852381407627e-05
-2.956998118698465e-05
-2.9985878393167832e-05
-3.0407625221865256e-05
-3.083530369433129e-05
-3.1268997667275276e-05
-3.1708791166358205e-05
-3.2154770671857444e-05
-3.2607022472940644e-05
-3.306563544900991e-05
-3.3530698550941415e-05
-3.400230283904875e-05
-3.448054015394624e-05
-3.496550386700593e-05
-3.545728842957799e-05
-3.595599027185329e-05
-3.646170558650134e-05
-3.697453495977304e-05
-3.749457561307229e-05
-3.802193261116652e-05
-3.855670469452986e-05
-3.909900060577152e-05
-3.9648921620279425e-05
-4.0206579665083824e-05
-4.077207863887396e-05
-4.134553421834982e-05
-4.192705237026284e-05
-4.251675302736186e-05
-4.3114744352375656e-05
-4.3721150087050735e-05
-4.4336081710196433e-05
-4.495966506111633e-05
-4.559201843345301e-05
-4.623326333461444e-05
-4.688353625205508e-05
-4.754293968166562e-05
-4.821163949585627e-05
-4.8889722137560455e-05
-4.957735928662983e-05
-5.027466238764484e-05
-5.098176489366866e-05
-5.169883533366875e-05
-5.2425957848217694e-05
-5.31633487250451e-05
-5.391106514757304e-05
-5.4669349666536856e-05
-5.543824663674368e-05
-5.621801006080058e-05
-5.700870417997084e-05
-5.7810534653722056e-05
-5.862366629649047e-05
-5.944817278665281e-05
-6.028438751449583e-05
-6.11322189634552e-05
-6.199214253462047e-05
-6.286401114434991e-05
-6.374825433856819e-05
-6.464490550769789e-05
-6.555411701458979e-05
-6.647625259741948e-05
-6.74112070213345e-05
-6.835943684325784e-05
-6.932100370323651e-05
-7.029594959465871e-05
-7.12849693237296e-05
-7.228735637463172e-05
-7.33045983365042e-05
-7.433525820515954e-05
-7.53814455562435e-05
-7.644130092234087e-05
-7.751709911042043e-05
-7.860717264611102e-05
-7.971326144272958e-05
-8.083451759300438e-05
-8.197177052816375e-05
-8.312497397684184e-05
-8.429454617932166e-05
-8.54802094844609e-05
-8.668357355809061e-05
-8.790197571343955e-05
-8.914064055385576e-05
-9.039260213410713e-05
-9.166711804909657e-05
-9.295451745271644e-05
-9.42650000526333e-05
-9.558932301793627e-05
-9.693697708322663e-05
-9.829859068558419e-05
-9.968562750752084e-05
-0.0001010844231959558
-0.00010251266052230007
-0.00010394986913709779
-0.00010541931545264625
-0.00010689815258185955
-0.00010840687940215997
-0.00010993311541124365
-0.00011147473598751499
-0.00011306398271883466
-0.00011461359509073836
-0.00011628266554805904
-0.00011786011738252515
-0.00011956650446720866
-0.00012122902020060512
-0.00012293847855131496
-0.00012469124039941187
-0.00012642383070892533
-0.00012823898052780926
-0.00013005009827540587
-0.0001318802068645611
-0.0001337800993250985
-0.00013563374901009746
-0.00013762558331204097
-0.00013950280622497524
-0.0001415799728489446
-0.00014348587132096574
-0.00014565164431729828
-0.00014760081261473642
-0.00014983129180686923
-0.0001519073267652429
-0.00015408920824954656
-0.00015640163478800213
-0.00015846297800096044
-0.00016099703489724196
-0.00016312054500139004
-0.00016554461233744345
-0.00016811782021021893
-0.00017010574569881152
-0.00017331020813239807
-0.0001748732237273114
-0.00017855508321221392
-0.0001799620970664821
-0.00018385337282221005
-0.00018537592948345743
-0.00018916950813848224
-0.000191167054425868
-0.0001945772264824819
-0.00019710810256512727
-0.0002003063411844592
-0.00020302450290614641
-0.00020650801134378116
-0.0002088647684475066
-0.0002131443365664563
-0.0002145809877816705
-0.0002205483988523835
-0.0002206475144706059
-0.00022713019151600214
-0.00022818368113146185
-0.00023320029623405685
-0.00023608247333628627
-0.0002403481738545198
-0.00024296640990174108
-0.00024902323548483315
-0.0002479044708928648
-0.0002596844500635763
-0.0002533628209841349
-0.0002683991989716403
-0.0002632199561645168
-0.0002732326687878905
-0.0002780713628974165
-0.0002715187278972764
-0.000307732266660231
-0.00022775089155937026
-0.0004970662275981391
-0.0002606347735227381
-0.00044294989337483395
-0.00033675404059774726
-0.0003930712803321846
-0.0004547950112731656
-0.00044411999068596705
-0.0005102518333800488
-0.000501744610699011
-0.00027456039195309853
-0.0007371066742577351
-0.00022329790458224322
-0.0007977624881536204
-0.00028128984942809264
-0.0007808605485221248
-0.0004537757043623983
-0.0007039822908936448
-0.0007379201648645957
-0.0005523073250936587
-0.0009072810931081247
-0.0005117579944002356
-0.0010650847146809542
-0.0003146218634608733
-0.0012737445267305102
-0.00047047888647547194
-0.001077723399287558
-0.0007746424262865745
-0.0009228110216331055
-0.0010467378028556212
-0.000986440870709409
-0.0009745765361495278
-0.0012525590022241882
-0.0009874071516670913
-0.0011272944546860675
-0.0011510546319571727
-0.0010889124579870901
-0.0010347697604531358
-0.0012111703514718075
-0.001105340939395072
-0.0010806295008064376
-0.0015580701322962312
-0.0011350788755673247
-0.001597152412857971
-0.0015001134353421763
-0.0013949148405935086
-0.0016937487889165936
-0.0014388450205789494
-0.0019439215720162273
-0.0013044908814047879
-0.002009545798403317
-0.001386081225599977
-0.002021136773016168
-0.001502120530372436
-0.0021089301854484155
-0.0017213861001237063
-0.0020423040471189598
-0.0017690730181061237
-0.002197784418187007
-0.0017017924547566982
-0.0022672894713818732
-0.0017672113455915938
-0.0023325218294747143
-0.0018216948034475537
-0.0024116296173383456
