-4.12834089810461e-05
-1.58015351038437e-05
-3.81904004649484e-05
-1.83050739072169e-05
-3.28757513354281e-05
-1.07905196684143e-05
-2.28632294543213e-05
-1.15464548457993e-05
-1.47890026943755e-05
3.04829786386017e-06
9.97392834732212e-06
8.02291010245596e-06
5.01268984076176e-06
-2.71486797204581e-06
1.45089383643243e-05
5.73679270343577e-06
1.96468513935246e-05
4.51322281707777e-07
2.35992011711368e-05
1.93121462793949e-06
1.6655030170982e-05
-1.85562952410298e-05
-7.64464123748435e-08
-2.86890071288304e-05
-1.26144482478527e-05
-4.55801211201476e-05
-3.07133178534006e-05
-5.64082836160601e-05
-4.62245779848738e-05
-6.51212170524336e-05
-4.82389076002692e-05
-4.85088904729732e-05
-4.10788253227311e-05
-4.38048586589952e-05
-3.8219941731108e-05
-2.07042193639633e-05
-2.14019206383343e-05
-1.10913714190652e-05
-2.35584053882359e-05
8.91789343653547e-06
1.66760494453939e-05
6.1064320569047e-05
5.07465214209996e-05
7.33500737266704e-05
4.88221146412509e-05
7.60064370765065e-05
5.99885308802035e-05
7.25214795698086e-05
3.60349995073197e-05
3.76219180301296e-05
2.76954364421215e-05
4.03800731402083e-05
2.98335626484148e-05
1.51088080036789e-05
1.43928379773683e-05
1.34750391698689e-05
4.94430790408005e-05
4.90907946920937e-05
7.31005645817008e-05
1.96949467857755e-05
3.53638847226962e-05
1.67955908356131e-05
9.07781601548877e-05
3.95382916841859e-05
4.15250566305884e-05
-2.09247103803981e-05
7.81839751607367e-05
8.78246845445962e-05
0.000139250600927619
4.09790307670372e-05
3.67630891219641e-05
-8.26421112685326e-07
0.000121934874819929
0.000169213767464814
0.00011921335602319
-0.000140801143065234
-0.000179067012317332
0.000146394986808103
0.000447579600076875
7.96638903898534e-05
-0.000588596407972141
-0.000366877557713938
0.000724783013469359
0.00101918660483811
-0.000482665168097863
-0.00149902131358903
0.000208065177148957
0.00265599732353765
0.000925892159635187
-0.00359766918166103
-0.00118635114256934
0.0160418222515725
0.0409045610732079
0.0562786627552895
0.0538538819721933
0.0449264105349246
0.0457367498603981
0.0574707034720073
0.0648321298155907
0.055371288957704
0.0331443875364739
0.0127459231830161
0.00255161194190858
-0.00181036378327128
-0.00845084399175976
-0.0204098132858427
-0.0340957673260549
-0.0433225193326706
-0.0443308358011535
-0.0395096094271459
-0.0345358350996825
-0.0325057077959736
-0.0286683025581909
-0.0155939505560645
0.00722682733560791
0.029604933100074
0.0405428456396617
0.0379360744344382
0.0297380115084228
0.0246948660935711
0.024926858898275
0.0262292975390565
0.0232079381620283
0.0127345507095815
-0.00352017979688307
-0.0195368236982792
-0.0286518379758956
-0.0282930591112006
-0.0216331055946342
-0.0138760071191192
-0.00814334491761699
-0.00499399348874453
-0.00459167711928731
-0.00615768623217527
-0.00737759752834365
-0.00487618972587769
0.00228344913779866
0.0114172773583006
0.0177857145699213
0.018562883460778
0.0137326147709465
0.00609804510382926
-0.000626827031558575
-0.00333426522449709
-0.00213294725564844
6.33015749306354e-06
-0.000483760331986607
-0.00403953079044634
-0.00815949052822964
-0.00991886313340761
-0.00873151448603774
-0.00563813885135635
-0.00196673918009219
0.00162566411732737
0.00440928909043313
0.00578848282422823
0.00577276127141056
0.00531412594350362
0.00532777095288133
0.00601630745011436
0.00690292294975329
0.00735989147486022
0.00693459969856627
0.00548256281735919
0.00337764852818918
0.00135630772021017
-1.47201833032046e-05
-0.00103586027656406
-0.00222221362758305
-0.00365853289939311
-0.00471796484767735
-0.00505643532034032
-0.00484585641384063
-0.00459469959977645
-0.00436510377428698
-0.00417584528088744
-0.00415454165394833
-0.00435778343023723
-0.0041825029200245
-0.00293171289693243
-0.000694576535605711
0.0014426508844949
0.00254962763743033
0.00264793435421831
0.00224376804132021
0.00158696469481013
0.000499295131615824
-0.000924094614180359
-0.00228779390405879
-0.00321799571534436
-0.00381170710152317
-0.00409288897063918
-0.00400038618605334
-0.00355525651472856
-0.00318313550156241
-0.00317063372073769
-0.00331773385977931
-0.00296456212354643
-0.00171743787949034
0.000281207267967208
0.00247322907796732
0.0041406173974405
0.00469616459075897
0.00397922878476792
0.00256749955988975
0.00134724974354389
0.000917201905307413
0.00101764091703074
0.00118041620288318
0.00101151092596736
0.000570121738085817
-0.000220343508086261
-0.00119339349379607
-0.00208815243452588
-0.00227801807453269
-0.0017760287671625
-0.00104426757192656
-0.000873210969767844
-0.00129106204265389
-0.00194960477444389
-0.0023349390312549
-0.0024674040526681
-0.00233066996999618
-0.0018997145006726
-0.00103764769244368
1.97902882999486e-05
0.000946265572551092
0.00152983202815871
0.0018612147348986
0.0020548013644963
0.00213477037804126
0.00214935741021314
0.00209330624201322
0.00185697303828984
0.00117476921584017
0.000163898700560536
-0.000734767309610885
-0.00102472805485139
-0.000938500988219717
-0.00100415051672059
-0.00151961297669953
-0.0020372065400225
-0.00217044989582205
-0.00192214450515804
-0.00171056827602949
-0.00161144838538012
-0.00141780556834511
-0.000946162984352798
-0.00036624194636931
0.000142958583726469
0.000593445070955253
0.00103363200619443
0.00137012903968243
0.001431829713862
0.00136761369802679
0.00139285075660343
0.00162550797044813
0.00181731984003756
0.00183836269398842
0.0015948700661165
0.00122744639065825
0.000757512578139521
0.000425738050835384
0.000352762950252956
0.0005529308248723
0.000629894768403546
0.000367230920227179
-0.000163450636179101
-0.000568630312869291
-0.00076062961247244
-0.000898888432959336
-0.00112316192401079
-0.00126770659722862
-0.00115171706087937
-0.000871444538855109
-0.00060170226675043
-0.000382282225268453
-3.59223390092121e-05
0.000396971670371916
0.000785615233695882
0.000942730110754364
0.000979345226901097
0.000885202432307656
0.000692015569431208
0.00036599629261388
0.000204517846989147
0.000311455020442703
0.000589118216053936
0.000610183338696647
0.000323830110031234
-5.22533100046343e-05
-0.000172578863760356
-7.95518366762317e-05
6.91190057904055e-05
0.000145524305447428
0.000197430592404923
0.000219606218998047
0.000189012234178481
0.000177042981139534
0.000295199338735867
0.000543555960601923
0.000726489159623138
0.000775894786847561
0.000749664101889278
0.000765755810939624
0.000662003291632739
0.000317741822959584
-0.000208650827694132
-0.000583735005391999
-0.00069123366359982
-0.00064451647065898
-0.000649945177839835
-0.000679121131466285
-0.00060326398379051
-0.000396910869409159
-0.000128744610655794
0.000111542999910787
0.000332384712561343
0.000424123319549906
0.00039122367037107
0.000258578594797367
0.000287626154470426
0.00042689715235966
0.000579348068678421
0.000467230558574922
0.000256680508839627
1.70348432650234e-05
-8.68172741917725e-05
-0.00028382995573974
-0.000520774269387863
-0.000847031571201688
-0.00107990479773138
-0.00134568397414286
-0.00153610865540303
-0.00163558981114001
-0.0014623175943704
-0.00115503243379468
-0.00079954226005587
-0.00048459701343327
-0.00010870962700274
0.000294150247500896
0.000581597386012698
0.000666298460183906
0.000615389801328145
0.000645567459937073
0.000754699183531543
0.00092367880287162
0.000987307975012522
0.00103094254033473
0.000968465753019515
0.000918894798897518
0.000795441636934596
0.000766371558005874
0.000689506161382157
0.000618183005071282
0.000400702088065126
0.000264619012830968
0.000191737123155246
0.000304689128536993
0.000413807327350481
0.000611222915608887
0.000832786921541673
0.00115723109857685
0.00140273173315099
0.00156290201695045
0.00158998269629662
0.00155378978851743
0.00137888663482421
0.0010661936479174
0.000680596999307041
0.000361560353812997
0.000147023572876254
-5.62279066721218e-05
-0.000291435467635491
-0.000522966822101689
-0.000636423870378997
-0.000652078309672327
-0.000599344738107003
-0.000531925667857681
-0.000410462892087717
-0.000259708212307204
-0.000102051148593329
4.75157073219707e-05
0.000215690747040627
0.000413900411421965
0.000564547509544631
0.000665464920524203
0.000707249183597235
0.000774467479626933
0.000743811809934236
0.000612852930459928
0.000329837459870433
0.000131932683860235
-1.70011353831327e-05
-0.000102458515229088
-0.000380274418643377
-0.000713560700532493
-0.00108184934481153
-0.00123984031106761
-0.00133228791078537
-0.00130860802591985
-0.00131526226511476
-0.00121746295739003
-0.00111565471660569
-0.000937401835022108
-0.000783533049836893
-0.00057910050987651
-0.000374311281697189
-0.00013390532400888
0.000102938117391898
0.000305290872993586
0.000433416443826694
0.000426357697303263
0.00036274329643885
0.000249087978654166
0.000209757146635282
0.000142687934408454
0.000134260942934356
4.93096505415729e-05
6.24262821680112e-06
-0.000165778902296467
-0.000321170021532723
-0.000566656850657835
-0.000688419876990767
-0.000847364128159456
-0.000935055040681263
-0.00112786667927889
-0.00122793229440393
-0.00131358625417518
-0.00123561947040232
-0.00114677187224185
-0.000954531919609722
-0.000753163386933654
-0.000460325390444541
-0.000185321349740512
8.64869441193914e-05
0.000297208478553839
0.000483901689375654
0.000634305118797945
0.000735603865923661
0.000787052262203225
0.000777006995295954
0.000760543733481483
0.00071623811428879
0.000684352729862182
0.000592910490958311
0.000477093511780601
0.000287512068316854
0.000104815213794479
-9.5280241406624e-05
-0.000253952293158047
-0.000416316259579936
-0.000547100491673729
-0.000659457319399904
-0.000703692197063942
-0.000657183714263556
-0.000512397413668321
-0.000294269464706532
-9.04233430531364e-05
7.38076448067226e-05
0.00015165229934647
0.000227990068466075
0.000268299066354659
0.000333468128204234
0.000326557292431828
0.000316864935383418
0.000229939349797967
0.00017265122812169
6.08459346190496e-05
-2.01493205352781e-05
-0.00016891703977656
-0.000289197493835243
-0.000424387657660069
-0.00045207840320587
-0.000437990627296072
-0.000363606481745265
-0.000335445023453137
-0.000316595441436024
-0.000294739567917805
-0.000203041431957603
-5.6615283840997e-05
0.000101212527011396
0.000229429855977435
0.000294861026046948
0.000336137747147724
0.000339536593467417
0.000352492822569175
0.000338061694896435
0.00035233916797434
0.000350800392750446
0.000367195177703255
0.000319732329391734
0.000252971643400125
0.000145137236548193
8.25168448368957e-05
3.51544138032993e-05
1.60540126897118e-05
-1.63594985528844e-05
-4.2294993693993e-05
-6.21307416666162e-05
-7.67627763815304e-05
-7.65026881008467e-05
-8.37360315767829e-05
-5.97424215037306e-05
-5.11749884262638e-05
-1.40235915527059e-05
-1.78798222227818e-05
5.67509934978693e-06
-2.13773357196257e-05
-1.0471295823467e-05
-4.29397066013938e-05
-2.20127562423691e-05
-2.38647215028928e-05
-6.80273333539256e-05
-4.13718609484745e-05
-9.36616772964662e-05
-4.2438983670922e-05
-9.96176463065965e-05
-2.98858613681338e-05
-9.61295443157777e-05
-1.03876153481581e-05
-7.78130694026043e-05
2.17642634890202e-05
-5.02441723095604e-05
5.18821615740931e-05
-2.11071530345306e-05
8.17103006030807e-05
6.48288915279678e-06
9.38962019081337e-05
1.49843483955162e-05
8.81268456853434e-05
1.30423629347773e-05
6.3280968994759e-05
-6.56480573335517e-06
3.17956053280245e-05
-7.86822782450282e-06
2.69438954823955e-05
1.0595644802719e-05
2.69545166347411e-05
2.73924226903866e-05
2.35569727101534e-05
4.27693518617817e-05
2.65181150465126e-05
6.63251555705381e-05
3.43289611251492e-05
8.14256291757636e-05
3.46911615490876e-05
9.06175701707202e-05
2.97620186776181e-05
7.54056743304453e-05
5.66502713227187e-07
5.33018756555901e-05
1.04868630232662e-06
6.71681790448517e-05
2.34386965086144e-05
7.24570782386236e-05
3.4015385700319e-05
7.36611493920665e-05
5.38534014610636e-05
7.1018152883569e-05
5.37996485832507e-05
4.51632843156062e-05
5.40742012953579e-05
3.72267055111447e-05
6.14856136264118e-05
8.46301353455738e-06
3.91903177162844e-05
-1.83978416235515e-05
5.75353534833963e-05
5.93875412208469e-06
8.17371159632101e-05
-8.86234790450718e-06
6.9552363808848e-05
1.02885988986379e-05
0.000125512655158272
4.85189149964866e-05
0.000104934604348994
1.37102050584846e-05
0.000102549022681948
7.48250703931526e-05
0.000145728825428137
7.26552815615068e-05
5.9912131411046e-05
2.58086783071032e-05
0.000123752688100702
0.000227083931646351
0.000174420276741475
-9.8699398783542e-07
-0.000102585649410563
0.000222348298812045
0.000435684262140006
0.000245488614757269
-0.000392751611787837
-0.000209592598935009
0.000570282448010545
0.00100295976904644
-0.000205771370703556
-0.00105944192852773
7.2683634361783e-05
0.0022690350278248
0.00107099827426991
-0.002781180323601
-0.00135417933675853
0.0143166993067588
0.0407988450465325
0.0632478342727149
0.0694757344987099
0.0635528235895747
0.0589598897525274
0.062415812575343
0.0665313940972752
0.0599881760072442
0.0409838307820315
0.0172049959569754
-0.00327413681207044
-0.0183308438753483
-0.0290892900003846
-0.0370851782675825
-0.0428051502254423
-0.0480676414924128
-0.0518697096717916
-0.0529895374561772
-0.0491867925100718
-0.0404277857901788
-0.0256707770196063
-0.00522115160737578
0.0191334495828955
0.0396613060268134
0.0487286388271713
0.0447627730352484
0.0350915336771134
0.0280198021004629
0.0271599946714573
0.0283351652260376
0.0253578063787137
0.0144855847959067
-0.00257176856418689
-0.0205385269280393
-0.0331155566281381
-0.036993348574573
-0.0334200148728342
-0.0261692999210901
-0.0192659733652756
-0.0144662529199831
-0.0118770429705666
-0.00983404917190515
-0.00683240300023421
-0.00146320404776969
0.00561960871029354
0.0130884776048169
0.0189040205212111
0.0213224235117941
0.0189854483841894
0.012830220069143
0.00607227309876592
0.00249904978374109
0.00275956809903178
0.0037925725935478
0.002201813610723
-0.00225360232594324
-0.00682015163986774
-0.0090832951825606
-0.0087804061492579
-0.0071918871093053
-0.00513961420886326
-0.00297517154664531
-0.000849226213492523
0.00104851211114143
0.00287379328735805
0.00469346103003292
0.00609965254151198
0.00647575509391773
0.0058140371175036
0.00484305532658362
0.00397806443648074
0.00306384116443255
0.00153898011840717
-0.000410397182978969
-0.00240764358711544
-0.00390316483387141
-0.00508785645256273
-0.00566592001693441
-0.00550055118534455
-0.00428898337523074
-0.00291263308193548
-0.00207476104446959
-0.00230985817396689
-0.00280219749728584
-0.00313137230014967
-0.00311202016361422
-0.00331083454246827
-0.00341706678446392
-0.00290947225967162
-0.00121052486662302
0.00100776347407653
0.002752876077217
0.00326939215648459
0.0028222163891501
0.00197361402597215
0.00110752758849567
4.71623484746494e-05
-0.00137433389432387
-0.00284602799961664
-0.00366355549935238
-0.00323218292853629
-0.0019561685604822
-0.00100308725299646
-0.00137763552905926
-0.00269205167376648
-0.0036729435334671
-0.00312649805018837
-0.00124999992419616
0.000922981396640744
0.00228571349098415
0.00252008288391588
0.0017944609309297
0.000709726444246273
-7.79101935325614e-05
-5.84899007643688e-06
0.000941780206585464
0.00216556796524635
0.00293013798692333
0.00283974099183103
0.00212999500871932
0.00121036556483782
0.000588619628366101
0.000400881970699681
0.00058262169966253
0.000531318207451515
-0.000198294123299673
-0.00176436985692763
-0.00346368371928032
-0.00455530901763301
-0.00451999388217587
-0.00366552039684333
-0.00248226671040649
-0.00148361664453443
-0.000722878509052026
-0.000136305328715246
0.000455126245217371
0.00110552901955263
0.00179746150971805
0.00246726455541214
0.00295435563235281
0.00313924841970114
0.00281611874471827
0.00206609157930779
0.000999223149753948
6.7020220085685e-05
-0.000656986684963387
-0.00111398354269456
-0.00168294771932741
-0.0022911814628705
-0.00291911462567959
-0.00313578851864402
-0.00305006846639249
-0.0026437610013969
-0.00226564743029308
-0.00179999630570521
-0.00135346326798685
-0.000733229748654387
-9.95094399102248e-05
0.00065028479006486
0.00133932130137172
0.00196328184677076
0.00231714501623731
0.0024318220081037
0.00230807509461526
0.00210929058045469
0.00192758921309167
0.00184284817731965
0.00183858638927055
0.00174853773011667
0.00144244800362222
0.000891683669837592
0.000355234407955169
-2.22565443971926e-05
-0.000185886319848057
-0.000359287141133786
-0.000529454970287113
-0.000676530602428162
-0.000688611184891835
-0.000724863719417588
-0.000813676282340653
-0.000912757355022571
-0.000818210844476049
-0.000569126369240018
-0.000328241856028382
-0.000195508931362277
-7.40614960381071e-05
0.000186968586833232
0.000498723753548101
0.000737954324047545
0.000751461811394911
0.000677631183753481
0.000515957138039903
0.000415286869799718
0.00029682806761749
0.000291784527758282
0.000208663257057299
6.95743665684338e-05
-0.000264486866638298
-0.00050189491777227
-0.000592701131039301
-0.00039196685731922
-0.000121410072896737
0.000249247133228626
0.000597855604429704
0.000948990533236342
0.00112204671525654
0.00114517724140449
0.00109557187516513
0.00112113082809167
0.00118676698284469
0.00115594341450394
0.00100408092779578
0.000745203827037979
0.000513758200791803
0.000240621119881061
2.29588174642812e-05
-0.000197615552416484
-0.000277131665451279
-0.000390351772580007
-0.000457577206490857
-0.000587438630004185
-0.000560445524863873
-0.000482436663440432
-0.000259325647370128
-6.70668185039936e-05
0.000206587566085118
0.000422079209634006
0.000637013936191064
0.000762401924385984
0.000928139081157966
0.00110340150445054
0.00124763070182461
0.00122489806281753
0.00102189136268065
0.000735440823169764
0.000398713914762015
5.964213602927e-05
-0.000354926504327081
-0.000713896750156769
-0.00107009154944792
-0.00132545236974727
-0.00162473520617497
-0.00177882418579923
-0.00181916911313282
-0.00157717319391223
-0.00128621151185915
-0.000925557966056549
-0.000677573416351346
-0.000413039931346788
-0.000254366669441533
-0.000112385330910948
-3.84336370129321e-05
9.1500653261172e-05
0.00023388458779995
0.000345208197728461
0.000355709926586521
0.000247649390400437
0.000124595502850298
-3.07813198439574e-05
-9.64078732769557e-05
-0.000182177972469168
-0.000160706482717437
-0.000235156623015768
-0.000231231730556716
-0.000308164760555526
-0.000169295330665313
-3.12616363625782e-05
0.000309617454534463
0.000547745900790628
0.000944489922210277
0.00121973202410306
0.00159145800320656
0.00172843034808493
0.00189693931506719
0.00188497009616907
0.00194554177194774
0.00179283992551665
0.00161067845714904
0.00124986972221427
0.000986643180597989
0.000717034464104833
0.000572206853968265
0.000412041863607401
0.000318537741832437
0.00020413152295719
9.06405689517532e-05
-5.98386082488571e-05
-0.000208725977006123
-0.000299150446021404
-0.000332317564620999
-0.000276144087262278
-0.000199256009389808
-5.12059396621375e-05
9.59813859826826e-05
0.00030673325812574
0.000503684657751895
0.000724699194569992
0.000855020537287608
0.000886563897057538
0.000759719567261986
0.000534741501729497
0.000257374440600575
-5.12928858238653e-05
-0.000355244725331738
-0.000699069844162261
-0.000986098673319585
-0.00129135854338792
-0.00148790328781485
-0.00171431388298846
-0.00178432358651736
-0.0018470143731033
-0.00167523138801837
-0.00150361538740252
-0.00114066944395955
-0.000887772103231727
-0.000523326065537112
-0.000321423253034686
-9.5927696783832e-06
0.000143365101838614
0.000382746108473853
0.000427245057819133
0.000508863546450301
0.000399808032776376
0.000333154223863572
0.000130174350701355
-1.25634722796791e-05
-0.000223248205462114
-0.000357914467395787
-0.000518008304863519
-0.00065431275041003
-0.000838877345768404
-0.00106015370887071
-0.00126999534256433
-0.00144917421663539
-0.00148889654710847
-0.00147474697505128
-0.00132641360371885
-0.00119603569142902
-0.000933610970900467
-0.000683282652739431
-0.000286080337218242
4.19798106575853e-05
0.000434890048753962
0.000694137213943498
0.000994276228225132
0.00115815460778487
0.0013164553645786
0.00130911076059629
0.00128141364927782
0.00117043231853409
0.00109187584700254
0.00096685122957801
0.000798101033683965
0.00055685665209823
0.000264635758034171
1.94598705903319e-06
-0.000267440052522387
-0.000464378936953271
-0.000698137104466244
-0.000824422136112002
-0.000971000548531193
-0.000978235491521447
-0.0010286811033422
-0.000924897155525699
-0.000829186499788406
-0.000534714225494445
-0.000275929695569324
7.67621976222041e-05
0.000294395616101312
0.000538870012021519
0.000648035294268803
0.000757781909590495
0.00073042742772274
0.000671484182386566
0.000500339964318102
0.000297877966654821
5.26254619722914e-05
-0.00019217441321417
-0.000409486332016827
-0.00062865630077215
-0.00077562356452132
-0.000884575442527626
-0.000820824187281749
-0.000723208714119514
-0.000521206226188498
-0.000418370696658007
-0.000259045041874302
-0.000171517107164376
3.82569178261887e-05
0.000190120212812098
0.000420757330945095
0.000544264776976394
0.00069457896246697
0.00072712135520252
0.000757783736820716
0.000687264188570957
0.000618543178430675
0.000523322316112104
0.000460227138045014
0.00040889219226038
0.000345637051773784
0.000269949634346422
0.000159983471159588
9.4884377030893e-05
1.58552690264291e-05
1.29154099665522e-05
-2.65978121248927e-05
-6.06768045663831e-06
-4.42568474129726e-05
-2.32752244723883e-05
-5.62905806883026e-05
-2.00318768102501e-05
-2.37134657220927e-05
1.94824130639029e-05
1.81340199739565e-05
3.2119882744022e-05
2.04753893471495e-05
7.28401822275813e-06
5.24976893675339e-08
-3.11513564933705e-05
