0.00020249483399247523
0.00023407779933480954
0.0001985698369463367
0.00019703426965043795
0.00020563067281105057
0.00021283104075417778
0.0002230490548914719
0.00022413888461705797
0.0002321137742636669
0.00023663063183379033
0.00024419258816316786
0.00024126147407693764
0.0002373180521173289
0.00022311672974307763
0.00021288342986812306
0.00019223300712655785
0.00018573705015324348
0.00017488343610383075
0.00017267123236359432
0.00016541463786297588
0.00016521358954516008
0.00016076677084806074
0.00016757028243670317
0.00016763190313822613
0.00017466486770142722
0.0001826407469828895
0.00020037393705238079
0.00020731465038891932
0.00021406539393482865
0.00022030052403209592
0.00022300589410447028
0.0002317830845311555
0.0002286194500884925
0.00022999207555144654
0.00022308938211497634
0.00021662916553483056
0.0002075748527951306
0.00020020833101354224
0.00019449916581720545
0.00018911035717723455
0.00019249445864849904
0.00019483965980083805
0.00020143406340208944
0.00020608752725664815
0.00022346870576628238
0.00023677187629613915
0.00024884642453790456
0.0002571742094302305
0.00026840345258344117
0.00026233298358216726
0.00026115144877577944
0.00024631219189086653
0.00023745349000091494
0.0002205961853267494
0.00021435243454573897
0.00020130274822837877
0.00019732884492753742
0.00018965855832969204
0.0001930901658623181
0.00020413504502892393
0.00021993318353639806
0.00024036228264048772
0.00026097819866385027
0.00028553003231366177
0.00030627315040730816
0.00032080978342912477
0.0003414487819579878
0.00034368430103868326
0.0003493562932964863
0.00034668227456483724
0.00033628442346705337
0.0003237122998604091
0.0003177613926453576
0.00030331596290626966
0.00030552385604818447
0.00029773921836599216
0.0003112460971760826
0.0003204300924043721
0.00033962091018758487
0.0003551513617383831
0.0003773886793583292
0.00039453373110726276
0.0004046496500785792
0.0004271993378020317
0.00042843371812400794
0.00044389664850499335
0.0004353166755412068
0.00043587736393320507
0.0004256590031144812
0.0004250554143878475
0.00042120315951650925
0.00042259071514978437
0.0004290230770263834
0.00043140039806941854
0.00043487325243366003
0.0004436713340075229
0.000447855421021928
0.0004585398472995286
0.0004580507016644366
0.0004619063394968236
0.0004628583862283446
0.00045299603427544424
0.0004479804996795157
0.00043581967907297173
0.0004326932125245461
0.00042930113177985015
0.00042104433432523923
0.00042639664176963597
0.0004229923247824721
0.00043119954341804803
0.00043090818696733953
0.0004352560592871926
0.00043119454910681604
0.00043428267587457053
0.0004250974114381257
0.0004301849270937129
0.0004131249902415894
0.0004122012729931144
0.0003980400202507872
0.00039556787368881166
0.0003908037005545457
0.00040076144844846794
0.0003985961326122447
0.0004028518391814713
0.0004098467808796348
0.00040476832067517544
0.0004165641225271073
0.00040721324554614306
0.00042020992281026413
0.0004083414433682175
0.0004098525349873044
0.0003888911437276711
0.000384620838846073
0.0003600403348383302
0.0003579272747982195
0.00033852947337877147
0.0003416068531831105
0.0003457557284815003
0.0003520168101357673
0.0003616286177059938
0.0003745609381329075
0.0003848875758893908
0.00039855712033065496
0.00040844245592558414
0.000421324472856555
0.0004204268651324917
0.0004263325522163968
0.00041524682472205397
0.000407362000657407
0.00040299371546776986
0.00038736118630084847
0.00038809663839079063
0.0003844563035359951
0.0003914362888514586
0.00039638006793681806
0.0004053839399034314
0.0004186942592947378
0.0004300714690528076
0.0004390056072431785
0.00045223258022185245
0.00045962023812187464
0.00046081253046668957
0.00046492313365241
0.0004538509229702743
0.0004464939579627781
0.0004327447781172295
0.00042351138157037805
0.0004046499320250899
0.00039428007858095056
0.0003787367784225139
0.00036623667062399273
0.00035594982939342833
0.0003513381048299662
0.0003506902635366494
0.0003454014175946978
0.0003501124330675409
0.0003481741178475048
0.0003536751168212922
0.00035585877739025484
0.0003583646063527833
0.00035846962796787414
0.0003636639500719201
0.00036223058309381385
0.0003658395591359734
0.00036325180134181006
0.00036379475991003135
0.00036102179917342687
0.0003551242746140976
0.00035308761616847917
0.0003471450424141758
0.0003444591846642162
0.0003310151761812646
0.0003301711573760438
0.0003152258719998219
0.0003076834467803701
0.000289555704371571
0.0002814461200143503
0.0002671564459764265
0.0002576585036136781
0.000244871417330376
0.0002298535150716632
0.00022651001350130736
0.00021096786560483374
0.0002051083805224371
0.00019006190996248605
0.00018743885128726773
0.00017330781569379738
0.00016401322706145494
0.0001508471231547843
0.0001443514149047228
0.00013689728309820804
0.00013179766922926978
0.00012679894959803499
0.000126231402370664
0.00012200574123114602
0.00012552488271706103
0.00011883229290705568
0.00011760079556187185
0.00011222012865912362
0.000107980350162726
0.00010319839111540578
9.535822840904366e-05
9.000128089270084e-05
8.602914200844791e-05
8.189741742235628e-05
7.572855393648143e-05
7.177271023468528e-05
6.961778884562921e-05
6.651275943665137e-05
6.447708551263595e-05
6.444788932021048e-05
7.019641548087918e-05
6.70778622852234e-05
7.83669942033972e-05
6.789721508155745e-05
8.041205194995576e-05
7.364565505684498e-05
8.245200502355037e-05
8.204776954860368e-05
9.23764113236053e-05
8.855364080251164e-05
9.739595080594018e-05
9.065485621257818e-05
0.00010528803174188108
9.185515694881468e-05
0.0001047828086239704
9.917270123053655e-05
0.00010795165586656528
0.00010428382075393199
0.00011036698372626427
0.00010666606124126775
0.00011332052399099781
0.00010527070764682761
0.00010924147912076514
9.727696277967487e-05
9.59559120263338e-05
8.458366755023541e-05
8.287147327084408e-05
6.730598954047024e-05
6.250033958828778e-05
4.642165502934425e-05
4.261645702151925e-05
1.9427170851673435e-05
1.982370195390413e-05
-1.0364146321297443e-05
-1.2348171102629296e-05
-3.343205499392958e-05
-3.8931336900948136e-05
-5.745749157120075e-05
-6.24776370139945e-05
-7.74953278969351e-05
-7.967172336415017e-05
-9.506499680536553e-05
-0.00010684551501222096
-0.0001077241783220221
-0.00010184106907628416
-6.182206498547984e-05
-2.8355897908347103e-05
-3.084436873714545e-07
3.261185059323028e-05
4.2011042500673175e-05
8.733162103510993e-05
8.185503014913529e-05
0.00010953715260910294
6.829619112326841e-05
8.626972282990797e-05
4.123658062319183e-06
3.5463699004693194e-05
-0.00013260989961066637
-3.527563030100199e-05
-0.00027108684948404146
-0.0001573365871928063
-0.0003788717747209661
-0.00014133206251140844
-0.00044500329662835076
-0.00011462005221285479
-0.0004992026459985555
-9.554718185307958e-05
-0.0005521388405273191
5.1176650586274936e-05
0.0006318278621255509
0.025588681635528028
0.03526261844071306
0.027750793687014427
0.016522531349953448
0.015556831768976015
0.02122108556452254
0.026743677699536866
0.01409799550249112
0.006145430923286357
-0.009496917671841226
-0.031049908961878994
-0.032976150206335264
-0.023325638944009228
-0.011879704051195322
-0.01345163086649242
-0.017455118021778702
-0.015038222745090224
-0.011460070994374214
-0.013705084127628279
-0.0071808654942350884
0.01559386980581571
0.025490364030834642
0.02296210082365896
0.008504737007192814
-0.005304487268612322
-0.00034074014181441863
0.005582713504636689
0.01312300205158521
0.013803288914803105
0.01129089270134491
0.004038515235638496
-0.005668611038223815
-0.005134801807098159
-0.003034283419814974
-0.0004497639027484039
-0.003646388149164058
-0.0074174675909676425
-0.008061638345295268
-0.006210350183557057
-0.004102239212060457
-0.00446777336768095
-0.005254314517700647
-0.005048309980377077
-0.00156287133553982
0.0037943685545785426
0.005593596940616078
0.004994530188230624
0.004139426433690983
0.0048938216367038845
0.0032452370365131347
0.0026975615355733225
0.00517409495230176
0.006874090689854135
0.006735291280371912
0.0034893796651891866
-0.0005678454062029517
-0.0028271500785236516
-0.0035045198400561637
-0.003112388775781784
-0.0009459584016648119
0.0003139462635012106
-0.0009610425283136908
-0.0035973085821164917
-0.005366585461538382
-0.004798483585628336
-0.0020671877865319384
0.000540188355882632
0.0019345484671329863
0.0012969595130839524
0.0003960384477505772
0.00014217644372170217
0.0007750939032079808
0.001862742978716019
0.002237492793015548
0.0024693201727942864
0.002386274299513407
0.001897351562042787
0.0011814604486831528
0.0002457083379077228
-0.00020841677984234164
-0.0004128666058348094
-0.0004219529601030194
-0.00016445232464072442
2.71987543825939e-05
0.0008554299356708706
0.0008149574254547457
0.00022496820303912323
-0.00021827367563164644
-0.0001969342059881461
-8.623106427017312e-05
0.0005023975420478805
0.0004493451833009277
0.00038229619069575754
-0.000265151708508891
-0.0008736668374659233
-0.0013915325356672781
-0.0010748074712189362
-3.844425038534748e-05
0.0009397836400601079
0.0010139348762317328
0.0003946583746288025
0.00012380975681765654
-8.710276055092436e-05
0.00046815206530553176
0.0016861928585702635
0.0020039674079222443
0.0018285361609473266
0.0009933578790593867
-0.00029000167325529506
-0.0004933454798121072
-6.884812759323307e-05
0.0008795868189357019
0.0012800268570823277
0.0012326025620099429
0.0008183752699137637
0.00019309023857819424
0.0001601061449070973
0.000384871035816262
0.00014711664083218585
-8.537693549592865e-05
-0.0005335905608097423
-0.0008114835025312899
-0.0011940485257267422
-0.0010877880251288776
-0.0007970392674873098
-0.00047469819230524276
-0.00027844007564927257
-7.869944014650176e-05
0.00015204505128491884
0.00045320547249447864
0.0008097419175850237
0.0011052929927678487
0.0013694217671967686
0.001330137453070692
0.0008849418612806373
0.0005449923450257172
0.0004445524349205584
0.0005169555384130582
0.0004251237509722251
8.719109473669348e-05
-0.0003219143883717336
-0.0007235298399203569
-0.0009299638870204502
-0.0007557418060369586
-0.0004826862965885883
-0.00027291499617045957
-0.0003621216760020574
-0.0003566704680603923
-0.0004241345148019145
6.342607783456833e-05
-0.0001722095344932064
7.258001506188738e-05
-3.946597934071885e-05
4.5616360857380996e-05
-1.281772287032776e-06
4.741525443103015e-05
1.981831979557154e-06
6.163220258322341e-05
4.0028574351145505e-05
6.197946450282437e-05
3.2486316698363416e-05
4.451926866197796e-05
5.059803865788629e-05
6.461741397122215e-05
5.026116138696874e-05
4.434708079903638e-05
2.567270454992076e-05
1.3549875620809572e-05
-4.188294575455548e-06
-4.257461327836443e-06
-1.4522939681175883e-05
-1.026101995827428e-05
-3.033424790959392e-05
-2.3937603460281716e-05
-2.6785418300865065e-05
-1.8906223541158794e-05
-1.9276245509698193e-05
-1.4521372544620985e-05
-9.291064605523205e-06
-8.125706228903795e-06
-2.1995574910903303e-06
-3.926188501695148e-06
1.265385133929633e-06
8.069978514151732e-07
3.2845330616308753e-06
1.8961515085416035e-06
2.664414029483727e-06
2.1467063109922114e-06
3.6997745529007227e-06
2.80142330439236e-06
3.2158597582128542e-06
2.7870807541367173e-06
2.734882114202976e-06
2.295205218175709e-06
1.752794764758609e-06
1.5856619542656183e-06
1.2150865807851788e-06
6.263484582286791e-07
7.806677579142059e-08
-4.036456672444448e-07
-4.681099067807077e-07
-1.0089571811999027e-06
-8.464667062540315e-07
-1.2358279818787355e-06
-8.722577623332482e-07
-1.0434349651213177e-06
-7.49301897216999e-07
-7.344031123972597e-07
-4.6688851265637215e-07
-3.3068006662225705e-07
-1.9134570202952858e-07
-9.674688437655071e-08
-2.4192396173725256e-08
9.247638154462963e-08
1.1890972518907496e-07
1.6499571270152012e-07
1.5875845687410935e-07
1.9957723213157572e-07
1.7533242503607008e-07
1.822252788899768e-07
1.5577210562355112e-07
1.6048039048338625e-07
1.429644047915398e-07
1.1392114405362939e-07
1.0038079866636499e-07
6.901507190563982e-08
5.926088827659269e-08
2.728751357473436e-08
1.3431619060629962e-08
-5.942406390877864e-09
-1.7820657495027162e-08
-2.5170748137268856e-08
-3.676813182900123e-08
-3.206679239369404e-08
-3.6558719912293093e-08
-2.5299036638699998e-08
-2.6780613314334118e-08
-1.5484824341676262e-08
-1.1558570111778153e-08
-6.813063657619585e-10
3.19209598653085e-09
1.038144780856926e-08
1.4450293915073864e-08
1.92425885899437e-08
2.1692298056072683e-08
2.3215743206570248e-08
2.519807105723029e-08
2.5468631428236392e-08
2.6340850194266817e-08
2.5301161959872848e-08
2.5480520087708218e-08
2.4543227624395988e-08
2.3998393792247383e-08
2.3119726391755726e-08
2.199586679669293e-08
2.156674606713181e-08
2.0363945043254394e-08
2.006102770262929e-08
1.9049002180542354e-08
1.8978073765708176e-08
1.8552434677442716e-08
1.8603966119750456e-08
1.8598037833513978e-08
1.8856410225137968e-08
1.9344579194104376e-08
1.976495016563001e-08
2.0439675220808654e-08
2.097190919048749e-08
2.1777374688281004e-08
2.2351377396113373e-08
2.3090777815477307e-08
2.3638956699327703e-08
2.4313263181560945e-08
2.4825977705121745e-08
2.5368852400676958e-08
2.5831453761919997e-08
2.6282533678720008e-08
2.6724489296438975e-08
2.7105635490255395e-08
2.751731467519206e-08
2.787513552539875e-08
2.8276807687360934e-08
2.8640261917113347e-08
2.9028051228138438e-08
2.9414301693127254e-08
2.9811219628224275e-08
3.022995997159516e-08
3.064053851739362e-08
3.1088136594377164e-08
3.1530516366500764e-08
3.2009742215012376e-08
3.2484238726932044e-08
3.298941952679371e-08
3.3498980689047626e-08
3.4030648760053055e-08
3.4569056923239696e-08
3.512092950597417e-08
3.5684314274715646e-08
3.625511700233665e-08
3.6837753463495005e-08
3.7423328338353004e-08
3.802159846157376e-08
3.862235922562612e-08
3.9234629558800894e-08
3.9850157171268967e-08
4.0475921760462874e-08
4.1108083317342703e-08
4.174907764365864e-08
4.239882697373593e-08
4.3056669417557494e-08
4.3725543298481825e-08
4.440289202121972e-08
4.5091890432604094e-08
4.579022359137326e-08
4.650059086137165e-08
4.7221653325232524e-08
4.795452040616457e-08
4.869908515144528e-08
4.9455511310703745e-08
5.022454294573457e-08
5.100549815224343e-08
5.1799485267203967e-08
5.260570413670061e-08
5.3425302811056785e-08
5.4257492549617675e-08
5.510317460134806e-08
5.596188209106576e-08
5.68342428021321e-08
5.7720116333320184e-08
5.861977746924674e-08
5.953342594426517e-08
6.046113727836938e-08
6.140332555699198e-08
6.235994134262809e-08
6.333146998412651e-08
6.431791648342684e-08
6.531972922328797e-08
6.633700302168932e-08
6.737008054782901e-08
6.84191923991628e-08
6.948459578749082e-08
7.056659906786627e-08
7.166540044010344e-08
7.278135341746864e-08
7.391465517147817e-08
7.506565472822435e-08
7.623456670465987e-08
7.7421722874388e-08
7.86273765530335e-08
7.98518354906783e-08
8.109538402595578e-08
8.235831270371648e-08
8.36409361248177e-08
8.494353865704429e-08
8.626645164064393e-08
8.760996276005722e-08
8.897441473442336e-08
9.036010992135505e-08
9.176739393769798e-08
9.319658765094378e-08
9.464803884292727e-08
9.61220902216068e-08
9.761909211883357e-08
9.913940507118649e-08
1.0068338636618867e-07
1.0225141193546646e-07
1.0384385002057633e-07
1.054610871366519e-07
1.0710350528187786e-07
1.0877150110081765e-07
1.104654715529548e-07
1.1218582256569687e-07
1.1393296559490673e-07
1.1570731740144849e-07
1.1750930389007631e-07
1.1933935366179255e-07
1.2119790599742462e-07
1.2308540294912913e-07
1.2500229726168134e-07
1.269490451816669e-07
1.2892611256194665e-07
1.3093397086694084e-07
1.3297309996683493e-07
1.350439867001986e-07
1.371471251929851e-07
1.392830180624565e-07
1.4145217467134708e-07
1.436551134862199e-07
1.4589235989117318e-07
1.4816444871080582e-07
1.504719221787342e-07
1.5281533151693602e-07
1.551952361339556e-07
1.5761220443079142e-07
1.6006681367169984e-07
1.6255965006733986e-07
1.6509130900061245e-07
1.676623950903032e-07
1.7027352259074637e-07
1.7292531491953282e-07
1.7561840552136171e-07
1.7835343736141989e-07
1.811310638162166e-07
1.8395194826452757e-07
1.86816764479944e-07
1.8972619657102452e-07
1.9268093934439456e-07
1.9568169851505446e-07
1.9872919065780717e-07
2.018241437161286e-07
2.0496729671078823e-07
2.0815940037204744e-07
2.1140121697193343e-07
2.1469352077044257e-07
2.1803709806351643e-07
2.2143274728885984e-07
2.2488127947523431e-07
2.2838351812991785e-07
2.3194029964706967e-07
2.3555247348440098e-07
2.3922090233111787e-07
2.429464623018851e-07
2.467300430930054e-07
2.5057254826078845e-07
2.5447489551775476e-07
2.584380168280456e-07
2.624628586645958e-07
2.665503822617526e-07
2.707015638119502e-07
2.749173947129077e-07
2.7919888181092423e-07
2.8354704756979737e-07
2.8796293046612353e-07
2.924475850942486e-07
2.970020824793855e-07
3.0162751036465684e-07
3.063249733973031e-07
3.110955934233317e-07
3.1594050972276824e-07
3.2086087939928523e-07
3.258578775673182e-07
3.309326976070194e-07
3.360865514660249e-07
3.4132067000726017e-07
3.4663630325420673e-07
3.5203472069996085e-07
3.5751721162555525e-07
3.6308508534119415e-07
3.687396715069263e-07
3.7448232066694676e-07
3.803144042278245e-07
3.862373150771009e-07
3.92252467738656e-07
3.983612986823565e-07
4.0456526685661576e-07
4.1086585387140745e-07
4.17264564528657e-07
4.237629269024726e-07
4.3036249294629847e-07
4.370648388103693e-07
4.438715651422509e-07
4.5078429749927096e-07
4.578046869773561e-07
4.6493440975653444e-07
4.721751688772924e-07
4.795286935059193e-07
4.869967401982533e-07
4.945810922446611e-07
5.022835607848954e-07
5.101059853191878e-07
5.180502342434388e-07
5.261182046166149e-07
5.343118234404465e-07
5.426330474107998e-07
5.510838639048092e-07
5.596662910111941e-07
5.683823781071765e-07
5.772342072300714e-07
5.862238923256158e-07
5.953535803080346e-07
6.046254514461104e-07
6.140417201931821e-07
6.236046353866233e-07
6.333164806162825e-07
6.431795753042121e-07
6.531962750699633e-07
6.633689724336918e-07
6.737000965734044e-07
6.841921147220076e-07
6.948475326028593e-07
7.056688948113262e-07
7.166587860668746e-07
7.278198306878562e-07
7.391546944488544e-07
7.506660843945815e-07
7.623567494283287e-07
7.742294816382442e-07
7.862871163476942e-07
7.985325333883869e-07
8.109686572177921e-07
8.235984577823288e-07
8.364249512892081e-07
8.494512010309425e-07
8.626803179465965e-07
8.761154614251123e-07
8.897598401821997e-07
9.036167126681648e-07
9.17689388210612e-07
9.319812276214006e-07
9.464956441525388e-07
9.612361042794378e-07
9.762061282012307e-07
9.91409291156188e-07
1.0068492240049298e-06
1.0225296140295437e-06
1.0384542060547924e-06
1.0546268032112296e-06
1.0710512679283288e-06
1.0877315227619463e-06
1.1046715512768625e-06
1.1218753990687499e-06
1.1393471748082605e-06
1.1570910510615498e-06
1.1751112654560109e-06
1.1934121216788246e-06
1.2119979903922433e-06
1.2308733103260326e-06
1.250042589245881e-06
1.2695104051087258e-06
1.2892814073061157e-06
1.3093603175862167e-06
1.3297519312655166e-06
1.3504611183238688e-06
1.3714928244956334e-06
1.392852072591537e-06
1.4145439636960647e-06
1.4365736782594694e-06
1.4589464775052827e-06
1.4816677045214558e-06
1.504742785555114e-06
1.5281772315065868e-06
1.55197663902467e-06
1.5761466918578658e-06
1.6006931624584601e-06
1.625621912871569e-06
1.6509388967422128e-06
1.6766501603181634e-06
1.7027618439305163e-06
1.7292801836831222e-06
1.7562115126952722e-06
1.7835622626802012e-06
1.8113389657419769e-06
1.8395482554694597e-06
1.8681968688141412e-06
1.897291647698883e-06
1.9268395404906428e-06
1.956847603962284e-06
1.9873230047904016e-06
2.018273020867314e-06
2.0497050441758806e-06
2.0816265810146353e-06
2.1140452550206515e-06
2.1469688081704767e-06
2.1804051036408006e-06
2.214362126790959e-06
2.2488479873522624e-06
2.2838709208573013e-06
2.3194392918355765e-06
2.3555615945189358e-06
2.392246455897506e-06
2.4295026370630204e-06
2.4673390357023465e-06
2.5057646880405403e-06
2.5447887706746383e-06
2.5844206034661464e-06
2.624669651229766e-06
2.665545526984916e-06
2.7070579919444846e-06
2.749216961403267e-06
2.7920325025049698e-06
2.8355148425712674e-06
2.8796743638247484e-06
2.9245216146566203e-06
2.970067303493325e-06
3.0163223091102817e-06
3.0632976776563767e-06
3.111004626343665e-06
3.1594545503403756e-06
3.208659016790778e-06
3.258629777577759e-06
3.3093787696961954e-06
3.3609180980949394e-06
3.4132601017805434e-06
3.4664172281910802e-06
3.5204022502662382e-06
3.5752279583122664e-06
3.6309075755155723e-06
3.687454254915442e-06
3.7448816696406125e-06
3.8032033632376036e-06
3.8624334683108445e-06
3.922585908091203e-06
3.983675347576113e-06
4.045715994666299e-06
4.108723185206823e-06
4.17271128024316e-06
4.237696409813206e-06
4.303693009206813e-06
4.3707180434868795e-06
4.4387860443951285e-06
4.507914786747386e-06
4.5781189765223555e-06
4.6494172006951765e-06
4.721824437327907e-06
4.795360012891173e-06
4.870039433763789e-06
4.945882811338532e-06
5.022905503802508e-06
5.101130711668137e-06
5.18056937300396e-06
5.261254104697437e-06
5.343183960570538e-06
5.4264087413193e-06
5.510908678081313e-06
5.596755026107843e-06
5.683910613464739e-06
5.772456078962735e-06
5.862358336077315e-06
5.953680155124444e-06
6.046411303596653e-06
6.1405910745712514e-06
6.23622067525613e-06
6.333337605171299e-06
6.431926421254699e-06
6.5320538564427e-06
6.633672032944947e-06
6.7368773167033864e-06
6.841647151825913e-06
6.9480218690522524e-06
7.056110818705254e-06
7.165804039429956e-06
7.277431663483527e-06
7.390655027146424e-06
7.506048049319249e-06
7.623027133230373e-06
7.742412732002825e-06
7.863341063817558e-06
7.986888344685438e-06
8.11204206497079e-06
8.239539409965262e-06
8.369696821472039e-06
8.500294113963886e-06
8.63508184232407e-06
8.770187272295232e-06
8.905018637475972e-06
9.047433192458152e-06
9.177703854892634e-06
9.328883721374361e-06
9.449340104023907e-06
9.6118729766174e-06
9.721531577852995e-06
9.89428744436029e-06
1.0014253085093927e-05
1.0208445589348833e-05
1.0345635429488307e-05
1.0588878882449607e-05
1.0749456916475306e-05
1.1074577887274081e-05
1.1244172361638514e-05
1.1658398515368223e-05
1.1826750866822568e-05
1.232270165619191e-05
1.2468728086852652e-05
1.3054151805945121e-05
1.3120262956005992e-05
1.3820487502500011e-05
1.37738047291174e-05
1.4606328140029433e-05
1.438713178903789e-05
1.5436597157618973e-05
1.4947541363621674e-05
1.6367694166944535e-05
1.5400702087963147e-05
1.756627291089969e-05
1.539251276064734e-05
1.9832921102560174e-05
1.2772920402401191e-05
3.0611830314730595e-05
2.638939886318652e-05
4.4818187066231365e-05
4.909803835554966e-05
7.342031592774388e-05
8.437545279069283e-05
0.00010504866661121753
0.00011503154537609105
0.00013158500460331234
0.0001351346937467592
0.0001471163822058866
0.00014826126668610387
0.00015455185017475889
0.00014501560569189935
0.0001575390643698998
0.00014783865766635688
0.00014407258296765107
0.00013505425414240472
0.00013328213768935956
0.00012634300716413875
0.00011950495482739216
0.00010944075942811
9.96320696111202e-05
9.901794449079858e-05
9.035762409737328e-05
9.992647594776204e-05
0.00010026456440358157
0.00011109233695557556
0.00011195348240284903
0.00011857730940814681
0.0001192929797842642
0.00012623607430292167
0.0001355661795490546
0.00013797669499836235
0.00015491420838834177
0.00014722330707936507
0.0002244165383551787
0.0002776441193756552
0.0002207473184293149
0.00024682791455310125
0.00022157273055252024
0.00026321425592935985
0.0002478774613709484
0.00027634717695217153
0.00026867135246579207
0.00027901307750284805
0.0002697230820693108
0.00027219075657050303
0.0002602670681836431
0.00026292094989023264
0.00024810870188560945
0.00024309950379182592
0.0002336391266184918
0.00023808315390261314
0.00021429041701086303
0.00022094940132103474
0.00021719378434141855
0.00021604207912236957
0.00021189930513620345
0.00021974015882053488
0.0002180234120190889
0.0002286503679811174
0.00023137743492492868
0.00023975105459361068
0.00024093909718422786
0.00025050887229522686
0.000246987888184186
0.0002482644060311866
0.0002477115641578466
0.0002377828862493304
0.00023565053664643867
0.00024234048529381765
0.00022714617183448637
0.00023096853042036628
0.00022861651159730213
0.00021766761356963277
0.00024091379629407293
0.00022028914907811252
0.00024683248741545327
0.00024276160628572082
0.00026476449471634603
0.000259070650233521
0.0002814428527268376
0.00027765470528593025
0.0002831245903845848
0.0002798778415378126
0.00027499670420512066
0.0002592570623565865
0.0002464943627184783
0.00023487075325594734
0.00022698796806336352
0.00021233580528561778
0.00021650534786605706
0.0002033981723896351
0.00022177271959396576
0.0002231514520062241
0.00023872624792341756
0.0002285247927042459
0.00027748676301708947
0.0002678131631927222
0.0002956844868454929
0.0003031494112589443
0.00030799228462603963
0.0003214270056028912
0.00030550473928859254
0.0003155915621518196
0.0002952253850651065
0.0003029265366767842
0.00028999739101936734
0.0003005939259862841
0.00029918041068989243
0.0003022819315784882
0.00030251642259258545
0.00032096326777566737
0.0003134946300649932
0.00033829467091199593
0.0003330425516521162
0.00037187300789264595
0.0003695378546835544
0.0003914300816791356
0.00038113187346171
0.0003999703736608135
0.0003838140358303006
0.0003785384014072301
0.000366655613645855
0.00036517564434787543
0.00036447560438107704
0.0003773497962056135
0.00038744677224008075
0.0003963398110537496
0.00040325054666130457
0.0004187879803708743
0.0004254794348941408
0.0004245715963855867
0.000432321965044699
0.00042210617713786677
0.0004436360678686017
0.00041483459163812287
0.000426928465422108
0.00040566319378849974
0.0004156263771330355
0.0004039604310824874
0.00041445290121782915
0.00040179727860038394
0.0004255142241269723
0.00040528904779517513
0.0004440129095151117
0.00041674766471448276
0.00043769389914740693
0.0004292383953788583
0.00042605973377565087
0.00040641856823454923
0.0004169680841989585
0.0003980210021245103
0.00040177449084496724
0.0003909162097284299
0.0003874312503678676
0.0003856724650821023
0.0003922077210322403
0.00039915221682914324
0.00039854031944560676
0.00041114773735813077
0.0004119434075511609
0.00040816855398648005
0.00040815407777562414
0.0003930242780154022
0.00038582403778131605
0.0003699762581089184
0.0003605630346305567
0.00034211072241058737
0.0003411932667122423
0.0003265663456621969
0.00033335764481743225
0.00032565596833508876
0.00033781786869098473
0.00034104510237308294
0.0003489047520436555
0.0003624179644349772
0.0003759160044798887
0.000384958310908198
0.00038716975549500096
0.0003917440388689199
0.000384638794702603
0.0003785294886503026
0.00037864687834664873
0.000373693431403274
0.0003759195465334911
0.0003717139706829688
0.0003808738288038708
0.0003842297482116527
0.00038797014092191033
0.0003858843029559257
0.0004216013117794078
0.0004160987667966889
0.00042643849408799265
0.0004339545873912167
0.0004325099900917868
0.0004345784128174789
0.0004322389443584473
0.00041288199151589937
0.00041736382580035065
0.00039108613558968934
0.0003973133624831355
0.00037195606561123834
0.00037621206577606245
0.00035733783747850343
0.00034791040822990533
0.0003471569418809958
0.00034417647466800257
0.00034470912772168035
0.00034691397814087875
0.00034717413732104473
0.000349189147233504
0.0003494025895260922
0.00035204348522229845
0.00034639217800180877
0.0003385670116023244
0.0003443118641913225
0.0003299646338302423
0.0003364260657369913
0.0003309015610717354
0.00033331989234783294
0.0003330096813177315
0.0003326445063958356
0.0003349552032276208
0.00032684956521734855
0.00032373445207479394
0.00031506224737104277
0.0003091405037141615
0.00029974544999602105
0.0002953285257361691
0.00027917675016893084
0.0002684224393891864
0.0002541372047539538
0.00023729286777797974
0.00023201119384703116
0.00021496476575016358
0.0002008359095681683
0.0001957607573262331
0.00018224030467987678
0.00018166597860208144
0.0001595967935108191
0.00016331643204572314
0.00013708066375241277
0.0001413359387904272
0.00011529846956145721
0.00011487090187264513
0.00010091234335923027
9.183573422161685e-05
9.186945860124103e-05
8.140756227101439e-05
9.340312126132513e-05
7.943331179512505e-05
9.594767844641817e-05
8.08948937944115e-05
9.233060588039507e-05
6.94099126807526e-05
8.139394206431628e-05
5.446471452728169e-05
6.552529731766515e-05
4.025856900230669e-05
4.576870839224662e-05
3.333480285655499e-05
2.9242685971178368e-05
3.175799394255043e-05
2.3634119320794372e-05
2.162337177699647e-05
1.5473953190927453e-05
1.1225412314363331e-05
3.3662605239681564e-06
4.471350389164547e-06
4.6925069703399915e-06
-1.602623504789319e-06
-3.529282410919682e-06
-8.920245683058901e-06
8.502637308655143e-06
8.287225737865084e-06
2.0150046047334377e-05
2.8873008229294422e-05
2.9442952693203156e-05
3.480101261522407e-05
3.239119910074034e-05
3.6771543808789345e-05
2.744936794023202e-05
4.626215605072273e-05
2.297248146538645e-05
4.032037659500078e-05
1.601640182555611e-05
9.616502472305569e-06
-1.8598485070945095e-05
-3.0162188358487038e-05
-4.797405630824203e-05
-7.162845436150687e-05
-9.258925256728026e-05
-7.473204559110694e-05
-0.00011279402946790132
-1.7326705487850718e-05
0.00012780498065691925
0.00018220216914918003
0.00030529778993889094
0.0003159322093020424
0.00039870946524557646
0.0003941611747481007
0.0003670165669497063
0.00024057368192684556
0.0002556050160738572
8.092946559791798e-05
1.3267469400165025e-05
-0.0002503931389507958
-0.0002929245575050623
-0.0002991534612110016
-0.00018723170168927965
-0.00025991197011262027
0.00012614404910176664
0.00012589295425030362
0.0004552140735802335
0.00012916993610193799
0.0005839609419695057
-0.00041163629241201615
0.0014702411951952668
-0.002532594047399365
0.010942759527156566
0.12659443980079238
0.104076662154449
0.061754882458941424
0.02052464894588263
0.03855989161018438
0.010820299221946283
-0.0014480067214675632
-0.053498352854684905
-0.03635779880312847
-0.04333656765078233
-0.11418298987161776
-0.11339722716096763
-0.047687750669399835
0.009790188345429086
0.0507523187093729
0.05175293339731009
0.016983218969216656
0.023048294009524028
0.04643016062215739
0.038179376925513056
-0.034108323663042145
-0.040118545890191634
-0.00978748013095452
-0.01428578904116563
-0.023220063517897453
-0.004419639447710615
0.02103369750310071
0.004968531762611276
-0.0245017111062215
-0.013700650664561432
0.029283862812751173
0.045134519016753555
0.02629600161632449
0.013255809706884187
-0.0032705434283293007
-0.019283234269999817
-0.019647963135952025
0.0007049618621459566
0.016558498875962502
0.005485274398406446
-0.01737900816932552
-0.026548962668950918
-0.014325537222802342
0.005529368400150756
0.011934232364970205
0.004356868099441859
0.0001647770107684506
-0.0008548404797330056
-0.004072795862619641
-0.005945558364510999
0.0001941208252094552
0.01030565025459379
0.009504010936121614
-0.0010753429128601325
-0.0044273025229265815
0.0036322937304157418
0.007567357981748471
0.00362418763542001
-0.001169714997155269
0.0022818978935237244
0.0052811864406727355
0.003353460615301435
0.0008335646572406199
-0.0007088098183463568
-0.0017260055161126865
-0.0043803023650119555
-0.0015821353125513523
0.004454604964970375
0.005976809265594539
-0.0005621286054037399
-0.007324679779755334
-0.0057106095031173735
0.0005894388765015309
0.004618587058824306
0.005212467630397851
0.004125985515264113
0.001449752971086714
-0.0022133088371742798
-0.0032382086781182736
0.0014969074079295654
0.006487703169074906
0.006659927731856061
0.001432019609120516
-0.0028738534818208653
-0.002779661733286986
-0.0004660277232851819
0.001436804731426894
0.0028309215597400687
0.005845215840157727
0.003936197655962185
-0.0005207964237169309
-0.0021523754638471696
0.00015143616690144353
0.0019882682316586667
0.0007638220895230525
-0.0007434786906844912
-0.0006108353955634357
-0.0001167813158054936
-0.001345689685166009
-0.0032251085190174176
0.0006950567000905802
0.003803199638116997
0.0017159287835550297
0.0010513689116318837
0.003167928857555469
0.005480921603618507
0.0037289520545977966
0.0008956688182403106
-0.00019576659316939958
-0.00016982303740484223
0.0015410915822162757
0.0018413165638893317
0.0017217541077384547
0.00237922282723443
0.0022979783044328487
0.0017182387880837068
0.002154350601300184
0.003971954357544813
0.0043392939383050215
0.002771753515327176
0.0014016954496189986
0.0004394841637496071
0.00022470099632928927
0.00014612947317329498
-0.0005455658956045413
-0.0005441514498368818
-0.00044834441849851025
-0.000372364266095614
-0.0004294068385137779
-0.00036109979161474764
-0.00018883653659147287
-4.4792290196815946e-05
-6.765031858667255e-05
-0.00011540613508093531
-6.305260778669762e-05
2.8785489534760577e-05
6.568546947051015e-05
4.3239314465560996e-05
2.6410525297876526e-05
5.080311662746323e-05
1.7877342513029283e-05
-6.866542237169077e-07
4.529786726430719e-05
0.00010493943389675398
0.0001277682093234236
0.00011312835917921024
9.772946820156412e-05
0.00010689033884083237
9.947375901162714e-05
7.746365472744161e-05
4.5962793547719944e-05
3.368492058592014e-05
1.9026513358712748e-05
-1.426069235563039e-06
-1.6960365004792396e-05
-2.5820064943986136e-05
-2.134350669360987e-05
-2.3225511112314807e-05
-2.569126794549543e-05
-2.4558458388431004e-05
-1.775206874506494e-05
-1.1160259958150243e-05
-8.382325494543376e-06
-6.5601126792662725e-06
-2.9274504820925003e-06
-8.603695810358481e-07
-1.1238087513763166e-06
-1.1253593012894726e-06
7.612652065137069e-07
2.474381848240016e-06
2.8228098224808646e-06
2.600797279038344e-06
3.162902293225129e-06
4.366431384502506e-06
4.621157649316868e-06
4.307953392129212e-06
4.241968488005954e-06
4.073093411643058e-06
3.795977344900472e-06
2.6665696449698845e-06
1.8620108058336484e-06
1.1931948216439793e-06
6.954045322688136e-07
-7.495480589130607e-08
-7.651875922396584e-07
-1.0495805131420017e-06
-1.133083147005344e-06
-1.1649693236294781e-06
-1.2316897138427087e-06
-1.1014668478029035e-06
-8.701662391779106e-07
-7.020792254669336e-07
-5.93215294593418e-07
-4.3814815278342867e-07
-2.5287826294377244e-07
-1.0699376793918414e-07
-5.176225572733201e-08
1.1849616963382267e-09
7.793926942692469e-08
1.3764906478487202e-07
1.6576096381767068e-07
1.7242864687179275e-07
2.0411588360150223e-07
2.250821099524826e-07
2.2909873115175422e-07
2.0981554855922487e-07
1.9648465606251185e-07
1.8924827180637378e-07
1.6114996564064142e-07
1.2608575566616393e-07
8.576050159543776e-08
6.159561913743773e-08
3.377466700651803e-08
6.051516328732347e-09
-1.734507035835173e-08
-2.8844568256429417e-08
-3.487299595687603e-08
-3.994450121179698e-08
-4.1231427978718083e-08
-3.5956328356750934e-08
-2.7121183203871087e-08
-1.9371818463687247e-08
-1.2387084923114536e-08
-4.528072105203923e-09
4.3684791642363205e-09
1.0957163061478623e-08
1.5995038248159833e-08
2.0060952341091533e-08
2.4355521706636435e-08
2.7669127504806323e-08
2.919805488024469e-08
3.054001931077424e-08
3.15894891842459e-08
3.2710719492063615e-08
3.250374972386255e-08
3.2004683424399945e-08
3.141084768231838e-08
3.084045656570958e-08
2.986220950490612e-08
2.850543449726831e-08
2.7442573409687922e-08
2.6497665962912963e-08
2.5689962387693156e-08
2.484050326426266e-08
2.4350212619156895e-08
2.4194105532643773e-08
2.430019958654184e-08
2.4492630600319448e-08
2.4906221472210683e-08
2.5528261274446228e-08
2.629610845453136e-08
2.7073948462145482e-08
2.7860010637375957e-08
2.8708443161712632e-08
2.9548146264783606e-08
3.03523923473833e-08
3.1069504077677924e-08
3.178425291640611e-08
3.246941230120037e-08
3.3112122151167725e-08
3.3701231721104674e-08
3.426026875069069e-08
3.482453104109996e-08
3.535738241685488e-08
3.587494602926532e-08
3.637262266137538e-08
3.688349751486408e-08
3.73908852981282e-08
3.7897188036144225e-08
3.840629322579038e-08
3.893203856758336e-08
3.947610772363046e-08
4.0032602232416455e-08
4.060594475127719e-08
4.1200096004322465e-08
4.181936563393048e-08
4.245650765178667e-08
4.3112491405973737e-08
4.3785785042529425e-08
4.4479624130764044e-08
4.518786201213737e-08
4.5909064737986467e-08
4.6642271581207994e-08
4.738794711195676e-08
4.814511940390374e-08
4.891056364954294e-08
4.968590188608214e-08
5.0470666509809525e-08
5.126621109628835e-08
5.207082571953526e-08
5.288553426568564e-08
5.3711153770387605e-08
5.454826341501091e-08
5.5397081880938226e-08
5.625748873379962e-08
5.713077776150718e-08
5.8017163372657034e-08
5.891724961007948e-08
5.98308902989e-08
6.075892575383422e-08
6.170169687707465e-08
6.265965129067684e-08
6.363281954957218e-08
6.462160977242217e-08
6.562640142651773e-08
6.664741578911969e-08
6.768481680523037e-08
6.873870354233251e-08
6.980945572830502e-08
7.089716996539885e-08
7.200207122700134e-08
7.31242295630354e-08
7.426395144026704e-08
7.542144506680795e-08
7.65969160719136e-08
7.779059511741422e-08
7.900272866066468e-08
8.023365699351946e-08
8.148361836154549e-08
8.275293077082159e-08
8.404187659588115e-08
8.535081510684648e-08
8.668005688146655e-08
8.802992936327156e-08
8.940076474684691e-08
9.079291225449842e-08
9.220672634772204e-08
9.364254194174594e-08
9.510071666771756e-08
9.658160328240113e-08
9.808557595032252e-08
9.96129876875329e-08
1.0116421119821912e-07
1.0273961467663936e-07
1.0433958272357854e-07
1.0596449339456083e-07
1.0761473155900935e-07
1.0929068996719596e-07
1.10992765583334e-07
1.1272136443872473e-07
1.1447689098937784e-07
1.1625976406345992e-07
1.1807040468995956e-07
1.1990924505478004e-07
1.217767198336949e-07
1.236732736539358e-07
1.255993584980161e-07
1.2755543389516037e-07
1.2954196720480968e-07
1.315594319289254e-07
1.3360831080898566e-07
1.356890930961132e-07
1.3780227709512887e-07
1.399483676495141e-07
1.421278784292674e-07
1.443413307879518e-07
1.4658925380793336e-07
1.4887218486550786e-07
1.511906694736916e-07
1.5354526205439006e-07
1.5593652529042462e-07
1.583650306616162e-07
1.608313580645556e-07
1.6333609661437105e-07
1.65879844306701e-07
1.684632087641945e-07
1.7108680705002835e-07
1.7375126502264422e-07
1.7645721961953922e-07
1.7920531653276353e-07
1.819962125910752e-07
1.8483057318973047e-07
1.8770907547760451e-07
1.906324064988689e-07
1.9360126508275594e-07
1.966163590970578e-07
1.9967840865563018e-07
2.0278814587086896e-07
2.0594631339483486e-07
2.091536649464061e-07
2.1241096591638519e-07
2.1571899512729453e-07
2.1907854276276718e-07
2.2249041106722311e-07
2.2595541490687612e-07
2.29474381375545e-07
2.330481512931564e-07
2.3667757817350324e-07
2.40363528484968e-07
2.4410688260611147e-07
2.479085346803085e-07
2.517693927870518e-07
2.556903792640141e-07
2.596724298347536e-07
2.6371649560884974e-07
2.678235430427639e-07
2.71994552905456e-07
2.7623052057182407e-07
2.805324578547888e-07
2.8490139247815474e-07
2.893383677930912e-07
2.938444432906348e-07
2.9842069512384106e-07
3.0306821644670613e-07
3.077881167311194e-07
3.1258152321568273e-07
3.1744958075403083e-07
3.2239345224092247e-07
3.2741431851661396e-07
3.325133782006509e-07
3.3769184904413945e-07
3.4295096794606343e-07
3.4829199094981497e-07
3.537161936423977e-07
3.592248714358315e-07
3.6481933984497915e-07
3.705009350552348e-07
3.7627101377888056e-07
3.8213095380546826e-07
3.880821548823271e-07
3.941260384564965e-07
4.002640479563611e-07
4.0649764907613184e-07
4.1282833033052385e-07
4.192576038546808e-07
4.2578700519373125e-07
4.324180937001487e-07
4.3915245288459956e-07
4.459916911146028e-07
4.5293744181619175e-07
4.599913637755255e-07
4.671551414023637e-07
4.7443048579445465e-07
4.818191343429132e-07
4.893228516940568e-07
4.969434298663505e-07
5.046826887572173e-07
5.125424766323381e-07
5.205246708748362e-07
5.28631177470389e-07
5.368639324639622e-07
5.452249020895892e-07
5.537160830316632e-07
5.623395033307887e-07
5.710972223521224e-07
5.799913319073056e-07
5.890239558823665e-07
5.981972513066343e-07
6.075134088858423e-07
6.16974653906352e-07
6.26583245625506e-07
6.3634147909504e-07
6.462516844926713e-07
6.563162287150093e-07
6.665375153258385e-07
6.769179853767515e-07
6.874601179776563e-07
6.9816643068904e-07
7.090394806771871e-07
7.20081864566402e-07
7.31296219143307e-07
7.426852230464631e-07
7.542515966241226e-07
7.659981005013472e-07
7.779275419499132e-07
7.900427687300426e-07
8.023466762166476e-07
8.148422003285971e-07
8.27532326715813e-07
8.404200850554988e-07
8.535085549120358e-07
8.668008599352003e-07
8.803001753654449e-07
8.940097257388591e-07
9.079327852462571e-07
9.220726782947948e-07
9.36432780977714e-07
9.510165243677149e-07
9.658273911871545e-07
9.808689184244435e-07
9.961446987231254e-07
1.0116583795925782e-06
1.027413665773743e-06
1.0434143213233944e-06
1.059664166188929e-06
1.0761670815248998e-06
1.0929270082922948e-06
1.1099479496406105e-06
1.1272339708541567e-06
1.1447891989616217e-06
1.1626178273225866e-06
1.1807241144342522e-06
1.1991123840881602e-06
1.2177870269835676e-06
1.2367525033521649e-06
1.2560133430315843e-06
1.2755741459501743e-06
1.2954395833681396e-06
1.315614399500294e-06
1.336103413103766e-06
1.3569115164208199e-06
1.3780436789980399e-06
1.3995049480093136e-06
1.4213004489914904e-06
1.4434353873550273e-06
1.4659150491141179e-06
1.4887448025165871e-06
1.5119301002816709e-06
1.5354764793717372e-06
1.5593895632852114e-06
1.5836750630055917e-06
1.608338778410004e-06
1.6333865996975838e-06
1.658824508858625e-06
1.6846585805998376e-06
1.7108949850888969e-06
1.7375399882051112e-06
1.764599953120189e-06
1.79208134242772e-06
1.8199907190936948e-06
1.8483347486060453e-06
1.8771202003400878e-06
1.9063539486267878e-06
1.936042975214658e-06
1.9661943705603924e-06
1.9968153352500385e-06
2.0279131823924823e-06
2.0594953386889048e-06
2.0915693467399646e-06
2.1241428665138076e-06
2.1572236771939812e-06
2.1908196791969176e-06
2.2249388961469163e-06
2.2595894761494317e-06
2.2947796947661234e-06
2.330517956083012e-06
2.3668127948801854e-06
2.403672879645229e-06
2.441107013067406e-06
2.479124135139994e-06
2.5177333255336012e-06
2.5569438046671444e-06
2.5967649366995943e-06
2.6372062322376627e-06
2.6782773489570505e-06
2.7199880961127285e-06
2.762348434920685e-06
2.805368481823868e-06
2.8490585109782612e-06
2.8934289566494038e-06
2.9384904149691235e-06
2.9842536482186776e-06
3.0307295852596144e-06
3.077929325452297e-06
3.1258641415028016e-06
3.174545480698907e-06
3.2239849698215313e-06
3.2741944157490665e-06
3.325185809086812e-06
3.3769713295799225e-06
3.429563342799598e-06
3.4829744096831136e-06
3.5372172841695965e-06
3.5923049231806337e-06
3.6482504815978957e-06
3.7050673211480383e-06
3.7627690092469426e-06
3.821369328138808e-06
3.880882271648043e-06
3.941322053371962e-06
4.002703107493471e-06
4.0650400930985825e-06
4.128347898297788e-06
4.192641641935957e-06
4.2579366781192874e-06
4.32424860063855e-06
4.391593246551458e-06
4.459986699234964e-06
4.529445293312447e-06
4.599985615100699e-06
4.671624512238943e-06
4.744379093730576e-06
4.818266735568495e-06
4.89330508263771e-06
4.9695120558051055e-06
5.046905855540622e-06
5.125504964830288e-06
5.205328154219498e-06
5.286394488072108e-06
5.368723326642079e-06
5.452334331739893e-06
5.5372474710637266e-06
5.6234830239693025e-06
5.711061585467886e-06
5.800004071201091e-06
5.8903317234056205e-06
5.982066112956877e-06
6.07522915017835e-06
6.169843081621918e-06
6.265930506215681e-06
6.363514367992975e-06
6.462617976403604e-06
6.563264994875962e-06
6.665479462967313e-06
6.769285788346007e-06
6.874708763289787e-06
6.981773562560233e-06
7.090505758571811e-06
7.2009313087018545e-06
7.31307660473669e-06
7.426968391879835e-06
7.542633932249281e-06
7.660100757409812e-06
7.779397054194395e-06
7.900551142897409e-06
8.023592186144754e-06
8.148549299545334e-06
8.275452670817142e-06
8.404332204965301e-06
8.535219199752586e-06
8.668144276201343e-06
8.803139989004103e-06
8.940237551639688e-06
9.079470946618616e-06
9.220871839178972e-06
9.364475832176382e-06
9.5103149092616e-06
9.658426473228756e-06
9.80884275288027e-06
9.961603154414389e-06
1.0116740075899987e-05
1.027429513642702e-05
1.043430094543207e-05
1.0596801420195267e-05
1.0761829117734973e-05
1.0929431551764366e-05
1.1099638481837425e-05
1.1272505765841232e-05
1.1448053756762282e-05
1.1626355326672667e-05
1.1807410918467781e-05
1.1991322169069052e-05
1.2178058907091557e-05
1.2367756054705982e-05
1.2560355975244997e-05
1.2756014275857648e-05
1.2954656944046009e-05
1.3156452267081215e-05
1.3361311827499162e-05
1.3569413036136765e-05
1.3780660411088358e-05
1.3995244000136194e-05
1.4213051135472356e-05
1.443430071648057e-05
1.4658902228479258e-05
1.488703239357523e-05
1.51187370791224e-05
1.5354053336730732e-05
1.5593216832643743e-05
1.5836039665124323e-05
1.608305115373556e-05
1.633368145496263e-05
1.6588859320230693e-05
1.6847538203133112e-05
1.7111207266142718e-05
1.7378211860536027e-05
1.7650460638177418e-05
1.792644680008752e-05
1.8206758648219544e-05
1.8492029387565052e-05
1.8780445797893317e-05
1.9072052435071662e-05
1.9370123072102937e-05
1.9663444228208964e-05
1.9972829001768455e-05
2.0261246292810624e-05
2.0590037289294175e-05
2.086606073174491e-05
2.121981956041037e-05
2.1497631657996593e-05
2.1894558329531972e-05
2.218993581107006e-05
2.267677065465035e-05
2.2989187424063824e-05
2.3570442954478266e-05
2.3891521352048235e-05
2.4581952619539052e-05
2.4842556866788864e-05
2.5638251366731684e-05
2.5841742597495186e-05
2.676276884054044e-05
2.6853623825698314e-05
2.7952001993399782e-05
2.7840410476958634e-05
2.919246447798571e-05
2.878645153926856e-05
3.049170946516766e-05
2.96500888199484e-05
3.192569312823084e-05
3.0453018690848756e-05
3.366091235539661e-05
3.08479578461372e-05
3.631257229879271e-05
2.9304866644057966e-05
4.479402330555439e-05
3.735324860374759e-05
6.863148738343134e-05
7.185383790621336e-05
0.00010988589255636703
9.90556893304607e-05
0.00014267744654198944
0.0001328081409824049
0.00014882473550721837
0.0001229485912230988
0.0001656268958754696
0.00013836972589285337
0.00016254493256920906
0.00014809512174066935
0.00016302834039365354
0.0001466426369798764
0.0001556365877914865
0.00013318528256256793
0.00013286930333305798
0.00011178340473652528
0.00011306939759894307
0.0001048593049049535
0.0001147836456744825
9.833588901480374e-05
0.0001219490827322233
0.00011043374051152076
0.00012454017971950368
0.00011815709558192126
0.0001346592766549166
0.000133148012074843
0.00013264970141576367
0.00013825754080530129
0.0001621112140390361
0.00016932519617660064
