-0.0025189946959300034
-0.00146160965200717
-0.0026078743055099147
-0.001420770610955332
-0.0029839504008410986
-0.0013685068820385353
-0.0014520735972389039
-0.002674289753873069
-0.0005915788618491979
-0.002022072707252192
-0.0003531511643158129
-0.0036034878326177897
-0.0006352396049901735
-0.009071869792028635
0.003164425312117585
-0.010888173435032053
0.00627768408803252
-0.013117465514030324
0.005986399583887431
-0.014634588926296467
0.008686908534968382
-0.015732310562284146
0.019849322698380557
-0.033765911374361676
0.10609544862334422
0.15330410737874736
0.17426364757370275
0.24772999294442696
0.3832373450867631
0.3444537466720454
0.24790900270117383
-0.1409243791113971
-0.4221207232213401
-0.28918263731983945
-0.256377737056685
0.04734252593489455
-0.10839111175871924
-0.036060747175382143
-0.25092394641568955
-0.13386526100609297
-0.17437500125013028
0.0132669935029779
0.016159116263017415
0.15956919300403907
0.05903785660405674
0.13669560126549876
0.00024370503263799223
0.07969433748898141
0.04847859504261217
0.08574943608200797
0.005760344250908215
0.0739438493632229
0.05699360552876877
0.07175529187871602
-0.07882067447793906
-0.06352828534553237
-0.06467617422630018
-0.016716861758274387
-0.019718463757563996
-0.016752739504422857
-3.4591735238106774e-05
-0.01354459698169383
-0.029668822413939894
-0.07423815183995672
-0.058927058462660276
-0.0606175874177324
-0.009650530623475257
0.03602936805582585
0.07508564624077298
0.048892653842284736
0.0006696497898229744
-0.010045733297909837
-0.0020425464130260505
0.0309528921945754
0.05222803938410661
0.06028860726092749
0.03414421903065934
-0.010600599275361503
-0.032351340070701125
-0.028841230359965976
-0.009607173609070943
0.0012282603943440168
-0.0059846510406244505
-0.004901652493718508
-0.013910879440812134
-0.014394627524603971
-0.027178846068931315
-0.021642238107251372
-0.013231609123508325
0.009158699417250983
0.011008490070725126
0.018074129013748018
0.006955527702646076
0.0026605099057351077
-0.0038719484491789927
0.005460698789900263
0.014563595984703278
0.025945483062810415
0.030855085219831123
0.026381465273420623
0.015426733280575504
-0.0032116854689664756
-0.010234094280740026
-0.014911415450904745
-0.014680010611735954
-0.016282357381573784
-0.01488501602041769
-0.007493666552928705
-0.015024702091440932
-0.019281811244548572
-0.021803259564701444
-0.008483566653770955
0.0021063344856947124
0.011567674333932222
0.012573930657786982
0.01680525552355932
0.014706413516351283
0.011292117475142718
0.004586483814593806
0.0039048965022127034
0.003914944092364007
0.009060380935298495
0.009695640234619229
0.009252194874448309
-0.001293108252445423
-0.004524861364897374
-0.00943712632814541
-0.004462581641526105
-0.0027921243785006744
0.002923405080252909
0.0020055273446924703
0.0014399041240906545
-0.004945184197551512
-0.008291624103934874
-0.006649178300281727
-0.0010420718133062929
0.0016774501538814718
0.005018324830757995
0.007017813790398007
0.007468579934542552
0.004350865713306385
0.0026335498756899734
0.001640681536087757
0.00350435823758909
0.005761589397994274
0.006888356895872363
0.006671664814327962
0.0021564520219389074
0.0007411561065764102
-0.0019740434604324083
-0.0014258573640916362
-0.0006665262821843293
-0.0003575687701994974
0.0013036199714349585
-0.0005883074080269202
-0.0002242591412040486
-0.000599479030887253
-0.0006308031429100731
-0.00025924077434129794
-0.00010794125569552903
0.00012377297871421044
0.00010302933084277931
5.0152385202351926e-05
-7.091896800153971e-07
-6.608245287982324e-05
-6.472808900887775e-05
2.085376494082318e-05
3.4039110973612167e-05
6.881745350187417e-05
2.8046889142886375e-05
5.903197226644983e-06
1.38815140359079e-08
-2.547709708561178e-05
7.528988294924115e-06
-7.385750600448276e-06
1.4145563939651725e-05
-2.0321018816160555e-08
6.772621767065401e-06
-6.0516032386293776e-06
-1.5403923402837038e-06
-7.4678206546032345e-06
1.78017494802769e-06
-2.4515796627949714e-06
4.089122502058066e-06
-1.648138673928794e-06
1.7573676858825176e-06
-2.857295781026072e-06
8.44590789463094e-07
-2.223178724532687e-06
1.7126720914477757e-06
-1.6193274646916604e-06
1.998772699610585e-06
-1.7618820813661458e-06
1.5018651569318787e-06
-1.9418115951152105e-06
1.2374807503796794e-06
-1.6478940431364185e-06
1.254398004150916e-06
-1.3826566990494905e-06
1.1035406645657636e-06
-1.3518962728590385e-06
8.882435170518965e-07
-1.2716314972570017e-06
7.837313216415599e-07
-1.1271677788414567e-06
7.07092127376764e-07
-1.0226163381942856e-06
6.058466790099821e-07
-9.622871397241837e-07
5.128064107891625e-07
-8.988773925248082e-07
4.475423389896805e-07
-8.2923346855768e-07
3.8731435064243494e-07
-7.74159289543188e-07
3.2218861768633106e-07
-7.281954561344289e-07
2.643363706934885e-07
-6.82910985626891e-07
2.147471875247513e-07
-6.415467434574295e-07
1.6815298357810565e-07
-6.063421358569725e-07
1.2411721475174024e-07
-5.753022193095286e-07
8.434269430437902e-08
-5.470226540644357e-07
4.850387213119027e-08
-5.221282729020449e-07
1.5245711738518485e-08
-5.006940792346912e-07
-1.5548820066560443e-08
-4.818718180622794e-07
-4.378414162356731e-08
-4.6532379980375894e-07
-6.98766342167173e-08
-4.5105203505708957e-07
-9.41704834697514e-08
-4.3886039752849727e-07
-1.1678378167572119e-07
-4.284738047948943e-07
-1.37840517799772e-07
-4.1973232356504046e-07
-1.5754242899709663e-07
-4.125358462219765e-07
-1.760517370837534e-07
-4.067435460857003e-07
-1.9347465699546054e-07
-4.022175624698171e-07
-2.099265947132136e-07
-3.988569386843789e-07
-2.2552658513120454e-07
-3.965698775783825e-07
-2.403733539425271e-07
-3.9526468970237875e-07
-2.5455156795525097e-07
-3.9485986484417285e-07
-2.681420930934677e-07
-3.9528632282377976e-07
-2.812201869041163e-07
-3.964811653540349e-07
-2.938518445550235e-07
-3.983860661607892e-07
-3.060965154686249e-07
-4.009495161467081e-07
-3.180093498439439e-07
-4.0412600885565784e-07
-3.2964053454237474e-07
-4.0787437301410823e-07
-3.410353569946239e-07
-4.121575588073457e-07
-3.522351606969178e-07
-4.1694267075183256e-07
-3.6327787910847304e-07
-4.22200472930713e-07
-3.7419813772338485e-07
-4.2790485307181176e-07
-3.8502753415192367e-07
-4.340326115045371e-07
-3.957950610005822e-07
-4.405632624679065e-07
-4.0652736243426213e-07
-4.4747872956130055e-07
-4.172489187067793e-07
-4.5476310101010865e-07
-4.2798227479541205e-07
-4.6240245188443677e-07
-4.3874825631060217e-07
-4.7038466787462097e-07
-4.4956614016558594e-07
-4.786992682092456e-07
-4.604538048609639e-07
-4.873372564844283e-07
-4.714278800317965e-07
-4.962909917758176e-07
-4.82503879281615e-07
-5.055540687973897e-07
-4.936963179102429e-07
-5.151212056433725e-07
-5.050188171011258e-07
-5.249881462545021e-07
-5.164842029462859e-07
-5.351515733479763e-07
-5.281045938338846e-07
-5.456090285316153e-07
-5.398914813318188e-07
-5.56358839631877e-07
-5.51855799452031e-07
-5.674000568716732e-07
-5.640079922930152e-07
-5.787323934830935e-07
-5.763580713433712e-07
-5.903561758153694e-07
-5.889156741230479e-07
-6.022722978026246e-07
-6.016901073782285e-07
-6.14482171241747e-07
-6.146903917223791e-07
-6.26987695301188e-07
-6.279253072101997e-07
-6.397912223946554e-07
-6.41403425801889e-07
-6.528955231548377e-07
-6.551331445012968e-07
-6.663037623549743e-07
-6.691227177990471e-07
-6.800194748398522e-07
-6.833802854629709e-07
-6.940465447465968e-07
-6.979138976080049e-07
-7.083891833264966e-07
-7.127315369372979e-07
-7.23051915224723e-07
-7.278411418592439e-07
-7.380395598121509e-07
-7.432506239251398e-07
-7.533572224397095e-07
-7.589678889691626e-07
-7.690102783441401e-07
-7.750008499085278e-07
-7.850043648693602e-07
-7.913574450650693e-07
-8.013453717402481e-07
-8.080456507757313e-07
-8.180394343062754e-07
-8.25073496128325e-07
-8.350929258423966e-07
-8.424490730139398e-07
-8.525124518262242e-07
-8.601805483851501e-07
-8.703048456988518e-07
-8.782761765740153e-07
-8.884771666261941e-07
-8.967443075765229e-07
-9.070366929527906e-07
-9.155933964437313e-07
-9.259909222089071e-07
-9.348320125004148e-07
-9.453475680022911e-07
-9.544688485669086e-07
-9.651145612573058e-07
-9.745127289159054e-07
-9.853000461441854e-07
-9.949726152342665e-07
-1.005912381742309e-06
-1.0158576160110202e-06
-1.0269601422119388e-06
-1.037176992607484e-06
-1.0484521176071677e-06
-1.058940166914226e-06
-1.0703973141231587e-06
-1.0811567265755096e-06
-1.092804955681384e-06
-1.1038364328467241e-06
-1.115684486501867e-06
-1.126989226752815e-06
-1.1390455728873324e-06
-1.1506252346025906e-06
-1.1628981046526857e-06
-1.174754773952051e-06
-1.1872521977615493e-06
-1.1993883600539814e-06
-1.2121181989081277e-06
-1.2245367131602167e-06
-1.2375066877309045e-06
-1.2502107617098999e-06
-1.263428478799416e-06
-1.2764216500486228e-06
-1.2898946272399316e-06
-1.3031807434473602e-06
-1.316916430813735e-06
-1.3304996344715072e-06
-1.3445054355960113e-06
-1.358390148569616e-06
-1.3726734380587087e-06
-1.3868643494491413e-06
-1.4014324912240902e-06
-1.4159345459878502e-06
-1.4307949081759225e-06
-1.4456132969542209e-06
-1.460773267479348e-06
-1.4759134185143505e-06
-1.491380417741094e-06
-1.506847988878466e-06
-1.5226294818512234e-06
-1.5384303544198905e-06
-1.5545338630984962e-06
-1.5706741365914258e-06
-1.587107251067382e-06
-1.6035932385896861e-06
-1.6203636265566012e-06
-1.63720185010017e-06
-1.6543172654288551e-06
-1.6715144537508174e-06
-1.688982747728957e-06
-1.706545834639098e-06
-1.7243749629129723e-06
-1.7423110831513156e-06
-1.7605091131222758e-06
-1.778825602934131e-06
-1.7974007226312892e-06
-1.816105118572671e-06
-1.8350656433401002e-06
-1.854165682187072e-06
-1.8735200621607627e-06
-1.8930236804961392e-06
-1.9127805061134803e-06
-1.932695840722561e-06
-1.952863850366183e-06
-1.973199240157958e-06
-1.993787325737205e-06
-2.0145513122682424e-06
-2.0355685255429986e-06
-2.0567698542895384e-06
-2.0782254125991523e-06
-2.0998730352597347e-06
-2.1217763273317404e-06
-2.14387940383233e-06
-2.1662399954831824e-06
-2.188807896531114e-06
-2.21163553683595e-06
-2.2346778462112825e-06
-2.2579824719599906e-06
-2.281508989268946e-06
-2.305300731151379e-06
-2.329321475254319e-06
-2.3536106635250326e-06
-2.3781358759211203e-06
-2.402933045543912e-06
-2.427973193205868e-06
-2.453289088912014e-06
-2.478854868244104e-06
-2.5047004504168136e-06
-2.5308027911882802e-06
-2.5571892411759077e-06
-2.5838393108430606e-06
-2.6107780369829343e-06
-2.6379872439712473e-06
-2.6654898858634313e-06
-2.6932698845433256e-06
-2.721348319573505e-06
-2.7497110150114315e-06
-2.778377363892026e-06
-2.807334915798723e-06
-2.8366015478067767e-06
-2.8661663754294206e-06
-2.8960459142091284e-06
-2.92623070198084e-06
-2.9567360318111593e-06
-2.9875537339340077e-06
-3.0186980050708745e-06
-3.0501618509875747e-06
-3.0819584858387053e-06
-3.114081985188845e-06
-3.1465446840286612e-06
-3.179341632678599e-06
-3.212484380254706e-06
-3.2459688661530236e-06
-3.2798059378389473e-06
-3.3139923465610576e-06
-3.3485383145043235e-06
-3.383441334880999e-06
-3.4187110742461835e-06
-3.454345705240433e-06
-3.4903544011838372e-06
-3.526735957831359e-06
-3.5634991122912574e-06
-3.6006432324320325e-06
-3.6381766707824226e-06
-3.6760993208351765e-06
-3.714419197967285e-06
-3.7531366806412003e-06
-3.7922594892329103e-06
-3.83178845026616e-06
-3.8717310270821475e-06
-3.91208846144131e-06
-3.952867995808684e-06
-3.9940712565390835e-06
-4.035705297018269e-06
-4.077772100936905e-06
-4.120278562107227e-06
-4.163226998463165e-06
-4.2066241698508755e-06
-4.2504727081026095e-06
-4.2947792624203895e-06
-4.339546759195116e-06
-4.384781759346999e-06
-4.430487466506976e-06
-4.476670374179022e-06
-4.523333948435512e-06
-4.570484633160607e-06
-4.61812614372531e-06
-4.66626489091038e-06
-4.71490482728586e-06
-4.764052346622029e-06
-4.8137116286056485e-06
-4.863889063959088e-06
-4.914589049489376e-06
-4.965817986521187e-06
-5.017580482207613e-06
-5.069882960154768e-06
-5.122730229672936e-06
-5.1761287480118915e-06
-5.230083521641157e-06
-5.284601051975049e-06
-5.339686536562013e-06
-5.395346530652316e-06
-5.451586419551006e-06
-5.508412821569018e-06
-5.565831305224221e-06
-5.623848560431296e-06
-5.682470336176165e-06
-5.741703401947011e-06
-5.80155368449034e-06
-5.862028040683198e-06
-5.923132573873446e-06
-5.984874235143156e-06
-6.047259302338626e-06
-6.110294827388341e-06
-6.173987262353409e-06
-6.238343766590271e-06
-6.3033709659376935e-06
-6.369076133244667e-06
-6.43546606809986e-06
-6.502548162659605e-06
-6.570329389943286e-06
-6.638817267437536e-06
-6.708018942683594e-06
-6.777942063697362e-06
-6.848593953239293e-06
-6.919982395492408e-06
-6.992114890136403e-06
-7.0649993625035434e-06
-7.138643489655507e-06
-7.2130553433738184e-06
-7.28824278069945e-06
-7.364214024642782e-06
-7.4409771137415315e-06
-7.51854042703215e-06
-7.5969121871855005e-06
-7.676100934262547e-06
-7.756115076872766e-06
-7.8369633209407e-06
-7.91865426403443e-06
-8.001196782417286e-06
-8.084599664941183e-06
-8.16887196333424e-06
-8.254022661049326e-06
-8.340060989694975e-06
-8.426996130117374e-06
-8.514837498490961e-06
-8.60359447646137e-06
-8.693276669679184e-06
-8.783893663758067e-06
-8.87545525887247e-06
-8.967971248392825e-06
-9.061451630909198e-06
-9.155906411185966e-06
-9.251345791650573e-06
-9.347779992638014e-06
-9.445219424659285e-06
-9.543674527129342e-06
-9.64315592428641e-06
-9.743674278957313e-06
-9.845240433496217e-06
-9.94786527801824e-06
-1.0051559878477417e-05
-1.0156335357093538e-05
-1.0262203008102114e-05
-1.0369174190010162e-05
-1.0477260430845348e-05
-1.0586473330099003e-05
-1.0696824653810225e-05
-1.0808326247648331e-05
-1.0920990121281605e-05
-1.1034828372601026e-05
-1.1149853259679286e-05
-1.1266077136060787e-05
-1.1383512514451244e-05
-1.150217200915609e-05
-1.162206839380904e-05
-1.1743214548375416e-05
-1.1865623512767251e-05
-1.198930843844797e-05
-1.211428263672037e-05
-1.2240559536658385e-05
-1.2368152726963686e-05
-1.249707591906876e-05
-1.2627342985490134e-05
-1.2758967925980552e-05
-1.2891964903214738e-05
-1.3026348210978464e-05
-1.3162132307494977e-05
-1.3299331787380159e-05
-1.3437961410851795e-05
-1.3578036079260874e-05
-1.3719570861266388e-05
-1.3862580971251912e-05
-1.4007081793406158e-05
-1.4153088860924734e-05
-1.4300617880150333e-05
-1.4449684710253485e-05
-1.4600305386199865e-05
-1.4752496100224957e-05
-1.4906273222512075e-05
-1.5061653285034383e-05
-1.5218653000905955e-05
-1.537728924909821e-05
-1.5537579092267124e-05
-1.569953976360977e-05
-1.5863188682664186e-05
-1.602854344441443e-05
-1.6195621833032972e-05
-1.6364441812730546e-05
-1.6535021540075093e-05
-1.6707379355782384e-05
-1.6881533796654993e-05
-1.7057503588003122e-05
-1.723530765489114e-05
-1.7414965115443177e-05
-1.759649529109713e-05
-1.7779917700725192e-05
-1.7965252070544608e-05
-1.8152518328620217e-05
-1.8341736613959993e-05
-1.8532927272808808e-05
-1.872611086599341e-05
-1.8921308166536862e-05
-1.911854016593324e-05
-1.9317828072377193e-05
-1.951919331743884e-05
-1.9722657553769476e-05
-1.9928242661963226e-05
-2.0135970748293174e-05
-2.0345864151889324e-05
-2.0557945442490288e-05
-2.07722374273515e-05
-2.098876314921309e-05
-2.120754589333561e-05
-2.142860918527583e-05
-2.1651976798145353e-05
-2.187767275054289e-05
-2.210572131365211e-05
-2.2336147009713414e-05
-2.2568974618392943e-05
-2.2804229175980514e-05
-2.3041935981199703e-05
-2.328212059517521e-05
-2.3524808846567923e-05
-2.377002683231817e-05
-2.4017800922338048e-05
-2.4268157760601734e-05
-2.4521124269499426e-05
-2.4776727651606078e-05
-2.50349953933597e-05
-2.5295955267312133e-05
-2.5559635335651036e-05
-2.5826063953104158e-05
-2.609526977014173e-05
-2.636728173590079e-05
-2.664212910083322e-05
-2.6919841420694653e-05
-2.720044855909808e-05
-2.748398069130553e-05
-2.777046830666481e-05
-2.8059942212822287e-05
-2.8352433538115064e-05
-2.8647973735747225e-05
-2.8946594586080272e-05
-2.9248328201375855e-05
-2.9553207028378036e-05
-2.986126385277053e-05
-3.017253180095437e-05
-3.0487044345155635e-05
-3.080483530613291e-05
-3.112593885761135e-05
-3.1450389529556565e-05
-3.177822221147903e-05
-3.210947215714227e-05
-3.244417498673936e-05
-3.278236669319198e-05
-3.312408364312665e-05
-3.3469362584045634e-05
-3.381824064419578e-05
-3.417075534135677e-05
-3.4526944581704955e-05
-3.4886846669717224e-05
-3.5250500305573354e-05
-3.56179445961031e-05
-3.5989219053186774e-05
-3.636436360259253e-05
-3.674341858502005e-05
-3.712642476201757e-05
-3.751342332044389e-05
-3.790445587513371e-05
-3.829956447725215e-05
-3.86987916124648e-05
-3.910218021477578e-05
-3.9509773658527505e-05
-3.992161577879281e-05
-4.0337750857531956e-05
-4.0758223649502935e-05
-4.118307936413544e-05
-4.1612363694422134e-05
-4.2046122797423824e-05
-4.2484403322704846e-05
-4.2927252396006334e-05
-4.337471764204886e-05
-4.3826847178206015e-05
-4.428368962202853e-05
-4.474529410563796e-05
-4.521171025750209e-05
-4.5682988248349217e-05
-4.6159178736592465e-05
-4.664033295581605e-05
-4.712650261420149e-05
-4.761774003095125e-05
-4.81140979855417e-05
-4.8615629905114296e-05
-4.912238966556302e-05
-4.963443182105787e-05
-5.015181137196822e-05
-5.067458401597936e-05
-5.120280591166225e-05
-5.173653391200503e-05
-5.227582537166382e-05
-5.2820738306571884e-05
-5.337133131222936e-05
-5.3927663570279075e-05
-5.448979496660818e-05
-5.505778584776027e-05
-5.563169744246597e-05
-5.6211591262006174e-05
-5.679752992911744e-05
-5.7389576123988945e-05
-5.798779390901493e-05
-5.859224714663226e-05
-5.9203001373000315e-05
-5.982012166157679e-05
-6.0443675040507735e-05
-6.107372784334812e-05
-6.171034858493021e-05
-6.235360493551869e-05
-6.300356686181487e-05
-6.366030348221958e-05
-6.432388614494993e-05
-6.499438556569653e-05
-6.567187436698225e-05
-6.635642504603315e-05
-6.704811136323927e-05
-6.774700780589954e-05
-6.84531891246214e-05
-6.916673200175138e-05
-6.988771205177337e-05
-7.061620832139476e-05
-7.135229721716516e-05
-7.209606024673209e-05
-7.284757462508418e-05
-7.360692431742407e-05
-7.437418748723612e-05
-7.514945041360056e-05
-7.593279250233938e-05
-7.672430202844524e-05
-7.752406013148371e-05
-7.833215655433066e-05
-7.914867488450692e-05
-7.997370558527391e-05
-8.08073356072602e-05
-8.164965522778039e-05
-8.250075576489132e-05
-8.336072641342506e-05
-8.422966373794406e-05
-8.510765521754175e-05
-8.59948031335295e-05
-8.689119317585126e-05
-8.779693311215895e-05
-8.871210759633908e-05
-8.963682871586891e-05
-9.057118189456604e-05
-9.151528120064536e-05
-9.246921593340264e-05
-9.343309836015376e-05
-9.4407026377143e-05
-9.539110489028223e-05
-9.638544700489842e-05
-9.739014279978528e-05
-9.840532897790934e-05
-9.943107190053119e-05
-0.00010046754106674514
-0.00010151477029353694
-0.00010257296994159383
-0.00010364213479518037
-0.00010472252055596402
-0.00010581408125277933
-0.0001069171166640256
-0.0001080315448241415
-0.00010915770128031737
-0.00011029548032038617
-0.0001114452370870544
-0.00011260686278936698
-0.00011378070655303522
-0.00011496668821935345
-0.00011616511215800022
-0.00011737597401371156
-0.00011859947702461907
-0.00011983575879628405
-0.00012108484650890543
-0.0001223471014982738
-0.00012362228978369768
-0.00012491108094146638
-0.0001262129010590451
-0.00012752879588537542
-0.0001288577997746493
-0.00013020136718763656
-0.0001315581299777349
-0.00013292993872280104
-0.00013431505847606067
-0.0001357156797898826
-0.00013712977724292816
-0.00013855978244817376
-0.00014000350657333467
-0.00014146345965779824
-0.00014293749843651178
-0.00014442794366810062
-0.00014593303365594197
-0.00014745449823640904
-0.00014899140977935217
-0.00015054442412679278
-0.0001521139356763069
-0.0001536990753899281
-0.00015530192235358622
-0.0001569198550473691
-0.00015855669644645402
-0.00016020820521348987
-0.00016187960461326806
-0.00016356559187613812
-0.00016527204262243168
-0.00016699349824567805
-0.0001687354337052804
-0.00017049345230868527
-0.00017227121129517368
-0.00017406704718873146
-0.0001758808036324414
-0.00017771591836272972
-0.00017956570398081463
-0.00018144166098936075
-0.00018332755884050843
-0.00018524571132239043
-0.00018716830554214913
-0.00018912929685053136
-0.00019109007564734428
-0.00019309361641324768
-0.00019509498991769733
-0.00019714007216376363
-0.00019918494378413682
-0.0002012703495823582
-0.0002033617610880797
-0.00020548610948786382
-0.00020762741241038096
-0.00020978871604158337
-0.00021198464324425823
-0.00021417878711619545
-0.0002164369302857
-0.00021865637988988432
-0.00022098790145943766
-0.00022322237580530693
-0.00022563914143682614
-0.00022788107673458487
-0.00023038895536866804
-0.00023263874322953842
-0.0002352350671610946
-0.0002375014171498484
-0.00024017650664819926
-0.0002424727231585467
-0.00024521540176044177
-0.00024755425762345304
-0.00025035234224187256
-0.0002527404181071266
-0.00025558853480170526
-0.0002580409199261969
-0.00026092025278660154
-0.0002634720220292923
-0.0002663266643439296
-0.0002690601947999071
-0.00027178021627261115
-0.0002748138036767576
-0.00027730509431624474
-0.00028070497765761643
-0.00028292596765678744
-0.0002867032640795832
-0.00028869297977704694
-0.0002927750212810521
-0.00029462880235418603
-0.0002989012628922443
-0.00030075483184546043
-0.000305043120612272
-0.00030707516290345805
-0.00031125978767026553
-0.00031354532762125546
-0.00031757879772193495
-0.00032018221140778165
-0.0003239359857080753
-0.0003270593191909019
-0.0003302927488972656
-0.00033414738629619357
-0.00033670922078793647
-0.00034140322360250364
-0.00034330229290428815
-0.0003485279728860195
-0.0003505143822671048
-0.00035512365386398785
-0.00035854063885919565
-0.00036128696404726275
-0.00036702768818786696
-0.00036755327022101707
-0.0003754810089894138
-0.00037422123388263645
-0.00038389283402704734
-0.00038098531312897015
-0.0003929257006578474
-0.0003867176339563726
-0.0004042064954691508
-0.0003903427818680305
-0.00041846921719320643
-0.000390412817493477
-0.00043624927332114923
-0.0003885875347967886
-0.0004522477809295062
-0.0003943172548385833
-0.00045825724868157284
-0.00040966563802844434
-0.0004577491450619387
-0.00042739560518401673
-0.0004589653693575042
-0.00044126992196928064
-0.00046704254697654303
-0.0004480464218150544
-0.00048261529713577826
-0.0004484235124791111
-0.0004962645928385219
-0.0005163346542762411
-0.0005359074461750435
-0.0006315894621862043
-0.0004558242699918731
-0.0008347689715124257
-0.00020058392202610895
-0.0010458257067671917
-0.00016810901595258002
-0.0010847672553711682
-0.00029470299506208046
-0.0010372127107825015
-0.0004233765998741673
-0.0010108570156121682
-0.0005248893885581724
-0.0010221037595473728
-0.0006141007547192327
-0.0009681597622126668
-0.0007540464872191786
-0.0009022181495774158
-0.0008810889528151323
-0.0008651697002659111
-0.0009006308312187496
-0.0008969239409619099
-0.0009623832539229112
-0.0009703246627630214
-0.001005416343611218
-0.0010537953366526846
-0.0011287383842333177
-0.0011767014280525158
-0.0011857205915204695
-0.0013000048803384152
-0.0012310420696597258
-0.0014393192912623143
-0.001175949532146725
-0.0015940205876253943
-0.001186073170120202
-0.001663949276911797
-0.0012234456872633435
-0.0017086642241688071
-0.0012480518667823265
-0.0017301392976408203
-0.0012676812324619313
-0.0017763183610764507
-0.0013084571162240988
-0.0018391779977652914
-0.001405021229666431
-0.0019072136458501466
-0.0016366430367580204
-0.0018452741368146855
-0.001808939216724377
-0.0018505575448728834
-0.0017091452866974596
-0.0020534284898682843
-0.0016765273374786116
-0.00210352333099572
-0.0016581868628856786
-0.0021228983289816733
-0.0015322984936257389
-0.0024003080178381635
-0.00128954406293642
-0.0025217080643283292
-0.001409717513555616
-0.002414642180331333
-0.0015202699973059577
-0.0012529724486110862
-0.0011442120965225167
-0.0012617664230709256
-0.0012345717545105743
-0.0012640262641318738
-0.0013053549595672797
-0.0012789902586678589
-0.0013601945826794424
-0.0012901656735073205
-0.0014236250163209532
-0.0013216604296135564
-0.0014685206062155253
-0.0013605542044975837
-0.0015142119178136219
-0.00141580830853134
-0.0014698501700200319
-0.001524529663285425
-0.0015548435958232746
-0.0014434289641255295
-0.0016215828115413219
-0.001429049342668586
-0.001274030242528141
-0.0015287686728865145
-0.0008260893403958442
-0.0008415952748225829
-0.001947545637705573
-0.001686375333671281
-0.0016382463012186447
-0.0019155631596689086
-0.0020239552517959843
-0.0018532682824955798
-0.0010943215882943038
-0.001463463200154673
-0.0009658351502391891
-0.0014426808913693672
-0.001521365925592916
-0.0020945616369735486
-0.002229338222161846
-0.003747226316029732
0.03162180794489385
0.05781717645855722
0.07430772511584237
0.14928539446532826
0.165489931253907
0.06149044271503039
-0.03229607427851013
-0.05968602961727752
-0.05794218271336842
-0.04144788798345728
-0.029629760850612717
-0.014957086650959963
-0.0334567188931289
-0.05343173071384008
-0.06423089093016439
-0.03348827092673461
0.0026069052376365255
0.0245961946660105
0.01872423873001442
0.020856365468960598
0.014130423929714815
0.0006344418191751282
0.00010443422643439417
0.01630532671909166
0.028627086693543538
0.027878051971552936
0.009473673145067828
0.0031867749302585103
0.0005736452096042645
-0.00020290700167865334
-0.012167980467232699
-0.008348171869773125
0.002548608381791027
0.0015224410672665981
-0.013224240816983738
-0.030555079200351536
-0.028756982769301182
-0.01671966207027959
-0.0008979457654965933
0.00958299918725333
0.013890683319451074
0.009867567908666738
-0.004340627966661001
-0.00848174261157941
-0.002475929252245452
0.013743075083289726
0.015935175945367305
0.012363747881944994
0.0012523774082457003
-0.004595293620796445
-0.00803201134870991
-0.004202750309751457
0.004171339631252405
0.010241679436536873
0.006141799229028168
-0.005476985847703395
-0.010353526398655319
-0.007474671029061361
-0.0029349168852715263
-0.0020700811947777444
-0.0015742699163716575
-0.0008595554380450712
-0.0036366865574372514
-0.007219937743572937
-0.00832319950467517
-0.0032608665071571746
0.0015136442096841947
0.005315455893482057
0.006464442295926173
0.00784550184434448
0.005765470986635089
0.0013345140431439897
-0.0020224236465255663
-0.002679138741478742
-0.0007935238373823369
0.000334637870780686
-0.0020812365741242614
-0.006761067242333427
-0.011762830768354295
-0.013243772720347087
-0.01038571935525316
-0.005935117782304907
-0.0016360390794824928
-0.0001333221053913379
-0.0016444016093270148
-0.0037300315897273277
-0.002026650560003211
0.0038642185224793306
0.00877171603095123
0.009722733451639176
0.0061710200143063314
0.0011327400299152026
-0.0029735052898367965
-0.0036523402261987685
-0.00031595632257987475
0.0026118350484463163
0.0024611826037393295
-0.0011699790602189516
-0.004979925110876058
-0.006982953365728508
-0.006005373145229306
-0.003412808890243241
-0.0009362564298622011
0.0004907590791841394
-0.000534991053264955
-0.0019477348992177393
-0.003097395935147462
-0.0020519189827108678
4.76667110214559e-05
0.001929099590609173
0.002161394830182999
0.002567930689296923
0.002228240825432842
0.00045568979246278
-0.0009944985883218404
-0.000789538184426809
-0.00019349919416394943
0.00020648991707357213
-0.00028638599022696044
-0.0012083901529836708
-0.002601048192292144
-0.0036789273425723076
-0.0035317540405994476
-0.001839329808669138
0.00021035881116353853
0.000993713931650677
3.992276390003604e-05
-0.0004018651360204321
-0.0004704456992634813
0.0002495005047531382
0.0006606426756192989
0.0018406989029822612
0.0017307841428837202
0.0004804353988863472
-0.0011715005451179259
-0.0016076902537069373
-0.001432947512355057
-0.0006498786307755275
-0.00030693489505297653
-0.0003310865568161837
-0.0010935380898288508
-0.0013017996267614298
-0.0018001713010799612
-0.0012300397478716245
-0.000773305744667163
7.407338026903547e-05
-0.0003107964947939048
-0.0002226639136446182
-0.0006227566075453814
-0.0004591182972572082
-0.0007026828336629572
-7.240673395573894e-05
-0.00018356683297133213
5.130365019045133e-05
-2.599075675646206e-05
-0.00034455009144252326
-0.0008924377401973195
-0.000618563674916132
-0.0001118313454372559
0.00029941243002158267
0.0003009272191711211
0.00012584856501644478
-0.0005175439668925097
-0.0014887909953222613
-0.0019154270674165376
-0.0014859613469917197
-0.0010115971516662177
-0.000650444468830954
-0.0010960646844163009
-0.001213183658291777
-0.0015733755570318995
-0.0013165976327029916
-0.0010378244273089642
-1.0393621039389328e-05
0.0007276980440482139
0.0007256303390742243
-0.00011731880600537773
0.00011208451833980511
-3.9096142927082245e-05
-7.834656812495119e-05
-0.0005291019816131943
-0.0005186813792290924
-0.0006092946208514579
-0.0009708317909795849
-0.0012468908051545512
-0.0012555556595416372
-0.0010574100830686192
-0.0002937525481654876
-1.6268118828468326e-05
5.976194932562778e-05
-0.00018595340732143845
-0.00015886754427191078
1.5917474469271764e-05
-0.00011346852077885692
0.00016976891678421955
-2.163145194713969e-05
0.0001473507857307297
-5.587205802677891e-06
0.00010034868243957761
-3.557300088533467e-05
3.793569101824524e-05
-4.359962753858833e-05
5.250299215711998e-05
-1.982562239579783e-05
4.241985720444775e-05
-3.0909858814656514e-05
2.1222109485826215e-05
-3.221231844200963e-05
2.017725939983481e-05
-2.4537345262184442e-05
2.197149247482825e-05
-2.2921296395702706e-05
2.1972794714641248e-05
-2.190495266238044e-05
1.932253281036135e-05
-2.103957838260872e-05
1.7882595421160608e-05
-1.7642682939747836e-05
1.7229167437800882e-05
-1.5525498566015984e-05
1.509769132689091e-05
-1.4583418486676172e-05
1.3332243727794796e-05
-1.3019233022715536e-05
1.214050309037901e-05
-1.1606295784322162e-05
1.0905491031049444e-05
-1.0471960159529536e-05
9.743419213777398e-06
-9.553517308777556e-06
8.735157658406706e-06
-8.666330112354717e-06
7.932128728735616e-06
-7.81668519602303e-06
7.1726216833940056e-06
-7.106868898298035e-06
6.440669466726304e-06
-6.451836491331046e-06
5.806993818464391e-06
-5.838292229952619e-06
5.2354377226752175e-06
-5.289926844876235e-06
4.709708185695591e-06
-4.799211750075447e-06
4.23073447400373e-06
-4.355550503501855e-06
3.8006861681316294e-06
-3.951580178517374e-06
3.414245246421781e-06
-3.5892001281245985e-06
3.0623926816117472e-06
-3.2644614555799053e-06
2.7446406589913045e-06
-2.970405334841582e-06
2.458212852338283e-06
-2.704967007291468e-06
2.19870941141028e-06
-2.465989830223534e-06
1.9635472004158466e-06
-2.2506489600693583e-06
1.7506496348268508e-06
-2.056403251652402e-06
1.5579934664893165e-06
-1.8813096720538599e-06
1.3833779004027939e-06
-1.723745752361147e-06
1.225050656980661e-06
-1.5819165661863492e-06
1.081573174893614e-06
-1.454276792535198e-06
9.514608010213754e-07
-1.3395255576373897e-06
8.333762431714554e-07
-1.236425485411064e-06
7.261567113128102e-07
-1.14384373937291e-06
6.287517949870171e-07
-1.060768555191346e-06
5.401956954657441e-07
-9.863026459084093e-07
4.596119131891358e-07
-9.196262673763327e-07
3.862227408659596e-07
-8.599927104835858e-07
3.1932249767082917e-07
-8.067356733907011e-07
2.582687554103383e-07
-7.59253542130349e-07
2.0248346294300147e-07
-7.170007227452754e-07
1.514450110285618e-07
-6.794845707664993e-07
1.0468123475253915e-07
-6.462611210034889e-07
6.176461770439584e-08
-6.169297366897045e-07
2.2309105011356252e-08
-5.911281891987663e-07
-1.403402932227812e-08
-5.685296943261061e-07
-4.7580433090840726e-08
-5.488395958716226e-07
-7.861555754746109e-08
-5.3179192899158e-07
-1.0739745503160513e-07
-5.171467109171596e-07
-1.3415955151582087e-07
-5.046875162713653e-07
-1.5911307702358457e-07
-4.942192016176581e-07
-1.8244918327891646e-07
-4.855658040750803e-07
-2.0434086107321307e-07
-4.785687011939297e-07
-2.2494473338738937e-07
-4.730849698274188e-07
-2.444026513557184e-07
-4.6898586436927635e-07
-2.628431131539773e-07
-4.661554457037454e-07
-2.803825639872883e-07
-4.644893572233234e-07
-2.971265735975375e-07
-4.638937156355399e-07
-3.1317089593222054e-07
-4.642841046298375e-07
-3.2860242251195456e-07
-4.655846654413355e-07
-3.4350004814837597e-07
-4.6772728070664025e-07
-3.579354545066253e-07
-4.7065083456991315e-07
-3.7197381462256845e-07
-4.743005433957082e-07
-3.856744304187292e-07
-4.786273528042994e-07
-3.9909131011278513e-07
-4.835873938962339e-07
-4.122736892377723e-07
-4.89141490547155e-07
-4.252665006321602e-07
-4.952547151108888e-07
-4.3811080019363034e-07
-5.018959876644882e-07
-4.5084415160965424e-07
-5.090377142328781e-07
-4.635009740413566e-07
-5.1665545956574e-07
-4.761128558125995e-07
-5.247276520087534e-07
-4.887088386127989e-07
-5.33235317357007e-07
-5.013156746048108e-07
-5.421618387377466e-07
-5.139580583682617e-07
-5.514927394678279e-07
-5.266588367807464e-07
-5.612154869644777e-07
-5.394391987612653e-07
-5.713193170179414e-07
-5.523188479051818e-07
-5.817950742472572e-07
-5.653161570048785e-07
-5.926350681377231e-07
-5.784483088272562e-07
-6.038329437544503e-07
-5.917314237555279e-07
-6.153835654716276e-07
-6.05180675045656e-07
-6.27282911133369e-07
-6.188103925350329e-07
-6.39527977778988e-07
-6.326341582024452e-07
-6.521166962677307e-07
-6.466648910383315e-07
-6.650478544854106e-07
-6.609149253292753e-07
-6.783210281713272e-07
-6.753960804898066e-07
-6.919365189000655e-07
-6.901197255512726e-07
-7.058952981261774e-07
-7.050968367335519e-07
-7.20198957344367e-07
-7.203380509718249e-07
-7.348496630552558e-07
-7.358537128707133e-07
-7.498501161237389e-07
-7.516539190699414e-07
-7.652035161453529e-07
-7.677485578177698e-07
-7.809135290093587e-07
-7.841473450795355e-07
-7.969842578068329e-07
-8.008598574615108e-07
-8.134202175817673e-07
-8.17895563124543e-07
-8.302263123070603e-07
-8.35263848468059e-07
-8.474078143291819e-07
-8.529740442180835e-07
-8.649703467757466e-07
-8.710354483422314e-07
-8.82919867609844e-07
-8.894573476774816e-07
-9.012626555807536e-07
-9.082490370691094e-07
-9.200052977045067e-07
-9.274198381216923e-07
-9.391546793389299e-07
-9.469791158503958e-07
-9.58717974440873e-07
-9.669362942028446e-07
-9.787026376990476e-07
-9.873008704800422e-07
-9.991163979414242e-07
-1.0080824291669411e-06
-1.0199672524416055e-06
-1.0292906542958176e-06
-1.0412634623320483e-06
-1.0509353415427691e-06
-1.0630135486118172e-06
-1.0730264091018558e-06
-1.0852262893263145e-06
-1.0955739085235713e-06
-1.1079107175584156e-06
-1.1185880347756427e-06
-1.131076119669297e-06
-1.1420791353622005e-06
-1.154732034298802e-06
-1.1660577196328202e-06
-1.1788882523550322e-06
-1.1905344676752297e-06
-1.203554817231188e-06
-1.2155202385368685e-06
-1.228742025451428e-06
-1.2410260780799324e-06
-1.2544604275437597e-06
-1.2670632272150217e-06
-1.280720830282387e-06
-1.2936431292428704e-06
-1.3075342981355806e-06
-1.3207774375179618e-06
-1.3349121559755328e-06
-1.3484780224851491e-06
-1.3628659915979622e-06
-1.3767569791384247e-06
-1.391407658792032e-06
-1.4056266336576195e-06
-1.420549280576125e-06
-1.4350995508061182e-06
-1.4503032532420246e-06
-1.465188540744622e-06
-1.4806822495935096e-06
-1.4959066656668185e-06
-1.511699223676402e-06
-1.5272672469947984e-06
-1.5433674148395554e-06
-1.5592838720412602e-06
-1.5757003525383034e-06
-1.5919704007636565e-06
-1.608711860992193e-06
-1.6253409729216628e-06
-1.6424160646077296e-06
-1.659410014878378e-06
-1.6768273928919816e-06
-1.6941922462198125e-06
-1.7119605863515075e-06
-1.7297026873824665e-06
-1.7478307013805625e-06
-1.7659566656095583e-06
-1.784453117351266e-06
-1.802969824133728e-06
-1.8218435421178247e-06
-1.8407581271861605e-06
-1.8600180181387515e-06
-1.8793378685625414e-06
-1.8989929287981707e-06
-1.9187256783415865e-06
-1.938785005833497e-06
-1.9589385315747603e-06
-1.9794113355373977e-06
-1.999993754227378e-06
-2.020889365896396e-06
-2.041909032332416e-06
-2.0632369138903718e-06
-2.084702419185387e-06
-2.1064721731982013e-06
-2.12839234389273e-06
-2.150613721320642e-06
-2.172997618616994e-06
-2.1956805274850333e-06
-2.218537447812286e-06
-2.2416919607142535e-06
-2.2650314358249645e-06
-2.2886677979596466e-06
-2.312499596542441e-06
-2.3366282326069132e-06
-2.3609623610340406e-06
-2.385593882726564e-06
-2.410440587270442e-06
-2.4355857999413914e-06
-2.460955568533074e-06
-2.4866254783091233e-06
-2.5125290434239566e-06
-2.538734863682528e-06
-2.565183204696056e-06
-2.5919363628959687e-06
-2.618940709348032e-06
-2.646252853293345e-06
-2.6738246880924667e-06
-2.7017076925650585e-06
-2.7298587555700526e-06
-2.7583247286331464e-06
-2.787067020539047e-06
-2.8161283100736068e-06
-2.8454740962913228e-06
-2.8751432961573314e-06
-2.9051051112088944e-06
-2.93539506782646e-06
-2.9659857198553047e-06
-2.99690953857977e-06
-3.0281421139087203e-06
-3.059713165278269e-06
-3.091601033259825e-06
-3.1238329596412068e-06
-3.1563897779224304e-06
-3.189296499913827e-06
-3.222536219511709e-06
-3.2561319426296573e-06
-3.2900688135785103e-06
-3.3243680348810783e-06
-3.3590166116548477e-06
-3.3940341261561805e-06
-3.4294092735068465e-06
-3.4651601813423874e-06
-3.5012770804475e-06
-3.5377767936568133e-06
-3.574650948245505e-06
-3.6119151977332883e-06
-3.649562440276419e-06
-3.6876072826696033e-06
-3.726043781006067e-06
-3.764885606244439e-06
-3.8041278701677348e-06
-3.843783408503715e-06
-3.883848296818305e-06
-3.92433462644004e-06
-3.965239353798805e-06
-4.006573908157084e-06
-4.048336052308606e-06
-4.090536628114337e-06
-4.133174137330338e-06
-4.176258902088403e-06
-4.219790102786983e-06
-4.26377760302972e-06
-4.308221207319674e-06
-4.353130376420506e-06
-4.398505490153717e-06
-4.444355656823152e-06
-4.490681787496637e-06
-4.537492684145855e-06
-4.5847897496729614e-06
-4.6325815210994685e-06
-4.680869857841318e-06
-4.7296630699745525e-06
-4.778963441553737e-06
-4.828779089880841e-06
-4.87911269552322e-06
-4.929972214966173e-06
-4.981360699653887e-06
-5.0332859735927244e-06
-5.0857514364695765e-06
-5.138764805906313e-06
-5.192329809708082e-06
-5.246454083199193e-06
-5.301141664353082e-06
-5.356400127929468e-06
-5.412233806270726e-06
-5.46865023355516e-06
-5.5256540220981285e-06
-5.583252684061802e-06
-5.6414510996075605e-06
-5.700256775623472e-06
-5.759674849095968e-06
-5.819712837523716e-06
-5.88037612500147e-06
-5.9416722538477794e-06
-6.003606847020365e-06
-6.066187485066635e-06
-6.129420022816991e-06
-6.193312091474883e-06
-6.257869771356898e-06
-6.323100755771267e-06
-6.389011345544929e-06
-6.455609306681934e-06
-6.522901155965567e-06
-6.590894742429672e-06
-6.659596795320687e-06
-6.7290152561386065e-06
-6.799157063644683e-06
-6.87003026058914e-06
-6.941641992967793e-06
-7.014000413281779e-06
-7.087112873143688e-06
-7.1609876428188526e-06
-7.235632278610641e-06
-7.311055176110939e-06
-7.387264095406868e-06
-7.464267564621441e-06
-7.542073547810559e-06
-7.620690712625833e-06
-7.70012722721967e-06
-7.780391905564841e-06
-7.861493120670231e-06
-7.943439839188645e-06
-8.026240639908777e-06
-8.109904648488132e-06
-8.194440651037682e-06
-8.279857938390286e-06
-8.366165505491752e-06
-8.453372814390804e-06
-8.541489070906425e-06
-8.63052391403133e-06
-8.720486762704943e-06
-8.811387438762978e-06
-8.903235576890046e-06
-8.996041187354085e-06
-9.089814123168332e-06
-9.1845645886646e-06
-9.280302658310305e-06
-9.377038736074978e-06
-9.474783121010731e-06
-9.573546422318117e-06
-9.673339167176414e-06
-9.774172175539984e-06
-9.876056206040092e-06
-9.97900229496998e-06
-1.0083021436355083e-05
-1.0188124888288192e-05
-1.0294323884179018e-05
-1.0401629909586376e-05
-1.0510054441514101e-05
-1.0619609198463554e-05
-1.0730305905119948e-05
-1.0842156518567803e-05
-1.0955173015981905e-05
-1.1069367598795206e-05
-1.1184752501043485e-05
-1.1301340174256865e-05
-1.1419143114269811e-05
-1.1538174028279645e-05
-1.1658445678741419e-05
-1.1779971034698027e-05
-1.1902763130509789e-05
-1.2026835202756073e-05
-1.2152200562862625e-05
-1.2278872721166283e-05
-1.2406865271589408e-05
-1.2536192004143426e-05
-1.2666866800822868e-05
-1.2798903737703686e-05
-1.2932316990527039e-05
-1.3067120927437648e-05
-1.3203330023914706e-05
-1.334095894693502e-05
-1.3480022477691922e-05
-1.3620535588115655e-05
-1.3762513371307414e-05
-1.3905971110855884e-05
-1.4050924218242888e-05
-1.4197388295390388e-05
-1.4345379078635777e-05
-1.4494912495024454e-05
-1.4646004612500589e-05
-1.4798671690061322e-05
-1.4952930134001438e-05
-1.5108796542469358e-05
-1.5266287667276473e-05
-1.5425420452878252e-05
-1.5586212003425933e-05
-1.5748679617182137e-05
-1.5912840758001555e-05
-1.6078713085585037e-05
-1.624631443057509e-05
-1.6415662822073687e-05
-1.6586776464975832e-05
-1.675967376589516e-05
-1.6934373311184005e-05
-1.7110893893364877e-05
-1.7289254488110683e-05
-1.7469474282338384e-05
-1.7651572648320484e-05
-1.783556917615424e-05
-1.802148364291525e-05
-1.820933605072017e-05
-1.8399146589555325e-05
-1.8590935682116175e-05
-1.87847239402137e-05
-1.8980532215664868e-05
-1.9178381551375095e-05
-1.93782932363329e-05
-1.9580288755037763e-05
-1.9784389841212045e-05
-1.999061843212149e-05
-2.0198996712925653e-05
-2.0409547086136688e-05
-2.0622292194794924e-05
-2.0837254919693973e-05
-2.1054458367514035e-05
-2.127392591150289e-05
-2.149568112772113e-05
-2.1719747895925434e-05
-2.1946150267691312e-05
-2.2174912643381896e-05
-2.2406059557337403e-05
-2.263961594312384e-05
-2.287560682716263e-05
-2.3114057686955333e-05
-2.3354994053803742e-05
-2.3598441955971772e-05
-2.384442744667785e-05
-2.409297710759435e-05
-2.4344117536683385e-05
-2.459787586585983e-05
-2.485427926645207e-05
-2.511335541257804e-05
-2.537513208298892e-05
-2.5639637481268338e-05
-2.5906900031740887e-05
-2.6176948452558016e-05
-2.644981185297225e-05
-2.6725519451547164e-05
-2.7004101079920327e-05
-2.728558644753468e-05
-2.75700061389509e-05
-2.785739035574949e-05
-2.8147770452008846e-05
-2.8441177140888906e-05
-2.8737642540905715e-05
-2.9037197923337428e-05
-2.9339876135334717e-05
-2.9645709085707406e-05
-2.99547302815439e-05
-3.0266972383172447e-05
-3.058246945614082e-05
-3.090125505414578e-05
-3.1223363679246476e-05
-3.154882993496735e-05
-3.1877688634169036e-05
-3.2209975575935306e-05
-3.254572578204035e-05
-3.288497635925205e-05
-3.3227762488704824e-05
-3.3574122620273365e-05
-3.392409214735689e-05
-3.427771077276523e-05
-3.463501430941998e-05
-3.4996043429211645e-05
-3.536083480790167e-05
-3.572942953985797e-05
-3.610186589012715e-05
-3.647818452615244e-05
-3.6858426338233616e-05
-3.724263043504678e-05
-3.763084159811272e-05
-3.802309607441662e-05
-3.84194439118611e-05
-3.8819917171089235e-05
-3.9224572458655595e-05
-3.963343650626068e-05
-4.004657349409354e-05
-4.0464004086672445e-05
-4.088580048301283e-05
-4.131197729060872e-05
-4.174261425458057e-05
-4.217772104946776e-05
-4.261738311168485e-05
-4.306160801211402e-05
-4.3510483029785896e-05
-4.3964018696240155e-05
-4.442229779761308e-05
-4.488534154705251e-05
-4.535321940339393e-05
-4.582597304076901e-05
-4.6303648068028746e-05
-4.678631785350062e-05
-4.7273992619441144e-05
-4.776678901771751e-05
-4.8264670441903726e-05
-4.876780806528127e-05
-4.927610806067375e-05
-4.978980506956739e-05
-5.030874102347456e-05
-5.083321927033211e-05
-5.1363014593455014e-05
-5.189849793446345e-05
-5.2439383920310735e-05
-5.2986098210269545e-05
-5.353831488052953e-05
-5.409648477317148e-05
-5.466028203381807e-05
-5.523013590999037e-05
-5.580577025265216e-05
-5.6387537128119516e-05
-5.6975272324085715e-05
-5.756919007332366e-05
-5.816929219312631e-05
-5.8775601697423825e-05
-5.938834155473367e-05
-6.000729963873987e-05
-6.0632943044568784e-05
-6.126481411986208e-05
-6.190362916558007e-05
-6.254870034615157e-05
-6.320093906560134e-05
-6.385951831467812e-05
-6.452541995544985e-05
-6.519785846586016e-05
-6.587762426427579e-05
-6.65643082687579e-05
-6.725812923736652e-05
-6.79594722725039e-05
-6.866752866445744e-05
-6.938393580986884e-05
-7.010646117159344e-05
-7.083829081351274e-05
-7.157557600189672e-05
-7.232313200593122e-05
-7.307554144864213e-05
-7.383908729835745e-05
-7.460702433390558e-05
-7.538676716633869e-05
-7.617076564650512e-05
-7.696676304777138e-05
-7.776751562827713e-05
-7.85796791504471e-05
-7.939807942504093e-05
-8.02260627988709e-05
-8.106329630926763e-05
-8.190647614189834e-05
-8.276412031811109e-05
-8.362149616893944e-05
-8.450109973821217e-05
-8.537223170643313e-05
-8.627482319353917e-05
-8.715946291241897e-05
-8.808593834480703e-05
-8.898398327792842e-05
-8.993554176978959e-05
-9.084641629159683e-05
-9.182389186891171e-05
-9.274852894245453e-05
-9.375128800250172e-05
-9.469100284138277e-05
-9.571870034506258e-05
-9.667539312399392e-05
-9.772366309944609e-05
-9.870186530717496e-05
-9.976630548804853e-05
-0.0001007779188336522
-0.00010184165952334206
-0.00010289542977598518
-0.00010395930210471086
-0.000105061381543794
-0.00010611432059595216
-0.00010726479477666563
-0.0001083100025777474
-0.00010952485393414578
-0.00011053604424833834
-0.00011182191478345901
-0.00011281764677716354
-0.00011416185602987868
-0.0001151397284181086
-0.00011653426983190612
-0.00011751814624347647
-0.00011894311420664318
-0.00011994461561195473
-0.00012136258249385986
-0.00012245899132654514
-0.00012379437301951717
-0.00012502393312922952
-0.00012626197997420076
-0.00012764697241610709
-0.00012877269643152213
-0.0001302815916874419
-0.00013137891400017898
-0.0001329005844279299
-0.00013409549111517986
-0.0001355170471364609
-0.00013686324098439984
-0.00013821407701733674
-0.00013965619806522063
-0.00014090930662972567
-0.0001426144620538584
-0.00014351208516804508
-0.00014574979812673455
-0.00014605527882573808
-0.00014901190760095685
-0.00014855240956429278
-0.0001525155395244223
-0.00015070064462014386
-0.0001567469975477442
-0.00015261808323358667
-0.000160483930485933
-0.000155527564405331
-0.00016353389806479483
-0.00015895443333261818
-0.00016670481526876195
-0.0001612436465579935
-0.00017161071296817234
-0.00016294125326385585
-0.00017541879842680567
-0.00016687111019889067
-0.0001773740040785087
-0.0001717197664209876
-0.00017960975615154216
-0.0001757455041507532
-0.00018349577471267237
-0.0001786389522604973
-0.00018226319069123646
-0.00023209162091828751
-0.00017503711311705073
-0.00024942853370682775
-0.00019470203067442586
-0.0002734285815776473
-0.0002346968734950319
-0.0002703925487591314
-0.0002092917724227923
-0.0003662019993179997
-0.0001838767378270021
-0.00038929732204986967
-0.00023660630157182339
-0.00039132247013314546
-0.0002836833140370177
-0.00038252645974934125
-0.0003382498611258994
-0.00040063901016008756
-0.000371220164970073
-0.0004021348075583641
-0.0004711982725814478
-0.00038869151419757084
-0.000513454147884073
-0.00042621537338125015
-0.0005269734886167638
-0.0005016012123401602
-0.0005033499386184544
-0.0005910096760223756
-0.0005078767824054466
-0.000649360930629353
-0.0005364328315248575
-0.0006752440768328554
-0.0005586860145324534
-0.000714254164885622
-0.0005766629295658934
-0.000757710017520273
-0.0006169228177262976
-0.0007852145361610288
-0.0006400520420226271
-0.0008050943014449681
-0.0006603744912960282
-0.0009405387049522575
-0.0008080128797477021
-0.0008136259284472758
-0.0009356887716003848
-0.0008526254193951116
-0.0009395508685847778
-0.000939787220828759
-0.0009770474001396315
-0.0009305026041140953
-0.0010347585984677252
-0.0009669179115217811
-0.0010162773359632532
-0.0010029612626842287
-0.0010510607780173653
-0.0009695637004957722
-0.001149110260354122
-0.0009754524830801626
-0.001163681037545418
-0.0010243334264809327
-0.0012026354931166305
-0.0011056071652308494
-0.001196192191686723
-0.0011919736751727994
-0.0012175440381147814
