-5.397514255425903e-05
4.5640108880279904e-05
3.019798787780889e-05
0.0001235920023024131
0.00013016601307091168
0.00011158235277122054
0.0001537802017690555
0.00016882902443464182
0.00012878147724597393
0.0001782030947121188
0.0001803172038419998
0.00015787454505724837
0.0001449096259923074
0.00011098489796916512
9.045061673272425e-05
5.107441131029861e-05
6.575228374074851e-05
0.00012912674445891186
4.550685169061371e-05
0.00015559165623559685
4.458371372885445e-05
0.00010650030889859023
-1.973837243741082e-06
0.00010918468137039524
-2.587868384803572e-05
0.00011138186506226382
-2.8325716654955917e-05
8.653867190863912e-05
6.23621505312622e-05
0.00012194546816460868
0.00011961035801681934
0.00018775269006234506
0.00020644905319026246
0.00016693368954716272
0.00023639087453066116
0.0001635117195333542
0.0001644308957275888
0.00018651360064911426
0.00013405423973977628
0.0001330548690955654
9.61966011362273e-05
4.2818199135752385e-05
2.367978395358742e-05
-9.636834265737548e-06
-5.6536506009872284e-05
2.6388929695843008e-06
-8.865124252467238e-05
-3.6678304354624514e-06
-2.73622573591985e-05
-2.0564753154707554e-05
-6.409170561630283e-05
-1.1711237343705098e-05
-2.9169564959323957e-05
3.906171203594587e-05
-2.83038346401245e-05
3.4306625819042685e-05
-1.4263837980410223e-05
0.00011531502283394015
1.0738803938009606e-05
0.00017680300231797888
9.122865009058903e-05
0.0001389667873639686
3.561248523259969e-05
7.897482878769768e-05
-3.637807929674989e-05
6.770540125003303e-05
5.4930643255959475e-05
0.0002795963513527084
0.00019375652356819355
0.00038325669970982535
0.00038507068006927406
0.0005108092904724762
0.00045810156421727564
0.0005582503209228154
0.00036181855208744626
0.0003793372024137397
0.0001715876776863182
1.3997605867954434e-05
-0.0002385488670930419
-0.00024944725953984716
-0.0004958576637062028
-0.00038319191857030344
-0.0005446547956218315
-0.000300954977397826
-0.0003832633197071506
-0.000176690539102341
-0.00015702603313008865
-1.573351778759861e-05
-1.2469310940399844e-05
1.6736093909714095e-06
-6.590882766587948e-05
3.426218191905384e-05
-0.00010792398653826679
1.847552053351911e-05
-0.00010683275134198752
-9.89590104816459e-05
0.0001588897783880701
-0.00038979525663365374
-0.0012585326435302366
-0.00011359089758817913
-0.0009504654337271629
0.00037303240851970084
-0.0021908308124909334
0.0016244975220738797
0.0004862906055447426
0.001719833119668433
0.00042190814937112303
0.0027933732772268977
-0.0009956462628741176
0.003360772720916977
-0.0037170413907249007
0.006800406593602567
-0.007127755656862326
0.010083134448584892
-0.012239500170042876
0.017105955863177078
-0.027869827942020454
0.06327753382945096
0.28865115711554373
0.2665772029047617
0.1324410252803298
0.11545057743671863
0.29082632122609536
0.1576917423651613
-0.3930646484638133
-0.2536836872882553
-0.25817174954535216
-0.2561765212601568
-0.19941114378631808
-0.09900115233251383
0.07279286020068271
-0.0828696323794727
-0.0694592229909321
-0.05589161149888446
-0.005737224100769784
0.09371143188840503
0.07699885939900189
0.012722253632628772
0.07333502646535954
0.1194470934949873
0.06120683805441168
-0.03857683590756326
0.028046543644597348
0.020286363090883143
0.018269671084671736
0.021388960006976453
-0.0056818353717941
-0.020977847315059257
-0.05977560782558808
-0.07850064233240975
-0.05394141303705751
0.012252942219493843
-0.006303405594097814
-0.023301110429011954
0.03307493921382419
0.021637147685318263
-0.039838435947399484
-0.03604967172609279
-0.002135199734060835
-0.0004961094037220896
-0.02733932471138278
0.01433402895833603
0.02060498614478718
-0.014362469881434876
-0.05855104814617808
-0.03012966892297636
-0.014024686281196285
0.0031812374737575063
0.00812728340729159
-8.634200018303697e-05
0.024589381365097366
0.03525292799636413
0.006033117485112685
-0.010613460009000902
-0.024370092191330864
-0.002472741142798429
0.007122896004068596
0.017048934462280837
0.010262143083588856
-0.017026166135202685
-0.024719200204609586
-0.02465480156794271
-0.008605981581717142
0.007288676606140503
0.011896332582281621
0.0009348866319577338
-0.005259060319814195
-0.009136808531286995
-0.007992340498771396
0.0007317263404154374
0.01125220219570778
0.006400614692322795
0.00074964273971234
0.007675946271748828
0.013428055103895263
0.002078018128281214
-0.005734367035360307
-0.004579319318635697
0.002919674492711667
0.007171051945170773
0.0043432040237325505
0.0014839435713031323
-0.0027669193626253235
-0.0038082687492665595
-0.005193893947435591
-0.0018296017065450542
8.502393448708492e-05
0.0013656035937653094
0.0008144390895471788
0.0019249817929751505
0.0012928548776367102
-0.002095300060576224
-0.003281739353269077
-0.001637934394233625
0.00039593284113350724
0.004197380559792902
0.005756417269620463
0.0037442656819614405
-0.002461233031884809
-0.004609954387672353
-0.0024105379167389286
0.0018997427927904347
0.004924007316585197
0.0032053342733887064
0.0003619902071049803
-0.00117059259906652
-0.0017873558126109902
-0.0021631230105766484
-0.0015293062174757117
-0.00015111163540427108
0.0005615129675003608
0.000554974854975381
0.00036767343500001566
-0.0007800834790222133
-0.0017815948187028426
-0.001922562340692418
-0.00044709703856975116
0.0017374534906087835
0.003055535778046638
0.002606495782089679
0.0009839313429061208
0.00043485348853062515
0.00010637937713479212
0.0006297897115499386
0.0014804939807134265
0.0017813219819520563
0.0014084801137100008
0.0011488979244286392
0.000879358644590152
0.00043863629843787
-0.00046620719609403007
-0.0006643447762957522
-3.935981466228266e-05
0.001009122822453023
0.0018049249533367657
0.0013782253730719573
-4.421395653102808e-05
-0.0015535718436636551
-0.0016054980078751945
-0.0009281766360439781
1.3914271196085841e-05
0.000256318255933531
-6.199724070180346e-05
-0.0007588487950158611
-0.0010505635645569843
-0.0007818714376364782
-7.645782471456334e-05
0.0006601973871775914
0.0015135629597311314
0.0017393403339234263
0.0017402103950157832
0.0015980666322608973
0.0007589862972593784
0.00023424506535131237
0.0001399331848914059
0.000792652455494748
0.001096088592364741
0.0009779436129079343
0.00019559110109790192
0.0002123082053385613
0.0009226131755970633
-0.0007535125135020929
5.790305824110919e-05
0.0004332323103171053
0.0012789016600257088
-0.0007677706369302209
-0.0011326811395891245
0.002170710436647193
-0.000717308305472304
-0.000851359186796734
-0.0009051274088950984
-9.363720905255493e-05
-0.00047401367783141135
-0.0031792824533902163
-0.0014839426176763509
-0.0018523050581350563
0.0014221576177990574
0.0022381543088113194
0.002896931136089068
0.0023854493005271296
0.0027158450122168306
0.00161095455830942
0.0004959535450928475
0.0002760518392971135
0.0018201062348752592
0.0011199554752811263
0.0016419673089643446
0.00118464874693971
0.0014606797671829388
0.0005717803953445566
-1.2516292094950834e-05
-0.00036040014122960384
6.412690687159742e-05
0.0013517953034316277
0.0011394182825642393
0.0012301137229664201
0.0005584859676299688
0.00036913371098444905
7.184480857806003e-05
-7.619258738712255e-08
5.586447674276577e-05
0.0007810322006186899
0.0012286347901301797
0.001618114848139702
0.001172824254270964
0.0015445054892350998
0.0014134924134372936
0.001278909425696341
0.0011495616981017482
0.0014732878001952505
0.001449901017606242
0.0011350004864200023
-6.551007795067691e-05
-0.0005955675756603772
0.0005616253299271825
0.0006743068429824791
0.0004194855531114267
-0.0002754957456641496
-4.433545693495895e-05
0.0005582424219049545
0.0007475510872206296
0.0006139184614003157
0.00048004945612342427
0.0001449532145626276
0.0003747222444001636
0.0005815556758572185
0.001092440667539135
0.0004938014223845226
0.0009727768215125232
0.0005690192380550962
0.0008311722642312253
0.0006143971821562631
0.0007347409251925122
0.0006230109109738513
0.0006706833653745414
0.0006108645353970548
0.0006243865728251963
0.0005891799929167493
0.0005873915096223626
0.000563812082234363
0.0005554714763143208
0.0005375273404315561
0.0005266097249076703
0.000511565208434716
0.0004998473660179305
0.0004864520989186754
0.0004747151401271925
0.00046239034025848027
0.0004509678089867483
0.00043943747362256477
0.0004284627859968827
0.0004175875678970632
0.0004071052073177468
0.0003968077870947261
0.0003868231496326653
0.00037705473717033686
0.0003675564339502826
0.00035828172209117874
0.00034925153438499293
0.0003404419242646218
0.00033185922800601717
0.00032348976162158496
0.00031533347634370504
0.000307381431178165
0.0002996308618723048
0.00029207509142267427
0.00028471027615496747
0.00027753088599049083
0.0002705327236553305
0.0002637108991490507
0.00025706118015782187
0.00025057908349620725
0.00024426047832093803
0.00023810117782153062
0.0002320972079184018
0.00022624462303799317
0.00022053962507995184
0.0002149784796085432
0.0002095575678422619
0.00020427334787651193
0.00019912237673794068
0.0001941012918294134
0.00018920681965844694
0.0001844357663976868
0.0001797850206790661
0.00017525154829534442
0.00017083239242227967
0.00016652467021723233
0.00016232557191357645
0.00015823235833828733
0.0001542423595660685
0.00015035297287903458
0.00014656166126468181
0.00014286595163400147
0.00013926343329438652
0.00013575175631857887
0.00013232863005075107
0.0001289918215852283
0.0001257391543276372
0.00012256850656553733
0.00011947781009298292
0.00011646504884929446
0.00011352825761344219
0.00011066552072198444
0.00010787497081458084
0.00010515478761833366
0.000102503196761956
9.99184686157411e-05
9.73989171646113e-05
9.494289890776841e-05
9.254881178766749e-05
9.021509414417644e-05
8.794022369699333e-05
8.572271655010255e-05
8.356112622578135e-05
8.145404272276013e-05
7.940009159305202e-05
7.739793304536308e-05
7.544626107430785e-05
7.354380260790605e-05
7.168931667396461e-05
6.988159359308521e-05
6.811945419073206e-05
6.640174902549506e-05
6.472735763969617e-05
6.309518782980639e-05
6.15041749339601e-05
5.995328113635179e-05
5.8441494790595646e-05
5.696782976105923e-05
5.553132477670525e-05
5.413104280775692e-05
5.276607045257776e-05
5.143551734059103e-05
5.013851555342317e-05
4.887421905857967e-05
4.7641803157145865e-05
4.644046394537147e-05
4.526941779207317e-05
4.412790082494782e-05
4.301516843306847e-05
4.193049478267637e-05
4.0873172342921956e-05
3.984251142369451e-05
3.8837839725751005e-05
3.7858501903611434e-05
3.6903859136172085e-05
3.5973288710448834e-05
3.5066183617531e-05
3.41819521530147e-05
3.3320017534069946e-05
3.2479817521999856e-05
3.166080405523863e-05
3.086244289209395e-05
3.0084213262565673e-05
2.932560752913363e-05
2.858613085363015e-05
2.7865300876052674e-05
2.7162647400587873e-05
2.6477712086437353e-05
2.581004815140595e-05
2.5159220079551758e-05
2.452480333608988e-05
2.390638409168648e-05
2.3303558952169743e-05
2.2715934696268723e-05
2.2143128016303458e-05
2.158476527188408e-05
2.104048224423808e-05
2.050992389695106e-05
1.99927441476408e-05
1.9488605641855867e-05
1.899717952940862e-05
1.851814525371303e-05
1.80511903404814e-05
1.759601019770302e-05
1.7152307910729585e-05
1.671979405289864e-05
1.6298186496681487e-05
1.5887210227692614e-05
1.5486597167284203e-05
1.5096085994521351e-05
1.4715421980113677e-05
1.4344356817171943e-05
1.3982648460904632e-05
1.3630060969131375e-05
1.3286364349352563e-05
1.2951334408910053e-05
1.2624752607976645e-05
1.2306405918111939e-05
1.1996086681404078e-05
1.1693592477406218e-05
1.139872598982536e-05
1.111129487724584e-05
1.0831111648858553e-05
1.0557993540663384e-05
1.0291762399297286e-05
1.003224456228507e-05
9.77927074553091e-06
9.532675935384843e-06
9.29229927806402e-06
9.05798397647344e-06
8.829577186692612e-06
8.606929919039103e-06
8.389896941454842e-06
8.178336683160045e-06
7.972111143975016e-06
7.77108580295383e-06
7.575129531632146e-06
7.384114508456139e-06
7.197916133964066e-06
7.016412951520623e-06
6.839486566739665e-06
6.667021570699026e-06
6.4989054645988795e-06
6.33502858667285e-06
6.175284040059676e-06
6.0195676235769505e-06
5.867777763814835e-06
5.71981544839539e-06
5.575584161312489e-06
5.434989821040577e-06
5.297940718316206e-06
5.164347455602586e-06
5.0341228901500955e-06
4.907182077181537e-06
4.783442213140968e-06
4.662822582264792e-06
4.5452445049116495e-06
4.430631285628369e-06
4.318908161331925e-06
4.210002255582706e-06
4.103842529357009e-06
4.000359734507654e-06
3.8994863694920555e-06
3.8011566344704355e-06
3.7053063892827727e-06
3.6118731107462354e-06
3.5207958527462674e-06
3.4320152057525273e-06
3.345473257703208e-06
3.261113558202641e-06
3.1788810790954545e-06
3.098722179750425e-06
3.0205845733181864e-06
2.9444172906478684e-06
2.8701706477650884e-06
2.7977962135689066e-06
2.727246778682534e-06
2.6584763235854503e-06
2.59143998889573e-06
2.526094047574459e-06
2.4623958745176265e-06
2.400303918977774e-06
2.3397776792444665e-06
2.2807776733543952e-06
2.2232654155132596e-06
2.1672033915176797e-06
2.1125550310229554e-06
2.0592846881382183e-06
2.0073576133597924e-06
1.9567399359869187e-06
1.907398637321714e-06
1.859301532559823e-06
1.812417249948936e-06
1.7667152030457768e-06
1.7221655818229194e-06
1.678739329436451e-06
1.6364081154854261e-06
1.5951443295170276e-06
1.5549210510074958e-06
1.5157120484561554e-06
1.477491742207622e-06
1.4402352001387296e-06
1.4039181238391623e-06
1.3685168205762485e-06
1.3340082009896627e-06
1.3003697518452012e-06
1.2675795319658123e-06
1.2356161533181025e-06
1.2044587656147006e-06
1.1740870449761796e-06
1.1444811793745379e-06
1.1156218572866308e-06
1.0874902551584622e-06
1.0600680210074532e-06
1.0333372676981734e-06
1.0072805588002306e-06
9.81880898483006e-07
9.571217176744572e-07
9.329868658983914e-07
9.094606004233629e-07
8.865275752754226e-07
8.641728313032483e-07
8.423817851258963e-07
8.211402240547233e-07
8.004342921279954e-07
7.802504821423817e-07
7.60575628362941e-07
7.413968971909605e-07
7.227017789967149e-07
7.044780778712621e-07
6.867139066648632e-07
6.693976783058841e-07
6.525180971394835e-07
6.360641527799159e-07
6.200251118581267e-07
6.043905133893898e-07
5.891501581216721e-07
5.742941045008831e-07
5.598126617545329e-07
5.456963844130414e-07
5.319360646544036e-07
5.185227256038205e-07
5.054476180793577e-07
4.927022137571346e-07
4.802781987528482e-07
4.6816746861189085e-07
4.5636212310518065e-07
4.44854462364197e-07
4.336369794216699e-07
4.2270235746724727e-07
4.1204346356432664e-07
4.016533452950999e-07
3.9152522529270484e-07
3.816524963146106e-07
3.720287187578431e-07
3.6264761502438625e-07
3.535030662187022e-07
3.445891070623895e-07
3.358999227064119e-07
3.274298456569513e-07
3.1917335074210795e-07
3.1112505206355723e-07
3.032796998883591e-07
2.956321767094011e-07
2.881774938765652e-07
2.809107889408663e-07
2.738273217174972e-07
2.6692247173144834e-07
2.6019173542286833e-07
2.5363072113718244e-07
2.4723515023618303e-07
2.4100085066524127e-07
2.3492375537167293e-07
2.2899990087012212e-07
2.2322542241916266e-07
2.1759655367738912e-07
2.1210962334802796e-07
2.0676105121596178e-07
2.0154734991768928e-07
1.9646511716625407e-07
1.915110381823376e-07
1.8668188156694548e-07
1.819744976754023e-07
1.7738581499157635e-07
1.729128410055819e-07
1.6855265830284516e-07
1.6430242245077734e-07
1.6015936107492603e-07
1.5612076977966453e-07
1.521840174508078e-07
1.4834653521995228e-07
1.4460581652595006e-07
1.4095942516066488e-07
1.3740498017687786e-07
1.33940167386902e-07
1.3056272192297352e-07
1.2727044245179273e-07
1.2406118301503538e-07
1.2093284648380734e-07
1.1788339568039041e-07
1.1491083912445327e-07
1.1201323905311172e-07
1.0918870553197624e-07
1.0643539532020907e-07
1.0375151260951648e-07
1.0113530645068647e-07
9.858507111701331e-08
9.609914341894565e-08
9.367589914530128e-08
9.131376048007733e-08
8.901118608850567e-08
8.676667375556724e-08
8.457875862229332e-08
8.244601443414303e-08
8.036704982365347e-08
7.834050785567124e-08
7.636506781007885e-08
7.443944048592544e-08
7.256237019917771e-08
7.07326325696464e-08
6.894903310404252e-08
6.721040913008555e-08
6.551562696825372e-08
6.386358025853474e-08
6.225319093056993e-08
6.068340922582615e-08
5.915321236896025e-08
5.766160020244165e-08
5.6207600379203125e-08
5.4790265261741265e-08
5.340866992799764e-08
5.206191237415881e-08
5.074911525921894e-08
4.946942150168242e-08
4.822199681304615e-08
4.700602710392722e-08
4.582071920652096e-08
4.46653002911376e-08
4.353901649997195e-08
4.244113319422024e-08
4.1370933710933866e-08
4.032772043789743e-08
3.93108137938282e-08
3.8319548775734256e-08
3.73532796806692e-08
3.641137643890617e-08
3.5493224018060335e-08
3.459822362742067e-08
3.3725791652883946e-08
3.287535961580927e-08
3.204637193370691e-08
3.1238288188172383e-08
3.0450581123882964e-08
2.968273697841195e-08
2.893425494272968e-08
2.8204646952386184e-08
2.7493436544545266e-08
2.6800159872472466e-08
2.612436526372268e-08
2.5465611300777048e-08
2.4823468067550203e-08
2.4197517302696446e-08
2.3587350487510803e-08
2.2992569402449994e-08
2.2412785973284152e-08
2.184762183465123e-08
2.1296708437555656e-08
2.075968629964252e-08
2.0236204955107438e-08
1.9725922442356825e-08
1.9228506152341868e-08
1.8743631570233496e-08
1.8270982717722654e-08
1.7810250146677075e-08
1.7361134157785167e-08
1.692334096123349e-08
1.6496584127694523e-08
1.608058673144199e-08
1.5675077429848708e-08
1.5279790196130738e-08
1.489446777806075e-08
1.451885987602047e-08
1.415272120886533e-08
1.3795812309051227e-08
1.3447900611878241e-08
1.310876132122607e-08
1.2778172030095212e-08
1.2455916494199734e-08
1.214178638750743e-08
1.1835576746313872e-08
1.153708963888729e-08
1.1246129541942623e-08
1.0962507629636888e-08
1.068604121921661e-08
1.0416550292843049e-08
1.0153862023431527e-08
9.897804713202354e-09
9.648214324155767e-09
9.404928850466343e-09
9.167790658570762e-09
8.936644896860059e-09
8.711341327981292e-09
8.491731076556291e-09
8.277671831400518e-09
8.069020473924077e-09
7.865640832670912e-09
7.667398118759577e-09
7.474162766561016e-09
7.285804245885704e-09
7.102198331396595e-09
6.9232195731502855e-09
6.748747902532437e-09
6.578655736486083e-09
6.412828088865619e-09
6.251135924867368e-09
6.093464235414851e-09
5.939686309366487e-09
5.789694014685966e-09
5.643358444939149e-09
5.5005879682915385e-09
5.361254134216009e-09
5.225282979849817e-09
5.092545613937655e-09
4.96297506650395e-09
4.8364534840136114e-09
4.712897632130333e-09
4.592216804955376e-09
4.474320459491379e-09
4.359129742500384e-09
4.246584523154122e-09
4.136584805160964e-09
4.029124795086603e-09
3.924089050878418e-09
3.8214687469680965e-09
3.7212339804905143e-09
3.623307411645526e-09
3.527750603411154e-09
3.4344787638862506e-09
3.3435414871886907e-09
3.254942003644637e-09
3.1685953526239784e-09
3.084702619639973e-09
3.002944721011702e-09
2.9241527571728654e-09
2.848004374000901e-09
2.7757748330761722e-09
2.7070930028877394e-09
2.6426671450099914e-09
2.5816692364628857e-09
2.523725548637598e-09
2.4686596434599084e-09
2.4156365959187437e-09
2.3643689324101547e-09
2.317444174710845e-09
2.272336185589561e-09
2.2326984810668374e-09
2.1974517346815686e-09
2.1676865642099655e-09
2.143410409772596e-09
2.1231677611779215e-09
2.1081817079809245e-09
2.093457396800877e-09
2.0748482573165142e-09
2.053581303271268e-09
2.01697867912784e-09
1.9693521733071123e-09
1.9045440229244204e-09
1.8247790249323326e-09
1.7244236878277003e-09
1.6156036733048704e-09
1.48257446770661e-09
1.3439811657241924e-09
1.1821444760584665e-09
1.0150575813910878e-09
8.191526380818548e-10
6.029700835852303e-10
3.5671014753102526e-10
7.097939597189296e-11
-2.5577804978194063e-10
-6.13657307477547e-10
-1.0140512093220755e-09
-1.4313446069531962e-09
-1.8530173263864302e-09
-2.2853190347060792e-09
-2.657459044919791e-09
-3.0561967678810475e-09
-3.3640158454001368e-09
-3.673378231802693e-09
-3.959005985890163e-09
-4.103634178992399e-09
-4.336497213403012e-09
-4.280884048288303e-09
-4.363815326452469e-09
-4.183648439834431e-09
-4.011871352488372e-09
-3.812041567824442e-09
-3.5281606308376623e-09
-3.0846353544361493e-09
-2.8721676599563484e-09
-2.0984244914618033e-09
-1.9126466764551875e-09
-8.265853175537519e-10
-6.961717972930881e-10
7.633281368102374e-10
6.137539226847011e-10
2.898492758307558e-09
8.001521029088465e-09
1.4476907450600152e-08
2.8073279985385557e-08
3.8806798351165295e-08
5.117821749245702e-08
5.7824860337507555e-08
5.8388998726288666e-08
5.958331747695639e-08
4.5496597197991484e-08
4.330403793884052e-08
3.7815319191975005e-08
2.763950014000871e-08
2.9828536106391024e-08
2.71544808409796e-08
2.7257604550204317e-08
2.9238719133350966e-08
2.3228566267078504e-08
2.239151287476704e-08
-9.954109397858346e-09
-4.233008511073111e-08
-1.0283747905320828e-07
-1.8342617216695473e-07
-2.6747105249733116e-07
-3.511971686624704e-07
-4.415097213140984e-07
-5.137369561772354e-07
-5.652107824931363e-07
-6.234322115182545e-07
-6.126716783423809e-07
-6.092690025386624e-07
-5.586764385042808e-07
-5.195979185561783e-07
-4.7039400782964563e-07
-4.0124089218914263e-07
-3.994121548249116e-07
-3.064898991809485e-07
-3.37852496303144e-07
-2.2815365691847278e-07
-2.3821202309900862e-07
-1.1297456959237333e-07
-1.3150246494075118e-07
1.1183952981232669e-07
-1.268198481985854e-07
2.899513307421525e-07
-9.778492818289866e-08
2.8372130013009506e-07
2.850220130762998e-07
3.6998535353754275e-07
9.000561949044916e-07
6.746151305359049e-07
1.4168510076659896e-06
1.2730938799276892e-06
1.2009772630272586e-06
1.8656710504272311e-06
1.1465742743160812e-06
1.9391880759847546e-06
1.074778036735946e-06
1.5574289107256334e-06
1.1687608308108555e-06
3.997137901223802e-08
2.6479223761699533e-06
-6.466556664003198e-06
2.5507698641717996e-05
3.6948565966698934e-05
6.177799122331334e-05
0.00010039085175904442
5.7411955906633765e-05
7.219517792835708e-05
-1.3346071560428065e-06
-2.696966915353402e-05
-8.262954888071933e-05
-0.0001552114871917033
-9.584699796566767e-05
-0.00017684214432909829
-0.0001635306582400246
-0.00015607948525772026
-0.0001358478827822925
-0.00010430868218591337
-9.217737501731352e-05
-1.6747111565640035e-05
-2.1933667838636573e-05
5.051981211572114e-05
-3.0090347820470862e-06
7.410404255028092e-06
1.0896702049413082e-05
6.653948814558155e-05
7.717264500884115e-05
7.95699145039827e-05
4.567377869631302e-06
7.905963767071433e-05
2.341123493026301e-05
0.00015358593313896234
2.8295596494299903e-05
0.00017018807311617082
4.048576583158493e-05
0.00011109533453708616
6.644874157857834e-06
8.928689177405797e-05
5.3231234894884826e-05
0.00010340758228093223
0.00012470173800900779
7.921193277529712e-05
0.00014028469082598047
0.0001243060202737232
0.00016212820369926415
0.00019677002533697452
0.00011791975870533317
0.00015026312725145504
4.965570652832206e-05
4.488205591191393e-05
-4.795771350923019e-05
-4.1767455754359506e-05
-0.00010803787306241282
-9.742061768548303e-05
-0.00018888254539388915
-0.00016170122741747668
-0.0002536107564377968
-0.00014982074990548802
-0.00027834863075060115
-0.00012677595771792057
-0.000290388704392875
-7.969054392100317e-05
-0.00026901262314244433
-5.7117718616092795e-05
-0.00016452597174818458
-4.0351160831377384e-05
9.36317021427862e-05
0.00011604484598394985
9.536414434641117e-05
9.310175968833993e-05
8.310160134436123e-05
8.685902231098366e-05
9.026560839152126e-05
0.00010094896672506774
0.00010890437197706712
0.00012306831933102364
0.0001352091369549642
0.00014647439919641015
0.00016796324420926794
0.00017357550406572463
0.00018627730208238856
0.00019332386696353259
0.0002064813914626617
0.00020443400033948284
0.0002122601724737951
0.00020670048669099638
0.00021156716809661873
0.00021081212698713438
0.00020692780434013343
0.0002173664462520128
0.00021092758181424294
0.00021861053438894138
0.00021258859969847842
0.00022430274570094704
0.0002213047226511277
0.00023927776104037507
0.00023599937933520423
0.0002513145940391907
0.00025387832608892336
0.00026300908712729835
0.0002763731964221532
0.0002802391628948682
0.0002917269296932464
0.0002949948608142905
0.00030785011775814213
0.00031131991552294495
0.00031810063859587505
0.00032062617302427765
0.0003266771298775779
0.0003236975267991531
0.00032256091690789006
0.0003183022198272838
0.00032499209897339206
0.00031663407711128046
0.00032544888611035023
0.0003242142528058989
0.00032416770857053486
0.00032350184653752564
0.000319662932412337
0.00032517991027421233
0.0003237761890948476
0.0003311931125919055
0.0003243811679304666
0.00033228165755817753
0.0003339966005743762
0.00033751154388480696
0.000342767445889568
0.0003487176322552866
0.00034893627712043396
0.00036000444718370194
0.00035002245707301156
0.0003637320281892845
0.00036114219902925906
0.00036730581855482603
0.0003702821219485975
0.00037545793027637323
0.000379482413829928
0.0003835759299150586
0.0003781547619586407
0.0003846249853451252
0.00038153634128266177
0.0003866218956756196
0.00038468228348609496
0.0003911116585101111
0.00038028192891573773
0.00038376042419405306
0.00037513276679980613
0.00037596076773515887
0.00036727925949874013
0.00036423595916266403
0.000370883942351106
0.00036652008333554957
0.00037267759522084545
0.0003733122951358877
0.00038301210283454043
0.0003824747471721491
0.0003961523254910969
0.00039643330818330333
0.00040319618623055006
0.00041045614712704906
0.0004097967920769634
0.000425825558188821
0.00043909102069035727
0.0004498933940757533
0.0004702214928501932
0.0004803851945095719
0.0005041425480742134
0.0005119775199428451
0.0005137965675405844
0.0005195919234946722
0.0005236592810295551
0.0005096799630824847
0.00048727980370263295
0.00047000188310071923
0.000448608194638566
0.00042950327955234885
0.00041771016297909974
0.00041649905686847615
0.0004216415963323876
0.0004208901695335938
0.00043260043177544276
0.0004266829703561269
0.00045598403270079844
0.00043080483049461125
0.000476359173629589
0.0004798911506753412
0.0004997842724967317
0.0004737007445313097
0.00046683480035882724
0.0004599279449636751
0.00045664198167509845
0.00032469865792763083
0.00017744955104151517
0.00018514333579877114
0.00017149601199686017
0.00025597009969288134
0.00017053181972993557
0.00032387788334658065
0.0003544303702080892
0.0003738520047921358
0.0005081455310375516
0.0005744826869388161
0.000504552623705787
0.0004443910106638708
0.0009241902551576097
0.0004360732121177071
0.001183772458489211
0.0004283772636520989
0.0012364213206592317
4.2732447224616874e-05
0.000766533283150846
-0.0001384227815698915
0.03413020937774879
0.04608274264638751
0.038652946535761616
0.024881049286579957
0.042786145467225964
0.04733061607051857
0.01651715371228888
0.002704152788148182
-0.007524406650415576
-0.017363283348559057
-0.04300615472589555
-0.050170079331862544
-0.04336509480920772
-0.011049081178695585
0.00029218597626319695
-0.003966820245791364
-0.015505761037120513
-0.014609462729626002
0.001899508031917867
0.019246963023916222
0.02480135462064961
0.01634108507321716
0.010733342732256427
0.007816529769744517
0.006725459972737197
0.01498974766202234
0.023984015266917243
0.01921787001581321
0.004158061732622124
-0.008143990265425052
-0.011498720137875949
-0.013080711372919818
-0.012075189786030926
-0.009162568959684848
-0.008638423264855413
-0.01551683451887403
-0.02126355352820658
-0.017720316594979177
-0.008991408149432903
-0.006236212391330107
-0.009307294008455704
-0.009079918789299118
-0.0025034786058102856
0.0037249361973397768
0.002829499267548123
0.0002890938449253784
-0.0016654224696251363
-0.00060071946316387
0.0015415731497366181
0.0036368230729196347
0.004986397856434178
0.0024445467009509667
-0.0027415056882997718
-0.006375893874301699
-0.005004580735474025
-0.0003200740101683639
0.0025161845358178695
0.0002169086571255624
-0.0039434771325780014
-0.007322047270374662
-0.007844557237006524
-0.005838482177638731
-0.001945606425693722
0.0008284820699140305
-0.0006160042489907409
-0.0035721768410420943
-0.004590648463836744
-0.0018072035059224821
0.0016559743099406048
0.002587131543496145
0.0017732014417755028
0.0011311823166471374
0.0009659368381944469
0.00027435859061375305
2.798186364311931e-05
0.001124201320540643
0.0011415176419336843
-0.0009678996278111126
-0.0021840232684786597
-0.0015681308480163148
-0.0006873066525774446
-0.0015850298746367432
-0.002923738837824232
-0.002093194195372513
-0.0002580386675910116
0.0003765293314207816
0.0009241099752397384
0.0019847517175318697
0.0011844045279782683
-0.00018566759607087672
0.0004854947480658746
0.002599011837803933
0.0032804484968186366
0.0018714614273821503
-9.172663774724818e-05
-0.0012652368267754947
-0.0014175727759364164
-0.0006558846963817705
0.0005070916664283461
0.0008337363028232748
-0.00019215929366826138
-0.0014826574057140544
-0.0016328251425155413
-0.0008650203506160408
0.00020709501496342625
0.0009146647201718769
0.0007022580317406952
-0.00018417143627115382
-0.0005122376675730204
0.00010702195499238216
0.0009290079248506617
0.0013018076652089993
0.0010848063865684261
0.0004800128694195416
6.521800832770965e-05
3.443345447153125e-05
0.0003668563912361246
0.0005587669552570252
0.00029950501752129896
-0.00020863615943010665
-0.0002003963293269312
0.00017782539861424507
0.0004813821303321797
0.0005052132859258314
0.00041640609137495363
0.00028882024779196887
0.00020640326366390703
0.0002838563725582572
0.0003542143267784013
0.00014986724454362716
-0.00032499026821794714
-0.0007443715922959673
-0.0007198572318279699
-0.00027635922157986844
0.00030468824764087765
0.0005332808756012794
0.00027877651594658087
-0.0001794347706330876
-0.0003645793211938883
-5.460594149494793e-05
0.0002743178921664309
0.0005117638313918002
0.00034182030789831855
-0.00020190206236834145
-0.0006042864636391652
-0.0006399187992741248
-0.00032383836918569906
-9.554139691771049e-05
-5.175459118496879e-05
-0.00016968084600234822
-0.0003738347668429043
-0.00035754140726532087
-0.0003107171832410003
-0.000253633785607099
-7.220496938366243e-05
7.557293548313203e-05
1.4191001042115382e-05
-1.370652831863894e-05
0.00019468470031805906
0.0002593479865594323
0.00014190152931487074
0.00016127095687454217
0.00036797347892564855
0.00025176864583839387
5.8489232217117445e-05
-0.00017822551277966357
-0.0003148914212186829
-0.0005579471065677202
-0.000619107821147646
-0.00041158821324690966
-0.0004347766143886652
-0.0005414114651142957
-0.0005389823733170031
-0.00027971355844579385
-0.0001458625389247622
0.00023995732177488848
0.00035420792865413346
0.0004294192854065467
0.00022284943059981297
9.781487525889997e-05
5.635763411037612e-05
0.0001812837993226458
0.00030536037653276327
0.0002748723198776014
3.7038890440792586e-05
-0.00022478889707338852
-0.00018531922397861114
1.0257980309645804e-05
6.71803943038242e-05
5.729766544300147e-06
-2.4965587009166104e-05
-3.323082182187911e-05
4.588901522266619e-06
6.446642258919313e-05
8.499620012255085e-05
3.216870441571462e-05
-3.075158428592203e-05
-0.0001506153344135795
-0.00018215987527156897
-0.00019058337136009136
-0.000137963566832183
-0.00013001181551066036
-6.689625435563729e-05
-4.20104797354703e-05
-0.00013187923796607474
-0.0001323935514901505
-2.280590454707854e-05
5.989967477364579e-06
-9.368533186046449e-05
-0.00013970623583078835
-0.0001133134972793648
-5.523944192580184e-05
-0.00013158793752191238
-0.00026789036454494784
-0.00028588941312051967
-0.00020277945617204018
-0.0001346187899956212
-9.99187103838165e-05
-3.6860878054849854e-05
1.3689781012351902e-05
-3.399456595554618e-06
-2.3987934418007867e-05
-3.3311063899061234e-05
2.328935988602952e-05
9.311534325039117e-05
0.00012727812453927016
4.6170084195751825e-05
0.00010440885597309737
4.840815191490058e-05
8.361040029957433e-05
5.383292556640539e-05
7.093215333374902e-05
5.5981746997303076e-05
6.330630243892412e-05
5.566039342119744e-05
5.8273334130280806e-05
5.4064135399151895e-05
5.4522815466483745e-05
5.191520834898278e-05
5.142729371066428e-05
4.957740619303612e-05
4.86962067507425e-05
4.722043094335808e-05
4.6195218154854804e-05
4.491934768225356e-05
4.386083759627099e-05
4.270512960887542e-05
4.1661507969078265e-05
4.0588709438158e-05
3.958010780087307e-05
3.8572085995267937e-05
3.7606116495957716e-05
3.6653374968919456e-05
3.573210652449565e-05
3.4829084688303084e-05
3.395216900764376e-05
3.3095133759722395e-05
3.2261203191165724e-05
3.144730161264153e-05
3.065459226924035e-05
2.98814243838378e-05
2.912805225667621e-05
2.8393476800610967e-05
2.7677558567846313e-05
2.6979603236319946e-05
2.6299307653623524e-05
2.5636126266635056e-05
2.498969460300836e-05
2.435954541181798e-05
2.374529815138025e-05
2.314653173656259e-05
2.2562869252222047e-05
2.199392083542884e-05
2.1439321478490796e-05
2.0898705323872294e-05
2.0371722467275605e-05
1.9858027325527893e-05
1.9357286042489836e-05
1.8869171164460018e-05
1.8393364843847745e-05
1.7929556345049752e-05
1.7477443372650885e-05
1.703673084957661e-05
1.6607131409346375e-05
1.6188364750728253e-05
1.5780157762580087e-05
1.538224413918964e-05
1.4994364343634526e-05
1.461626534756484e-05
1.4247700527578221e-05
1.3888429462687838e-05
1.3538217804984665e-05
1.3196837108791614e-05
1.286406469393599e-05
1.2539683492346376e-05
1.222348191159137e-05
1.1915253692912635e-05
1.1614797779678433e-05
1.1321918184597414e-05
1.1036423862980976e-05
1.0758128587289966e-05
1.0486850825929473e-05
1.0222413624505155e-05
9.964644490964057e-06
9.713375282785133e-06
9.46844209736929e-06
9.229685165152102e-06
8.996948745453666e-06
8.770081024533626e-06
8.548934016692805e-06
8.333363467950822e-06
8.123228762013703e-06
7.918392828258814e-06
7.718722052449701e-06
7.5240861896250894e-06
7.334358279093142e-06
7.149414561495398e-06
6.969134398169115e-06
6.793400192658865e-06
6.622097313854869e-06
6.455114021128807e-06
6.292341391351102e-06
6.133673248082843e-06
5.9790060923822595e-06
5.828239035172324e-06
5.681273731173445e-06
5.538014315040378e-06
5.398367338847049e-06
5.262241711066477e-06
5.1295486371026925e-06
5.000201561449334e-06
4.874116111240598e-06
4.751210041052065e-06
4.631403179343485e-06
4.514617376198881e-06
4.400776452417497e-06
4.289806149779044e-06
4.181634082545679e-06
4.07618969014378e-06
3.973404191239388e-06
3.873210538998204e-06
3.775543377235321e-06
3.6803389977784623e-06
3.587535298989642e-06
3.4970717451255983e-06
3.4088893269084396e-06
3.3229305229765904e-06
3.2391392625269802e-06
3.157460888643924e-06
3.0778421226895726e-06
3.000231029442801e-06
2.9245769832238818e-06
2.8508306349478966e-06
2.778943880028044e-06
2.7088698268149067e-06
2.640562766065033e-06
2.5739781412013538e-06
2.509072519163308e-06
2.4458035620539682e-06
2.384129999574659e-06
2.3240116022295803e-06
2.2654091548224693e-06
2.2082844310511706e-06
2.152600168459651e-06
2.098320044319042e-06
2.045408651748452e-06
1.9938314767757565e-06
1.943554875598578e-06
1.894546052922042e-06
1.846773040305199e-06
1.8002046755405437e-06
1.7548105820290399e-06
1.710561149322737e-06
1.667427513665754e-06
1.625381538966137e-06
1.5843957986489727e-06
1.5444435576239909e-06
1.5054987552838925e-06
1.4675359879827074e-06
1.4305304926726494e-06
1.3944581305422852e-06
1.3592953717427557e-06
1.3250192796959682e-06
1.291607496150415e-06
1.2590382266151607e-06
1.2272902261438923e-06
1.1963427855964234e-06
1.1661757179428636e-06
1.1367693452910303e-06
1.1081044858310559e-06
1.0801624415722477e-06
1.0529249860260364e-06
1.02637435217388e-06
1.0004932210286863e-06
9.752647103408426e-07
9.506723636528818e-07
9.267001394323355e-07
9.033324006280335e-07
8.805539044432118e-07
8.583497924809073e-07
8.367055809900615e-07
8.156071514863863e-07
7.950407415710682e-07
7.749929358392323e-07
7.554506570759355e-07
7.364011577762016e-07
7.17832011998509e-07
6.997311071943175e-07
6.820866361638645e-07
6.64887089394826e-07
6.481212476252326e-07
6.31778174579558e-07
6.158472096721339e-07
6.003179611242684e-07
5.85180299236609e-07
5.704243497722838e-07
5.560404874464434e-07
5.42019329666837e-07
5.283517303991388e-07
5.150287742845952e-07
5.02041770843772e-07
4.893822486723188e-07
4.770419499269737e-07
4.650128250349825e-07
4.532870274575647e-07
4.4185690842943207e-07
4.3071501213674563e-07
4.198540707395026e-07
4.09266999635538e-07
3.989468928638465e-07
3.8888701864513663e-07
3.7908081496484545e-07
3.6952188523634347e-07
3.6020399421895404e-07
3.5112106384793565e-07
3.422671692948165e-07
3.33636535186646e-07
3.2522353178392454e-07
3.17022671282634e-07
3.090286042925456e-07
3.012361163043473e-07
2.936401242657332e-07
2.862356732847378e-07
2.7901793347702517e-07
2.7198219672449047e-07
2.6512387365951076e-07
2.584384905886841e-07
2.519216866363362e-07
2.455692108194245e-07
2.393769195332729e-07
2.3334077353231314e-07
2.2745683543337017e-07
2.2172126712740063e-07
2.1613032736246735e-07
2.106803691696266e-07
2.0536783746787123e-07
2.0018926698743631e-07
1.9514127969663501e-07
1.902205828665848e-07
1.8542396669221043e-07
1.8074830231728828e-07
1.761905397617636e-07
1.71747706178123e-07
1.674169032932465e-07
1.6319530627773374e-07
1.590801612773654e-07
1.5506878435307876e-07
1.511585584687558e-07
1.4734693306629743e-07
1.4363142202011327e-07
1.400096016421085e-07
1.3647910940316546e-07
1.3303764208663898e-07
1.2968295520462188e-07
1.2641286036290007e-07
1.2322522451361194e-07
1.2011796805252778e-07
1.170890644266228e-07
1.1413653787188931e-07
1.1125846259443881e-07
1.08452961047e-07
1.0571820321112271e-07
1.0305240521753072e-07
1.004538281087217e-07
9.792077698342339e-08
9.545159943913709e-08
9.304468489136717e-08
9.069846333264325e-08
8.841140424745066e-08
8.618201572361834e-08
8.400884359589399e-08
8.189047040555722e-08
7.982551433952773e-08
7.78126283490377e-08
7.585049943673156e-08
7.39378477071929e-08
7.20734255064776e-08
7.025601667395669e-08
6.848443578242279e-08
6.675752728300358e-08
6.507416463735619e-08
6.343324971747662e-08
6.183371217735037e-08
6.027450872562892e-08
5.875462229731291e-08
5.727306142663596e-08
5.582885967165153e-08
5.4421075037532204e-08
5.304878918657935e-08
5.171110700592121e-08
5.040715591014388e-08
4.9136085370856026e-08
4.789706623681278e-08
4.668929027597246e-08
4.5511969696404586e-08
4.436433651520966e-08
4.32456421627786e-08
4.2155156901660384e-08
4.109216940502425e-08
4.0055986242531e-08
3.904593155116924e-08
3.8061346468651336e-08
3.710158877345826e-08
3.6166032403237014e-08
3.525406710308543e-08
3.436509795956208e-08
3.349854511501256e-08
3.265384331137787e-08
3.1830441585885966e-08
3.102780285176368e-08
3.024540351644848e-08
2.948273319057504e-08
2.8739294420827843e-08
2.8014602271655975e-08
2.730818402050389e-08
2.661957887169046e-08
2.594833764155667e-08
2.5294022506280184e-08
2.465620659985318e-08
2.4034473906746345e-08
2.342841887159608e-08
2.2837646189086125e-08
2.2261770455268143e-08
2.170041602618175e-08
2.1153216744201897e-08
2.061981574548455e-08
2.0099864998096573e-08
1.9593025359261607e-08
1.9098966238390025e-08
1.8617365359421822e-08
1.8147908581716415e-08
1.7690289645915652e-08
1.7244210109759045e-08
1.6809378972516137e-08
1.6385512545532763e-08
1.59723343371972e-08
1.5569574900609756e-08
1.5176971485486124e-08
1.4794267906765614e-08
1.442121478504655e-08
1.4057568573175999e-08
1.370309220944093e-08
1.33575540624091e-08
1.3020729172381201e-08
1.2692397807680805e-08
1.237234565102871e-08
1.2060363899181123e-08
1.1756249019065487e-08
1.1459802881814973e-08
1.1170831850629195e-08
1.0889147649003304e-08
1.0614566433057512e-08
1.034690930005501e-08
1.0086001447657394e-08
9.831672808616621e-09
9.583757182356168e-09
9.342093067041994e-09
9.106522924954251e-09
8.876893077373882e-09
8.653053641563373e-09
8.434858524641008e-09
8.222165444587287e-09
8.01483571687394e-09
7.812734161222537e-09
7.61572895390905e-09
7.423691547966569e-09
7.236496702695938e-09
7.054022247289342e-09
6.876149165845318e-09
6.702761549352149e-09
6.533746299964942e-09
6.368993134590276e-09
6.208394573935759e-09
6.051845966958784e-09
5.899245108468426e-09
5.75049248301672e-09
5.605491108251774e-09
5.464146430299039e-09
5.326366215273326e-09
5.192060646491085e-09
5.061142128602505e-09
4.933525339125e-09
4.809127052937982e-09
4.6878661037665775e-09
4.569663439963831e-09
4.4544420332750904e-09
4.342126843479466e-09
4.232644607200797e-09
4.125923995360915e-09
4.02189543770152e-09
3.920491095204788e-09
3.82164492201487e-09
3.725292554686635e-09
3.631371250304837e-09
3.539819864800068e-09
3.4505787758348783e-09
3.3635898242026507e-09
3.2787963416102805e-09
3.196143216462142e-09
3.1155767226645655e-09
3.0370444365759516e-09
2.9604952505321927e-09
2.8858793965093853e-09
2.8131483658386594e-09
2.742254912296155e-09
2.67315298683405e-09
2.60579772759235e-09
2.540145413386613e-09
2.4761534164502875e-09
2.4137802765670374e-09
2.3529855586201277e-09
2.2937298930738237e-09
2.235974892733769e-09
2.1796832122425794e-09
2.124818468201249e-09
2.0713451989316962e-09
2.0192289306808584e-09
1.9684361086112247e-09
1.91893418279162e-09
1.8706913430962223e-09
1.8236767797383431e-09
1.7778605887008945e-09
1.733213881118835e-09
1.6897083956633405e-09
1.6473168880414349e-09
1.6060129051837825e-09
1.5657709310698802e-09
1.5265662931885152e-09
1.4883751364084923e-09
1.4511746922673489e-09
1.4149426850454047e-09
1.379658411102577e-09
1.3453013220023242e-09
1.311852764493502e-09
1.2792939548412346e-09
1.2476087928601012e-09
1.2167801901686107e-09
1.1867939117343393e-09
1.1576346569709683e-09
1.12929026481641e-09
1.1017478049400297e-09
1.0749965884907647e-09
1.0490256304677287e-09
1.023826072315756e-09
9.993894747135565e-10
9.75708641933284e-10
9.527778365803295e-10
9.305918524920437e-10
9.091475584518949e-10
8.884410670258885e-10
8.684707321918389e-10
8.492351101854756e-10
8.307336104825327e-10
8.129678307497792e-10
7.959392681619951e-10
7.796515483454551e-10
7.641072985388637e-10
7.493103567094914e-10
7.352666927997603e-10
7.219781538022815e-10
7.094524752420577e-10
6.976916929932707e-10
6.867074657935894e-10
6.7649423217376e-10
6.670791096157619e-10
6.584388945600245e-10
6.506233766806133e-10
6.43585290963089e-10
6.373926605702379e-10
6.320185512095899e-10
6.276058032647636e-10
6.241661311065516e-10
6.218309834063462e-10
6.206365785882406e-10
6.206240400069563e-10
6.218261594927253e-10
6.242630804648153e-10
6.281681409574507e-10
6.334583270255212e-10
6.406221026745984e-10
6.496157353361176e-10
6.611456811710104e-10
6.75006566375376e-10
6.923717257617708e-10
7.127552747771167e-10
7.375638979775778e-10
7.662616296685854e-10
8.003649790448361e-10
8.393107725750831e-10
8.843998343995713e-10
9.357472360990368e-10
9.939495816029334e-10
1.0597644912232335e-09
1.1335183999381607e-09
1.2166021955104135e-09
1.308768574309442e-09
1.412818677803615e-09
1.5271908698592795e-09
1.6563067453212541e-09
1.796956326793886e-09
1.9547455893526022e-09
2.125717026013607e-09
2.31535653139308e-09
2.520401080549628e-09
2.7449419438829725e-09
2.9869120492936885e-09
3.249441436412037e-09
3.531853952527808e-09
3.8363519158299275e-09
4.163811980970045e-09
4.515791433498673e-09
4.893018712426311e-09
5.292783746002616e-09
5.717704129604151e-09
6.17156745673364e-09
6.6478318301588235e-09
7.163776674298794e-09
7.703135462833188e-09
8.285765176405113e-09
8.888865712063099e-09
9.532269133749605e-09
1.020031877886629e-08
1.0890564276777592e-08
1.161259928147973e-08
1.234630705830575e-08
1.3116268834933997e-08
1.3875896590596903e-08
1.471378347503785e-08
1.5471347603653735e-08
1.64108123624075e-08
1.71129590972863e-08
1.819513888957013e-08
1.9407889620463815e-08
2.1601325369359275e-08
2.3876083469722602e-08
2.7108979933223405e-08
3.025587299270013e-08
3.37776968098143e-08
3.7256792057385225e-08
4.124209473666809e-08
4.577140826810466e-08
5.04034635498158e-08
5.673034911713587e-08
6.344395218769094e-08
7.199735150230889e-08
8.08728835191909e-08
9.276791720577455e-08
1.0325017056428637e-07
1.1807686024767339e-07
1.304971735567595e-07
1.4810079045773916e-07
1.6256821511531627e-07
1.8148289018457553e-07
1.9883409940399388e-07
2.1767819890355922e-07
2.3647494903260638e-07
2.554903586649178e-07
2.7658499157298677e-07
2.971581223656927e-07
3.2204371328350967e-07
3.4513532015667536e-07
3.7736782477343356e-07
4.023009799970431e-07
4.432160430344913e-07
4.739714490032375e-07
5.21463816950847e-07
5.605419922912521e-07
6.116515247488359e-07
6.559236873653236e-07
7.10813287938851e-07
7.591155776854675e-07
8.13686735113661e-07
8.627557274523169e-07
9.173961094307561e-07
9.489885841042992e-07
9.86814110259587e-07
1.0078198429612864e-06
1.0620419553595672e-06
1.0626269731644914e-06
1.1608278552072875e-06
1.1351942030150873e-06
1.2646985731617263e-06
1.2174624383431238e-06
1.3618755759281292e-06
1.306648775505504e-06
1.4270202779403766e-06
1.3913255559756246e-06
1.4926234949837972e-06
1.4662993473808566e-06
1.5405788531397532e-06
1.5699681771836726e-06
1.5258357506150858e-06
1.7706397081138244e-06
1.0343955457926975e-06
3.771665389343113e-06
7.354915788931502e-06
1.2869171463872304e-05
1.4022998854927246e-05
1.9073943222310327e-05
1.7251140018643518e-05
1.9531194451898715e-05
1.8117725538516747e-05
1.872043090419729e-05
1.8301794584924143e-05
1.7103094073511136e-05
2.0952604491219313e-05
1.8080343285641385e-05
2.0599263356365412e-05
1.7966088530078027e-05
2.08529320479855e-05
1.3861013205971522e-05
2.118138434935654e-05
1.718235475072714e-05
3.822198790785677e-05
2.754091523643373e-05
4.9575995103646645e-05
4.953788934117286e-05
5.99685071997322e-05
6.211718769200486e-05
6.845312017051585e-05
7.169938321937235e-05
7.477506308742224e-05
7.224955574617212e-05
7.70376680475732e-05
7.15496568772569e-05
7.673460352864426e-05
7.364375042206883e-05
7.816883239666547e-05
7.324624258288817e-05
7.740637210593076e-05
7.63946005386734e-05
7.519044432994929e-05
7.60006861824548e-05
6.801977650169351e-05
7.611497469167435e-05
6.0194961777314704e-05
5.7116546043376354e-05
4.30058704739408e-05
4.346129109304692e-05
3.312120890184485e-05
3.881014443003587e-05
3.5232247976811805e-05
3.901369676694643e-05
4.2058852507619846e-05
4.5155742760998876e-05
5.451437557334445e-05
6.425714036300414e-05
6.327221297839508e-05
7.378387696175116e-05
6.967635978955157e-05
7.86836195827158e-05
6.749007690625233e-05
7.976554231133837e-05
7.358489823191912e-05
7.606143918046258e-05
7.901767679884252e-05
7.939112953227618e-05
7.902827641360048e-05
