-0.000248773899434099
-0.0002348087765556866
-0.0002538213521022379
-0.0002794668330647188
-0.0002914607282838978
-0.00030778598886710277
-0.00031906910790664494
-0.0003210907791294657
-0.00032982633577386756
-0.0003401930683379847
-0.00033435334111957976
-0.00033904430987351827
-0.0003238092093765367
-0.00032400417377357314
-0.0003064049392973624
-0.0002981659898166225
-0.0002809786860938888
-0.00026897699112332787
-0.00025286069280613065
-0.0002450191656560595
-0.00024071275308146204
-0.00024029907701020905
-0.00023669894000542374
-0.0002479095828763993
-0.00024412763500770453
-0.0002570885489134808
-0.0002576102990751652
-0.0002675873045182576
-0.0002709267989142308
-0.0002756230635750595
-0.000278176645334196
-0.0002843231138327007
-0.0002884632368799265
-0.00028845518375739105
-0.0003023059443525701
-0.00029715612026712967
-0.0003145215423908023
-0.0003082492989792796
-0.0003202406566408352
-0.00031613181486928233
-0.0003324629147407521
-0.0003205420031356966
-0.00033136025544792735
-0.0003188351429734692
-0.00031688414783611165
-0.00030277722768784563
-0.00028463501557391264
-0.0002768498905441827
-0.0002518550894603362
-0.00024594823020010226
-0.0002305987962586354
-0.0002193745296126215
-0.0002227354109251677
-0.00020614440352887124
-0.00021936706749811174
-0.0002158689622830294
-0.0002312975903858779
-0.00024211328029244482
-0.00025312469097509477
-0.0002691851696474425
-0.0002798610618533811
-0.0002974146321833886
-0.0003107632622793711
-0.00031951712970820594
-0.00033346559358781315
-0.00033101672049519395
-0.0003423646162279678
-0.0003309370907995695
-0.00033909220613407746
-0.00032729540928998506
-0.00031678907375781425
-0.0003043292562773705
-0.0002946522680412621
-0.00028124929147456293
-0.00028050324523451903
-0.0002744831269390895
-0.0002748160409871179
-0.00027129669251605874
-0.00027533938600383224
-0.0002748176653526778
-0.00029053187416680927
-0.00028605058310078677
-0.00030777166250366654
-0.0003096714392129818
-0.000326085798571887
-0.000323856588926912
-0.0003425185933944313
-0.0003374262128954028
-0.00035012047736581765
-0.000346435333873711
-0.0003593530949326226
-0.00035952549433136607
-0.0003629258228713949
-0.0003608011139568361
-0.00035832528144908
-0.0003659395513533173
-0.00035721729881878434
-0.0003690865205494599
-0.0003616866108630841
-0.0003641984363218737
-0.00035777704523562816
-0.0003563203145889861
-0.00035196775798619303
-0.0003501801110949395
-0.00034685393468908226
-0.00034741894056180764
-0.0003398812197906037
-0.0003430576225621107
-0.00034455315120191974
-0.00035096504580819075
-0.00035799866141660155
-0.0003645258355209101
-0.0003715483428536268
-0.0003954974385907263
-0.0004062865862278479
-0.0004267805672274168
-0.00038571627349678797
-0.0003583547816429127
-0.00035607181219745796
-0.00038814766675709353
-0.00042550378372941636
-0.00048381408211714864
-0.0005042223717195011
-0.0005141705172769598
-0.000526512823352514
-0.000528262638057822
-0.00045369197913533644
-0.00045283849378324574
-0.0005008702764902817
-0.00047911026119892847
-0.0004060513436657413
-0.0004567059467846812
-0.0005831982134209457
-0.0005407288985766809
-0.0004606170367623515
-0.0006372223528677872
-0.0006555883450898946
-0.0005881611704469995
-0.0006117330674429791
-0.0006719816973589652
-0.0007154521706924349
-0.00048735363935133755
-0.000537001760878585
-0.00046996837592384904
-0.0003925710815268345
-0.00037095415454530716
-0.00014943082003867996
-0.00023504249912904067
-0.00013041357423561177
-0.00025879572238800524
-0.00014170277064161753
-0.00034565593029294576
0.000500074228045319
0.00764698275007563
0.020196812318691117
0.02659556689085307
0.02483622664117148
0.0233717201400472
0.034038343350466536
0.043147820244840505
0.04141921620461157
0.027667041655892087
0.007927419233791332
-0.006725937134864993
-0.010463122279158016
-0.009304353615944868
-0.012607262423933896
-0.015970468060832944
-0.0198266662133929
-0.024675589754921113
-0.02700375347449699
-0.02291868642188006
-0.0174993911609918
-0.00968666174805367
-0.0015617772010463383
0.0038502745800387097
0.00810294416330617
0.012830846187764158
0.01553047820152768
0.01459233500802682
0.011976895959293576
0.009613477978710348
0.006349205709272247
0.004322159188137406
0.0014241718942506602
-4.810815063340932e-05
-0.001193113085418187
-0.004159359844458509
-0.007811344490433171
-0.009082061624552946
-0.0067141626182474394
-0.005493809907705075
-0.004688956925300629
-0.0038256229763830273
-0.003901847447028547
-0.004285153370661002
-0.003412245041933852
-0.001075301585402139
0.0013744978010248278
0.0023055857856752672
0.0022916756038447823
0.001985244467952904
0.002381873317878759
0.0015944807730119718
0.0014207035620288477
0.002018383250896935
0.002431949349375728
0.0008580363075037871
-0.0006293700707186184
-0.0006016441658520821
-0.000537262951089957
-0.0016818232569438048
-0.0027783510712382845
-0.002190737825893525
-0.0017675612571308218
-0.0018878269547365199
-0.001987722629388104
-0.0014178877671059509
-0.0008078324821814833
-0.0006192074706374226
-0.0005877968810928836
-0.0001262678197531124
0.0002032836316541005
0.00021549278068690321
-4.201312560806733e-05
-1.0851983673107766e-05
-0.0003206841595167837
-0.0007659772192245438
-0.0006353614476301943
-5.278141016377534e-05
0.0002522202525904969
0.0004586191733528689
0.0006927745068922925
0.0008220873524503609
0.0005511814240204325
-1.4441964140297838e-06
-3.9296058507794487e-05
0.00029667536142430703
0.0003194266293942872
-0.00025411029618598746
-0.0005069214979963035
-0.00045995123252827214
-0.0004214249568941302
-0.0005773073997847134
-0.0004983405404576158
-0.0002634045694860784
-0.0001796620879996873
-0.0002998109360533533
-0.0004537066036647065
-0.00034973495375109425
-0.00015669455910137276
-0.00018505276934159095
-0.00020880778600903608
-0.0001835128255508392
-0.00017753919920235372
-0.00012704419722256595
-0.0001136983868181933
-6.628176130206789e-05
-1.2989730637275176e-05
-2.350401149789813e-05
8.676333208085753e-05
0.00016774713481183289
0.00019366366958719434
0.00020350285839850518
0.0003080268287133994
0.00040854317285635324
0.00037989680888100516
0.0003291708400986684
0.00036427861981700935
0.00042678917940423583
0.0004359628136143925
0.0003799412482631136
0.0003522722640157253
0.00045993359810757555
0.0005213990865767333
0.000417609059588448
0.0003394299273366487
0.00022627138325296333
9.939804756089247e-05
-1.1164916683174182e-05
-0.00011537409521004515
-0.00020836682935307933
-0.0003244255186977851
-0.00046450360767839123
-0.0006025433514834417
-0.0006329478951396059
-0.0005286352008332671
-0.00034488217366609433
-0.00016988946339411556
-4.947219843978712e-05
-5.4640119781724116e-05
-5.7264044572977185e-05
-4.731695659174263e-05
-4.6008566866909794e-05
-7.813475080957222e-05
-0.00017961524870991718
-0.00031118884601919166
-0.0004070866888424739
-0.00045181937651208736
-0.00048379497873931383
-0.0004959601156769135
-0.00046570902172339654
-0.0003674940645775491
-0.000271042144216351
-0.00012296300642524935
5.1829351265282874e-05
0.0002500672176278559
0.0003089184605862719
0.000294498938840214
0.0003143790929993525
0.0004631579415767883
0.0006784209136385403
0.0008125358100961051
0.000730420260873787
0.0004449510489846099
0.00019276173581697114
-0.00010040181577387578
-0.0002918160726398651
-0.00036895480951677675
-0.00039875022563759136
-0.00033157955350216145
-0.0003593151197056637
-0.0003617146315728721
-0.00038105285142530526
-0.00033008924945426594
-0.0001955672092025106
6.401691950213092e-05
0.0002194576116786029
0.0003226479427050901
0.00030029063531072697
0.0002738651940560906
0.00015391617075984619
0.00013041573077783477
0.00020079951206286486
0.00039263693669704813
0.000576504364516726
0.0005887614629064119
0.000516026716608397
0.0003240548376849672
0.00017043302441313053
5.388703151173167e-05
1.819452648280296e-05
0.00012515042333772287
0.00015434143805528373
0.00014766769745359171
0.00011801906750704441
5.413749149511235e-05
-9.790945625717229e-06
-8.53638065920053e-05
-5.969614788558996e-05
7.248749288587823e-05
0.00024579149500563694
0.00031035987608216825
0.00029440022619803535
0.0002671074146546248
0.00022070865774267458
0.00019661613971785636
0.00022929843208926775
0.00026900728203515644
0.00025575686699107984
0.0001891065430213489
0.000121054389099178
-4.9098300904618954e-05
-0.000169902932591769
-0.00016556210053376985
-3.9270924467507424e-05
7.840296809482402e-05
0.00013989210783978893
0.00018591419888101595
0.00019786768006543626
0.00019481448041942058
0.0002075001344739166
0.0002919404413832239
0.00037352645609400664
0.0004291660735274811
0.00037024067739744866
0.00027945737444742184
0.00018662454853195432
0.00010772744333627812
2.036372491639614e-05
-6.872886970902105e-05
-4.3631933164985526e-05
-9.35767915693185e-05
-5.8799295225292784e-05
-6.867454626336988e-05
-4.515487096559317e-05
-5.0040159508599887e-05
-3.945782237723453e-05
-3.868442279273147e-05
-2.9418921884484626e-05
-2.49089997349153e-05
-1.607361218371455e-05
-1.1648640455330379e-05
-4.302216238395788e-06
-3.756505200838692e-06
-6.155667593711579e-07
-1.3293118930180316e-06
1.0178648489619707e-06
-1.4620466385712269e-06
-7.717244651735442e-07
-2.8978101801215006e-06
-2.770669703962627e-06
-4.94360315191279e-06
-5.361964984668488e-06
-7.057571988940299e-06
-7.378314872982264e-06
-8.615475907292556e-06
-8.518474009197062e-06
-9.137504475515782e-06
-8.85193402281291e-06
-9.20962057616645e-06
-8.899506273078728e-06
-9.06829252559846e-06
-8.795462328843422e-06
-8.906033002940156e-06
-8.665243276896606e-06
-8.721262603996003e-06
-8.552077671692424e-06
-8.627765615692735e-06
-8.521148486746331e-06
-8.610123204309534e-06
-8.57687024711899e-06
-8.694779390608972e-06
-8.704486644426149e-06
-8.82662531876961e-06
-8.863519613188861e-06
-8.981792099258716e-06
-9.031044807031405e-06
-9.14150228457553e-06
-9.19897728701366e-06
-9.29906142399231e-06
-9.355865265713985e-06
-9.445156894799468e-06
-9.501833545589623e-06
-9.58282484619336e-06
-9.638659705381e-06
-9.714152626846026e-06
-9.771362187577237e-06
-9.843921430063482e-06
-9.903029355252241e-06
-9.974746557362503e-06
-1.003667224703832e-05
-1.0108378025273416e-05
-1.0172900862898598e-05
-1.0245367789049251e-05
-1.031264050947733e-05
-1.038610249657078e-05
-1.0455721563003718e-05
-1.0530197389917775e-05
-1.0601768215399662e-05
-1.067707625273845e-05
-1.0750239824352045e-05
-1.0826351535233182e-05
-1.0900875237338809e-05
-1.0977706613652695e-05
-1.105342404364169e-05
-1.1131021104085763e-05
-1.1207872550324843e-05
-1.1286272769009148e-05
-1.136423380384546e-05
-1.1443515566212232e-05
-1.15225964663434e-05
-1.1602829946439998e-05
-1.1683060505377824e-05
-1.1764320847183e-05
-1.1845722865531457e-05
-1.1928057829403983e-05
-1.201064913292912e-05
-1.2094100636167012e-05
-1.2177893353107881e-05
-1.2262489552496894e-05
-1.234749285078794e-05
-1.243325586644856e-05
-1.251947557278478e-05
-1.2606422915939256e-05
-1.2693867142955834e-05
-1.2782015675085843e-05
-1.2870692853322814e-05
-1.2960058805184915e-05
-1.3049980590055696e-05
-1.314058169644457e-05
-1.3231761687229493e-05
-1.3323616342995156e-05
-1.3416070073792338e-05
-1.3509197239256444e-05
-1.360294129653991e-05
-1.3697360384858318e-05
-1.3792412416644383e-05
-1.3888142933407834e-05
-1.3984520902211656e-05
-1.408158231190934e-05
-1.417930455543315e-05
-1.4277716263608604e-05
-1.4376801293179654e-05
-1.4476582683246293e-05
-1.4577049227423298e-05
-1.467821969668079e-05
-1.4780086706071357e-05
-1.48826657983803e-05
-1.4985952515956415e-05
-1.5089959946061081e-05
-1.5194685902972254e-05
-1.5300141626152408e-05
-1.540632668372706e-05
-1.5513250920534275e-05
-1.5620915268524466e-05
-1.5729328524371516e-05
-1.5838492677420053e-05
-1.5948415741187414e-05
-1.60591005337573e-05
-1.6170554486487832e-05
-1.6282781065928956e-05
-1.6395787275433885e-05
-1.650957709593056e-05
-1.6624157221051982e-05
-1.673953204233219e-05
-1.6855708034898967e-05
-1.6972689922818582e-05
-1.709048403238675e-05
-1.7209095360596092e-05
-1.732853013945124e-05
-1.7448793594250956e-05
-1.756989190419318e-05
-1.769183048857536e-05
-1.7814615506128002e-05
-1.7938252544655466e-05
-1.806274776732609e-05
-1.8188106910881145e-05
-1.8314336162253376e-05
-1.8441441392587365e-05
-1.856942882753856e-05
-1.8698304461696173e-05
-1.882807457121699e-05
-1.895874526606714e-05
-1.909032288207261e-05
-1.922281363863127e-05
-1.9356223938577597e-05
-1.9490560106561464e-05
-1.9625828618401273e-05
-1.9762035901082988e-05
-1.989918850818216e-05
-2.0037292967008168e-05
-2.017635591284152e-05
-2.0316383972226776e-05
-2.0457383865663466e-05
-2.05993623183329e-05
-2.0742326138736344e-05
-2.0886282150558203e-05
-2.103123725287415e-05
-2.1177198368144303e-05
-2.132417248831895e-05
-2.147216663509145e-05
-2.1621187895291376e-05
-2.1771243390609593e-05
-2.1922340304691237e-05
-2.2074485860075807e-05
-2.2227687339027128e-05
-2.2381952065965502e-05
-2.2537287423457428e-05
-2.2693700838923897e-05
-2.285119979692406e-05
-2.3009791829064437e-05
-2.316948452349797e-05
-2.3330285517304917e-05
-2.3492202503847483e-05
-2.3655243227019366e-05
-2.381941548694072e-05
-2.3984727135662154e-05
-2.415118608167615e-05
-2.4318800286698313e-05
-2.448757776913865e-05
-2.465752660178432e-05
-2.4828654914570285e-05
-2.5000970892881924e-05
-2.5174482779739847e-05
-2.534919887464871e-05
-2.552512753538645e-05
-2.5702277177147613e-05
-2.5880656274020848e-05
-2.6060273358459706e-05
-2.6241137022539726e-05
-2.642325591763277e-05
-2.660663875544224e-05
-2.679129430786288e-05
-2.69772314078894e-05
-2.7164458949643642e-05
-2.7352985889133642e-05
-2.754282124436269e-05
-2.7733974096072603e-05
-2.7926453587917406e-05
-2.8120268927096556e-05
-2.831542938462191e-05
-2.8511944295933126e-05
-2.8709823061179073e-05
-2.8909075145806506e-05
-2.910971008092812e-05
-2.931173746384122e-05
-2.9515166958389813e-05
-2.9720008295531024e-05
-2.99262712737234e-05
-3.013396575946955e-05
-3.0343101687737167e-05
-3.055368906244812e-05
-3.076573795690005e-05
-3.097925851433529e-05
-3.119426094839482e-05
-3.14107555436302e-05
-3.1628752655937666e-05
-3.1848262713112235e-05
-3.2069296215284744e-05
-3.229186373546379e-05
-3.251597592007419e-05
-3.274164348940529e-05
-3.2968877238151125e-05
-3.3197688035906244e-05
-3.342808682771847e-05
-3.366008463459775e-05
-3.389369255406716e-05
-3.412892176065502e-05
-3.43657835063676e-05
-3.4604289121293675e-05
-3.484445001433246e-05
-3.508627767344692e-05
-3.532978366632778e-05
-3.5574979640889644e-05
-3.582187732597002e-05
-3.607048853179848e-05
-3.63208251505983e-05
-3.657289915714459e-05
-3.6826722609228316e-05
-3.708230764835408e-05
-3.733966650027717e-05
-3.759881147562448e-05
-3.785975497044927e-05
-3.8122509466898856e-05
-3.838708753369074e-05
-3.8653501826785514e-05
-3.892176508994412e-05
-3.9191890155394705e-05
-3.946388994440571e-05
-3.973777746795784e-05
-4.001356582733282e-05
-4.0291268214712204e-05
-4.0570897913848377e-05
-4.0852468300675874e-05
-4.1135992843967446e-05
-4.142148510599715e-05
-4.1708958743104656e-05
-4.19984275064621e-05
-4.228990524265147e-05
-4.25834058943664e-05
-4.287894350102543e-05
-4.3176532199525085e-05
-4.347618622490686e-05
-4.377791991094474e-05
-4.408174769090764e-05
-4.43876840982264e-05
-4.469574376721835e-05
-4.5005941433743544e-05
-4.5318291935948264e-05
-4.563281021498488e-05
-4.594951131567888e-05
-4.62684103872431e-05
-4.658952268402204e-05
-4.6912863566252836e-05
-4.723844850080573e-05
-4.756629306185839e-05
-4.78964129316823e-05
-4.822882390137853e-05
-4.8563541871671397e-05
-4.8900582853603214e-05
-4.923996296933922e-05
-4.9581698452969e-05
-4.992580565124725e-05
-5.027230102434919e-05
-5.062120114669071e-05
-5.09725227077467e-05
-5.132628251280002e-05
-5.168249748375986e-05
-5.2041184659961e-05
-5.240236119903683e-05
-5.276604437768565e-05
-5.3132251592505515e-05
-5.350100036080087e-05
-5.387230832148114e-05
-5.42461932358765e-05
-5.46226729885767e-05
-5.50017655882903e-05
-5.538348916872679e-05
-5.5767861989423385e-05
-5.61549024366329e-05
-5.654462902424367e-05
-5.6937060394653214e-05
-5.733221531960915e-05
-5.773011270112792e-05
-5.813077157240426e-05
-5.853421109875681e-05
-5.894045057852122e-05
-5.934950944394839e-05
-5.9761407262138157e-05
-6.0176163736009886e-05
-6.059379870522333e-05
-6.101433214713214e-05
-6.143778417773264e-05
-6.186417505262909e-05
-6.229352516799356e-05
-6.272585506156411e-05
-6.316118541363383e-05
-6.359953704801957e-05
-6.404093093302434e-05
-6.448538818248011e-05
-6.49329300567796e-05
-6.538357796385063e-05
-6.583735346019055e-05
-6.629427825191679e-05
-6.675437419582041e-05
-6.721766330037508e-05
-6.768416772669358e-05
-6.815390978976717e-05
-6.862691195947909e-05
-6.910319686173508e-05
-6.958278727937732e-05
-7.00657061532998e-05
-7.055197658362291e-05
-7.104162183079409e-05
-7.153466531680371e-05
-7.203113062615075e-05
-7.25310415069914e-05
-7.303442187226144e-05
-7.35412958009233e-05
-7.405168753901124e-05
-7.456562150085141e-05
-7.508312227020626e-05
-7.560421460145898e-05
-7.61289234207689e-05
-7.665727382732583e-05
-7.718929109453771e-05
-7.772500067113175e-05
-7.826442818250975e-05
-7.880759943190862e-05
-7.935454040161846e-05
-7.99052772542692e-05
-8.045983633406394e-05
-8.10182441680569e-05
-8.158052746734092e-05
-8.214671312846932e-05
-8.271682823462288e-05
-8.329090005698182e-05
-8.386895605594575e-05
-8.445102388251945e-05
-8.503713137954656e-05
-8.562730658325951e-05
-8.622157772433656e-05
-8.6819973229461e-05
-8.742252172251348e-05
-8.80292520261139e-05
-8.864019316287834e-05
-8.925537435680516e-05
-8.987482503485455e-05
-9.049857482799255e-05
-9.112665357306516e-05
-9.175909131376825e-05
-9.239591830257553e-05
-9.303716500158103e-05
-9.368286208468814e-05
-9.43330404381628e-05
-9.498773116331164e-05
-9.564696557647106e-05
-9.63107752122893e-05
-9.697919182318296e-05
-9.765224738290906e-05
-9.832997408653222e-05
-9.901240435247378e-05
-9.969957082503068e-05
-0.00010039150637308738
-0.00010108824409670223
-0.00010178981732149135
-0.00010249625960934567
-0.00010320760474964
-0.00010392388677169426
-0.00010464513993573612
-0.00010537139874470475
-0.00010610269793605726
-0.00010683907249356577
-0.00010758055763763081
-0.00010832718884066313
-0.00010907900181180764
-0.00010983603251932513
-0.00011059831716852248
-0.00011136589222813155
-0.00011213879441025882
-0.00011291706068627899
-0.00011370072828702308
-0.00011448983468984419
-0.00011528441765386327
-0.00011608451516926155
-0.00011689016552858175
-0.00011770140724659648
-0.00011851827914995117
-0.00011934082029284256
-0.00012016907003624199
-0.00012100306798584618
-0.00012184285404290266
-0.00012268846837194494
-0.00012353995142312928
-0.0001243973439277992
-0.00012526068688942016
-0.00012613002162126976
-0.00012700538967582635
-0.00012788683297411754
-0.00012877439360420317
-0.00012966811412076201
-0.00013056803715098288
-0.0001314742058765811
-0.00013238666351150357
-0.0001333054538139889
-0.00013423062066238989
-0.000135162208326182
-0.00013610026142126235
-0.0001370448246873327
-0.00013799594350433818
-0.00013895366311497898
-0.00013991802960930868
-0.00014088908882696689
-0.00014186688751467654
-0.00014285147212115504
-0.00014384289011883138
-0.0001448411884574949
-0.00014584641548484825
-0.00014685861854321544
-0.00014787784688937079
-0.00014890414848101952
-0.00014993757286581874
-0.00015097816951788342
-0.0001520259870292542
-0.0001530810774904739
-0.00015414348776208965
-0.00015521327305786676
-0.00015629047872249948
-0.0001573751625786211
-0.0001584673698457092
-0.00015956715892905676
-0.00016067457707104457
-0.00016178968154527277
-0.0001629125214254873
-0.00016404315461065848
-0.00016518162996861994
-0.0001663280082503732
-0.00016748233655893032
-0.00016864467933271881
-0.00016981508155090345
-0.00017099360931773443
-0.00017218031086681457
-0.00017337524530267783
-0.0001745784740990636
-0.00017579004209039356
-0.0001770100277336498
-0.00017823846296872612
-0.00017947543903986177
-0.00018072097932533723
-0.00018197517991679982
-0.00018323806732246375
-0.00018450972957264852
-0.0001857902054532543
-0.0001870795708466197
-0.00018837787733185472
-0.00018968518978306707
-0.00019100157563521018
-0.0001923270808366264
-0.00019366180111933702
-0.0001950057468212106
-0.00019635906440101415
-0.0001977217006030544
-0.0001990938821430678
-0.00020047546883482543
-0.00020186676168224525
-0.0002032676037378306
-0.00020467824732926104
-0.00020609865953347985
-0.00020752890711405142
-0.000208969174142681
-0.0002104192788013352
-0.0002118796665747649
-0.00021334990764809714
-0.0002148306421479937
-0.00021632134152909082
-0.00021782266774294156
-0.00021933411145187882
-0.0002208563743319688
-0.00022238876538390492
-0.00022393226991954481
-0.00022548588995785403
-0.00022705092617544137
-0.00022862618010922094
-0.00023021269407678523
-0.000231810845867052
-0.00023341707390304919
-0.00023503711037589794
-0.00023666115889075224
-0.00023830079613723024
-0.00023994275979965244
-0.00024160277235455577
-0.0002432652177909786
-0.0002449464103635744
-0.0002466336292562269
-0.0002483367786353918
-0.00025004947158910947
-0.000251776861441869
-0.00025351129532171597
-0.0002552642819376085
-0.0002570257576273235
-0.0002588057455188924
-0.0002605912517856593
-0.0002623963950832024
-0.0002642076900054242
-0.0002660314542514975
-0.0002678731554980481
-0.0002697151952543808
-0.00027158520934238086
-0.000273450924337271
-0.00027535193157264613
-0.000277246364524831
-0.0002791772732473781
-0.0002811013684036433
-0.00028305694884658145
-0.0002850123057077658
-0.0002869887920926642
-0.00028896823150974943
-0.0002909603592950202
-0.0002929671205636993
-0.00029497012765886647
-0.0002970120995969242
-0.00029902664746551055
-0.00030111365467734867
-0.00030313890319538317
-0.0003052862212264279
-0.0003073152986648481
-0.00030951922093629385
-0.0003115593186138845
-0.000313774337319351
-0.00031599687703757367
-0.00031817062553078776
-0.0003204890319413196
-0.00032261924645879734
-0.0003250086533101919
-0.00032703859251821026
-0.00032951079408871295
-0.00033154305672607166
-0.00033398163619024134
-0.0003359806695473412
-0.00033848868621877404
-0.0003404518482687377
-0.00034300269830619034
-0.00034494623682729936
-0.0003475964776695769
-0.0003495645483606599
-0.0003521752696628944
-0.00035463358295149863
-0.0003559071497764871
-0.0003632214416606934
-0.00034189548759381097
-0.0003328548786189897
-0.0003086248807038899
-0.00030265785714166636
-0.0002828409590255225
-0.00029008755488185603
-0.0002825692293707561
-0.0002872420045910173
-0.00029493399233500946
-0.0003175934553133992
-0.0003315155140157006
-0.00035402680532780673
-0.0003737432431799067
-0.0003931207241660535
-0.00040715264965356237
-0.000419946368262905
-0.00042353520378383947
-0.00042329096751536036
-0.00043174779305826767
-0.00042082182274120463
-0.00042830324654963026
-0.00041822607495859863
-0.00042007193981832895
-0.00041698641670885297
-0.0004151132036033753
-0.000410134696689898
-0.0004073299088838758
-0.0004029520338764828
-0.00039985854218055935
-0.00039804305135642
-0.0003879621811192584
-0.0003918799244816162
-0.00037909587334777217
-0.0003782475835835551
-0.00037424198848383025
-0.00037613905339331787
-0.000371010016215834
-0.0003754419151614167
-0.00037137428111462913
-0.0003797378077390518
-0.00036664277597062833
-0.00036691108557643216
-0.00035417378438954333
-0.00035402823497863593
-0.00033909922255482953
-0.00034480340346469706
-0.0003359813124791606
-0.0003334503834728391
-0.0003248915378449253
-0.00032935372347772787
-0.00032662253364067786
-0.00033286748896490723
-0.0003377360599566656
-0.0003375509532935097
-0.0003420618120324767
-0.000326345044917728
-0.000324374723689797
-0.0003099562149255974
-0.00030163526669932194
-0.0002953045161064971
-0.00028652721328197744
-0.0002825613658184763
-0.000270879783702407
-0.0002713811924039465
0.0006444886229295334
0.0007187997226628436
0.0006877141584832587
0.0006653323243287568
0.0006636114717399621
0.0006271254414581784
0.0006287411792268706
0.0005630711279822823
0.0005796698618625222
0.0005238524246494803
0.0005598029002239525
0.0005330453378179516
0.0005661468535852829
0.0005268216272540072
0.0005384605995698546
0.0005073677049352432
0.0005107609476175191
0.0004801379557677363
0.0005127764328247583
0.0004700092223641364
0.0004639436182778123
0.00040818503137834234
0.00045930360710158286
0.0003873900369748372
0.00044879463367916326
0.00041585631628009634
0.00041620190179214415
0.00043007654361113434
0.00041476873747250736
0.0005005964834123692
0.00044829705825818827
0.0005087144120496719
0.00046077384106617335
0.0005746705828986938
0.00046763888936424093
0.0005633323258989343
0.0004965653084110046
0.0005540346024660093
0.0004870787877007723
0.0005208429832695573
0.0004361421390495809
0.0004702326640272027
0.00040905987946161456
0.0004253984557425722
0.0003793759963892411
0.00039995536033796125
0.0003137740428608652
0.0003915265297109294
0.00029860540606628787
0.00036731415360421137
0.00038077254225217733
0.00037256870194838347
0.0005049576171178476
0.0004229173249678391
0.0005694187964103511
0.0005082433879036782
0.0005900434504155064
0.0004969539535118714
0.0005235913968459886
0.0004635825764148449
0.00041488947680140434
0.0004299784616684093
0.00038815085386600034
0.0004706983869545539
0.0004822788622851034
0.00044122607579263873
0.0004135638254366038
0.0003826906405548331
0.00043019960827122563
0.0003452188119681203
0.000466922276883093
0.00037314651737325435
0.0004804034051208466
0.0004729111498949325
0.0003926911144297547
0.00039298029733612986
0.00022257004700357798
0.00033839784713571
0.00017861077025128268
0.00032357667769815303
0.00021038641094142386
0.0003839534696305898
0.00031033079435420973
0.0004365277156209844
0.0003566587134291089
0.00038826057664567785
0.00036915605043398456
0.00022805756307723527
0.0002730278932715698
4.5193866040675926e-05
0.0003075393651410514
-0.0001943471645497117
0.0005757939674013951
-0.0003912215883430554
0.0011037398014449888
-0.0012948672161716477
-0.0011614162793161448
-6.355753392350925e-05
-0.0008144601851343702
0.0008115652691902016
-0.0003471619560792708
0.002323830823968673
-0.001682164913672605
0.0034620918716364423
-0.0026319389558024193
0.003921477278576679
-0.004366944269448961
0.006126625051911767
-0.005954243758597559
0.008850662223710445
-0.010830037996036998
0.014823583248180974
-0.01916354043366248
0.027387985782218117
-0.04743566568807889
0.11814770451944037
0.4597120829619671
0.3135726528357352
0.17553812839328656
0.012553426890080304
-0.09235487032238193
-0.27696780413708083
-0.13892447381824147
-0.23091770090424435
-0.1573587359574783
-0.05548051410720829
0.08189975474206768
-0.018824211080590885
-0.06303870617170856
-0.031266551617431484
0.04497869596877613
-0.027276166408486097
-0.0571591949234808
0.04887636287130839
0.04679676230608705
0.02140020475662461
-0.004374529224811744
0.022160285149478525
0.0426294446687329
0.0638538482740911
0.05512158753196533
0.03379687839416119
-0.014302280020479684
-0.019987103872859045
-0.05187319532403281
0.00827924968139195
0.01851927363038925
0.013139792650568156
-0.02183323076473278
0.021688260701541007
0.05619894188790123
-0.023912695348419652
-0.034360224400247816
-0.04293540668021323
0.029719607903598996
-0.014056572644607992
-0.06820590539745752
-0.05228958530211614
-0.022681225636201605
-0.03807186868201306
-0.02003823370260244
0.04523124492770204
0.03339316575582835
-0.033762474055309216
-0.02129174895288712
0.04200594562674327
0.06599637497407154
0.03073209173354155
-0.002004311176331661
-0.009031358172229036
-0.010995071913094033
-0.018297434354430226
-0.002669338605520287
0.014665053591881845
0.015754198422990404
-0.0159713570569979
-0.023515932050790517
-0.023714970827621838
-0.004443044999834082
0.012143578552862015
0.010129571223387278
-0.0027452170357381324
-0.016117543125358312
-0.007640529875893453
-0.0035039557062944825
0.0022414807967901275
0.0032335101094084773
0.0009390124494085706
-0.0021596772478252903
-0.00300779401672423
0.00846114683282166
0.010532024143401049
0.0037766982038442993
-0.003198769725970039
0.0010724523562836124
0.005548602102291283
0.006106156407634721
0.0017797649777831028
3.6565030989141456e-05
-0.004803136325634453
-0.009113905513926155
-0.004785231587872182
0.0014066037276975435
0.006661793820394999
-0.0007625883949623583
-0.0071867234934197294
-0.009196775535076775
-0.002851998716776415
0.005568150838287206
0.00827768085004029
0.006092072974778174
-0.0006459724328688589
-0.004540624644075137
-0.004119648413028957
0.0014330202076812048
0.0064049643632917794
0.0060102373624853385
0.0004652004553776374
-0.004028399598099192
-0.004593593582105479
-0.0016008445982623539
0.0008506144162901282
0.0011706645919306912
0.00014024989942653838
-0.0025627729219458543
-0.0039913058814113524
-0.004003290378644694
-0.0019401050843388206
-0.0008049597953690875
-0.0013509506541669598
-0.0024539606704062676
-0.0019209369008883759
-0.0001230222719179536
0.0009106835314473836
0.0005398438039885432
-3.039593241415432e-05
0.0002522686485838898
0.001451892301094469
0.002569415133013936
0.0022759047864866055
0.0010482332166569276
-0.0008903186135247669
-0.0021050874232520405
-0.0016353644302405938
0.0003653683773951442
0.0011330496101032489
-9.800306092908336e-05
-0.002320948517127768
-0.003487313323375317
-0.0028591626975545707
-0.0014132819902460305
-0.00011122400801718885
0.0004768523013799776
-0.0004627274887264865
-0.0018125632956341726
-0.0023857600455736887
-0.0010639230194568329
0.00029908512932959753
0.0008211063171345942
0.00039961898143997613
-0.00029924441364821024
-0.00043807707999866344
-6.142031753784613e-05
0.000446447053058686
0.0006164318349077072
0.00021451103477885131
-0.0006863909557086757
-0.0011795076499820443
-0.0010560238065424623
-0.0007218706502042957
-0.0005841534509597411
-0.0009364855857542574
-0.001408831464189804
-0.0013724862929619806
-0.0013937195371439195
-0.0011562574899576811
-0.000987850518964373
-0.000763350245552739
0.001632268877749976
-0.0016322913948972708
-0.0003502139308301915
-0.001580503222269495
-0.000558595346408737
-0.002561591310457834
0.0011536779727764203
0.0004270375335680219
0.0006867949261343779
-0.0005818845494377628
-0.002762989562219309
-0.0035618858401420843
-0.003636409151048088
-0.0013479358320475508
-0.0010266235524326699
0.0005532864110532679
0.00023243204529904205
0.0019975166869595556
2.642035150669152e-06
-0.0003395882059999309
-0.0011449075461329916
-0.0003324843863088448
-0.00020435068689704083
0.00044582813482389787
0.00011375130951564005
0.0004057697626457443
-3.7717434693064847e-05
-0.00042549654691308603
-0.0008818892380913305
-0.00015906150649776934
0.00018084715600787823
0.00037202417858964415
-3.3097373682899814e-05
2.0994363887406843e-05
-0.00012313103618891976
-0.0005874718710527864
-0.00042883378847716853
-0.00012991891391717818
-0.0005125243325235414
-0.0010043282347428333
-0.0008735127490916679
-0.00020216996589447192
-7.152994301435202e-05
-0.00021740429696862312
2.633158736025683e-05
0.0006973822106463917
0.0004482855031323037
1.9573474580605063e-05
-0.00043204007844774777
0.0002821491844122103
0.00022724645777655317
-0.000422817140132353
-0.0008138390951933187
-0.0002732793494775326
-0.00012241609970491953
-0.0004310394162176383
-0.0008298868520118024
-0.0005020210743987346
6.268862273111167e-05
-0.00023813079965870972
0.0001883878725626113
-1.2022197607601629e-05
0.0001301530485841489
1.7070044016942215e-05
0.00010999789092612223
7.22806232936015e-05
7.101730783991831e-05
2.6325346890556335e-05
4.4488458444034225e-05
4.386167140387029e-05
4.781915852188355e-05
1.4875731675465897e-05
2.5113951086213476e-05
1.0574955567888689e-05
9.421819793190706e-06
-1.328494933180123e-05
4.936627097988644e-06
-2.790220042037453e-06
4.057449751251017e-06
-6.679494242449804e-06
1.3482577825782438e-06
-1.9016991007906117e-06
4.000881124546036e-06
1.6999631013525467e-06
7.385110846064476e-06
4.4629732717325205e-06
7.945268356561236e-06
6.341110717906183e-06
9.802961053567184e-06
7.972048247491259e-06
9.217262759520471e-06
7.677158909522898e-06
9.11704693932645e-06
7.948759903390022e-06
8.729218867520316e-06
7.860201498805647e-06
8.553932500180925e-06
7.704120390309571e-06
8.105993081793453e-06
7.605482690509896e-06
8.083121822530237e-06
7.674196417556747e-06
8.020502199262286e-06
7.767811236331253e-06
8.099065434438377e-06
7.937309225093843e-06
8.222317810814561e-06
8.14311164908793e-06
8.36949120482447e-06
8.303170453719151e-06
8.497243555871323e-06
8.483527605471566e-06
8.648296089123694e-06
8.635107307724231e-06
8.766384111534575e-06
8.771652925176898e-06
8.884395578168114e-06
8.898566662481067e-06
8.999069652806946e-06
9.024801933403201e-06
9.113361260450203e-06
9.145543067858378e-06
9.229720877525563e-06
9.271704072214958e-06
9.351602849019293e-06
9.399018034383661e-06
9.476686588747243e-06
9.529847225396917e-06
9.60593704906268e-06
9.66361177817416e-06
9.739133231352962e-06
9.80015291384903e-06
9.874450189868017e-06
9.938029447459362e-06
1.0012181236015993e-05
1.0078075279161547e-05
1.0151881190240478e-05
1.0219481739104017e-05
1.029332170534073e-05
1.0362501040559607e-05
1.043655720055583e-05
1.050722545873099e-05
1.058174941331435e-05
1.0653754163909932e-05
1.0728835330198454e-05
1.0802175734295249e-05
1.0878023948730016e-05
1.09526540488942e-05
1.1029325404764189e-05
1.1105209069416913e-05
1.1182789409375964e-05
1.1259897712489423e-05
1.1338442756121322e-05
1.1416766899704969e-05
1.1496318236099527e-05
1.1575827553581865e-05
1.1656412127662372e-05
1.1737105572205003e-05
1.1818757768108923e-05
1.1900628313521455e-05
1.1983370422505302e-05
1.2066420018308575e-05
1.2150276779719638e-05
1.2234511111611224e-05
1.231950721792413e-05
1.2404936928153698e-05
1.2491094024506821e-05
1.2577729228625129e-05
1.2665069226668046e-05
1.2752924335905982e-05
1.2841468377301903e-05
1.2930557358729346e-05
1.3020325418121385e-05
1.3110663408258844e-05
1.3201674880477686e-05
1.3293277580285888e-05
1.3385551774702526e-05
1.3478435466442808e-05
1.3571991028411769e-05
1.3666172246327106e-05
1.3761027977560873e-05
1.3856523948803476e-05
1.3952698599219053e-05
1.4049526867207062e-05
1.4147039287430404e-05
1.4245217834047428e-05
1.4344087024299073e-05
1.4443634261818844e-05
1.4543879458972335e-05
1.4644814147137488e-05
1.4746454743623126e-05
1.4848795984754676e-05
1.4951851630763434e-05
1.5055618865637268e-05
1.5160109431016939e-05
1.5265322403962113e-05
1.5371267998503813e-05
1.5477946754736363e-05
1.558536773919979e-05
1.56935326286917e-05
1.5802449625929054e-05
1.5912121292214614e-05
1.6022555188724397e-05
1.6133754574012855e-05
1.6245726537603155e-05
1.6358474886254664e-05
1.64720063673702e-05
1.6586325227128025e-05
1.6701437968934565e-05
1.6817349192418103e-05
1.6934065234915615e-05
1.705159098597489e-05
1.716993267366161e-05
1.728909542808973e-05
1.740908541312593e-05
1.7529907963375744e-05
1.7651569212793657e-05
1.777407467133429e-05
1.789743046949687e-05
1.8021642271148113e-05
1.8146716224780058e-05
1.8272658132959037e-05
1.8399474177933543e-05
1.8527170287108413e-05
1.8655752690173857e-05
1.8785227432716517e-05
1.8915600799794088e-05
1.904687894696501e-05
1.9179068224673002e-05
1.931217489437692e-05
1.9446205377158642e-05
1.9581166036938783e-05
1.9717063371095773e-05
1.9853903843851645e-05
1.9991694032231824e-05
2.0130440499614363e-05
2.0270149907656947e-05
2.041082891810717e-05
2.055248427840846e-05
2.069512274829367e-05
2.083875116523366e-05
2.0983376387391658e-05
2.112900534372101e-05
2.1275644989816455e-05
2.142330234927882e-05
2.157198447796222e-05
2.172169849444397e-05
2.1872451554008144e-05
2.2024250873068025e-05
2.2177103709144857e-05
2.2331017376974534e-05
2.248599923583192e-05
2.2642056701911305e-05
2.2799197237970527e-05
2.2957428362847462e-05
2.311675764327852e-05
2.3277192702188775e-05
2.3438741212960883e-05
2.360141090438034e-05
2.3765209556183848e-05
2.393014500515038e-05
2.4096225139805813e-05
2.4263457904764082e-05
2.443185129886419e-05
2.4601413378536876e-05
2.4772152253830528e-05
2.4944076092308612e-05
2.5117193117402234e-05
2.5291511610676552e-05
2.5467039909706296e-05
2.5643786411597394e-05
2.582175957059818e-05
2.6000967899918324e-05
2.618141997165313e-05
2.6363124418162867e-05
2.6546089930752555e-05
2.673032526187968e-05
2.6915839224085098e-05
2.710264069179349e-05
2.7290738599843556e-05
2.7480141945987578e-05
2.767085979029082e-05
2.7862901255693954e-05
2.8056275528480284e-05
2.8250991858899303e-05
2.844705956051091e-05
2.8644488012027116e-05
2.8843286658393886e-05
2.9043465007835615e-05
2.9245032636418777e-05
2.9447999185652272e-05
2.9652374364837707e-05
2.9858167949293163e-05
3.0065389784093485e-05
3.0274049780999366e-05
3.048415792119038e-05
3.0695724255045514e-05
3.090875890325933e-05
3.112327205470565e-05
3.1339273972692426e-05
3.155677498834991e-05
3.1775785504764234e-05
3.199631599977925e-05
3.221837702206005e-05
3.2441979195188e-05
3.266713321174153e-05
3.289384984512427e-05
3.312213993721306e-05
3.335201441030626e-05
3.35834842580003e-05
3.38165605554855e-05
3.4051254449048586e-05
3.428757716747948e-05
3.4525540014291624e-05
3.4765154372849705e-05
3.5006431703516925e-05
3.5249383548629056e-05
3.549402153019922e-05
3.5740357349549074e-05
3.59884027897034e-05
3.623816971622699e-05
3.6489670077939976e-05
3.674291590289702e-05
3.6997919306084164e-05
3.7254692485398064e-05
3.7513247723446335e-05
3.777359738807777e-05
3.803575393305267e-05
3.8299729898618725e-05
3.856553791214032e-05
3.883319068744419e-05
3.9102701028365626e-05
3.937408182640091e-05
3.964734606334841e-05
3.992250681017495e-05
4.019957722900579e-05
4.0478570573673853e-05
4.07595001897076e-05
4.104237951599776e-05
4.132722208161912e-05
4.1614041513938485e-05
4.190285153210017e-05
4.219366595180417e-05
4.2486498682882314e-05
4.278136373315252e-05
4.3078275208451294e-05
4.33772473099189e-05
4.3678294339015954e-05
4.398143069692974e-05
4.428667088405072e-05
4.459402950045266e-05
4.4903521248917944e-05
4.521516093383693e-05
4.552896346292487e-05
4.5844943845956e-05
4.6163117197448034e-05
4.6483498737891205e-05
4.6806103792165765e-05
4.713094779165011e-05
4.745804627528244e-05
4.778741489013666e-05
4.81190693910824e-05
4.845302564279036e-05
4.878929961917369e-05
4.9127907406583404e-05
4.946886520141181e-05
4.981218931363572e-05
5.015789616604101e-05
5.050600229507089e-05
5.0856524352416686e-05
5.1209479105267155e-05
5.1564883436236095e-05
5.1922754346681727e-05
5.228310895501881e-05
5.264596449861339e-05
5.3011338334419886e-05
5.337924793970099e-05
5.374971091315524e-05
5.412274497654766e-05
5.449836797287487e-05
5.487659787005699e-05
5.525745276088777e-05
5.564095086270371e-05
5.6027110520643145e-05
5.641595020607418e-05
5.680748851909136e-05
5.720174418870176e-05
5.759873607392996e-05
5.799848316420837e-05
5.840100458213461e-05
5.8806319581133915e-05
5.921444754954791e-05
5.962540801052012e-05
6.003922062107307e-05
6.045590517708872e-05
6.087548160895427e-05
6.129796998832066e-05
6.172339052500954e-05
6.215176356738714e-05
6.25831096067505e-05
6.301744927468544e-05
6.345480335050602e-05
6.389519275279225e-05
6.43386385495103e-05
6.478516195056877e-05
6.523478431708432e-05
6.568752715427491e-05
6.614341212182046e-05
6.660246102410759e-05
6.706469581995757e-05
6.75301386198748e-05
6.79988116899571e-05
6.847073744706235e-05
6.89459384657842e-05
6.942443747794819e-05
6.990625737156655e-05
7.039142119449025e-05
7.08799521539549e-05
7.137187361929732e-05
7.1867209120665e-05
7.236598235248193e-05
7.286821717343399e-05
7.33739376070526e-05
7.388316784456405e-05
7.439593224549575e-05
7.491225533626678e-05
7.543216181618117e-05
7.595567655387125e-05
7.648282459227148e-05
7.70136311456465e-05
7.754812160635409e-05
7.808632154108667e-05
7.862825669376425e-05
7.917395298831791e-05
7.972343652696157e-05
8.027673359540426e-05
8.083387065878009e-05
8.139487436820592e-05
8.19597715586709e-05
8.252858925247636e-05
8.31013546582415e-05
8.367809517366692e-05
8.425883838721125e-05
8.484361207841272e-05
8.543244421897072e-05
8.602536297561285e-05
8.66223967110483e-05
8.722357398393947e-05
8.782892355055659e-05
8.843847436768569e-05
8.905225559294031e-05
8.967029658627086e-05
9.029262691139146e-05
9.091927633729838e-05
9.155027483897295e-05
9.218565260036237e-05
9.282544001415179e-05
9.346966768441906e-05
9.411836642733685e-05
9.47715672732477e-05
9.542930146781486e-05
9.609160047253072e-05
9.675849596897928e-05
9.74300198573713e-05
9.810620425985278e-05
9.87870815209892e-05
9.947268421095487e-05
0.00010016304512431781
0.00010085819728487973
0.00010155817394430073
0.00010226300858585762
0.00010297273492478005
0.00010368738691079831
0.00010440699872829926
0.00010513160480018997
0.00010586123978716176
0.00010659593859136047
0.00010733573635629502
0.00010808066846904055
0.00010883077056499007
0.00010958607852322035
0.00011034662847442039
0.00011111245679833182
0.00011188360012864189
0.0001126600953515915
0.00011344197961137643
0.00011422929030887073
0.00011502206510369793
0.0001158203419182012
0.0001166241589388487
0.00011743355461365943
0.00011824856766187115
0.00011906923706690053
0.00011989560208754043
0.0001207277022514661
0.0001215655773588617
0.00012240926749573094
0.00012325881300863384
0.00012411425455011816
0.00012497563302250615
0.0001258429896455957
0.0001267163658956454
0.00012759580355693604
0.0001284813446975086
0.00012937303166996711
0.00013027090713472165
0.00013117501403698054
0.00013208539561873828
0.00013300209544734015
0.00013392515733285293
0.00013485462548627888
0.00013579054429891692
0.00013673295860752374
0.0001376819134391666
0.0001386374542053755
0.00013959962663694613
0.00014056847668474266
0.0001415440508078273
0.00014252639552686302
0.00014351555797867464
0.00014451158535400588
0.0001455145253682095
0.00014652442599464763
0.00014754133546211507
0.00014856530255666443
0.0001495963760735884
0.00015063460551522755
0.00015168004039449456
0.00015273273080239369
0.00015379272707254088
0.00015486007987756227
0.0001559348402997246
0.0001570170597809178
0.00015810678992216423
0.00015920408317497697
0.0001603089915396469
0.00016142156842693218
0.00016254186654823008
0.00016366993976498574
0.00016480584216496273
0.00016594962742352848
0.00016710135148160447
0.00016826106771765712
0.0001694288335680707
0.00017060470301894634
0.0001717887336883197
0.00017298098162570833
0.00017418150356837366
0.00017539035787606178
0.0001766076013330919
0.00017783329254939174
0.00017906749117879914
0.00018031025331679716
0.00018156164306373703
0.00018282171517095013
0.00018409053350440063
0.0001853681599861335
0.00018665464707443014
0.00018795007453904604
0.0001892544756057677
0.0001905679493192604
0.00019189051625335138
0.00019322227992496326
0.0001945632713699877
0.00019591357186868026
0.00019727324752889623
0.0001986423453225163
0.00020002095677107727
0.00020140912637857476
0.0002028069210494143
0.00020421443970256676
0.00020563167632502762
0.0002070588129614889
0.00020849577156313204
0.00020994277826755572
0.0002113997627720015
0.00021286688020215512
0.00021434419495551353
0.00021583168640056495
0.0002173296019818771
0.00021883777558072848
0.00022035653844209527
0.00022188573018245303
0.0002234255864667575
0.00022497612567987145
0.00022653735403332115
0.00022810953194654995
0.00022969246232119184
0.00023128652371099193
0.00023289150966059047
0.0002345077129197147
0.00023613507106759815
0.00023777373860126017
0.00023942372432829602
0.00024108524542700775
0.00024275808323924713
0.0002444428496811979
0.0002461388558789891
0.0002478470627299218
0.0002495667896773215
0.0002512984633768964
0.0002530425654693018
0.0002547978678261141
0.00025656675443943774
0.00025834616182883333
0.00026013984678408767
0.00026194420871801516
0.0002637623356490336
0.0002655926432094686
0.0002674351138254893
0.00026929156084640367
0.00027115960239619194
0.00027304123039775807
0.000274936587038593
0.00027684258695673605
0.0002787659510927491
0.0002806979477658223
0.0002826455115194316
0.00028461365630438884
0.00028657931688179546
0.00028859016383675495
0.0002905710247620274
0.000292613769280501
0.0002946143424245769
0.00029667235771949074
0.0002987053260281661
0.000300764107047536
0.00030284673752492206
0.00030490668252177583
0.00030703098190264927
0.00030913255686045027
0.00031125145186587655
0.0003134254624933431
0.0003155258443778425
0.00031777692180233116
0.00031988133535630105
0.0003221702746873268
0.00032431953492712256
0.0003265880417420222
0.00032883428122597834
0.0003310408789254475
0.0003333821121076271
0.0003355688837760745
0.00033794412451942923
0.00034018473378544245
0.0003425513649679326
0.00034489605604254986
0.00034723261646959006
0.00034967516687624614
0.0003520094733974674
0.0003545108314475288
0.00035686449220063456
0.0003593849181977528
0.0003617687625612422
0.000364308828745585
0.0003667102237991846
0.0003693002550767964
0.00037165380983633276
0.00037439955549260057
0.00037666902513399216
0.000379577659275297
0.00038188892888616453
0.0003843910055090988
0.0003874950821212801
0.00038938306280099887
0.00039329148445483783
0.0003947603461370557
0.00039891578269569614
0.0004005131249814088
0.0004041596520054855
0.0004066776898910829
0.0004091454890288171
0.0004128832604186339
0.0004145382738074653
0.00041798127137837593
0.00042101392648991043
0.0004222968796218224
0.00042770033422877274
0.0004272675837461021
0.00043274665164122483
0.0004368720234163362
0.0004251183747147995
0.0005048453534638386
0.000448155870959431
0.0005159074378280149
0.0004217550278756254
0.0004410978496611935
0.0003721456443282828
0.0003508134686421618
0.0003417140552404061
0.00027069551036633854
0.00032603086597747717
0.0002546426516553139
0.0002899172847683707
0.00037663065656759595
0.0002972277715015673
0.0004845737651568653
0.00034617668701108497
0.0005379189944062913
0.0004172284433834287
0.0004970330475620262
0.0004241979275473475
0.00044837284444487475
0.0004020276267260835
0.00040180458583799803
0.0003759551504416293
0.0003455801984745797
0.0004282537271455883
0.0003661239223567975
0.00042278501117253757
0.0003931032060231837
0.0004156471298406874
0.00041489526662301845
0.0003863977653228004
0.00041979300921836014
0.0003787764587887348
0.0004936910567293409
0.0004891262830544532
0.00047927967124093685
0.0005121859543134209
0.0004907906421716008
0.0005103124270709596
0.0005068455942603288
0.00047866641129433874
0.0005064618286883521
0.0004527484889271357
0.0004753587439234871
0.0003973604086841892
0.000436443187777286
0.00033259879859659286
0.0004162733593706991
0.00029934227912876705
0.0004644011978729934
0.00030377278030659034
0.000491322274838479
0.000427355155896142
0.0005002034381100178
0.0004378416469651502
0.0004989598614702993
0.0004473566353665007
0.0005415742256125296
0.0005453072436401779
0.0005449834150377561
0.0006256559439092508
0.0005785939407989716
0.0006178547286898056
