-0.0005533972834891785
-0.0005005347536105843
-0.0005476345487741038
-0.0005306335039910645
-0.0005420154419386358
-0.0005075323058753587
-0.0005201622745171007
-0.0004726345605003305
-0.0004839686173625722
-0.00044826615241837415
-0.00045981643434104505
-0.00041376492601396186
-0.0004326995904338876
-0.00038012341870856305
-0.0004054390130449148
-0.00034474912163725397
-0.00039393155573864643
-0.00034383823543993606
-0.00037706230799478934
-0.0003213962571859944
-0.000337708641745093
-0.0002900766467136189
-0.00028692909593593704
-0.00027772737625781827
-0.0002511845758538352
-0.0002404325719968628
-0.00023682432963151247
-0.00021534608718858528
-0.00019187140211869482
-0.0002256801934214834
-0.00019145633073267812
-0.00023512809579070065
-0.00022617495541061
-0.0002692066695954164
-0.0002500011620713942
-0.0002770321325166266
-0.00025425216086630346
-0.0002562401805962615
-0.00022013612936744604
-0.00024024947217387825
-0.00020195551761077968
-0.00019727325573626282
-0.00018096086682335135
-0.00016792310500792797
-0.00013798820437216028
-0.00015123921974834843
-0.00012424770624300144
-0.00013661307521013036
-0.0001301283015155151
-0.00013392665065804096
-0.00014039758963245157
-0.00013049753472387814
-0.0001699793975426307
-0.00014877164111136204
-0.0001910311123760167
-0.00019650088015909763
-0.00022498808065192952
-0.00024885636505989685
-0.0002521054826672284
-0.00026500878380615134
-0.0002575636450811802
-0.0002510849639561337
-0.0002555306822870558
-0.00024295531220918642
-0.00023703738024512038
-0.00022924533253097052
-0.00021390803706925572
-0.00021942406124393545
-0.00020324693710933785
-0.0001974389644885349
-0.00019511703987751304
-0.0001936208365614818
-0.00019341988744916278
-0.0001917282126882228
-0.00020548337032038656
-0.00023350186768983177
-0.00021578511242125635
-0.0002634107052077708
-0.0002405715669266859
-0.00026667507114645674
-0.00024662356302389456
-0.00028026653127315594
-0.00028381011695430573
-0.0002983955688799088
-0.0002829877869975864
-0.0003255945486929158
-0.00028857401138376404
-0.000314767628235482
-0.0002890267503875878
-0.0002878591874520039
-0.0003112791063760198
-0.0002831762763620584
-0.00030071798429006226
-0.00027970732585246504
-0.00030365135094816056
-0.0003112636554831945
-0.0003131709383378192
-0.00031287620039665225
-0.0003159082561782834
-0.00029969082018879717
-0.0003000042443528279
-0.00029918048180641407
-0.0002794944336558913
-0.0002865244588482682
-0.0002709434603484573
-0.00028140561783742454
-0.00025353555194078723
-0.00027052669585880904
-0.00024117063877706558
-0.00028275957652490935
-0.0002481786506722246
-0.00025904948246845393
-0.00024241954053130267
-0.00026053534865701135
-0.0002773346106935831
-0.0002656636201298819
-0.00029582984834156025
-0.00028423532309967633
-0.0003075237200989877
-0.00029009846994368415
-0.0003152211458592965
-0.00030651244206146566
-0.0003225617550487144
-0.00029126254829835076
-0.0002675375604019358
-0.0002165227129571172
-0.00019562278671442874
-0.0001720424737432628
-0.00012786789097633344
-0.0001163436446910682
-4.948433629784279e-05
-1.2488007073294546e-05
1.1688740496247037e-05
1.825114772209726e-05
-5.275367367796387e-07
-8.454942134467877e-07
-4.35337749234738e-05
-8.203462332731596e-05
-6.892663279953635e-05
-7.991325522781716e-05
-6.746345453041995e-05
-0.00015347596287537202
-9.741668306698388e-05
-0.00015673242769721695
-0.00010226672780510435
-8.296781534968318e-05
9.529235375339097e-06
-4.992806743974737e-05
-6.523783332399669e-06
-4.682285409915976e-05
-8.415058942833158e-06
-3.7770657723247576e-05
2.171918313523831e-05
-3.6015516115431913e-05
3.644925844375985e-05
-4.2456896159853114e-05
2.070903147258394e-05
-9.263500982488367e-05
-1.4871867520501338e-05
-0.0001260649423139197
-5.9270010554303735e-06
-7.813877794734549e-05
-6.171665343111861e-05
-0.00026034485339854386
0.00012159828282019731
-0.0004499580944749913
0.00021022105865658967
-0.00029479957139919694
0.000445294676444927
-0.00023772085653850814
0.00030360137893057704
-0.0003487329753192644
0.0002519061151924662
-0.0013272666582239325
0.0022586974395611805
-0.00600417701832218
0.15762202678598083
0.07730970639554391
0.0789630094238278
0.005126569599722495
0.06452279766006395
0.014186663429488442
0.0187199491849254
0.014272214861370144
-0.040901762388294155
-0.06841721683150334
-0.08984040397479014
-0.0893536350676916
-0.07176614203708986
-0.09032509808627268
-0.04511694969058356
0.01441293846194729
-0.037853078711659924
-0.07947945838263228
-0.053286366171837865
0.023368305557878444
0.05323388248147789
0.06325329514799369
0.06291896828989169
0.027419539743356404
0.01567335210183741
-0.005092856891105588
0.01087726761214963
0.041097159188995806
0.03042449591315255
-0.00573606823933528
-0.019880365646074295
-0.020286909085848355
-0.011326923800329323
-0.0032656880666932717
-0.005378530487826784
-0.027800312389680823
-0.02522931782940319
-0.010628393242702878
-0.00045145551687137493
-0.0006820789246192876
-0.008452788971602104
-0.013325943551864798
-0.011963779598085617
0.0016045463518664944
0.006201018245133577
0.017121051349694466
0.01714493794295928
0.00821532333543852
0.0008894983544728808
0.002166477457695804
0.005693920443919967
0.007726734473346004
0.006143327404088358
0.005489546314689208
0.003136872853436212
-0.0030154085135780887
-0.014457421825389888
-0.014756142050909762
-0.007770384902166189
-0.00036474116987254856
0.001739765652892173
-0.000561164705664614
-0.00578432012171566
-0.008204448773588856
-0.005612019045470266
0.0011290397611624532
0.007501331035898793
0.006769895032509356
0.0018727333942984096
0.0012092098195775006
0.002036742811954247
0.001853465845990349
0.002720832823160737
0.0024853372328474746
0.002804151657533987
0.001239832093112629
0.002222377599660654
0.0029947178744152395
0.0021789666921620252
-0.0017928302129361921
-0.00490160903248643
-0.003369803117908695
-0.0009317708975365231
-0.00038417000120115265
-0.0007726467563619756
-0.0008169452031467953
-0.0018561807288523097
-0.0026310362111956046
-0.002120344363060992
1.3596684260970635e-06
0.001541289329930985
0.002693388634734219
0.003342034625726645
0.0031536993274151517
0.0014248844631718366
-0.000503542637575342
-0.0004176410566060617
0.001204844614767656
0.0021564092632695474
0.0015550182887090125
-4.251251628398928e-05
-0.0014951066228362088
-0.002643282075325319
-0.0026604634897444066
-0.0014603894060923417
-0.00026310365819902923
-0.00027016256505525417
-0.0010310525087498927
-0.001102718361524437
-0.0009066504098846029
-0.0008537030548227061
-0.0009144112939131385
-0.0005154870526675424
5.9630591896214736e-05
0.0006173737759419104
0.0006102020030651256
0.0003880796714055565
1.7443841800572624e-05
-0.00015889041859513757
-0.00018177261109620182
0.0004110833912494031
0.001055985156908881
0.001089536134355262
0.0006018297903775617
0.00017135877210809473
-0.00010411449908818658
-0.0002053055622960485
-0.00038930785841106465
-0.00021495292987544425
8.132080629344771e-05
0.0002356792836738736
0.0001266296315058403
-0.00040276052187751104
-0.0007750342390308237
-0.0009817402929951872
-0.0006346998652954126
-4.622703380337506e-05
0.00031636748250374173
0.00020607423506980617
-9.588588651515776e-05
-0.0003653437586869354
-0.0004050406788464613
-0.0002921215530047375
7.827098136218425e-05
0.0002782293496152201
0.00032895975593719845
3.7430472917220764e-05
-0.00022518749920444423
-0.00023217270741744678
-0.0001859390327058584
-0.00020849123427950714
-3.2419116286082e-05
0.00020146970798427854
0.0005618046611665954
0.0005095722385577983
0.0017740600160649142
0.0012673302777270832
0.001856989392171506
0.0015680706969022065
0.0017881132508680373
0.0015756900621245423
0.001690635084303066
0.001531074164965027
0.0015523462963232615
0.0014363268228479295
0.0014095836804467981
0.0013144977564678315
0.0012698679448620099
0.0011899113806064666
0.0011379080917322823
0.0010695059413885406
0.0010166724025186787
0.0009568209734603355
0.0009064512413558233
0.0008536961589108386
0.0008070641114816327
0.0007603897654555065
0.0007179598609827261
0.0006765550170391408
0.0006383292191248159
0.0006015641440850611
0.0005673192866093394
0.0005346617799479108
0.0005040883390628429
0.000475074936283699
0.0004478351946411072
0.0004220592753356576
0.0003978194800598134
0.0003749208084218676
0.0003533667410910875
0.0003330252052555677
0.0003138680293908302
0.00029579897292511537
0.0002787768762830198
0.00026272707776104146
0.0002476046845686392
0.00023334892754939968
0.00021991563363684807
0.00020725366891583517
0.00019532157880653225
0.00018407540299407617
0.00017347717503257698
0.00016348859588873055
0.0001540753520295722
0.00014520380889420856
0.00013684318383768226
0.00012896379898214017
0.0001215381557729974
0.00011453999521680348
0.00010794481214466292
0.0001017293353473412
9.587175786814059e-05
9.035143721564413e-05
8.514898337379802e-05
8.024607584415422e-05
7.562548185065391e-05
7.127093669346139e-05
6.716712906421965e-05
6.32996168211392e-05
5.96547980708896e-05
5.621984770036247e-05
5.298268352235227e-05
4.993191573754522e-05
4.705681266162392e-05
4.434725883985568e-05
4.179372244350895e-05
3.9387219611892535e-05
3.711928438170105e-05
3.4981937810399015e-05
3.2967660695825366e-05
3.106936656119878e-05
2.928037713145925e-05
2.75943985495514e-05
2.6005499442548844e-05
2.4508089907241682e-05
2.3096901950829573e-05
2.176697088261265e-05
2.0513617902526134e-05
1.9332433601534767e-05
1.8219262477337126e-05
1.717018829513991e-05
1.6181520324483057e-05
1.5249780344513795e-05
1.4371690414879783e-05
1.3544161338497363e-05
1.276428179726963e-05
1.2029308106873649e-05
1.1336654566848018e-05
1.0683884361482014e-05
1.0068700989061298e-05
9.488940180556226e-06
8.94256228765983e-06
8.42764510527016e-06
7.942377110342492e-06
7.485051087656431e-06
7.054058124709463e-06
6.647881950741855e-06
6.265093602860795e-06
5.904346398230564e-06
5.564371197144965e-06
5.24397193704413e-06
4.942021425765968e-06
4.657457375002163e-06
4.38927866367898e-06
4.13654181603525e-06
3.898357681577508e-06
3.6738883081250187e-06
3.4623439927666463e-06
3.2629805042363666e-06
3.0750964645099438e-06
2.8980308813216817e-06
2.7311608220054098e-06
2.573899224088058e-06
2.425692826957173e-06
2.286020228151834e-06
2.1543900467304623e-06
2.0303391967480336e-06
1.913431256197074e-06
1.8032549333195542e-06
1.6994226174119574e-06
1.6015690169151296e-06
1.5093498767684691e-06
1.4224407612589262e-06
1.3405359149704522e-06
1.2633471902496855e-06
1.1906030312164133e-06
1.122047516793987e-06
1.0574394629950202e-06
9.965515737810223e-07
9.391696391238463e-07
8.850917846478642e-07
8.341277594899575e-07
7.860982684036299e-07
7.408343394017087e-07
6.981767293828226e-07
6.579753654165977e-07
6.200888171994218e-07
5.843837955937011e-07
5.507346856629871e-07
5.190231075637137e-07
4.891374986666424e-07
4.609727180670967e-07
4.344296799406108e-07
4.0941500326042383e-07
3.858406839858219e-07
3.636237857737091e-07
3.4268614722628057e-07
3.229541081822731e-07
3.0435825020550455e-07
2.868331514162151e-07
2.703171560991221e-07
2.547521597107778e-07
2.400834036351651e-07
2.2625928187194064e-07
2.1323115996572765e-07
2.0095320401167162e-07
1.8938221848889547e-07
1.7847749595150796e-07
1.6820067286378582e-07
1.5851559453605398e-07
1.493881879908272e-07
1.40786341921382e-07
1.326797942977217e-07
1.2504002559076853e-07
1.178401588263655e-07
1.1105486374231928e-07
1.0466026941329258e-07
9.863387915115215e-08
9.29544914967577e-08
8.760212560080449e-08
8.255795150943388e-08
7.780422359270208e-08
7.332421763442669e-08
6.91021727858049e-08
6.512323530205632e-08
6.137340714343375e-08
5.7839496031206195e-08
5.450906914315941e-08
5.137040979267182e-08
4.841247596332112e-08
4.562486155925468e-08
4.2997759417632425e-08
4.052192710980035e-08
3.81886545228324e-08
3.598973274574705e-08
3.391742599758861e-08
3.1964443550466966e-08
3.0123915053495605e-08
2.8389365006281468e-08
2.6754691267381588e-08
2.5214142812925514e-08
2.3762300014788058e-08
2.2394054893662765e-08
2.1104594051632626e-08
1.9889380841408254e-08
1.8744140526554594e-08
1.7664843560355817e-08
1.6647693204497552e-08
1.5689110717970753e-08
1.4785723981134606e-08
1.3934354841965875e-08
1.3132007697729507e-08
1.2375860177372272e-08
1.166325196795201e-08
1.0991676144571014e-08
1.0358769925492527e-08
9.762306895700658e-09
9.200188135361897e-09
8.670436762195323e-09
8.171188418872478e-09
7.700687712294146e-09
7.257278008008855e-09
6.839400458252733e-09
6.445584256191709e-09
6.074444448882438e-09
5.724675019317055e-09
5.3950450952934374e-09
5.084395867380794e-09
4.79163388323765e-09
4.5157292916786626e-09
4.2557113314042536e-09
4.010665469709757e-09
3.779729303577794e-09
3.562090539064233e-09
3.3569839401228867e-09
3.1636872233552996e-09
2.981520482949916e-09
2.809842919427284e-09
2.6480507267604174e-09
2.4955746195535816e-09
2.351878149560926e-09
2.216455738808217e-09
2.0888311911052265e-09
1.9685553565387294e-09
1.855204896268072e-09
1.7483809557327637e-09
1.6477083058830415e-09
1.5528323844870087e-09
1.463419663065308e-09
1.3791553594413777e-09
1.2997428996790183e-09
1.224903025797558e-09
1.1543724999334148e-09
1.0879032570632052e-09
1.0252613766650875e-09
9.662264040082025e-10
9.105906363139626e-10
8.581582736089111e-10
8.087451227375281e-10
7.621771199199309e-10
7.182905273177276e-10
6.769310092937658e-10
6.37952840294026e-10
6.012191103039327e-10
5.666006366346343e-10
5.339754947887229e-10
5.032290275133224e-10
4.742528179657634e-10
4.469450935653402e-10
4.212096968957135e-10
3.969563300027651e-10
3.740994370293911e-10
3.5255865769661353e-10
3.3225822459559233e-10
3.1312671991976307e-10
2.950965828033697e-10
2.781047597072428e-10
2.6209130226078747e-10
2.469999606322798e-10
2.327775269631363e-10
2.1937406231853362e-10
2.067423772325952e-10
1.9483809226108258e-10
1.8361912058656622e-10
1.7304626835472087e-10
1.630821143817733e-10
1.5369194590229233e-10
1.4484220898678627e-10
1.3650218459628893e-10
1.286423031900824e-10
1.2123504503362866e-10
1.1425428897253453e-10
1.0767541597385931e-10
1.0147540411577748e-10
9.563236382398874e-11
9.012579581019111e-11
8.493633083645445e-11
8.004568942355725e-11
7.543647824459487e-11
7.10928390809662e-11
6.699917357022578e-11
6.314141418918562e-11
5.950567729534617e-11
5.6079403816002016e-11
5.2850380972621624e-11
4.980721477615413e-11
4.693952735182472e-11
4.4236524165963687e-11
4.168934034792793e-11
3.928890459498069e-11
3.702655976961511e-11
3.489455252525531e-11
3.2885660774389924e-11
3.0991169266275653e-11
2.920686275161488e-11
2.7524141609825987e-11
2.5940575432332764e-11
2.444615885589807e-11
2.3039131962897946e-11
2.1712295413737863e-11
2.0462311532687405e-11
1.9284240504913348e-11
1.8173664599586102e-11
1.7127724646827814e-11
1.6141657705837174e-11
1.5212141811650872e-11
1.4336339952772956e-11
1.3510962751291664e-11
1.2732739965463577e-11
1.199929677240261e-11
1.1308529010130644e-11
1.0657853756707112e-11
1.0043850086615411e-11
9.465280156070819e-12
8.920091485657526e-12
8.406321550858721e-12
7.922380450503617e-12
7.466042520820008e-12
7.036478186209683e-12
6.6313800391388285e-12
6.24941901206837e-12
5.889188889698395e-12
5.550133247615523e-12
5.230762173500259e-12
4.929681317290217e-12
4.645802748173876e-12
4.378244782780177e-12
4.126120723303012e-12
3.8886046617968295e-12
3.664813298751707e-12
3.453904263289731e-12
3.2550314440354944e-12
3.0675476807122404e-12
2.8908158961234165e-12
2.7243829479710324e-12
2.5676731520065527e-12
2.4197132741498456e-12
2.280455257139616e-12
2.1489300952842044e-12
2.025123965005912e-12
1.9083932567900974e-12
1.7985721419144785e-12
1.695088513997689e-12
1.5975692990721768e-12
1.505556096459415e-12
1.4188201395010092e-12
1.3371664886463464e-12
1.260157776739046e-12
1.1875726096954864e-12
1.1192938936810393e-12
1.0550189194491466e-12
9.943157408542902e-13
9.36958843844593e-13
8.829152686740116e-13
8.319976652071404e-13
7.841470528457961e-13
7.390581202582069e-13
6.964875724768671e-13
6.563950771809601e-13
6.184913692308669e-13
5.828219851178318e-13
5.492628921133225e-13
5.177039352766144e-13
4.878424053611496e-13
4.597329461564215e-13
4.3337729238590583e-13
4.0837081979883116e-13
3.8491605736101775e-13
3.627263420180604e-13
3.4176828034304663e-13
3.2211906753065733e-13
3.0362127742544764e-13
2.86093197743309e-13
2.697200102153019e-13
2.5406109507852825e-13
2.3949722413596497e-13
2.2560837746599116e-13
2.127473544555336e-13
2.0038744968919886e-13
1.8890748340605334e-13
1.7792928588833412e-13
1.6776890206932071e-13
1.582900477359317e-13
1.4914632029405794e-13
1.4052691302279818e-13
1.3229348172494326e-13
1.2471143909231763e-13
1.1756567941390017e-13
1.1038912839378412e-13
1.0489092233667563e-13
9.844864723787539e-14
9.364037323322805e-14
8.68972862416717e-14
8.257587322257898e-14
7.735131979380583e-14
7.31272681298023e-14
6.87516450020853e-14
6.478476609339534e-14
6.079685366255916e-14
5.69644158232574e-14
5.371527875275284e-14
5.1038871479863746e-14
4.789061942150896e-14
4.5532113778119776e-14
4.336201536725426e-14
4.130723540995973e-14
3.90883072437509e-14
3.6539185305911603e-14
3.4772748916389595e-14
3.340123316819543e-14
3.1728905527245166e-14
3.014141670629189e-14
2.7826590857926714e-14
2.6199094976808723e-14
2.3763109535668292e-14
2.2213784631186506e-14
2.0124743885241436e-14
1.8585989951941384e-14
1.6132169385063566e-14
1.4474641103767727e-14
1.1775302954930567e-14
1.0661231012593086e-14
7.968018606030469e-15
6.9909356081865326e-15
3.93386495253778e-15
3.2821781317110554e-15
3.487878388885868e-16
2.1076890233118206e-16
-2.768401827224487e-15
-2.4980018054066022e-15
-5.640019701269594e-15
-4.325207726696423e-15
-7.149879646672908e-15
-4.64103581954145e-15
-7.32096674949112e-15
-3.570060913560269e-15
-5.747789397214653e-15
-2.8780146668627715e-16
-1.6982942829812941e-15
5.292749745422487e-15
5.464162108892445e-15
1.4517358669363656e-14
1.7764435755740493e-14
2.903699416328953e-14
3.692272182442835e-14
5.0573260856889846e-14
6.431031922271568e-14
7.932033935925675e-14
9.729852557330276e-14
1.0936661732491304e-13
1.2486376949755185e-13
1.2491689540400364e-13
1.2739343000639503e-13
1.033560173210879e-13
8.041695564661722e-14
1.8448784167013343e-14
-4.009466370025194e-14
-1.5130995414947002e-13
-2.4661175879181485e-13
-4.106732315323214e-13
-5.340248642599077e-13
-7.464851219801671e-13
-8.779279386805783e-13
-1.1229905894083458e-12
-1.23015876998811e-12
-1.4847863335967076e-12
-1.5314497716842346e-12
-1.7733870470194868e-12
-1.7284619915902688e-12
-1.9449528793069604e-12
-1.777819644971368e-12
-1.961688840881881e-12
-1.6380564439588685e-12
-1.7866238002928192e-12
-1.2735212190362333e-12
-1.400903590180469e-12
-6.739452745874175e-13
-8.143095572843428e-13
1.4734394260251804e-13
-5.234246196195169e-14
1.1584466025338358e-12
8.204007135095837e-13
2.2822171669850677e-12
1.6855592442632794e-12
3.3668098690931014e-12
2.339004424173341e-12
4.199692676953859e-12
2.5145302506857092e-12
4.521032853643803e-12
1.8734527817976243e-12
4.003630760252008e-12
-5.036943084846257e-14
2.2298274338083957e-12
-3.858463895611841e-12
-1.3901935158600054e-12
-9.90811165751948e-12
-8.198814890891803e-12
-2.0136184386565503e-11
-2.0494468969123325e-11
-3.6946684427163756e-11
-4.258768164511206e-11
-6.570018314111525e-11
-8.210714400047614e-11
-1.122167055458978e-10
-1.3971551519886827e-10
-1.753057907172284e-10
-2.1143728781702897e-10
-2.4687908314890983e-10
-2.8222243116170047e-10
-3.0731721789752087e-10
-3.273089117447614e-10
-3.329603728147168e-10
-3.3032853622577685e-10
-3.130975522250279e-10
-2.85067286616425e-10
-2.390341292957121e-10
-1.8508809762618483e-10
-1.1155492848913262e-10
-4.92954416707065e-11
4.179369599965205e-11
8.781315038726249e-11
1.786667811853708e-10
1.859884795951455e-10
2.650011595795379e-10
2.1843864436992162e-10
2.7787237192201247e-10
1.4644123050690586e-10
1.6729814763887484e-10
-8.498308412779702e-11
-1.3087639931757926e-10
-5.467966852142504e-10
-6.70958196337737e-10
-1.3002646667703566e-09
-1.5264065549719374e-09
-2.4300532697196786e-09
-2.778537649961166e-09
-4.028871646022392e-09
-4.515800568118816e-09
-6.190023202345962e-09
-6.8064802769690624e-09
-8.990262780755875e-09
-9.712893290006464e-09
-1.2538441784837318e-08
-1.3345096083750008e-08
-1.695054412109709e-08
-1.782209931022738e-08
-2.2371666824616554e-08
-2.3233553740620305e-08
-2.9001793071248283e-08
-2.961729909847083e-08
-3.70948407690542e-08
-3.6888735054615757e-08
-4.713573674084887e-08
-4.464879243531853e-08
-6.01555795789739e-08
-5.355926354168428e-08
-6.652576833491132e-08
-5.560883344216317e-08
-6.403166111037021e-08
-4.670943607410844e-08
-4.403772444599839e-08
-1.634408287890318e-08
1.3419387265490483e-10
1.692272712431708e-08
3.1238622788683744e-08
3.0705263707580524e-08
3.092472689713167e-08
1.4601053297597555e-08
-4.944509334913586e-09
-3.905545879135172e-08
-9.564036909866133e-08
-1.599571816865623e-07
-2.4917425783418704e-07
-3.431399849502129e-07
-4.653005212944694e-07
-5.886351386030459e-07
-7.324732533494854e-07
-8.755553246623474e-07
-1.0552780443548817e-06
-1.2390265282117015e-06
-1.4452016867922982e-06
-1.6808251454021714e-06
-1.9075418592819657e-06
-2.1907297814358073e-06
-2.4361353911964113e-06
-2.771648222332627e-06
-3.0188244591290367e-06
-3.4145348984178e-06
-3.6571340907159977e-06
-4.103978084389913e-06
-4.348317996127118e-06
-4.844034821402973e-06
-5.075671117029843e-06
-5.649862169138613e-06
-5.8412335436350065e-06
-6.539449745165358e-06
-6.677642647657194e-06
-7.5035466100660335e-06
-7.572840917362614e-06
-8.578662581520437e-06
-8.524276388668234e-06
-9.769724759602235e-06
-9.425224395742844e-06
-1.1047129696076827e-05
-1.0328085707579258e-05
-1.2327219632062014e-05
-1.1275079098039143e-05
-1.3751171442987625e-05
-1.2118271186839676e-05
-1.5523514783766755e-05
-1.231355051971219e-05
-1.8216149254643085e-05
-1.036233094785623e-05
-2.4498121257062735e-05
2.561625598949263e-06
-6.291233491221562e-05
-6.951067207561787e-05
-0.00012001657443467531
-0.00015407925740501798
-0.00017854498423359707
-0.00022928799640179126
-0.00026188656088487914
-0.0002873207639909887
-0.0003278096189922162
-0.00034858829286868996
-0.00036881771669944265
-0.00040620236587433
-0.00041286635563211535
-0.000453311385436347
-0.0004572611861495779
-0.0004902262348680316
-0.0005085410466070512
-0.000528745518882334
-0.0005577753236180026
-0.0005268722548505296
-0.0005853934767411435
-0.0005339376701673712
-0.0005835148359455886
-0.0005444101008243829
-0.0005525248301389946
-0.0005460267609467293
-0.0005557381938012789
-0.0005542346617944046
-0.0005663376208302203
-0.000564645445490012
-0.0005847988551070585
-0.0005879751074573914
-0.0005886456453798295
-0.0006214593239369539
-0.0006198090991388829
-0.0006551106510532749
-0.000665017776343673
-0.0006699132258727118
-0.0006944951964333041
-0.0006770307540917757
-0.0006634601392818311
-0.0006754508133153493
-0.0006472990972373212
-0.0006393065681997679
-0.0006293765386499071
-0.0006462445567416977
-0.0005942332207725692
-0.0006271767424750493
-0.000587667972845389
-0.0005777341272778697
-0.0005534284792060074
-0.0005516953140445975
-0.0005645957070184365
-0.0005498620783354333
-0.000591119378660139
-0.0005458024381636643
-0.0005886040404056376
-0.0005427627023567526
-0.000569612521657792
-0.0005643213683885243
-0.0005498763063001986
-0.0005610933813508575
-0.0005607576939151476
-0.00047752777446850186
-0.00043509257740350716
-0.00045383204103649233
-0.00046869257148495375
-0.00046320197501616725
-0.0004707451244642264
-0.000471258795895581
-0.0004643466644924855
-0.00048229773192618987
-0.0005022172118152035
-0.0004917741097044338
-0.0004907738447404557
-0.0004871570153408063
-0.0004612072841274322
-0.0004580691593606657
-0.0004142381256027791
-0.0004161744555342073
-0.0003644500439111901
-0.0003697363883754602
-0.00031768282672623913
-0.00032087047313782656
-0.0002812164558701595
-0.0002893043521985878
-0.0002646418872678154
-0.00027569744015319464
-0.000244931890093951
-0.0002620401839605886
-0.00026089645174873753
-0.00025137900472845995
-0.00024749313608521384
-0.00023148464570056182
-0.0002365037774650981
-0.00021909252229446497
-0.00021618407376001656
-0.00020226709485691996
-0.00020004196241147813
-0.00020555075445372452
-0.0001811483909528747
-0.00021062389144835343
-0.00018590262702051016
-0.00021918174226284167
-0.00019822309728712942
-0.00022688551905374182
-0.00022211543852194355
-0.00024188916375694143
-0.00024762031625472623
-0.0002561629994640719
-0.00028563779443798495
-0.0003001610314131154
-0.00028587612315764604
-0.00034383028649899076
-0.00030436525203981357
-0.000331919330379151
-0.0003187192749203371
-0.0003128328502125442
-0.0003111504220274788
-0.0003007943756727336
-0.0002849126520741827
-0.00028893778833559555
-0.0002681241530852566
-0.0002657297397812313
-0.0002423255134039545
-0.0002564289281946281
-0.0002462498383559129
-0.00024124602294424153
-0.00026163194719799106
-0.00023497041979050198
-0.00028613999781331215
-0.00027059418662491613
-0.00029146982892564897
-0.00028121734541967057
-0.0002898271177857034
-0.000288552498984411
-0.00029995958203813235
-0.0002777703307488802
-0.00032096443452402594
-0.0002560688382744876
-0.00035149171893426564
-0.00028034783241189843
-0.0003654911552648035
-0.0003276985662790542
-0.0003635765579760727
-0.00037059017975006126
-0.00039325474222605904
-0.00037095536819308796
-0.00041801415353395896
-0.0004040453845724667
-0.0004129007716784429
-0.00040879883094295717
-0.0003986585574417538
-0.00040998309251655143
-0.0003907559958118301
-0.00040269450313976015
-0.0003682380085784702
-0.0003845436054824259
-0.0003447437031767019
-0.0003593706142566488
-0.0003309297193720938
-0.00034556261997133533
-0.00030881485022224637
-0.00032587984376458105
-0.00029454185399853936
-0.00032189330727830834
-0.000290528973587862
-0.0003212978778478068
-0.0002941372698952059
-0.0003130663187410589
-0.0002878505167439346
-0.0003151796429409667
-0.00028901959099291114
-0.00031156985870971535
-0.00027526365868431503
-0.00030258564505606896
-0.00028702935520042436
-0.00030386398460202684
-0.0002745899387386145
-0.00029561626214917017
-0.00025968403995185854
-0.000279933622460321
-0.0002488358464150507
-0.0002554361409702094
-0.00022741074641603916
-0.00023953848475490123
-0.0002158613382459702
-0.00021259609473388427
-0.00020741876199149986
-0.0002008021980809524
-0.00019948350632701685
-0.00018169695328259502
-0.00020323923428621957
-0.0001898341113932128
-0.00019308136703747399
-0.00018070158078694714
-0.0001525269090609126
-0.0001446460093078235
-0.00010093045089103265
-0.00011682175593930974
-5.1101323331326717e-05
-8.509695101210399e-05
-4.703110638500451e-05
-5.107097187488246e-05
-3.0109732029163217e-05
-6.424284071469087e-05
-5.427861063853966e-05
-8.977025242766695e-05
-0.00011271884872766737
-0.00015740251867365856
-0.0001636911145918959
-0.00016664272127685622
-0.00017391674518295279
-0.00015492703914391095
-0.00014774520662784392
-0.000115861259455581
-0.00014209077846662297
-5.876391406495226e-05
-7.546442764296509e-05
2.3278412172049736e-05
7.618120824921685e-07
9.656627941397316e-05
8.227630135771783e-05
9.346304360789381e-05
6.934508189006588e-05
0.00012328460026891436
9.518042220294531e-05
0.00010011341348631521
0.0001276181680122499
9.531731798428435e-05
4.892126856075613e-05
6.269925059435542e-05
4.6808964790233276e-05
5.091366502437932e-05
-1.801310299626019e-05
-1.8256702594309056e-05
2.8319143319169952e-05
-4.577672231996094e-05
-3.4393675897650017e-07
8.680327025667769e-05
4.5693863218654676e-05
0.00023019832779781825
-0.00011453738936233096
0.00037664168063201043
-0.00038146567330179544
0.0007388379115991512
-0.0001383025024346163
0.004634239329021626
0.09528404105166967
0.06540176278686423
0.04510564167908242
0.013498829523836492
0.03100250574589292
0.013348562141737555
-0.016940198718647242
-0.011259506044638956
-0.013884039715811654
-0.04893736379286571
-0.043554122539890536
-0.0395740818878325
-0.04576779184801334
-0.056422289686153926
-0.039156775412927086
-0.007517448663323521
-0.003973558293962388
0.0035358003797793945
0.007359710836532489
0.013468506409106696
0.0040850734732732884
0.004014028823316461
0.014596128461661216
0.017169245418431102
0.016913406705528725
0.008125590253962953
0.005182981163682368
-0.0050234646845700014
-0.006021163464312617
0.007143818030198161
0.011628325596823134
0.0023861534100683597
-0.011249243291510745
-0.013308991443033026
-0.009300666126464189
-0.006530187650035307
-0.004202567454210646
-0.00050358289953116
-0.0003555255517547298
-0.004616962704037216
-0.005866130501471352
-0.0027841306888398043
0.0016524821976746655
0.0037369590819118954
0.0058861013366422205
0.0058622524459994605
0.0033568233619851204
0.0006696904245878709
0.00035044056124739544
0.0021968938023836223
0.0016910354617236394
0.0005171988630208488
0.000168309524115945
0.00034746318869915906
-0.0013447285426160054
-0.0035062791772370364
-0.004444995900642007
-0.0031790873837789823
-0.0008601781040599114
0.0013492452153409853
0.0009933968006164402
-0.0024574098521081833
-0.004629926971877671
-0.004328588996017896
-0.0015638093745251043
0.0002740659229838506
0.001181430102667443
0.0013334580026772075
-0.000902549235645903
-0.002966618170057824
-0.0029368526868968426
-0.00036684344897329924
0.0018144566806307142
0.001688800239060177
0.0003914752818383272
-0.001295239751946376
-0.002009156031066759
-0.0019731054480730753
-0.0002681322811385723
0.0013125265114546445
0.0009935635403381512
-0.0002651566914899402
-0.0007662559593055928
-0.00044357933759506176
0.00018710131284630576
0.0004262786244138742
0.0008096082318753796
0.0010517838771397527
0.0008993403859752834
0.0002573377072265907
-0.0006374211495457181
-0.001336670400860236
-0.001715695682587429
-0.0016417614037383967
-0.0013426232759712461
-0.0013395700179194233
-0.0014704561620991624
-0.0016181085735491494
-0.002060164357715738
-0.0023598452893727273
-0.0014993389882690385
4.462735834702407e-05
0.0008427555027943504
0.0007936243634029038
0.0002940799956340455
-6.30983943880032e-05
0.00011879145054786132
0.0006991286845794601
0.0015846214303969989
0.0018609343848759218
0.0013380106843349452
0.00035422259787765056
-0.00011347515565609281
-3.0347285196412723e-06
0.00021794958227464066
0.00026373655365556127
0.00018880912308166402
-0.0002708530483280625
-0.0008293117114540565
-0.0011066752189381446
-0.0009578687020977285
-0.000506650784937801
-0.00017938000374412259
2.3825370976993695e-06
-4.1560582416926944e-05
8.582151102264556e-05
9.02225187672267e-05
0.0001877750394768073
0.0002280354236729115
0.00033990287014217793
0.00031881784306411157
0.0003861913923006639
0.00034049923452521074
0.00010684322427756063
-0.00028516299537047305
-0.00021398959416863697
-0.000409423448619408
-0.0003539293614872475
-0.00041813425934656215
-0.00038146829694328185
-0.0004195841213058375
-0.00038662409615568445
-0.0003980210559528848
-0.00037228635807186696
-0.0003675345201895457
-0.0003451562167909182
-0.0003346751345231476
-0.0003148850765388911
-0.00030187451266408115
-0.0002844748131190639
-0.0002708142050692839
-0.00025529434589674754
-0.00024207929919221535
-0.00022822137762644338
-0.00021588518745851125
-0.00020353069105055114
-0.00019224709556940004
-0.00018123362403485292
-0.00017103603147172438
-0.000161225936114729
-0.00015207215778221313
-0.00014334114009603802
-0.00013515832204980156
-0.00012739201555442715
-0.00012009556103290131
-0.00011319048169900029
-0.00010669423149501503
-0.00010055692392059502
-9.477852580021562e-05
-8.932488892253366e-05
-8.418797699012004e-05
-7.934264657006741e-05
-7.477762319542278e-05
-7.047323353831518e-05
-6.641732142134433e-05
-6.25937733060078e-05
-5.899068496905628e-05
-5.559443914356209e-05
-5.239388966534897e-05
-4.937729693810273e-05
-4.6534464322383614e-05
-4.3855146196130254e-05
-4.133013241819611e-05
-3.895041551098751e-05
-3.670773559946451e-05
-3.459413962486271e-05
-3.260225009394039e-05
-3.072502735406312e-05
-2.8955897523806466e-05
-2.7288620441204286e-05
-2.571734629169772e-05
-2.4236539003944955e-05
-2.284099721445998e-05
-2.152580715539254e-05
-2.028634617818985e-05
-1.911825167332697e-05
-1.8017416433190395e-05
-1.6979966581553377e-05
-1.60022534573959e-05
-1.5080836859875923e-05
-1.421247578283461e-05
-1.3394114997130715e-05
-1.2622875762149854e-05
-1.1896044662996442e-05
-1.1211064815155703e-05
-1.0565526336484804e-05
-9.957158256089253e-06
-9.383820251202689e-06
-8.84349531648731e-06
-8.334282526587596e-06
-7.854390451852196e-06
-7.402130782943877e-06
-6.975912444262771e-06
-6.574235959131671e-06
-6.1956882019874826e-06
-5.838937407358165e-06
-5.50272849869819e-06
-5.185878662904309e-06
-4.887273196879747e-06
-4.605861580331094e-06
-4.340653783819402e-06
-4.090716783067799e-06
-3.8551712786346565e-06
-3.6331886010035116e-06
-3.423987796083608e-06
-3.2268328771229052e-06
-3.041030236277766e-06
-2.8659262036882094e-06
-2.700904748246124e-06
-2.54538531022991e-06
-2.3988207587653476e-06
-2.2606954670081425e-06
-2.130523498093895e-06
-2.0078468958996642e-06
-1.8922340733953252e-06
-1.7832782947602084e-06
-1.6805962439989276e-06
-1.5838266767327663e-06
-1.4926291492125236e-06
-1.4066828207061794e-06
-1.3256853245712674e-06
-1.249351704482677e-06
-1.1774134120970013e-06
-1.1096173624178393e-06
-1.0457250429950037e-06
-9.855116750701303e-07
-9.287654229027284e-07
-8.752866480864327e-07
-8.248872076889658e-07
-7.77389792079781e-07
-7.326273013620518e-07
-6.904422570824049e-07
-6.506862486622413e-07
-6.132194109587509e-07
-5.779099324417641e-07
-5.446335912082535e-07
-5.132733182765942e-07
-4.837187854225822e-07
-4.5586601727471907e-07
-4.296170253212774e-07
-4.048794634784608e-07
-3.815663026424023e-07
-3.595955251989389e-07
-3.3888983608113075e-07
-3.193763907544285e-07
-3.009865394256253e-07
-2.8365558482341784e-07
-2.673225551811081e-07
-2.5192998959330457e-07
-2.3742373550777324e-07
-2.237527586975395e-07
-2.1086896376032232e-07
-1.9872702394153788e-07
-1.8728422321445258e-07
-1.765003044586753e-07
-1.6633732916710667e-07
-1.5675954309404545e-07
-1.4773325061770513e-07
-1.39226696450152e-07
-1.3120995437788767e-07
-1.2365482076389517e-07
-1.1653471478523681e-07
-1.0982458738761046e-07
-1.0350083291146123e-07
-9.754120371436724e-08
-9.192473246030677e-08
-8.663166026966164e-08
-8.164336622780714e-08
-7.694230044899076e-08
-7.251192418028778e-08
-6.833665140514424e-08
-6.440179320740683e-08
-6.069350576133159e-08
-5.719874331939183e-08
-5.390521150829767e-08
-5.08013230226677e-08
-4.787615771309397e-08
-4.5119424845613265e-08
-4.252142594244625e-08
-4.007302122011264e-08
-3.7765596670518917e-08
-3.559103484623632e-08
-3.3541685478730415e-08
-3.1610338584929466e-08
-2.9790199529124367e-08
-2.807486489900951e-08
-2.645830014707585e-08
-2.493481795980178e-08
-2.34990587305757e-08
-2.2145971399742978e-08
-2.0870795475186462e-08
-1.966904456456942e-08
-1.8536491006336054e-08
-1.7469150584060078e-08
-1.646326828332143e-08
-1.5515305181669123e-08
-1.4621926269500426e-08
-1.3779988508231221e-08
-1.2986529917164173e-08
-1.2238758977526688e-08
-1.153404511021461e-08
-1.086990911039823e-08
-1.0244014382791255e-08
-9.654158946716899e-09
-9.098267620419667e-09
-8.574384882217476e-09
-8.080667541294963e-09
-7.615378672229303e-09
-7.176881382264279e-09
-6.763633044316961e-09
-6.374179727932586e-09
-6.007151268549917e-09
-5.661256569761651e-09
-5.3352786214596465e-09
-5.0280705984689315e-09
-4.73855175453855e-09
-4.465703551251917e-09
-4.2085660905137774e-09
-3.9662347360407135e-09
-3.737856994301229e-09
-3.5226293105357007e-09
-3.3197944629848736e-09
-3.1286390351267096e-09
-2.9484904297564975e-09
-2.7787149639894263e-09
-2.618715190413857e-09
-2.4679283110932808e-09
-2.325823753967886e-09
-2.1919016645124967e-09
-2.0656908401416995e-09
-1.9467473449789365e-09
-1.8346527044430481e-09
-1.729012599868858e-09
-1.6294551474175384e-09
-1.5356303178929234e-09
-1.4472078826391777e-09
-1.3638769674458127e-09
-1.2853442104475378e-09
-1.2113334864794108e-09
-1.1415843332489642e-09
-1.0758512263573175e-09
-1.0139031583712363e-09
-9.555221130118623e-10
-9.005026827430549e-10
-8.486513483597045e-10
-7.997855943058657e-10
-7.537334810654196e-10
-7.103332864131281e-10
-6.694319772723289e-10
-6.308859035772212e-10
-5.945589518494606e-10
-5.603239814949874e-10
-5.280602446196964e-10
-4.976542111479474e-10
-4.689989833398401e-10
-4.41993817793581e-10
-4.165437372468956e-10
-3.925588980805859e-10
-3.6995503100605617e-10
-3.486528240729614e-10
-3.2857725534954666e-10
-3.09657595626376e-10
-2.918273609147249e-10
-2.750238457517552e-10
-2.591877192064567e-10
-2.442635117609615e-10
-2.3019871806548384e-10
-2.1694382374521856e-10
-2.0445208752991467e-10
-1.9267958605853012e-10
-1.8158507298715945e-10
-1.711293651273163e-10
-1.6127565992743453e-10
-1.5198941757943452e-10
-1.4323771877801372e-10
-1.349900345583993e-10
-1.2721725105649395e-10
-1.1989205982165796e-10
-1.1298864014547272e-10
-1.064826225783376e-10
-1.003512505026987e-10
-9.457291154086993e-11
-8.91273393521623e-11
-8.399531363414287e-11
-7.915880209890917e-11
-7.460083852744992e-11
-7.030532189408745e-11
-6.625709898268328e-11
-6.244191860620141e-11
-5.88465031911567e-11
-5.54581476770212e-11
-5.226491171816429e-11
-4.9255550837014675e-11
-4.6419382741932566e-11
-4.374649422008922e-11
-4.122753980112352e-11
-3.885361439049176e-11
-3.6616397739407114e-11
-3.450801065252654e-11
-3.2521012629811025e-11
-3.064840804647799e-11
-2.8883616818556248e-11
-2.7220475670047296e-11
-2.565310174029202e-11
-2.417590701741211e-11
-2.2783910541101897e-11
-2.1472033434047008e-11
-2.023567637510649e-11
-1.9070537697293312e-11
-1.7972471343737258e-11
-1.6937613787101728e-11
-1.596230072219932e-11
-1.504315919607143e-11
-1.4176997127786882e-11
-1.336064215534151e-11
-1.2591369488940476e-11
-1.1866340253615347e-11
-1.1183051148522596e-11
-1.0539092859594527e-11
-9.932246458664931e-12
-9.360325814683317e-12
-8.821348382662131e-12
-8.313436351543683e-12
-7.834761376994404e-12
-7.383659818543248e-12
-6.958507663308577e-12
-6.557804754954433e-12
-6.180207170677909e-12
-5.824422541489405e-12
-5.489018094217979e-12
-5.172952777937612e-12
-4.875058581647884e-12
-4.594390406315041e-12
-4.3298305479194665e-12
-4.080502645845141e-12
-3.8455700348280844e-12
-3.623981452113064e-12
-3.4153167896870326e-12
-3.218712582163559e-12
-3.0333487864532202e-12
-2.8588231296687062e-12
-2.6942363270943126e-12
-2.5389194497065382e-12
-2.393168000195626e-12
-2.255340999610003e-12
-2.12596835684367e-12
-2.0029024893155646e-12
-1.887768085839618e-12
-1.7790603542685505e-12
-1.6764341447699817e-12
-1.5797758422735975e-12
-1.488795055932992e-12
-1.4031054624912519e-12
-1.3222013477034826e-12
-1.2458163434246952e-12
-1.174264007699436e-12
-1.1065802272983497e-12
-1.0427426405516284e-12
-9.828363505535488e-13
-9.26364914681857e-13
-8.730716819535349e-13
-8.227188715855633e-13
-7.754322527240166e-13
-7.308160585416524e-13
-6.886859649282695e-13
-6.489471063113577e-13
-6.116653611019061e-13
-5.765500585091198e-13
-5.432959990095756e-13
-5.121405280113581e-13
-4.8256062638646e-13
-4.547887131993444e-13
-4.285919018233615e-13
-4.039527637085885e-13
-3.8076615834934865e-13
-3.5878824190078637e-13
-3.380742781805123e-13
-3.185516493598925e-13
-3.001691404388041e-13
-2.82848322942595e-13
-2.6656761108363736e-13
-2.512229892160083e-13
-2.367877419205515e-13
-2.2314588666986525e-13
-2.1026754014157045e-13
-1.981731564872774e-13
-1.8682873241635152e-13
-1.7609144123322679e-13
-1.6602295710085868e-13
-1.564593452626356e-13
-1.4743055680357248e-13
-1.3892858218012005e-13
-1.309369279667294e-13
-1.2340128918708615e-13
-1.1628718821210526e-13
-1.0952653714535465e-13
-1.0319176069195635e-13
-9.72568379997707e-14
-9.165324749149661e-14
-8.638619333756203e-14
-8.137067408764409e-14
-7.66730429146989e-14
-7.229286613785746e-14
-6.812259090160921e-14
-6.422987142151726e-14
-6.05470534820185e-14
-5.6994339803218e-14
-5.373891436011302e-14
-5.065728652525747e-14
-4.777645293274624e-14
-4.503884244722034e-14
-4.243003517978572e-14
-3.997681092410277e-14
-3.767754337691276e-14
-3.547856453067766e-14
-3.3422049849907154e-14
-3.152686445240249e-14
-2.967374609919027e-14
-2.7973283411864003e-14
-2.6383626186565756e-14
-2.485164851684374e-14
-2.3429825787846248e-14
-2.2078259359625818e-14
-2.080432180695535e-14
-1.9722938560118308e-14
-1.852077519126638e-14
-1.7534584895173566e-14
-1.6525843193893053e-14
-1.5568275835153855e-14
-1.4684434224143672e-14
-1.386615973951455e-14
-1.3020834410681914e-14
-1.2220476366953115e-14
-1.1503927151157445e-14
-1.0852321645493657e-14
-1.0308919516643922e-14
-9.656771909893891e-15
-9.124645483638005e-15
-8.814888922958897e-15
-7.808180100751794e-15
-7.389108856031834e-15
-6.522235009021049e-15
-6.666433897961621e-15
-6.0877951985061074e-15
-5.634219219646797e-15
-5.3483964219253055e-15
-5.002183563196372e-15
-4.580971019185753e-15
-4.326291928868908e-15
-3.983467201928992e-15
-3.717431093855361e-15
-3.2112442045761913e-15
-3.126486699742137e-15
-3.061461674447319e-15
-2.6510911521615554e-15
-2.570209670094137e-15
-2.388443175876942e-15
-2.6613097576372313e-15
-2.7999521104438152e-15
-3.337418232399192e-15
-3.725860765746436e-15
-4.3923198411732756e-15
-4.9458050502271256e-15
-5.782185711136756e-15
-6.478541661469883e-15
-7.557539663527457e-15
-8.200308921485489e-15
-9.268085431057838e-15
-9.766276329314927e-15
-1.07182058367572e-14
-1.0920870327849053e-14
-1.1847944500487095e-14
-1.1854991814608251e-14
-1.2489575346164017e-14
-1.191597818681056e-14
-1.2240208846492351e-14
-1.1029073704663106e-14
-1.0963804733879479e-14
-9.104316692903902e-15
-8.490170372299488e-15
-5.586893794817804e-15
-4.116796964090397e-15
1.9179536431268573e-16
2.853511697764599e-15
9.204551183750187e-15
1.3521302133501223e-14
2.2816817879522944e-14
2.9263375576904505e-14
4.212613331083803e-14
5.0680163191096916e-14
6.638006116999051e-14
7.505172698596407e-14
9.006131344163615e-14
9.410971080116987e-14
1.0117443991972119e-13
9.303755682532611e-14
8.13698067259061e-14
5.052859172738344e-14
7.437843743685058e-15
-5.5774612359171805e-14
-1.3973891488383572e-13
-2.4101640822005166e-13
-3.681148268153134e-13
-5.046527432051029e-13
-6.654707709365104e-13
-8.222010312169958e-13
-9.953509370885794e-13
-1.1459722602281952e-12
-1.3026884529854926e-12
-1.4153234519694718e-12
-1.5269004593684854e-12
-1.5688418446291319e-12
-1.6109999619040583e-12
-1.5556809312977649e-12
-1.5143305446413402e-12
-1.3478289664914378e-12
-1.2246360609619034e-12
-9.50430706359029e-13
-7.615123809312507e-13
-3.9137269813860343e-13
-1.5970894311906347e-13
2.893618775579726e-13
5.302701637163731e-13
1.0363114446437782e-12
1.239307810020629e-12
1.7699500719225991e-12
1.87143031106507e-12
2.382668715106284e-12
2.30086262542617e-12
2.7286298220907668e-12
2.347167599170419e-12
2.59748472730692e-12
1.75186601336641e-12
1.687677775308316e-12
1.5519183160783712e-13
-4.1765245775704507e-13
-2.844087378800486e-12
-4.300131865170309e-12
-8.187932970527001e-12
-1.118795160681696e-11
-1.727808607993042e-11
-2.2811173089332115e-11
-3.297107985938963e-11
-4.297681481524318e-11
-5.955087117870406e-11
-7.491524848385334e-11
-9.952273814090029e-11
-1.2034625422943646e-10
-1.5337971647974569e-10
-1.772015672217575e-10
-2.1413307672163429e-10
-2.3476021625799814e-10
-2.665774398100118e-10
-2.7641476867817927e-10
-2.927232640309585e-10
-2.8497129265711574e-10
-2.7352355233198344e-10
-2.4066770809311883e-10
-1.9680851639689544e-10
-1.4082950287836815e-10
-7.117553653390989e-11
-2.3966170167128917e-12
7.547392200010208e-11
1.4087049319470683e-10
2.0661904259473667e-10
2.496917391679168e-10
2.8071942343840177e-10
2.741098381329782e-10
2.470564647805639e-10
1.6535026492003717e-10
6.224993472962411e-11
-1.1508217976800373e-10
-3.036803163401552e-10
-5.904518529010084e-10
-8.833783761215029e-10
-1.3017695076321953e-09
-1.7167576746245062e-09
-2.2915822777769615e-09
-2.8566262359397605e-09
-3.6318486839898717e-09
-4.368449334039848e-09
-5.3899309052432565e-09
-6.334353032212497e-09
-7.661886106905685e-09
-8.849374136254973e-09
-1.0543405301599584e-08
-1.2029084100334542e-08
-1.415185222220644e-08
-1.597867260380581e-08
-1.8603774189565603e-08
-2.08004391991784e-08
-2.4017425412849896e-08
-2.6557159777559317e-08
-3.0515228772486146e-08
-3.3337018484481235e-08
-3.826231685808356e-08
-4.156451545405781e-08
-4.551619839327859e-08
-4.7497256224262316e-08
-4.937799812858545e-08
-4.9613578329460494e-08
-4.694795688421963e-08
-3.942907929742643e-08
-3.0969832735263606e-08
-1.633597237513374e-08
-8.308263289240998e-09
1.1192367052165311e-08
1.3177886657337137e-08
3.4309844346923054e-08
2.4351851959025176e-08
3.3927581108309044e-08
1.007920258933319e-09
-2.021665609569577e-08
-8.126423366290548e-08
-1.3809931259172413e-07
-2.2395069128363222e-07
-3.2254532934171626e-07
-4.282109730978377e-07
-5.539182495426054e-07
-6.877842984480796e-07
-8.414387683001261e-07
-9.950356616502345e-07
-1.1617635836356162e-06
-1.3344858874668691e-06
-1.5217856233304568e-06
-1.699798975062541e-06
-1.9086653745944884e-06
-2.1061287563993783e-06
-2.337336311941554e-06
-2.5530125150420363e-06
-2.8087821088830327e-06
-3.073146003428561e-06
-3.358171813545478e-06
-3.651765657470689e-06
-3.972398898800176e-06
-4.301384430604359e-06
-4.662794282324053e-06
-5.004810545204626e-06
-5.42439115124824e-06
-5.779489985572488e-06
-6.2627828485733355e-06
-6.612008702132843e-06
-7.1558794436368735e-06
-7.4823449712575676e-06
-8.0621726479332e-06
-8.391884602504374e-06
-9.002578244525267e-06
-9.335826712727861e-06
-9.994462343525592e-06
-1.0309103732515645e-05
-1.1050973257164826e-05
-1.1196106182993055e-05
-1.2217940069405263e-05
-1.1864111343135334e-05
-1.3676407715041859e-05
-1.1165550834029369e-05
-1.9000799180470852e-05
-3.491243604848617e-05
-4.9279723853314474e-05
-7.076390783182095e-05
-8.209417898509411e-05
-0.00012073696636784054
-0.00015203159910032746
-0.00018184053170932133
-0.00023691427486978618
-0.0002567184208791956
-0.0003145034468138023
-0.0003072506868212315
-0.0003669579968397839
-0.00036170060060460984
-0.0003784374125027285
-0.0003840700817130283
-0.00039434819654556724
-0.00039930675646453315
-0.0004026911672226725
-0.00038794632413836005
-0.0004212868443103405
-0.00041517852430588803
-0.0004125740565714693
-0.00042607713954606933
-0.0004087144379191524
-0.00045236019757220584
-0.0004225107775309153
-0.0004786225385446454
-0.0004814277303375494
-0.0005248160609376431
-0.0005107202146982108
-0.0005451217260388145
-0.0005624087034244207
-0.0005510968598975281
-0.0005940579623689877
-0.0005649634437936682
-0.0006096569299721828
-0.0005866833961250868
-0.0005992709587459729
-0.0005945781063169161
-0.0005775102348399537
-0.0006188945583615079
-0.0005906628492003028
-0.0006099337824655298
-0.0005904929627641661
-0.000599212679285543
-0.0005798759536794335
-0.0005914159219780467
-0.0005602715800980171
-0.0005721255355613639
-0.0005489291623550355
-0.0005606815436655447
-0.0005311663250142338
-0.0005715085525036285
-0.0005332272326226189
-0.0005772872783759745
-0.000556202453572543
-0.0005492007713300954
-0.0005333154617641096
-0.000529160787630702
-0.0005276627786313312
-0.0005007729086263706
-0.0004975804217491374
