0.00021330899812997125
0.00023723813036269966
0.00019422662158915795
0.00018962774141918448
0.0001769864125226383
0.00019120466144226277
0.0001903652964033246
0.0002012564280186635
0.00020089742045027118
0.00020655341055642094
0.00020701081650058796
0.0002073055140175683
0.00020698212379182345
0.00020637969918386735
0.0002004088067133939
0.00019700929302160356
0.00017986471807157593
0.00018104728107244897
0.00016191446889470045
0.00016121963797095345
0.00014344348059883155
0.00015550484495650512
0.0001323088929540534
0.00014737378414828435
0.00013032395228213873
0.00013178945102002614
0.0001282206444182192
0.0001259147846707852
0.00012896082679131966
0.0001143343865521854
0.000124004961844624
0.00010613439004231687
0.00011766203198022467
9.802574192001609e-05
0.00011063395311373083
8.920384621974642e-05
0.00010415845827855774
7.772583100361266e-05
9.386897827864891e-05
6.917894950422422e-05
8.395671491850936e-05
7.204413745623525e-05
8.150670948203284e-05
7.333172268131353e-05
7.659682384220673e-05
7.445904172944351e-05
6.250281286738479e-05
6.513519043099918e-05
5.458443672848826e-05
4.282276835513958e-05
3.4362057801972593e-05
1.3921687053015315e-05
8.870887915501501e-06
-1.0184797414921931e-05
-1.7300188956119306e-05
-2.9111739289458115e-05
-4.3536572490890575e-05
-4.847258190370212e-05
-6.009137199662376e-05
-6.359621319970364e-05
-8.016045143386923e-05
-7.374566887401246e-05
-9.330079112331079e-05
-8.176095155287378e-05
-9.714749421801635e-05
-0.00010417962723769324
-0.0001022713604451617
-0.0001229688725324059
-0.00012396664326467643
-0.0001362978989344608
-0.0001469130494271792
-0.00014565936089119683
-0.00015258417988895582
-0.00015713925951446042
-0.00015298083460421255
-0.00017035022718385766
-0.00017424211464159495
-0.0001908461364124814
-0.00019931568713618978
-0.00022007353731703027
-0.000223270693557374
-0.00024434946262841755
-0.00024640803513268587
-0.0002652217373391283
-0.00027182010186978543
-0.0002883510098401956
-0.0002859844715208617
-0.00030713793931742725
-0.00029829888039053495
-0.000313558808045319
-0.0003105436234893889
-0.0003208730596022988
-0.0003197859525903309
-0.00033568876174729724
-0.00033955817350617677
-0.0003565704084727467
-0.0003587458742551026
-0.00036814119957043483
-0.0003784324784658645
-0.0003878301263290617
-0.0004014295570738977
-0.00040625591818171784
-0.000416326667920339
-0.00042042165610651
-0.00043214126946001174
-0.0004258823957143695
-0.00044610611142401025
-0.0004448637852781356
-0.0004516723007225586
-0.00046551705827567837
-0.00046917254113703835
-0.0004766179688284664
-0.0004915720582250484
-0.0004976056854185277
-0.0005187924020316225
-0.0005230070365238838
-0.0005515215676326207
-0.0005485273858049794
-0.0005717281703762875
-0.0005782424590830052
-0.0005883358529698193
-0.0005960014907284735
-0.0006007358956047015
-0.0006059460659499491
-0.0006078058028512998
-0.0006109465244080382
-0.0006094890520457032
-0.0006114446122091303
-0.0006177081687448846
-0.0006144835467528639
-0.0006279600247721397
-0.0006227699462917457
-0.0006311949893707956
-0.0006255692850073952
-0.0006282244729102144
-0.0006260929284534692
-0.0006340851769349617
-0.0006386792806100601
-0.0006461454530532818
-0.000651636340014784
-0.0006552246797872735
-0.0006585696064369516
-0.0006545196250482369
-0.0006493942085471642
-0.0006442660818211869
-0.0006368916935903758
-0.000633258650553085
-0.0006278029123581512
-0.0006241684298659281
-0.0006153036703645462
-0.0006301250821902612
-0.0006146720736858269
-0.0006384814481258864
-0.0006183904341842644
-0.0006397339821052862
-0.0006346367580743566
-0.0006518714231297176
-0.0006546647469262579
-0.0006626268258569435
-0.0006639633348102447
-0.0006757471418370505
-0.0006673111918189575
-0.0006842377147510757
-0.0006834507018849603
-0.0006890799898533783
-0.0006458944524186517
-0.0005904047414637017
-0.00048305075299278196
-0.00031685239535144414
-6.960017675236634e-05
0.00016518018756284258
0.0003964883124400224
0.000407240254357999
0.00035713604986301853
0.0001992734916792978
5.7954242786440686e-05
-2.0330639461937375e-05
-0.00016404749469228896
-0.00018623027880056451
-0.0003696789518467165
-0.00040651526350969375
-0.0006153086367779476
-0.0006115598243562163
-0.0007183008852029631
-0.0004767449366117428
-0.0005347887309763851
-0.00019489336403673442
-0.0004833466137999316
-5.159123891724108e-05
-0.0008537070765576812
0.0009742056350642172
0.009132203191897621
0.01643757169899139
0.02391158425824683
0.036464673100089426
0.05225235516130473
0.050374149249466635
0.029723980576617886
-0.004146944820638859
-0.019047887195130644
-0.023356977805440556
-0.013895847718899675
-0.008322039761130709
-0.006421738315409173
-0.012555489719520002
-0.018076164694363343
-0.021210778857832374
-0.017733286637666282
-0.0095201899182537
0.0005199960444408775
0.004434851685329639
0.005323696085052005
0.0056128112750707445
0.005170943629266418
0.005991088153038974
0.006341940041460853
0.006212956824257456
0.006807937981879354
0.010056286023995647
0.011103002535628022
0.006130031943788528
0.0003438071508405394
-0.0007803348516665107
-0.0013874553834771252
-0.00019460319089964208
0.0004251722231414318
0.0023308602678911816
0.00204362922327168
9.50478065990202e-06
-0.004731203781682274
-0.0069716941068034615
-0.006452174987126796
-0.005016226320521736
-0.0025409760774665335
0.0017349166758744072
0.0021098652646176293
-0.00020724178652597542
-0.0029352838044640443
-0.0030288175234962815
-0.00045313215176313783
0.003544946137271761
0.007500340257617538
0.006995078646474678
0.0032362165179362864
0.0004516604586859356
-0.0005347706131305184
0.0005855862764641811
0.001665021861029776
0.0018226753867668006
0.002206802844062645
0.0014833958966707498
-0.0011665330619791527
-0.0038427358378358856
-0.004646403457953356
-0.003685470720122634
-0.0029163648637540937
-0.0013206055535177974
0.0009065111195804277
0.0011908482461903897
-0.0006487165781564239
-0.002379714102550316
-0.0015825367054110888
0.0008689601775707992
0.002791000547889162
0.003532188801180394
0.002620432628585104
0.0014794200962195538
-0.0001345586051791341
-0.0014524543046692015
-0.001970176324857988
-0.0017241087158209956
-0.0013759895125205212
-0.0010865511594937457
-0.0006041204308035427
-0.000991715603077638
-0.0019293834335955534
-0.00231842351848288
-0.0018251850914045606
-0.00101389562772541
-0.0001505004993763425
0.000730460331254159
0.0010828315003812055
0.0006037792332983288
-0.00031035273942375623
-0.0007871142404586246
-0.00037344786600195434
0.0004251714584034787
0.0010453552672917091
0.0015952936652814968
0.0018712017765240567
0.0012684915927975054
0.00023467809450716256
-0.0003580597642824177
-0.00026135597909366726
7.711742428420654e-05
0.0001970275313087676
9.30406312642071e-05
-0.00022369742847921936
-0.0006713752229186218
-0.0010706118206776187
-0.0011563374959292893
-0.0007880527812907328
-0.000292252708579119
7.87113883089728e-05
0.0003320981471228798
0.0003725891088267946
0.00023651844625615032
0.00021769059239047
0.00035737403284604916
0.0005920217895352188
0.0007877384815950319
0.0009961840288578386
0.0010827279293919414
0.000886003900190332
0.0005220925857306212
0.00021946872200498323
0.0002475273006710742
0.00043651920231113097
0.000521424460468531
0.0005194501125748289
0.0004079020319423558
0.00025890848340580103
9.89238188001465e-06
-0.00014260159044066079
-0.00015890937236485124
-5.542019244921589e-05
2.9450972607099985e-05
2.2677239790228065e-06
-0.00010094594911460447
-0.00019157255422546683
-0.0002461894070660501
-0.00015207422699561033
-7.687098489837091e-06
0.00021942587160314782
0.00044696812321104364
0.0005077132609182479
0.00048106957609713114
0.0002606323179029651
0.0001648867234444731
0.00014595799878585952
0.00024818105729578475
0.0002894533805031848
0.00034662517740743936
0.0004146021843081109
0.0004972755811865389
0.00019111756036149395
-4.111017783867393e-05
-0.0005342856751885039
-0.0006567893635135054
-0.0005951707915291694
-0.00036794348868361216
-0.00023453312539977144
-5.259696796392361e-05
0.0001477885418167872
0.0003053888050002843
0.00031905088636951644
0.00030341393840781574
0.0003913708152658726
0.0006751334388640485
0.0008876661665003953
0.0008047526373033217
0.00042680364304902414
6.135629691993402e-05
-4.845742025842386e-05
0.00010126727982739179
0.00030392168705800236
0.00042017784937494016
0.00034584166739610024
9.975067524304725e-05
-0.00021838226765675915
-0.0003889279215599793
-0.0003247846160005977
-0.0001425102028974873
-2.989213505894537e-05
3.044023036897212e-05
1.3412747632987365e-05
-4.348426415297837e-05
-0.00010431448799580736
-6.985499790580489e-05
2.101772918767017e-05
0.00010840045235285573
0.00017381458047284042
0.00027989938456447056
0.00032721304507328216
0.0002558067607393035
0.00012632406585257535
4.9362938926609184e-05
9.792357219908822e-09
-2.664877140656316e-05
-2.3928458684135045e-05
-2.259012856320518e-05
-1.601621410256748e-05
-1.136789316341679e-05
-1.4220198631888508e-05
-2.1797615802372468e-05
-2.589001511183847e-05
-2.2963767944274012e-05
-1.7110123397495432e-05
-1.2967747160260216e-05
-8.222582075000345e-06
-2.6033592501861064e-06
5.582056124497318e-07
8.275099765904005e-07
8.334295243681098e-07
1.73424270230062e-06
3.41551039698758e-06
5.1982964811846685e-06
6.326299066088185e-06
5.8992190432716044e-06
4.698285721037543e-06
3.192309828913101e-06
1.6634430956394448e-06
1.4978094996820107e-07
-5.939420309819879e-07
-8.551357337032936e-07
-8.89747134451567e-07
-8.796913770609243e-07
-8.731499607382071e-07
-8.965633700823552e-07
-9.40078353230494e-07
-9.80854654905299e-07
-9.351497609139738e-07
-8.246800923831707e-07
-6.415221903247498e-07
-4.3766310845761173e-07
-2.8008468108333014e-07
-1.980717774989298e-07
-1.449036975223494e-07
-1.1457997633237396e-07
-9.562489993165089e-08
-8.522308629392778e-08
-7.169248809791738e-08
-7.030800627005657e-08
-8.388685127510784e-08
-1.1301993332291332e-07
-1.5052057616704313e-07
-1.9165675608457332e-07
-2.264978144216371e-07
-2.51726903359792e-07
-2.6872185861001444e-07
-2.783174890979591e-07
-2.8245954388275967e-07
-2.8472952140552363e-07
-2.872317518589067e-07
-2.901589330693002e-07
-2.9176313075631507e-07
-2.918488638866269e-07
-2.905243644185434e-07
-2.881986718674583e-07
-2.8580587581035315e-07
-2.8438115612546e-07
-2.841077853654034e-07
-2.8507265114642577e-07
-2.871165298689443e-07
-2.898211675482628e-07
-2.928550733208952e-07
-2.9613654512687486e-07
-2.997357186188855e-07
-3.035919487344419e-07
-3.0768716483594704e-07
-3.119662394715896e-07
-3.163416629423923e-07
-3.2064592541585293e-07
-3.2480359109167845e-07
-3.2877183118616357e-07
-3.3256997010812134e-07
-3.3625452131800767e-07
-3.3989531954639086e-07
-3.435283491358518e-07
-3.4716951508408696e-07
-3.508213693494968e-07
-3.5449151742982877e-07
-3.5817532932825745e-07
-3.618867219470543e-07
-3.6564468987554085e-07
-3.69467579364451e-07
-3.733621063974296e-07
-3.7733434636426106e-07
-3.813792412148023e-07
-3.8549117432854917e-07
-3.89662068223476e-07
-3.9388832586205555e-07
-3.981660276028583e-07
-4.0249435641986854e-07
-4.068726103734897e-07
-4.1130028592220613e-07
-4.1577485530719794e-07
-4.2029456366520705e-07
-4.2485804963622055e-07
-4.2946503662333037e-07
-4.341160171365203e-07
-4.3881272414307904e-07
-4.435568948027458e-07
-4.483502890852473e-07
-4.531941578820773e-07
-4.5808966351360456e-07
-4.6303756049788293e-07
-4.6803869446467505e-07
-4.730939467231972e-07
-4.782042789992926e-07
-4.833705356729065e-07
-4.885935591292961e-07
-4.938740225800427e-07
-4.992124685824107e-07
-5.046093346238554e-07
-5.100650574287911e-07
-5.155800930327906e-07
-5.211549464067698e-07
-5.26790174148567e-07
-5.32486370988949e-07
-5.382441383857913e-07
-5.440640882296643e-07
-5.499468465046549e-07
-5.558930562348224e-07
-5.61903384783968e-07
-5.679785323698349e-07
-5.741192239353422e-07
-5.803261997470348e-07
-5.866002086515898e-07
-5.929420033877258e-07
-5.993523379296643e-07
-6.058319668937997e-07
-6.12381650535299e-07
-6.190021549557e-07
-6.25694253568454e-07
-6.32458726290057e-07
-6.392963597599529e-07
-6.462079452025952e-07
-6.531942798073656e-07
-6.602561670025515e-07
-6.673944183160268e-07
-6.746098537911926e-07
-6.819033035497464e-07
-6.892756077154485e-07
-6.967276164564202e-07
-7.042601895454042e-07
-7.118741966901623e-07
-7.1957051721514e-07
-7.273500403598518e-07
-7.352136654038095e-07
-7.431623019592422e-07
-7.511968697617106e-07
-7.593182986993932e-07
-7.675275287710742e-07
-7.758255100845812e-07
-7.84213202842992e-07
-7.926915774791236e-07
-8.012616147628473e-07
-8.099243059448695e-07
-8.18680652944141e-07
-8.275316684165244e-07
-8.364783759215206e-07
-8.455218099963721e-07
-8.546630163272742e-07
-8.639030517702118e-07
-8.73242984652032e-07
-8.826838948625407e-07
-8.922268739738898e-07
-9.018730253594262e-07
-9.116234643477573e-07
-9.214793183784045e-07
-9.314417270549127e-07
-9.415118423785024e-07
-9.516908287753408e-07
-9.619798632841734e-07
-9.723801356316755e-07
-9.8289284856327e-07
-9.93519217724366e-07
-1.004260471979149e-06
-1.0151178533315957e-06
-1.0260926173104003e-06
-1.0371860329331552e-06
-1.0483993829910282e-06
-1.0597339641341304e-06
-1.0711910870625724e-06
-1.0827720766767894e-06
-1.0944782721794425e-06
-1.1063110271580887e-06
-1.1182717098425984e-06
-1.1303617032812699e-06
-1.1425824055300363e-06
-1.154935229734106e-06
-1.167421604311166e-06
-1.1800429730726225e-06
-1.1928007954879836e-06
-1.2056965467853106e-06
-1.2187317181790364e-06
-1.2319078169714193e-06
-1.2452263667804423e-06
-1.258688907680868e-06
-1.2722969964088816e-06
-1.2860522065368104e-06
-1.2999561286431262e-06
-1.314010370496611e-06
-1.3282165572546436e-06
-1.3425763316298692e-06
-1.3570913541046813e-06
-1.3717633031439555e-06
-1.3865938753482613e-06
-1.4015847856356013e-06
-1.416737767468226e-06
-1.4320545730561935e-06
-1.4475369735328738e-06
-1.463186759181358e-06
-1.4790057396546865e-06
-1.4949957441856695e-06
-1.511158621772963e-06
-1.5274962413992918e-06
-1.5440104922610559e-06
-1.5607032839782734e-06
-1.5775765468152694e-06
-1.5946322318938303e-06
-1.6118723114396971e-06
-1.6292987790227298e-06
-1.6469136497386874e-06
-1.6647189604522382e-06
-1.6827167700630231e-06
-1.700909159750035e-06
-1.7192982331762612e-06
-1.7378861167777464e-06
-1.756674959958965e-06
-1.7756669353540731e-06
-1.79486423906786e-06
-1.81426909095932e-06
-1.8338837349154275e-06
-1.8537104390485706e-06
-1.8737514960204423e-06
-1.8940092232653459e-06
-1.914485963295181e-06
-1.935184083941261e-06
-1.9561059786159447e-06
-1.977254066584216e-06
-1.9986307933048955e-06
-2.0202386306491875e-06
-2.0420800772267286e-06
-2.0641576586552274e-06
-2.086473927906678e-06
-2.1090314655261783e-06
-2.131832879921847e-06
-2.15488080769564e-06
-2.178177913952483e-06
-2.2017268926514727e-06
-2.225530466898096e-06
-2.249591389245258e-06
-2.2739124419431653e-06
-2.2984964373289865e-06
-2.3233462181330316e-06
-2.3484646578661103e-06
-2.373854661072395e-06
-2.3995191637524497e-06
-2.425461133573727e-06
-2.4516835703701696e-06
-2.4781895063432746e-06
-2.504982006495016e-06
-2.532064168969531e-06
-2.5594391253704117e-06
-2.587110041186823e-06
-2.615080116086997e-06
-2.6433525844578407e-06
-2.6719307155533348e-06
-2.7008178139181055e-06
-2.7300172197470543e-06
-2.7595323097236895e-06
-2.7893664967772386e-06
-2.8195232309594152e-06
-2.8500059992338396e-06
-2.880818326564226e-06
-2.9119637757756846e-06
-2.943445948365436e-06
-2.9752684847572717e-06
-3.007435064784702e-06
-3.0399494080461133e-06
-3.072815274362303e-06
-3.106036464072681e-06
-3.1396168186792342e-06
-3.1735602212229594e-06
-3.2078705967408284e-06
-3.242551912705134e-06
-3.2776081794753573e-06
-3.3130434507874155e-06
-3.3488618241583933e-06
-3.3850674414426306e-06
-3.4216644892748495e-06
-3.4586571994938743e-06
-3.496049849710089e-06
-3.53384676381901e-06
-3.572052312459783e-06
-3.610670913538214e-06
-3.6497070326602275e-06
-3.689165183795351e-06
-3.7290499296362763e-06
-3.7693658822524035e-06
-3.810117703478426e-06
-3.851310105662314e-06
-3.8929478521022224e-06
-3.935035757580242e-06
-3.977578688900977e-06
-4.020581565523121e-06
-4.0640493600238e-06
-4.107987098751471e-06
-4.152399862368718e-06
-4.197292786574933e-06
-4.242671062558526e-06
-4.288539937642635e-06
-4.334904715849915e-06
-4.381770758526797e-06
-4.429143484970671e-06
-4.47702837309133e-06
-4.525430960038504e-06
-4.5743568428636625e-06
-4.623811679078807e-06
-4.673801187377036e-06
-4.72433114825227e-06
-4.775407404721335e-06
-4.827035862945209e-06
-4.87922249293722e-06
-4.931973329277972e-06
-4.98529447181921e-06
-5.039192086306148e-06
-5.093672405171758e-06
-5.148741728203555e-06
-5.204406423326227e-06
-5.26067292727422e-06
-5.3175477463828814e-06
-5.375037457355314e-06
-5.43314870800728e-06
-5.491888217980549e-06
-5.5512627796005035e-06
-5.611279258594315e-06
-5.671944594984758e-06
-5.733265803737481e-06
-5.795249975707947e-06
-5.857904278367201e-06
-5.92123595677651e-06
-5.985252334206608e-06
-6.049960813209155e-06
-6.115368876255718e-06
-6.181484086832212e-06
-6.248314090072241e-06
-6.315866613891064e-06
-6.384149469600337e-06
-6.4531705531523445e-06
-6.5229378456359115e-06
-6.593459414689935e-06
-6.664743414915974e-06
-6.736798089354719e-06
-6.809631769838249e-06
-6.883252878607223e-06
-6.957669928637014e-06
-7.032891525336001e-06
-7.108926366608233e-06
-7.185783244967209e-06
-7.2634710474012544e-06
-7.341998757665882e-06
-7.421375455794136e-06
-7.501610320982373e-06
-7.582712630705378e-06
-7.664691763887058e-06
-7.747557199280373e-06
-7.831318519674422e-06
-7.915985409817704e-06
-8.00156766113825e-06
-8.08807516892063e-06
-8.175517937483533e-06
-8.263906077057457e-06
-8.353249809506203e-06
-8.44355946468965e-06
-8.534845486963356e-06
-8.627118430502585e-06
-8.72038896705576e-06
-8.814667879840084e-06
-8.909966073037626e-06
-9.006294563701977e-06
-9.103664493785948e-06
-9.202087118927074e-06
-9.30157382435931e-06
-9.402136109073382e-06
-9.503785607391972e-06
-9.606534066400373e-06
-9.710393375511676e-06
-9.815375534780939e-06
-9.921492694730475e-06
-1.0028757113230541e-05
-1.0137181208276806e-05
-1.0246777500758325e-05
-1.0357558682236008e-05
-1.0469537541804835e-05
-1.0582727050928984e-05
-1.0697140272522164e-05
-1.0812790464251472e-05
-1.0929690968732985e-05
-1.1047855336105957e-05
-1.1167297194795435e-05
-1.1288030394035844e-05
-1.1410068853875998e-05
-1.1533426729348051e-05
-1.1658118237809628e-05
-1.1784157847622242e-05
-1.191156007829955e-05
-1.2040339720094557e-05
-1.2170511598959906e-05
-1.230209083698437e-05
-1.2435092569644535e-05
-1.256953226257346e-05
-1.2705425362225526e-05
-1.2842787692323582e-05
-1.2981635008822885e-05
-1.3121983511132397e-05
-1.3263849260485624e-05
-1.340724885190805e-05
-1.3552198645992676e-05
-1.3698715651612545e-05
-1.3846816525436758e-05
-1.3996518706819311e-05
-1.4147839148015992e-05
-1.4300795738168766e-05
-1.4455405724254564e-05
-1.4611687462137007e-05
-1.4769658498648818e-05
-1.4929337664729408e-05
-1.5090742809410762e-05
-1.5253893248261827e-05
-1.5418807130082232e-05
-1.5585504274016676e-05
-1.5754003117256763e-05
-1.5924324021028384e-05
-1.609648568632596e-05
-1.6270509081617768e-05
-1.6446413113928955e-05
-1.6624219473833444e-05
-1.6803947152239365e-05
-1.6985618740408695e-05
-1.716925308799938e-05
-1.735487402144617e-05
-1.7542499792157912e-05
-1.773215608157075e-05
-1.7923859791432045e-05
-1.81176391512404e-05
-1.8313509041200954e-05
-1.8511500999820324e-05
-1.871162737349108e-05
-1.891392361373298e-05
-1.911839872345729e-05
-1.9325093022056795e-05
-1.953401148930764e-05
-1.9745199201537042e-05
-1.9958657271550162e-05
-2.017443533914448e-05
-2.0392530865481068e-05
-2.0612997829456904e-05
-2.083583067111032e-05
-2.1061087424523953e-05
-2.1288760165440526e-05
-2.151891052600604e-05
-2.175152862308972e-05
-2.1986680003265383e-05
-2.2224351397961018e-05
-2.2464612732203768e-05
-2.2707447213127924e-05
-2.2952930198973098e-05
-2.3201037844579504e-05
-2.3451854750938366e-05
-2.37053475056092e-05
-2.396161223916927e-05
-2.422060167843026e-05
-2.4482431018408234e-05
-2.474703155327479e-05
-2.5014545476542097e-05
-2.528487231333792e-05
-2.555819749163786e-05
-2.5834368904534223e-05
-2.61136332520249e-05
-2.6395773418232067e-05
-2.6681091303548595e-05
-2.6969317441450004e-05
-2.726080357050821e-05
-2.75552392036714e-05
-2.7853029887605946e-05
-2.8153814794140578e-05
-2.8458066731462605e-05
-2.8765370950248637e-05
-2.907623523235763e-05
-2.9390208555171845e-05
-2.9707828053190786e-05
-3.002857733623942e-05
-3.035305674465753e-05
-3.0680661661838544e-05
-3.101210414535436e-05
-3.134661738869604e-05
-3.168513930729941e-05
-3.202664020622981e-05
-3.23724085304533e-05
-3.272095238662353e-05
-3.307422887500582e-05
-3.342982704539687e-05
-3.379105363753975e-05
-3.41534455442233e-05
-3.452363724843995e-05
-3.489192275984559e-05
-3.527028130734217e-05
-3.564462370181479e-05
-3.603143108940653e-05
-3.641305115195258e-05
-3.680950930891867e-05
-3.719874437907455e-05
-3.760677666188523e-05
-3.800440373063086e-05
-3.842139816671153e-05
-3.882751465239325e-05
-3.925227126657239e-05
-3.966351317064812e-05
-4.0093636818315796e-05
-4.0511205023445235e-05
-4.0945361797330886e-05
-4.1367191634963105e-05
-4.180905655407129e-05
-4.223780506765402e-05
-4.268659690431358e-05
-4.312288027586721e-05
-4.3582707121274475e-05
-4.402725487744264e-05
-4.4498951030436335e-05
-4.49539268205916e-05
-4.543902113814395e-05
-4.590193055338933e-05
-4.639977652279195e-05
-4.687025758369251e-05
-4.7380482272919215e-05
-4.785419748948457e-05
-4.838006811562826e-05
-4.8847512860786745e-05
-4.939509522291984e-05
-4.984666299115626e-05
-5.041675908147686e-05
-5.08344014892532e-05
-5.134325474721402e-05
-5.172868297486494e-05
-5.2163461411916604e-05
-5.2496575799571726e-05
-5.2923644454100106e-05
-5.323697068817363e-05
-5.369416834819646e-05
-5.4035667336009986e-05
-5.454990827788919e-05
-5.4962176215958336e-05
-5.552019850870078e-05
-5.598991149729241e-05
-5.6619307344699815e-05
-5.705926846729688e-05
-5.778240391261135e-05
-5.8170324339723556e-05
-5.891815277321875e-05
-5.918877412289914e-05
-6.000358783171168e-05
-5.99645144653447e-05
-6.094039158149097e-05
-6.0360454880359154e-05
-6.20572065671009e-05
-5.94340710999338e-05
-6.575271580460719e-05
-4.874073364415771e-05
-5.26574581491909e-05
-4.019144490793013e-05
-3.8793168477383594e-05
-3.0795040294654893e-05
-3.778976695441045e-05
-3.030762978758331e-05
-4.069034727593936e-05
-3.5568666511545536e-05
-5.141345979946775e-05
-4.692257056112533e-05
-5.662594134095693e-05
-5.620336927877445e-05
-5.941196869995032e-05
-5.7368022023299766e-05
-6.131018123614769e-05
-5.396161606324246e-05
-5.85422919474569e-05
-4.172130050401332e-05
-3.9653485239131816e-05
-1.9445555407277286e-05
-1.480532783146337e-05
5.113376750176063e-06
1.2777966856049761e-05
3.378365503598884e-05
4.379037954567341e-05
5.650774679658439e-05
6.954552045963038e-05
7.005977964645964e-05
7.877652989474936e-05
8.214887982758285e-05
8.324058446313592e-05
8.732839594245976e-05
8.503061572186792e-05
8.564627862737547e-05
8.484222865280349e-05
8.294367190497405e-05
8.670309475406566e-05
8.407613184665465e-05
8.763187727938031e-05
9.38233083143005e-05
9.383849610136952e-05
0.00010395354633131485
0.00010474100689180685
0.00012143996970922862
0.00012288403998134758
0.00013305586210903773
0.0001428315422045341
0.0001557629973574063
0.0001614009022079291
0.00018008766254552517
0.00018897515149532174
0.0002066123797333775
0.00021607916657209286
0.000216691659984389
0.00022643437529007996
0.00022701512988120394
0.00021587209153667568
0.0002234240888781496
0.00020185156192661262
0.00020634347701119386
0.00018323441837770921
0.00019641451503650743
0.00016423297783210814
0.0003968818339686159
0.00043066376250289087
0.0002793622276634272
0.0003477650525132035
0.0002130998362634686
0.00022886364230476333
0.00020044751577524014
0.00019187640873626202
0.00023011835888894967
0.00022266657213936117
0.00024379669429814015
0.0002351240275123049
0.000278754524417242
0.00026562159021853893
0.00027360813246535525
0.00031668179111448173
0.00028839986505546763
0.00034300070458755214
0.00025263620600420695
0.0002830440851560458
0.00019593479681681352
0.00015396310241928422
0.0001553526450602026
0.00011054989484584325
8.200610926724768e-05
0.00010849552357922626
4.311685548150665e-05
8.759865382394497e-05
3.4062966368308576e-05
1.9608297650616264e-05
3.3542374562802715e-05
-2.1032580725337973e-05
1.5501875752087994e-05
-3.244721071106509e-05
-3.7429195289944836e-05
-6.124556958495331e-05
-9.730394646252217e-05
-7.577029015901212e-05
-0.00013411537338967676
-0.00010350738323875849
-0.00012782050274308643
-0.00011153384463980277
-0.00012199275417014207
-0.00010859647454684385
-0.00012667069647135312
-9.383409897791793e-05
-0.000179743502751269
-0.0001660292302692958
-0.00021828695517586583
-0.000253936098206993
-0.00022688273481537963
-0.00033028541475410187
-0.0002831733041386235
-0.00032589886972325037
-0.0003133348404285077
-0.00031050344582681964
-0.00034933269245876887
-0.0003343772700645116
-0.00034896446514841154
-0.0003480392825273995
-0.0003507184461143612
-0.00035377740054333184
-0.00035348190483699385
-0.0003602773717747413
-0.0003482282623982753
-0.00039843460852962407
-0.000378911022114906
-0.0003990707098157797
-0.00041970226305048383
-0.00045637566685445313
-0.00044953692463385066
-0.00047852615871067314
-0.0004581610236450244
-0.0005080296620038089
-0.0005121402712453388
-0.0005613740953038045
-0.0005596292401345276
-0.0005484143814005225
-0.0005473761326276458
-0.000585979678352317
-0.0005620816757695368
-0.0005912345217219145
-0.0005766987742894322
-0.0005979228302184365
-0.0005795209441585282
-0.0006313891723251001
-0.0006262854984245452
-0.0006945567085675778
-0.0006581654681696515
-0.0007477270063304329
-0.0006930347469202783
-0.0007792998460004699
-0.0006365333870518802
-0.0006877055440056809
-0.000634677639699208
-0.0006370462408996095
-0.0005879918556648247
-0.0006307015003893574
-0.0005642715916089918
-0.000593756085146601
-0.0005334952305236127
-0.0005700361777510733
-0.0005408062534987792
-0.0005725122817916665
-0.0005661915119741928
-0.000573611383187015
-0.0005250485643921669
-0.0005617094304222071
-0.0005230298270415606
-0.0005163119445514433
-0.000510302108051244
-0.0005786854237642093
-0.0005793788905608865
-0.0006420812995439618
-0.0006373681074799669
-0.0006466694708401777
-0.0006982399693155309
-0.0006004934116003563
-0.0006149610423147101
-0.0005664624130831883
-0.0005609719834214707
-0.0005182822627108415
-0.0005308734605692128
-0.0004667403081234317
-0.0005053132835493271
-0.0004809394533691277
-0.00046518755319677
-0.0005439400980585239
-0.0004970422192529056
-0.0006010455219098276
-0.0005446344630207105
-0.0007287586164185299
-0.0005884762623022406
-0.0008414127487929835
-0.0006131562574259347
-0.0008659596546383376
-0.000643907960702348
-0.0008667187416166457
-0.0006773610863310758
-0.0009264618518484185
-0.0006159199723942034
-0.000985695745707386
-0.00022142163996571602
3.385587859655114e-05
0.0008428415646689782
0.0019235829314358235
0.002032280802817108
0.0020682638364859585
0.0018041981761548454
0.0009478052789213909
0.0008633618734096958
-0.00011468792389973636
3.2711762072871475e-05
-0.0006573438978985626
-0.0002715253325915261
-0.001475207855524882
-0.0005132740357314239
-0.002400680872337936
-7.175678134303278e-05
-0.002276880366767492
0.0007728297033791833
-0.002525230166529553
0.0024790282406786613
-0.0037484366170827395
0.0037240619051327733
-0.005244744784776681
0.00738329543128178
-0.013576719288736442
0.13419264776831635
0.07038328252644392
0.20919817673924584
0.1960948416660227
-0.010508674537789732
-0.050708399564279305
-0.11335666130488259
-0.09859308169372055
-0.06730654885523824
-0.07414604874486297
-0.03740673831004544
-0.02025882263485528
-0.04434913827810009
-0.0657270260435597
-0.04784953401035265
0.019958372246262603
0.03314351364546232
0.030016696855988824
0.005188568307133608
0.014479614243893761
0.023210334989516294
0.015231048816993737
0.02176625671077051
0.02543154465251986
0.030548574177762505
0.014854460844734763
-0.0017088116094978866
0.003317187647272542
-0.004508992733730481
-0.009906984728497967
-0.0053531585272610874
0.001958956442305938
0.005021081950560684
-0.006921515134323616
-0.029603634694625285
-0.02563324120605422
-0.01911872806310224
-0.0040192669869519755
0.0018041520416175716
0.004867869909451369
0.006338286426955508
-0.006856055664268951
-0.015423159751247764
-0.007583183416785566
0.012324791031013355
0.025457050659384025
0.02357315470911198
0.014000179075332037
0.004272279620444382
-0.00017830174473389978
0.00020358530908885021
0.007415281072916655
0.0077986369262117005
0.0024698200550325356
-0.00911597414644911
-0.016174745141698386
-0.01573452590166611
-0.0074656609914753504
-0.0008806129455867531
-3.8775217283272735e-05
-0.001575264725051762
-0.0038727895964804117
-0.0031563178051961386
-0.0025153205356462137
-0.0006252672974792275
0.0011875461146395587
0.0022880687703284155
-0.0005976897942523395
-0.002715815191676206
-0.0017396517353930915
-0.002344935923647191
-0.0038057179413614733
-0.002422067856543666
0.002735231175209891
0.0047699107757135034
0.0034673192996859436
-0.0003918727771189533
-0.0024775627767052314
-0.002505696175716883
-0.0013149312807789089
0.001582408635327557
0.004287342817587303
0.004497854148480386
0.0018318497850275464
-0.0015639126123189306
-0.0017321990441003915
0.0005407220249503503
0.0026556369562225172
0.0035330912016400453
0.0030231716781519095
0.0005538152943193803
-0.0025516127249771365
-0.004032259401157327
-0.003735005855637111
-0.0009112383612002695
0.0004171294728990135
0.0004916259403848483
0.0001776930772112003
-0.00044703039803553027
-0.00044308491262797954
-0.0002576445526619365
0.0009469015372493999
0.002074529618961514
0.002445190778017802
0.0013684174352812076
7.391681692412946e-05
-0.0005130564646579226
-0.0006187434131277644
-0.0004999475996055026
0.00036684711949285485
0.0010367372894900168
0.0008765739868324767
-0.0001718752691565094
-0.0011199565037019461
-0.0008500159076423613
-0.0001923276977463755
0.0005751894074665584
0.0008038957559982607
0.0006790981231680287
0.00016439578733561726
-0.00039933592724159753
-0.0005658823567897403
6.553146469745404e-05
0.0008402098924624312
0.0010984093556080667
0.0006171854224387876
-6.7634015175981575e-06
0.00040927899359121897
7.813487873291957e-05
0.000605310654865815
7.213254084457218e-05
0.0005028382287119784
4.54813118824e-05
-0.00012519165763051827
-0.0005056992248508216
-0.0006363204940432318
-3.196961450321564e-05
-0.0003504925237256854
3.5753029750211756e-06
-0.00011092662372790343
2.5309839351318563e-05
1.7212408354006707e-05
6.023389647137275e-05
-2.9745118502215277e-05
6.6862607133710275e-06
-1.5662110876543678e-05
3.1813286771642134e-05
2.0365758656101264e-05
3.5111924773305835e-05
2.9286053439311357e-05
3.5869947663165285e-05
9.672618486868232e-06
1.0346432143109978e-05
-4.144817667430488e-07
1.2674581446970549e-05
-4.106275788558038e-08
7.294636297584638e-06
-8.040335989521318e-06
-1.8604862073729866e-06
-1.1295789696237634e-05
-4.241851462872528e-06
-9.387311925606896e-06
-5.232750766424703e-06
-3.7836591835144553e-06
-1.0676305351470933e-06
-7.701683102565547e-07
7.110980629150749e-07
-3.652082261563702e-08
7.919659922447312e-07
8.938955248357847e-08
6.674789493434953e-07
6.634798851872827e-07
1.2764133056459258e-06
1.087989821084781e-06
1.324298671620018e-06
7.113142624741442e-07
7.257887229114492e-07
3.677925874816132e-07
3.9657927875120234e-07
1.2940806218232279e-07
1.5435785441020658e-07
4.2339247923492244e-08
3.397748021653768e-08
-3.4124483932161664e-08
-6.091232797463767e-08
-6.216606026211279e-08
-6.295310721142738e-08
-8.231302784560482e-09
3.161433344734017e-08
7.842521537520727e-08
1.209524321274611e-07
1.456938042766233e-07
1.586693038554965e-07
1.6448569666732693e-07
1.6913798479845088e-07
1.793439909150707e-07
1.8524531832661909e-07
1.8980257896969444e-07
1.9126730750954057e-07
1.9057097760954989e-07
1.8504453562148693e-07
1.8242445770297322e-07
1.7563399882895847e-07
1.7382784427665e-07
1.7009611901624977e-07
1.712217292497431e-07
1.6989878318628138e-07
1.7188498928864815e-07
1.720499927596042e-07
1.7452662697762383e-07
1.7572573051435718e-07
1.7866735275767417e-07
1.8126599947865946e-07
1.8476519314091638e-07
1.8777686697137724e-07
1.9109958178473857e-07
1.9370198412779858e-07
1.9649569249830163e-07
1.9875695069017135e-07
2.0125953246560749e-07
2.034150172395123e-07
2.0576765035127385e-07
2.07900846613783e-07
2.101763074755902e-07
2.1223012590214363e-07
2.1441636381127564e-07
2.1648020716744597e-07
2.1867008419385156e-07
2.2083551098352715e-07
2.2312669351737258e-07
2.254358008161957e-07
2.278394099365227e-07
2.3026478749527753e-07
2.3275328602239288e-07
2.3526275595318544e-07
2.3782333898882905e-07
2.404135438453651e-07
2.430476525419373e-07
2.4570619997521547e-07
2.48400558131167e-07
2.511139102605252e-07
2.538551774091378e-07
2.5661499887842123e-07
2.594016695996117e-07
2.622112196972419e-07
2.650493185507065e-07
2.6791435562688156e-07
2.7080950876668276e-07
2.7373346501974706e-07
2.766882500864886e-07
2.796739847926201e-07
2.826915826897923e-07
2.857422558147967e-07
2.8882660245969265e-07
2.919456264368833e-07
2.9509933949147665e-07
2.9828832080573686e-07
3.0151243372855685e-07
3.0477211439457197e-07
3.0806733731895963e-07
3.113986144630699e-07
3.147660533487501e-07
3.1817011145011953e-07
3.216109712217072e-07
3.2508906100923995e-07
3.286045670014559e-07
3.3215796593159125e-07
3.357495296566187e-07
3.3937978892581086e-07
3.4304908672977766e-07
3.467579748196552e-07
3.505068350967682e-07
3.542961963195774e-07
3.5812645057071643e-07
3.6199811381403034e-07
3.659115979505554e-07
3.6986741109440446e-07
3.738659926028412e-07
3.779078431625973e-07
3.8199341277482014e-07
3.8612319477448337e-07
3.9029764944118785e-07
3.9451726603043384e-07
3.987825172489882e-07
4.030939016507536e-07
4.074519026435724e-07
4.1185702709929206e-07
4.163097766875549e-07
4.20810668869733e-07
4.253602171539806e-07
4.29958949828323e-07
4.3460739384908707e-07
4.3930608935880203e-07
4.440555778219648e-07
4.488564094452113e-07
4.537091396989248e-07
4.586143325961613e-07
4.6357255496372557e-07
4.6858438159660346e-07
4.7365039129959423e-07
4.7877117141605e-07
4.839473142931056e-07
4.891794186288271e-07
4.944680898072299e-07
4.998139395173988e-07
5.05217586224506e-07
5.106796542282493e-07
5.162007749751974e-07
5.217815869891572e-07
5.274227355023687e-07
5.331248724152948e-07
5.388886569710491e-07
5.447147557748034e-07
5.506038425609548e-07
5.565565980997426e-07
5.625737104216844e-07
5.686558752807341e-07
5.748037962822718e-07
5.810181842968621e-07
5.872997580110559e-07
5.936492438427416e-07
6.000673759642516e-07
6.065548965191695e-07
6.131125553825379e-07
6.197411110425591e-07
6.264413301724841e-07
6.332139878627269e-07
6.400598669765366e-07
6.469797589726898e-07
6.539744641551152e-07
6.610447912977724e-07
6.681915580528547e-07
6.75415590855529e-07
6.827177252381603e-07
6.900988053352465e-07
6.975596846170082e-07
7.05101225775877e-07
7.127243007049733e-07
7.204297912759262e-07
7.282185885084495e-07
7.360915928881484e-07
7.440497147845199e-07
7.520938743247859e-07
7.60225002032115e-07
7.684440377292781e-07
7.767519321980054e-07
7.851496459490342e-07
7.936381501139598e-07
8.022184262925663e-07
8.108914665529079e-07
8.196582738293737e-07
8.285198619157491e-07
8.374772553136709e-07
8.465314899619978e-07
8.55683612633858e-07
8.649346821770851e-07
8.742857680046835e-07
8.837379514060623e-07
8.932923254990595e-07
9.029499947357626e-07
9.127120763455275e-07
9.225796986063808e-07
9.325540031266148e-07
9.426361430276645e-07
9.528272839711728e-07
9.631286047473864e-07
9.735412965122033e-07
9.840665627232586e-07
9.94705621723145e-07
1.005459702248105e-06
1.0163300491038259e-06
1.0273179187392288e-06
1.0384245817858257e-06
1.049651322780821e-06
1.0609994390675778e-06
1.0724702436957275e-06
1.0840650626284536e-06
1.095785236903768e-06
1.107632121726702e-06
1.1196070870881205e-06
1.1317115181382986e-06
1.143946813974783e-06
1.1563143892396246e-06
1.1688156741467557e-06
1.1814521147129783e-06
1.1942251716436352e-06
1.2071363224576122e-06
1.2201870596178008e-06
1.2333788921996584e-06
1.2467133463223818e-06
1.2601919632459563e-06
1.273816301894704e-06
1.2875879378139562e-06
1.301508463156541e-06
1.3155794879831897e-06
1.3298026389029464e-06
1.3441795609110417e-06
1.3587119164745526e-06
1.373401385941996e-06
1.3882496681600959e-06
1.403258479773067e-06
1.4184295565772715e-06
1.433764652680053e-06
1.449265541330907e-06
1.4649340150593105e-06
1.4807718856291166e-06
1.496780984555049e-06
1.512963162896114e-06
1.529320291894249e-06
1.5458542630805618e-06
1.5625669884303912e-06
1.5794604003399425e-06
1.5965364521739183e-06
1.613797118808812e-06
1.6312443962064637e-06
1.6488803016959672e-06
1.6667068747132981e-06
1.684726176328494e-06
1.702940290266566e-06
1.721351322990115e-06
1.7399614030072855e-06
1.7587726826762302e-06
1.7777873373618722e-06
1.7970075654980835e-06
1.816435589773233e-06
1.8360736562701978e-06
1.8559240363356629e-06
1.8759890251304886e-06
1.8962709428686558e-06
1.91677213517657e-06
1.9374949722890996e-06
1.9584418507529637e-06
1.979615192725364e-06
2.001017446202899e-06
2.022651086531547e-06
2.0445186149361345e-06
2.066622560236602e-06
2.0889654782633884e-06
2.111549952721987e-06
2.1343785953513482e-06
2.157454045619001e-06
2.1807789720839493e-06
2.204356071692972e-06
2.228188070907243e-06
2.252277725308142e-06
2.2766278207388677e-06
2.3012411729299515e-06
2.326120628026859e-06
2.351269062839112e-06
2.376689385536618e-06
2.4023845351193313e-06
2.4283574834530613e-06
2.4546112336685383e-06
2.4811488214320984e-06
2.5079733158000356e-06
2.535087818131797e-06
2.562495464326041e-06
2.5901994230130565e-06
2.6182028982670025e-06
2.646509128017985e-06
2.6751213850558127e-06
2.7040429787079066e-06
2.7332772534233336e-06
2.762827587746283e-06
2.7926974022652196e-06
2.822890146673366e-06
2.853409316106489e-06
2.8842584376975473e-06
2.9154410793592704e-06
2.946960847569893e-06
2.978821384132203e-06
3.0110263762024667e-06
3.043579546176787e-06
3.076484658559483e-06
3.1097455191441672e-06
3.1433659730293543e-06
3.177349909173427e-06
3.2117012567218605e-06
3.2464239867643603e-06
3.281522115669626e-06
3.3169997016566414e-06
3.3528608472491476e-06
3.3891096993625403e-06
3.425750449293814e-06
3.4627873339727324e-06
3.5002246366069812e-06
3.538066685688966e-06
3.576317857026662e-06
3.614982574406126e-06
3.6540653081982644e-06
3.6935705780886084e-06
3.7335029520389707e-06
3.7738670475289814e-06
3.814667532633161e-06
3.855909124542584e-06
3.897596592437107e-06
3.9397347570649415e-06
3.982328490808397e-06
4.025382719014252e-06
4.06890242041555e-06
4.112892626896312e-06
4.157358425919229e-06
4.2023049587902275e-06
4.247737422829914e-06
4.293661071972602e-06
4.3400812163324086e-06
4.387003223746042e-06
4.4344325201175865e-06
4.482374589415356e-06
4.530834976028408e-06
4.5798192835047515e-06
4.6293331758509755e-06
4.679382378990071e-06
4.729972680021788e-06
4.7811099288253e-06
4.8328000389410986e-06
4.885048987251801e-06
4.9378628157320525e-06
4.991247631622869e-06
5.0452096076805675e-06
5.099754983927535e-06
5.15489006768996e-06
5.2106212343108055e-06
5.266954928575748e-06
5.323897664406135e-06
5.381456026302273e-06
5.4396366703356874e-06
5.49844632370157e-06
5.5578917872028955e-06
5.617979934576488e-06
5.678717713995937e-06
5.740112149213699e-06
5.80217033933645e-06
5.864899460319116e-06
5.928306766103501e-06
5.992399588519194e-06
6.057185338688258e-06
6.122671508679723e-06
6.188865670237983e-06
6.255775478197865e-06
6.323408669722114e-06
6.3917730649871475e-06
6.460876569844938e-06
6.530727175030782e-06
6.601332956905929e-06
6.672702080996306e-06
6.744842799164159e-06
6.8177634538193685e-06
6.891472477362978e-06
6.965978392423772e-06
7.041289814935941e-06
7.11741545353535e-06
7.194364110411173e-06
7.272144684053808e-06
7.350766168381494e-06
7.430237654398441e-06
7.510568332259795e-06
7.591767490889786e-06
7.673844518863403e-06
7.75680890975107e-06
7.84067025324099e-06
7.925438250630653e-06
8.011122700596294e-06
8.097733512628987e-06
8.185280701524921e-06
8.27377439016196e-06
8.363224814155953e-06
8.453642314856964e-06
8.54503734783272e-06
8.637420482471465e-06
8.73080240000059e-06
8.825193899954318e-06
8.920605896312874e-06
9.01704942217257e-06
9.114535630218301e-06
9.213075792874684e-06
9.312681304799044e-06
9.413363683300922e-06
9.515134571047969e-06
9.618005736978033e-06
9.721989075261984e-06
9.827096611325181e-06
9.933340497919087e-06
1.0040733022022644e-05
1.0149286599973233e-05
1.025901378613899e-05
1.0369927267212973e-05
1.0482039870198315e-05
1.0595364557486564e-05
1.0709914435352657e-05
1.0825702747035916e-05
1.0942742884971534e-05
1.1061048379319032e-05
1.1180632913710114e-05
1.1301510312829556e-05
1.1423694558179243e-05
1.1547199774186929e-05
1.1672040246773368e-05
1.179823040664183e-05
1.1925784851547663e-05
1.2054718324058496e-05
1.218504574185611e-05
1.2316782165476547e-05
1.2449942839657356e-05
1.2584543149066034e-05
1.2720598673257588e-05
1.2858125126977767e-05
1.2997138434212686e-05
1.3137654644680458e-05
1.3279690035902e-05
1.3423260998094702e-05
1.3568384172191715e-05
1.3715076294185786e-05
1.3863354377453895e-05
1.4013235511237034e-05
1.4164737089673689e-05
1.431787656258534e-05
1.447267171294245e-05
1.4629140359366706e-05
1.4787300681504969e-05
1.4947170875155623e-05
1.510876952502899e-05
1.5272115212413054e-05
1.5437226936448076e-05
1.5604123670128617e-05
1.5772824841295795e-05
1.594334981557487e-05
1.611571846968601e-05
1.628995055717909e-05
1.646606642778718e-05
1.6644086213799404e-05
1.6824030768828403e-05
1.700592058670458e-05
1.718977706197892e-05
1.737562103059536e-05
1.7563474468380093e-05
1.7753358533182653e-05
1.794529582608336e-05
1.8139307801297603e-05
1.8335417736382344e-05
1.853364734775276e-05
1.8734020644074192e-05
1.8936559573985885e-05
1.9141288914619956e-05
1.9348230836701945e-05
1.9557410901253794e-05
1.9768851522269665e-05
1.998257904080574e-05
2.0198616149384686e-05
2.0416989952786726e-05
2.063772347402678e-05
2.086084455523579e-05
2.10863765833088e-05
2.1314348174382046e-05
2.1544782987058947e-05
2.1777710596798477e-05
2.2013154676903753e-05
2.2251146071976605e-05
2.249170810964072e-05
2.273487337542629e-05
2.2980664302704994e-05
2.322911597055601e-05
2.348024912641046e-05
2.373410234402483e-05
2.399069357127484e-05
2.4250066260224704e-05
2.4512233735200653e-05
2.4777246790980145e-05
2.504511088645845e-05
2.531588747148577e-05
2.5589570969259193e-05
2.5866236267501263e-05
2.6145865426696873e-05
2.642854747905406e-05
2.6714251426446234e-05
2.7003080590882328e-05
2.729499241218604e-05
2.7590100908726767e-05
2.7888357980703567e-05
2.8189880367643014e-05
2.8494621060438322e-05
2.880269629579931e-05
2.9114057977833695e-05
2.942882614771639e-05
2.974694918475053e-05
3.0068555269324726e-05
3.0393580791047287e-05
3.0722181154572634e-05
3.105425528697773e-05
3.13900138117862e-05
3.172928819801295e-05
3.207236824950615e-05
3.241899626780587e-05
3.276956373844545e-05
3.3123690366594974e-05
3.3481904425246636e-05
3.384368256317057e-05
3.420970190090057e-05
3.457928935641564e-05
3.49532901192085e-05
3.533084841089089e-05
3.5713018096452005e-05
3.6098712039683324e-05
3.6489249166014e-05
3.6883252008249046e-05
3.728229416175011e-05
3.768478921495344e-05
3.809244503803766e-05
3.850363140657769e-05
3.892005959911515e-05
3.934012756604682e-05
3.976550345241581e-05
4.019469219929822e-05
4.062924275877178e-05
4.106779521940995e-05
4.151192541169968e-05
4.19599485038738e-05
4.241408852823092e-05
4.287155559717579e-05
4.333585155308177e-05
4.3802687019624253e-05
4.427724430765105e-05
4.475318612344676e-05
4.5238377240169186e-05
4.572342493854714e-05
4.621989332326878e-05
4.6713945572228466e-05
4.722300866817977e-05
4.772484522991933e-05
4.824982391053446e-05
4.8755121178379766e-05
4.929652292202832e-05
4.980448485787664e-05
5.0360535931298254e-05
5.0878802097303584e-05
5.1447408690713633e-05
5.197504167790603e-05
5.255688800176331e-05
5.3100497477928524e-05
5.368894883597613e-05
5.426301138828672e-05
5.485503898355334e-05
5.5450266517200744e-05
5.605402433976462e-05
5.6641781297649206e-05
5.725701000232775e-05
5.7840889182255145e-05
5.846185174955532e-05
5.902827380281422e-05
5.969926916179406e-05
6.024595687489475e-05
6.096958262772981e-05
6.15107937368143e-05
6.228573317134192e-05
6.281900884105096e-05
6.363752879824864e-05
6.414483903488104e-05
6.4999705814482e-05
6.548994488703467e-05
6.637509983162997e-05
6.688572203039769e-05
6.781562332135963e-05
6.832135470770243e-05
6.935741063819449e-05
6.983124716126456e-05
7.100999169039785e-05
7.139579677771361e-05
7.250955400481826e-05
7.289417781947312e-05
7.372511096574719e-05
7.419758985441165e-05
7.480797742843472e-05
7.512841403265933e-05
7.556989381784021e-05
7.58970205684082e-05
7.624358549586114e-05
7.676676977704834e-05
7.77459952100816e-05
7.798408523772716e-05
7.979155948401062e-05
7.952669243224903e-05
8.184607638104168e-05
8.126661533069826e-05
8.367471723446014e-05
8.280903918204681e-05
8.584675318546115e-05
8.454319664132195e-05
8.907219027927122e-05
8.655534727852309e-05
9.425033624842422e-05
8.58633330090956e-05
0.00010926148254083025
5.520521549836829e-05
0.0001009058950757855
3.0219419130098036e-05
6.660556315797996e-05
4.463651072769082e-05
3.178640482904443e-05
1.4872434117429317e-06
8.883514000558454e-06
5.093037723592628e-06
-2.505378858715324e-05
0.00010253126565720901
4.397567053808613e-05
0.00010031112731651417
0.00010718590590241814
4.990432014929404e-05
0.00014101786858360365
3.745184690561766e-05
0.00012039597955140454
2.1647793776086058e-05
0.0002104043567893268
6.605158926805473e-05
0.00029819197989030123
0.0001896973546842756
0.00033874200617574725
0.00024953917226577034
0.00035611680491260593
0.00019448559600195308
0.00031879089767102313
0.0001443302316893325
0.0002192219546562495
0.00011232218128925605
0.00013850278388447327
8.208750470765355e-05
0.00016180752849248998
0.00010103657746016325
0.000280700064611555
0.00018790678837865766
0.00040527985476608564
0.0002991865436302848
0.0004137505637135056
0.0003384509567865838
0.0004337655896773753
0.00037004689200825997
0.0004229769523888304
0.0003969627935234561
0.00038239011159113816
0.00039134768295544264
0.0003592361798855107
0.0003286033498756005
0.00033830454548704924
0.0003148371761842693
0.00033312827942053285
0.0003051006241687329
0.0002729508759914714
0.00032434971333294765
0.0002909230888778195
0.00032578322299329566
0.00030289952883294437
0.00036050186004250016
0.0003372956873116248
0.00037171264175309176
0.0003594711009910824
0.00037538934220219763
0.0003657880177736734
