-0.00010948932843735267
-0.00017874857895183873
-0.0001124517243124026
-0.00018131580018954877
-0.00011810110774962933
-0.00021076145065296255
-0.00016776837433612557
-0.00018645863959167213
-0.00022355026737985614
-0.00010237666348542046
-0.00020101613956049303
-0.00010958113014655389
-0.00017169070763734591
-0.00012746240279083894
-0.00013512720308498098
-0.0001275180586404431
-0.00013784032368273407
-9.57422705380322e-05
-0.00013751412099380876
-6.451151877955133e-05
-0.0001232292116008436
-6.996156566097336e-05
-0.00011715225520303571
-7.886811860727077e-05
-0.00011962529390016228
-8.518560432008766e-05
-0.00011734480932447025
-0.00011742020316547373
-0.00015000981629889018
-0.00016259410960663687
-0.00016186294348510529
-0.00020426933857990107
-0.00017522581032832323
-0.00019560062281110167
-0.0002471492362345417
-0.00019790023231503934
-0.0002767538098045638
-0.00025415699183406763
-0.00024090304178416155
-0.00028768692339243716
-0.0002743047580737705
-0.00031272655093920386
-0.0003213416834761408
-0.00032412676609672446
-0.0003263230061774537
-0.0003252591795607735
-0.00036118529666749345
-0.00029957310594852954
-0.00036161433092331204
-0.00027235345184832126
-0.00034525287541578543
-0.0002781887592934639
-0.0003342296588927733
-0.0003200435999782175
-0.0003317253236086222
-0.0003927302497962376
-0.0003541272898159527
-0.0004011842167038191
-0.0003713533311188049
-0.0004207275101062466
-0.0004481755558518827
-0.00043574856551853886
-0.000464885452154481
-0.0004517356301451562
-0.0004351834396871118
-0.00044973021938656075
-0.00043247567998048645
-0.00047372530640853205
-0.000438728306907484
-0.0005142513267183374
-0.00042234840332457525
-0.0005389370660679362
-0.0004737390218449994
-0.0005396011108110215
-0.0004907004148017595
-0.0005646573380448956
-0.000565821202882813
-0.0005784470437915557
-0.0006155656556019541
-0.0006266978995195383
-0.0006523602142773059
-0.0006802222832868945
-0.0006683031124113734
-0.0006921098908987167
-0.0006712547586470788
-0.0007263038762180482
-0.000686555504811695
-0.0006968086779365846
-0.0007238484311573812
-0.0006972589101948271
-0.0007575736440047765
-0.0007213084344231633
-0.0007600684530595107
-0.0007423256040873627
-0.0007372003263218297
-0.0007157547178237645
-0.0007393443075364636
-0.0006860723386113993
-0.00073533874098763
-0.0006994818989466924
-0.000735397251585673
-0.000717587053771448
-0.0007494301748185034
-0.0007018205807760134
-0.0007537742692414156
-0.0007095060187475331
-0.0007856141077788088
-0.000734008086690469
-0.0007948846361788011
-0.0007578676854502302
-0.0007993771282774308
-0.0007750876448589798
-0.0008093084464563995
-0.000755646579904611
-0.000827183046872242
-0.0007259929255871977
-0.000798671215464135
-0.0007115742761728424
-0.0007812094344524121
-0.0007437085560163979
-0.0007930459903276267
-0.0007234354265592683
-0.0007981282479327246
-0.0007585723495072486
-0.0008497974037102972
-0.0008235528742580392
-0.0008844124427920715
-0.0008373802715445906
-0.0009207061599729489
-0.0008965294088317389
-0.0009640748086071603
-0.0009079017016765061
-0.0010078259672793284
-0.0008905596904375196
-0.0009824608469848426
-0.0008585121966799512
-0.0009841803272230905
-0.000853787442266408
-0.0009577917103556607
-0.0008558261470448075
-0.0009805590707050293
-0.0008006085132040094
-0.0009604849985608158
-0.0007375534821890007
-0.0009578543280658177
-0.0007547710347420829
-0.0009067076831630636
-0.0007827645697270461
-0.0009023435560605703
-0.0007869908037638603
-0.000898617944640877
-0.0008441054356196274
-0.0009443020846466984
-0.0008660493633002754
-0.000936332181175903
-0.0008820291398456701
-0.0010057555724533244
-0.000837341496536307
-0.0010349780799733279
-0.0007810167375769863
-0.0012924037444675283
-0.0004980821153788275
-0.0014973029008388057
-0.00014820439836891683
-0.0017860349760160277
0.0003376028093545887
-0.0022307964133596674
0.0010996195031870767
-0.0033134545076540195
0.0027799287832704226
-0.006429485030343742
0.007660122893010802
-0.016658401963876808
0.1966765241156444
0.16911857392664462
0.04870598885658087
-0.02727516035463623
-0.001749252346859757
0.03178539665384666
0.010244457537411149
0.03058452715828454
-0.03867094633237131
-0.0833195099997823
-0.09398857861062501
-0.017743010287541383
-0.0032622115949059102
-0.03698141507451328
-0.1139411420345931
-0.08241997905814918
-0.03437975490868533
0.04065849481216627
0.0555080412043895
0.054799003469498814
0.014982950921216168
-0.00010968112779838611
-0.02134873784825916
0.024780576513945062
0.04501379718125002
0.03663908852880203
0.002781512033134745
-0.0014907025847300118
-0.019723359430099167
-0.028848285088396215
-0.022075005454679608
0.009117050805872915
0.008322281393579798
0.005449645093472092
-0.009502038267271497
-0.013978005306567252
-0.017356275243679265
-0.021046633408790046
-0.010598008836736013
0.009972987267009972
0.008154764052118162
-0.01011809187327388
-0.01285337422352155
0.002710400729047342
0.008231848309347065
0.0017603163541745294
-0.0010385158733220241
0.004472991973992334
0.0037377565493116206
0.006826710365444163
0.007773100828514709
0.010438008506816263
-0.0016606955888951345
-0.011826958639761439
-0.007872326700245263
0.0035716306334353846
0.006762295652243936
0.002443478546171985
-0.0033793999081980024
-0.005743476703625294
-0.010529015883749104
-0.009134212658938039
-0.003267963081581073
0.005904669091729113
0.0024612725559851065
-5.385651709012966e-05
-0.00015582054941522177
-0.00039323301413709047
-0.00406436453013158
-0.004299856314778904
0.001201990868981635
0.006141946483599907
0.004404315252059785
3.507415731960398e-05
-0.0024270603528118257
-0.0014346179060672282
-0.0015412418769125433
6.429168404844911e-05
0.0036904252781919215
0.00379173945435546
-0.0007552175480290853
-0.002772296538486011
-0.001111644555435432
-0.0001602719536627136
-0.001772995828114232
-0.0024545426174346118
-0.0015406462963433374
-0.0005795400312628665
-0.0009289976828603011
-0.0009567204354058203
-0.00047268629208854665
-0.0008897382477419746
-0.0016190085172098914
-0.00011547725496079375
0.0024495796617265615
0.0029151454986570064
0.0016863242209755845
0.0004609285998352598
4.102877229711886e-05
-0.00016562974464544707
-0.00025336732528660587
0.0006218872789467964
0.0014958289655122952
0.0008997893503533926
-0.0010415352259572391
-0.0018158952745756685
-0.002061471604574371
-0.002557438090200039
-0.0026887247787576378
-0.0014570946512586773
-0.0005364961436820873
-0.0007685211408163935
-0.002023889677434025
-0.0023519063374530117
-0.0016311654458913637
-0.0009550475515060731
-0.00030641225903418814
0.0005402073466333817
0.0008297074389277547
0.00014898291525505336
-0.0007459372718961641
-0.0008004458352918059
-0.0004907362601379723
-0.0005275309993979002
-0.00032125658881612283
-0.00016560379405413002
-0.00017942508377795559
-0.0004884385593505022
-0.0008870858962871857
-0.0007035270432756458
-0.0007427203938696256
-0.0005532026046896025
-0.00020647960355366654
0.0002038456780803263
6.64051030225928e-05
-0.0003272786341522063
-0.0006850735866444714
-0.0004090877583348287
-0.0003813511382667245
-0.0002090851396381375
-0.00018901441946349745
0.00014922814896515995
-6.36711944385531e-05
0.00021242758145026386
-1.5286695234988871e-06
0.00012155359996659425
-6.085305327270597e-05
5.6943987351665976e-05
-6.954942359059264e-05
5.62756983210852e-05
-4.1553527901912884e-05
5.6787795215486325e-05
-4.1940295056420995e-05
2.2875076443855044e-05
-6.762998180162919e-05
5.826744211273995e-06
-5.378242100360659e-05
1.6411746447072585e-05
-4.093078356254189e-05
1.6855592108375866e-05
-3.734901489538646e-05
1.0900320918853443e-05
-3.570042630544326e-05
8.309999858095371e-06
-3.152535724630298e-05
8.856927347576128e-06
-2.3476348085535795e-05
1.1515469666825533e-05
-1.8008559435350822e-05
1.035696060118236e-05
-1.759659587935924e-05
5.9979665258462185e-06
-1.8231256677079827e-05
3.1272006293427417e-06
-1.7016759681338304e-05
2.016548085070468e-06
-1.5781740748684698e-05
4.3143735715131873e-07
-1.531427188494359e-05
-1.197746384296039e-06
-1.4782809665408614e-05
-2.273406765843349e-06
-1.3963250033534758e-05
-2.9617703621422965e-06
-1.3086079705112224e-05
-3.502193958473043e-06
-1.2405497923395495e-05
-4.14857455360634e-06
-1.1969840154740937e-05
-4.78258898747733e-06
-1.1559943285387479e-05
-5.2467329521932796e-06
-1.1138280283283508e-05
-5.6633875218578544e-06
-1.0855261539903169e-05
-6.143086053651305e-06
-1.070666480211958e-05
-6.612050261277369e-06
-1.0587172204117989e-05
-7.0110074401061664e-06
-1.0471754679806239e-05
-7.356729551863395e-06
-1.0379476520293307e-05
-7.673373962609718e-06
-1.0318551160931068e-05
-7.96981468530883e-06
-1.0282622696877047e-05
-8.239924080281208e-06
-1.0259056218707083e-05
-8.482990293153664e-06
-1.0250064988708701e-05
-8.71210009149585e-06
-1.0263736693045481e-05
-8.934335838331502e-06
-1.0296567347757964e-05
-9.146453184291062e-06
-1.034195149892498e-05
-9.348019581457094e-06
-1.0399189612772118e-05
-9.542569680278371e-06
-1.0468710090021744e-05
-9.731947596816924e-06
-1.0548834903976068e-05
-9.916072265592224e-06
-1.0637258300731078e-05
-1.0094800400360833e-05
-1.0732493468139186e-05
-1.0268963646945325e-05
-1.0834297915647228e-05
-1.0439998287772786e-05
-1.094256366440262e-05
-1.0608714901915638e-05
-1.105656152120567e-05
-1.0775399666736071e-05
-1.1175643807372811e-05
-1.094059772726276e-05
-1.1299596249831099e-05
-1.1104976392344317e-05
-1.1428205698092768e-05
-1.1268952281129292e-05
-1.1561106958843576e-05
-1.1432776331009753e-05
-1.1697953851326842e-05
-1.159669952382213e-05
-1.183850254121199e-05
-1.1760997430799192e-05
-1.1982578716591773e-05
-1.1925919414977317e-05
-1.2130011407158496e-05
-1.2091650128832581e-05
-1.2280626462824796e-05
-1.2258348675498566e-05
-1.2434294791075499e-05
-1.2426188145308746e-05
-1.2590932895059745e-05
-1.259533266131387e-05
-1.2750466073980365e-05
-1.2765916284327578e-05
-1.2912822062457075e-05
-1.29380551612936e-05
-1.3077943183962203e-05
-1.3111858718770466e-05
-1.3245787118114339e-05
-1.3287428286877382e-05
-1.3416320588324152e-05
-1.346485400258949e-05
-1.3589515628332181e-05
-1.3644215877413215e-05
-1.37653506886317e-05
-1.3825588169994341e-05
-1.3943812716330634e-05
-1.4009041567820957e-05
-1.412489564571245e-05
-1.4194642018786584e-05
-1.4308597858020671e-05
-1.4382450616976308e-05
-1.4494921987160108e-05
-1.457252521296824e-05
-1.4683875291866583e-05
-1.476492125098653e-05
-1.487546895938296e-05
-1.4959691686184827e-05
-1.5069717184983318e-05
-1.5156887053158854e-05
-1.5266636777243347e-05
-1.5356555944257434e-05
-1.5466247043344336e-05
-1.5558745474771583e-05
-1.566856964526969e-05
-1.576350155232283e-05
-1.5873628276399183e-05
-1.597086898405618e-05
-1.6081448392711887e-05
-1.6180891674488448e-05
-1.629205710674457e-05
-1.639361289578785e-05
-1.650548310902912e-05
-1.660907544247058e-05
-1.672175649037569e-05
-1.682732171620895e-05
-1.6940908612524585e-05
-1.704839384588851e-05
-1.716297201812301e-05
-1.727233379714515e-05
-1.7387980356104322e-05
-1.7499183465939682e-05
-1.761596830451677e-05
-1.772898475265033e-05
-1.784697150666259e-05
-1.7961779625031457e-05
-1.8081026509446607e-05
-1.8197610183197103e-05
-1.831817072743223e-05
-1.843651871681848e-05
-1.855844240365407e-05
-1.8678547757735518e-05
-1.8801880579778676e-05
-1.8923740120219406e-05
-1.9048525063813417e-05
-1.9172138939493698e-05
-1.929841641021641e-05
-1.9423787707777823e-05
-1.9551595901181775e-05
-1.967873030962414e-05
-1.9808105532774398e-05
-1.9937011043868845e-05
-2.006798799778523e-05
-2.0198674654298436e-05
-2.0331286680085845e-05
-2.0463766350078703e-05
-2.0598045644204435e-05
-2.0732331829159417e-05
-2.0868309631543814e-05
-2.1004417297373174e-05
-2.114212405619306e-05
-2.1280069487641538e-05
-2.141953500247874e-05
-2.155933567496535e-05
-2.1700589223572317e-05
-2.1842263695632277e-05
-2.1985334144193462e-05
-2.2128901960041488e-05
-2.227381785996677e-05
-2.241929946844904e-05
-2.2566089140601978e-05
-2.271350582287257e-05
-2.2862197433202788e-05
-2.3011571241982143e-05
-2.3162192866494713e-05
-2.331354657297667e-05
-2.3466126256096597e-05
-2.361948330368072e-05
-2.3774049108513107e-05
-2.3929433573681306e-05
-2.408601362734365e-05
-2.424345018744691e-05
-2.4402072721672083e-05
-2.4561586624742256e-05
-2.4722280010022627e-05
-2.4883897051073355e-05
-2.504668982882994e-05
-2.521043632964636e-05
-2.5375357241196593e-05
-2.5541260032709034e-05
-2.5708338042308506e-05
-2.5876424450559153e-05
-2.6045688769473136e-05
-2.6215986603435077e-05
-2.638746671103419e-05
-2.6560004252941115e-05
-2.673372991227117e-05
-2.69085359098092e-05
-2.7084537188407913e-05
-2.7261640850105508e-05
-2.7439948131301558e-05
-2.7619379119856718e-05
-2.7800023119466233e-05
-2.7981811549502433e-05
-2.816482332685203e-05
-2.834899976326475e-05
-2.8534410736283996e-05
-2.872100619234812e-05
-2.8908848144793995e-05
-2.9097894082125646e-05
-2.9288199177158377e-05
-2.9479727506319733e-05
-2.9672528295750533e-05
-2.9866571377932593e-05
-3.0061900810473722e-05
-3.0258491458093128e-05
-3.0456382889135912e-05
-3.065555437047285e-05
-3.0856041572016694e-05
-3.10578276119228e-05
-3.126094477779839e-05
-3.146537956148327e-05
-3.1671161318691426e-05
-3.187827949675256e-05
-3.208676091155901e-05
-3.2296597602547055e-05
-3.250781418807951e-05
-3.2720404983207206e-05
-3.2934392707559105e-05
-3.314977367634836e-05
-3.336656897022679e-05
-3.358477666412036e-05
-3.380441642731431e-05
-3.402548788545689e-05
-3.424800949443992e-05
-3.447198224874469e-05
-3.469742356418181e-05
-3.492433564556757e-05
-3.5152735019335535e-05
-3.538262496271963e-05
-3.561402124467334e-05
-3.584692809538155e-05
-3.608136064140496e-05
-3.631732396089114e-05
-3.655483263926917e-05
-3.6793892512290336e-05
-3.703451771112898e-05
-3.7276714750662126e-05
-3.752049738542406e-05
-3.776587274072939e-05
-3.8012854261183305e-05
-3.826144962341076e-05
-3.8511672021239625e-05
-3.8763529630499134e-05
-3.901703544631957e-05
-3.927219809933697e-05
-3.9529030430391694e-05
-3.978754148648876e-05
-4.004774399411198e-05
-4.0309647383006506e-05
-4.057326430028686e-05
-4.083860452977699e-05
-4.110568066935937e-05
-4.13745028317652e-05
-4.164508359311053e-05
-4.191743337350398e-05
-4.2191564750853074e-05
-4.246748843458329e-05
-4.274521702573122e-05
-4.302476150653533e-05
-4.330613451925233e-05
-4.3589347306276856e-05
-4.3874412567519814e-05
-4.416134179401369e-05
-4.4450147758428454e-05
-4.47408421899477e-05
-4.503343794662112e-05
-4.532794698876904e-05
-4.5624382271341666e-05
-4.59227559785932e-05
-4.6223081172817675e-05
-4.652537025660202e-05
-4.682963640881494e-05
-4.713589224609061e-05
-4.7444151073342856e-05
-4.7754425715866426e-05
-4.8066729612276856e-05
-4.838107579522655e-05
-4.8697477842033626e-05
-4.901594899264436e-05
-4.933650296996828e-05
-4.965915321567503e-05
-4.998391360534456e-05
-5.031079778389629e-05
-5.06398197876785e-05
-5.0970993458732686e-05
-5.1304332997962845e-05
-5.16398524487241e-05
-5.197756618021765e-05
-5.2317488436769594e-05
-5.265963376066313e-05
-5.300401659875771e-05
-5.335065166921639e-05
-5.369955362020785e-05
-5.4050737352374456e-05
-5.440421771841093e-05
-5.476000980289527e-05
-5.511812866293989e-05
-5.547858957186542e-05
-5.584140779304908e-05
-5.620659879256315e-05
-5.657417804122799e-05
-5.6944161201411095e-05
-5.7316563953947714e-05
-5.7691402160077186e-05
-5.8068691711457115e-05
-5.844844867229565e-05
-5.8830689148584584e-05
-5.921542941047367e-05
-5.9602685779264176e-05
-5.9992474734967704e-05
-6.038481281690823e-05
-6.0779716717381253e-05
-6.11772031955023e-05
-6.157728916022201e-05
-6.197999159407463e-05
-6.238532762456068e-05
-6.279331445956874e-05
-6.32039694491151e-05
-6.361731002904109e-05
-6.403335377470902e-05
-6.445211835255974e-05
-6.487362156763678e-05
-6.52978813197114e-05
-6.572491564533643e-05
-6.615474268063153e-05
-6.658738069770134e-05
-6.702284807225383e-05
-6.746116331481783e-05
-6.790234504281539e-05
-6.834641200914073e-05
-6.879338307654113e-05
-6.924327724259474e-05
-6.969611361889311e-05
-7.015191145159699e-05
-7.061069010371856e-05
-7.107246907297679e-05
-7.153726797696353e-05
-7.200510656926035e-05
-7.247600472530796e-05
-7.294998245713127e-05
-7.342705990156725e-05
-7.390725733280243e-05
-7.439059515252852e-05
-7.487709390046303e-05
-7.53667742460426e-05
-7.585965699846015e-05
-7.63557630987198e-05
-7.685511362865403e-05
-7.735772980467889e-05
-7.786363298507501e-05
-7.837284466434558e-05
-7.888538648095911e-05
-7.940128021165747e-05
-7.992054777890712e-05
-8.044321124574543e-05
-8.09692928215042e-05
-8.149881485883161e-05
-8.203179985881003e-05
-8.256827046725611e-05
-8.310824948051928e-05
-8.365175984170747e-05
-8.419882464607556e-05
-8.474946713814529e-05
-8.530371071577281e-05
-8.586157892880985e-05
-8.642309548227613e-05
-8.698828423477079e-05
-8.755716920212089e-05
-8.812977455681121e-05
-8.870612462957188e-05
-8.928624390974348e-05
-8.987015704725989e-05
-9.045788885270314e-05
-9.104946430078532e-05
-9.164490852533926e-05
-9.224424683017588e-05
-9.284750467995978e-05
-9.345470771021528e-05
-9.406588171890096e-05
-9.468105267554513e-05
-9.530024672066428e-05
-9.59234901634653e-05
-9.65508094868733e-05
-9.7182231345691e-05
-9.781778257020231e-05
-9.845749016432041e-05
-9.910138131073959e-05
-9.974948336910613e-05
-0.00010040182387863368
-0.00010105843055635696
-0.00010171933130295285
-0.00010238455419955746
-0.00010305412751363192
-0.00010372807969569534
-0.00010440643938281459
-0.00010508923539828208
-0.00010577649675557019
-0.00010646825265621981
-0.00010716453249419835
-0.00010786536585470901
-0.0001085707825178133
-0.0001092808124560998
-0.00010999548583992953
-0.00011071483303635809
-0.00011143888461148728
-0.00011216767133029391
-0.00011290122416005911
-0.00011363957426978124
-0.00011438275303318052
-0.00011513079202849188
-0.00011588372304055267
-0.00011664157806191399
-0.00011740438929483139
-0.00011817218915172439
-0.00011894501025703065
-0.00011972288544892843
-0.00012050584778012738
-0.00012129393051914513
-0.00012208716715230155
-0.0001228855913852952
-0.00012368923714388744
-0.00012449813857546817
-0.0001253123300512509
-0.00012613184616679953
-0.0001269567217447149
-0.0001277869918337467
-0.00012862269171427
-0.0001294638568937907
-0.00013031052311738016
-0.00013116272635708363
-0.00013202050282731998
-0.00013288388897293366
-0.00013375292148177327
-0.0001346276372797433
-0.00013550807353227327
-0.0001363942676532912
-0.00013728625729446018
-0.00013818408035986846
-0.0001390877749970484
-0.00013999737960633302
-0.00014091293283625614
-0.0001418344735924312
-0.00014276204102689136
-0.00014369567456273867
-0.00014463541385592062
-0.0001455812988586714
-0.0001465333697339916
-0.00014749166697298468
-0.0001484562312498367
-0.00014942710360264398
-0.00015040432522359613
-0.00015138793770377596
-0.00015237798276388284
-0.00015337450254824278
-0.00015437753932031
-0.0001553871357815131
-0.00015640333474250143
-0.00015742617947824719
-0.0001584557133397387
-0.0001594919802004901
-0.0001605350239474927
-0.000161584889059019
-0.00016264161997927998
-0.00016370526177603975
-0.00016477585948464479
-0.0001658534587472163
-0.00016693810521434423
-0.00016802984509389665
-0.00016912872467474672
-0.00017023479072230123
-0.00017134809019248606
-0.00017246867039605448
-0.00017359657897444937
-0.00017473186380250415
-0.00017587457317170055
-0.00017702475560748415
-0.00017818245995819402
-0.00017934773552333652
-0.000180520631590287
-0.00018170119840838633
-0.00018288948542635394
-0.00018408554435521418
-0.0001852894239983109
-0.00018650117870996734
-0.00018772085522670429
-0.00018894851179196252
-0.00019018419307620903
-0.00019142795918472653
-0.00019267985785325487
-0.00019393994246281326
-0.00019520827266615928
-0.00019648488860194574
-0.00019776986294747952
-0.00019906323000091694
-0.0002003650627481965
-0.00020167540229271835
-0.00020299431471058112
-0.00020432184721082356
-0.0002056580698512147
-0.00020700301925778014
-0.00020835678490872746
-0.00020971937858188175
-0.00021109091963497813
-0.00021247139272938882
-0.00021386094322661288
-0.00021525953142555957
-0.00021666732453594047
-0.00021808426500675586
-0.0002195105388762596
-0.00022094607687829753
-0.0002223910661101003
-0.0002238454475677549
-0.00022530939016183332
-0.00022678285436195848
-0.0002282660079837703
-0.0002297587917282609
-0.0002312614122543179
-0.00023277376913997342
-0.00023429610634948146
-0.00023582831183510677
-0.00023737060780373853
-0.00023892293836903777
-0.00024048545720074116
-0.00024205817565078002
-0.00024364118329805312
-0.00024523455367474797
-0.0002468383160809523
-0.00024845260324521737
-0.0002500773813018664
-0.00025171285072243116
-0.00025335894320079565
-0.0002550158159699918
-0.00025668356644505813
-0.0002583620473138107
-0.0002600517998752952
-0.0002617521234196049
-0.0002634642293380951
-0.0002651865547266402
-0.00026692155590266433
-0.00026866574853186184
-0.0002704245322126097
-0.00027219015817548894
-0.0002739736772375136
-0.0002757608614948805
-0.00027756752878169925
-0.00027938458447826053
-0.00028120839570446574
-0.000283064090790557
-0.0002848967437049921
-0.00028677913503039824
-0.0002886332594222808
-0.00029052593320913863
-0.0002924111294006204
-0.0002943124543278381
-0.00029621830530882553
-0.00029815182352257346
-0.000300074934670946
-0.00030205948089313676
-0.00030399686351592885
-0.00030602382841148675
-0.00030798820559585233
-0.0003100617565576256
-0.00031206552426511487
-0.0003141597413481417
-0.00031619084764417853
-0.00031832211155154904
-0.00032039011996995296
-0.00032253625659583074
-0.0003246558989245861
-0.00032681190804461133
-0.00032896415627397787
-0.00033113446983662725
-0.0003333015564110719
-0.0003355212394455645
-0.000337691935945984
-0.0003399425746482261
-0.0003421677915164168
-0.0003444260605498439
-0.0003467206120681609
-0.00034899872823616733
-0.0003513555281052376
-0.00035367847968640823
-0.0003560702830908331
-0.0003584369075019418
-0.0003608573002725317
-0.0003632649264043316
-0.00036569546939789997
-0.0003681626857699969
-0.00037055636659889184
-0.0003732020030496934
-0.0003754174850702679
-0.00037832643847348973
-0.00038036029254163214
-0.0003835625669000491
-0.00038533799908737926
-0.00038899868308145077
-0.00039015305622937735
-0.0003949174384732246
-0.0003945888976000511
-0.00040131440571514404
-0.0003987199647960708
-0.0004075336522268787
-0.0004046772247297114
-0.0004038828288202129
-0.0004730420676508583
-0.00042123503015483235
-0.00048646045581792873
-0.00041655565580430895
-0.00044370230879344744
-0.0004303961126561266
-0.00035474001672467545
-0.00032365281149821597
-0.00030646110404646725
-0.0002628784326430989
-0.00029746306151126774
-0.0002334720358970698
-0.0003249945711709478
-0.0002528070963778956
-0.0003226875063339873
-0.0003345056942612378
-0.00037059090329064363
-0.0003614538943375799
-0.0003631312985339888
-0.0003662447953896575
-0.0003606435018405471
-0.0003985373968394422
-0.0003729574985997984
-0.00040715113690239797
-0.00035706476760030145
-0.0003736877855630595
-0.0003275775592591489
-0.0003297118591735913
-0.00031723085337918394
-0.0003280352939823898
-0.000288226835044324
-0.0002974304571369731
-0.00029015343419633484
-0.0002607439280588478
-0.00031771777463054994
-0.0002758468930037872
-0.0003155553516515987
-0.0002904800934548273
-0.00035648881439188907
-0.0002667914820011794
-0.00042783177096801316
-0.00026589849454992335
-0.00038633644178877254
-0.00028908321677233677
-0.0003337251741242513
-0.0003246963443322664
-0.0003051299517583338
-0.0003533546659698609
-0.00029628817274589107
-0.0003105150081997274
-0.00030436533131720204
-0.00031227710203165756
-0.00021406827732119448
-0.0003008835245868405
-0.00018113515444526224
-0.0002866811017178484
-0.00011065409423069585
-0.00022868852038817843
-0.00011396086795467496
-0.00020618981288514766
-0.00013455945360976338
-0.00018133920569978214
-0.00045792442393875396
-0.0004558502771922383
-0.00044986002937554123
-0.00046580492903133645
-0.0004431711537420589
-0.00046932089390357964
-0.0004414626467852263
-0.0004690135058709122
-0.0004418888065779924
-0.0004519282339683451
-0.00042621560135125565
-0.0004409440399071368
-0.00040860741965528786
-0.0004241616721545532
-0.00037644964962276053
-0.0003803441056097034
-0.00035494133547741587
-0.0003563828089832569
-0.000336035344976483
-0.000338862674388279
-0.0003285549565002401
-0.0003304379867383454
-0.00034399034230032493
-0.00033955574964023087
-0.0003593383532831631
-0.00037117553945335645
-0.0003874538843854522
-0.0004063738009040468
-0.0004117612106722244
-0.00042693853608460463
-0.00044203853478168943
-0.00044170469181429044
-0.0004892342099708083
-0.00046570028209164577
-0.0005054211609813385
-0.0004903087346420428
-0.000508576869940726
-0.0004975134693293752
-0.0005024957059981582
-0.0004885932181907978
-0.0004892741688531177
-0.0004983763091757713
-0.0004834264746478989
-0.0004920487147695143
-0.00047927285791029715
-0.0004917887747475614
-0.0004845928789823227
-0.0004953322643604964
-0.0005017758600043002
-0.0005110712444991643
-0.0005322890387451159
-0.0005350626198503178
-0.0005540616443963181
-0.0005610159363036186
-0.000556008705594658
-0.0005606702798484843
-0.0005507582859589693
-0.0005625634226972807
-0.0005478229555591983
-0.000545255246252923
-0.0005524092955601439
-0.0005365724843696491
-0.0005630370695174183
-0.0005556774131995495
-0.000577120440904316
-0.0005884744536187566
-0.0005974259118812223
-0.0006210451989246874
-0.00062242742722799
-0.000640907922629197
-0.0006548885337300052
-0.0006618522328839553
-0.0006780793132621999
-0.0006666937679097045
-0.0006753038867122487
-0.0006645489980694379
-0.0006674499102741235
-0.0006580366244769546
-0.0006685603487235187
-0.0006638870702959784
-0.0006726660396579769
-0.0006808416027181306
-0.0007052607538997601
-0.0006796977393804385
-0.0007528463684326368
-0.0007215611074034283
-0.000754145532680985
-0.0007435651918293729
-0.0007535743323761181
-0.0007416291046426936
-0.000741084269290271
-0.0007453993407341545
-0.0007353795957859836
-0.0007522158624910314
-0.0007276003764864407
-0.0007469955631739268
-0.0007279884850686779
-0.0007408267453069947
-0.0007281238302255293
-0.0007342582717535005
-0.0007453582907269354
-0.0007464058595913277
-0.0007455156666085887
-0.0007700797262768647
-0.0007579202611993458
-0.0007792054839134898
-0.0007843635923646505
-0.0007811580307474273
-0.0007959663933290234
-0.0007841944030210112
-0.0008035143442985232
-0.0007855377862784992
-0.0008109371623259384
-0.0007878020312423214
-0.0008062838700994833
-0.0007985702728800554
-0.0008047215222903728
-0.00079802478799706
-0.000803798060249218
-0.0008054875705190553
-0.0008033242411957688
-0.0008149956499477497
-0.0008044693476057722
-0.0008320346452804024
-0.000817551351854108
-0.0008601705139976374
-0.000845770190866331
-0.0008922142193376356
-0.0008707155842581434
-0.0008999942402682881
-0.0008715752789381945
-0.0008863477085113275
-0.000852074341257717
-0.0008778288577203331
-0.0008311530717078338
-0.0008478364935449848
-0.0008049380262813855
-0.0008106348902196355
-0.0007947786002356651
-0.0008213851516737723
-0.0008252161713045977
-0.0008462535382433123
-0.0008458277170033579
-0.0008821556336919287
-0.0008751983071591331
-0.0009122132380127404
-0.0009000735861688199
-0.0009243522066414745
-0.0009348908794908792
-0.0009237451732740606
-0.0009382153734932006
-0.0008933767637426502
-0.0009184729635121976
-0.000859202187728358
-0.0008968937737952547
-0.0008567627814362444
-0.0008671773002074813
-0.0008578054870127256
-0.000869400881974607
-0.0008571470992199227
-0.0008884431630686637
-0.0008702390317920896
-0.0009062900169480998
-0.0008887923745844106
-0.000911185878232605
-0.0008801862948648211
-0.0009103967462159416
-0.0008846858523171024
-0.0008895642817869499
-0.000887804272245112
-0.0008785588019811438
-0.0009078303730443419
-0.0008770857146750413
-0.0008722757166416423
-0.0007701126236599447
-0.0009512532217535977
-0.0006536904664968578
-0.0010411621485630336
-0.000641665755550696
-0.0011733077289655892
-0.0002934516314766882
-0.0013066462697468918
-0.00015900478522340187
-0.001632700444052209
0.0006803948230921505
-0.0023064205575798265
0.003927444713446099
-0.00648248657500579
0.06494130185876289
0.09540452291230703
0.0513723472027941
0.031290577726858816
0.014019361224559488
0.013111957408658736
-0.003805255405486126
-0.007900945378594747
-0.028778535409951372
-0.026363494833539343
-0.04740374998201834
-0.06318015587622022
-0.05696148921587474
-0.014526161633827708
0.0034779121250537795
0.015396327640350576
0.00892256305269203
-0.002780755327189026
-0.008650230698200319
0.00665842038700674
0.01697617976716513
0.021416115145544617
0.016386056789051678
0.00956497237927114
0.003135300235923053
0.003556999951681626
0.0025118494143809094
0.0043229913068287655
0.001963069772345574
0.0033794980363343347
0.0028012706348286313
-0.0012198424883313333
-0.010856922666263197
-0.012208722657629904
-0.009075492041892026
-0.004085434579673171
-0.004051582943955352
-0.00032619906258957133
0.0011704274663850913
0.0005016701231863753
-0.004910253305620596
-0.003980496159122469
0.0021477966667997157
0.01116873693498373
0.012179228769843281
0.007634523827075726
0.0005379824401956979
-0.003618120539491496
-0.003956502281984841
0.0004706938279195132
0.0035099592931096065
0.0016084036763121378
-0.004997283402134193
-0.01020374837845053
-0.010549496552384708
-0.005179261941605657
-1.1879640870336616e-05
0.0019856231116741362
0.001703113970356607
0.0002420286044966767
-0.0020679613486722054
-0.0018563467730088503
0.00035777057632145766
0.0037586308804781502
0.004373393024211325
0.0024822888767709146
2.8180752089420328e-05
-0.0006423560105312712
-0.0004700956350294161
-0.0004959538024861068
-0.0002796255967145361
0.00032331371703237254
0.0005668381865662576
0.00023184450827137105
-0.0007400625991858463
-0.0017375950024785141
-0.002269030842196296
-0.0018968132454818618
-0.0006401340104822596
0.0011396111750209877
0.0013801181324816828
6.713433816704183e-05
-0.0012895462735578182
-0.0015903434687415687
-0.0006757283534122216
0.000699450488825866
0.0014014417397318528
0.001013057053421286
-4.292020904592001e-05
-0.0011818147730640462
-0.001478087140374338
-0.000613775175362157
0.0006616706812607596
0.0010698921326808826
0.0001233153902039943
-0.001447166281183838
-0.0019277246571126568
-0.0015184648290804484
-0.000530502798131053
0.00015373906551615575
0.00037361235294720125
5.5981611506301465e-05
-0.0004503237141211829
-0.0006802064803978704
-0.00020292356337834726
0.0006070429446629849
0.0008284884731170249
0.00036409795713567786
-2.1699477463461587e-05
-0.00021513045377612866
-0.0004408641771302222
-0.0005667857687079125
-0.0003529663052060435
-0.00016970011242207168
4.231190750053019e-05
0.00016165665676084182
0.00012183959496514323
-0.00024598525916992055
-0.0006360631939465403
-0.000756877639675654
-0.0006025277056893902
-0.0002595506273863873
-0.00010533675409396195
-0.00023643989299918362
-0.0006356246430587657
-0.0008673428845792382
-0.0006182145185164552
0.00013666885824073114
0.0007173215711372726
0.0008974930290833644
0.0006742253529529313
0.00023365998040730728
-0.00017122698660596448
-0.0001262272210401055
0.00014052530399373954
0.0002704207054155597
0.00011245875316747561
-0.00018178644498530096
-0.00043821405378190875
-0.00040030438005047436
-0.0001223269069999828
0.00033947557204568523
0.0005711162379894352
0.0009248470645110362
0.0007778175605834135
0.0018977147006348555
0.0013506879904349371
6.888611611945627e-05
-0.000542773058248066
-0.00017014655130305825
-9.806093453292031e-05
-0.00048496821024981854
-0.0006307882123946102
-0.0009745591451893327
-0.000753850378785048
-0.0009405477577942084
-0.0007906554144172528
-0.00040922652652169327
0.00040327112834541467
0.0006483979315318532
0.0003567348927955745
0.00011162999640972364
0.00011197066891251248
0.00036303585862410915
0.0007949302055218085
0.0009362000343737667
0.0006295361235942316
0.0002790497546440094
0.0001363013716452042
0.00014371469093598562
0.00023248445046484162
0.00022454532341831447
0.00011706337868317484
-0.00010928669337259659
-0.00037618614172174706
-0.0005494393914982178
-0.0004438405604837821
-0.0002780704012169482
-8.238415149922461e-05
0.0001267905044204133
0.0002166382224548483
0.00011672960970190168
0.00013373712009864794
0.0002564020130597399
0.00031254213580520347
0.00021446384636848059
0.00018896831101867823
6.769143980169825e-05
-2.8398166621530736e-05
-0.00018472987260956958
-0.0003632492121917418
-0.00039743741171258877
-0.00039158345234636266
-0.0002921867298754481
-0.0003426270337335176
-0.00033012769280357443
-0.0003492938434191518
-0.00034329865755274556
-0.00026438172900688334
-0.00015133036613237288
1.6730121749667488e-05
9.95255233142185e-05
0.00013719469988626777
7.085426683991111e-05
1.6767630814619165e-05
-2.069677483871403e-05
-1.4351209008327598e-05
8.403556133711816e-06
-2.3724824782316058e-05
8.964176155366746e-06
-1.3672461733126045e-05
6.831268373615109e-06
-1.2925016681849372e-05
-8.604963893285488e-06
-3.2110823998211774e-05
-2.6244173260678633e-05
-3.75691811281085e-05
-2.4819862235802513e-05
-2.8605998441740718e-05
-1.8331530844797208e-05
-2.517249332199714e-05
-1.9608284623572438e-05
-2.6252603009332644e-05
-1.902231280485668e-05
-2.1705475121927583e-05
-1.3616687421090428e-05
-1.71502695879264e-05
-1.2082946291463304e-05
-1.679710808298336e-05
-1.3218060269556023e-05
-1.7951399927499908e-05
-1.5142896046351252e-05
-1.9268829495963534e-05
-1.6608045640461016e-05
-1.9646243385854962e-05
-1.6899928661044482e-05
-1.9506236416727564e-05
-1.736512018185853e-05
-1.996734044854572e-05
-1.8307284787507154e-05
-2.051293012273483e-05
-1.88439807328751e-05
-2.0540253093633145e-05
-1.8959420642193203e-05
-2.0450098719307694e-05
-1.915448129361154e-05
-2.0528427483298113e-05
-1.9432896920834796e-05
-2.064392298405679e-05
-1.969983049154186e-05
-2.077127706299476e-05
-1.9968980267555722e-05
-2.0926709100490046e-05
-2.0258848422010647e-05
-2.1136984366016754e-05
-2.0605486827088282e-05
-2.141426464554244e-05
-2.0977788061759227e-05
-2.16932278487565e-05
-2.131548570099835e-05
-2.1944780510924533e-05
-2.1630305898264097e-05
-2.2201050224687676e-05
-2.1951646196797657e-05
-2.247179397086088e-05
-2.2273338940045472e-05
-2.274336669022244e-05
-2.2586969025990312e-05
-2.3014373262483442e-05
-2.289722807639373e-05
-2.3290266455073096e-05
-2.3209791957334944e-05
-2.357487901190168e-05
-2.352768882304697e-05
-2.386866285331718e-05
-2.3849712529368456e-05
-2.416863016495665e-05
-2.4173862371464115e-05
-2.4474060355341083e-05
-2.4501453384352917e-05
-2.478631103282515e-05
-2.4833391825731675e-05
-2.5104654152390116e-05
-2.5168451824409782e-05
-2.542760063564323e-05
-2.5506064779502057e-05
-2.5755049012734084e-05
-2.5846808633466336e-05
-2.608742244688888e-05
-2.6191188534544212e-05
-2.642485887570801e-05
-2.6539394861457358e-05
-2.6767289306056836e-05
-2.6891482259921078e-05
-2.7114637751710574e-05
-2.7247593884453766e-05
-2.7467011484626794e-05
-2.760801137838101e-05
-2.7824550957732992e-05
-2.797289697734133e-05
-2.818722826630342e-05
-2.8342269796481238e-05
-2.855498501461299e-05
-2.8716194433512992e-05
-2.892784889089775e-05
-2.9094785568542067e-05
-2.9305862194583718e-05
-2.9478132119273e-05
-2.9689044549391675e-05
-2.9866304482593816e-05
-3.0077419939385745e-05
-3.0259381216845522e-05
-3.0471031875766817e-05
-3.065745480786527e-05
-3.086993999716581e-05
-3.1060621686189505e-05
-3.1274204378079665e-05
-3.146896803238618e-05
-3.168387833512016e-05
-3.188257353631179e-05
-3.209901839028442e-05
-3.2301521443421524e-05
-3.251968779962332e-05
-3.272589580105153e-05
-3.29459502480053e-05
-3.3155776883702975e-05
-3.337786855921564e-05
-3.359124335406384e-05
-3.381550762229519e-05
-3.403237480309977e-05
-3.425893532581442e-05
-3.447925185069082e-05
-3.47082218265485e-05
-3.4931955446085186e-05
-3.516343872804432e-05
-3.5390566564612417e-05
-3.562465906019227e-05
-3.5855166756358506e-05
-3.6091957774202915e-05
-3.6325838547688645e-05
-3.6565411586718876e-05
-3.680266509249443e-05
-3.704509846120201e-05
-3.728572996705248e-05
-3.753109757423834e-05
-3.777511741775096e-05
-3.802348949663695e-05
-3.827091254094789e-05
-3.852235618291818e-05
-3.877320127896434e-05
-3.902778088373055e-05
-3.928207041956332e-05
-3.953984811924649e-05
-3.9797607658422114e-05
-4.005864370925039e-05
-4.031990168432934e-05
-4.058425480064074e-05
-4.084904222477347e-05
-4.111676984688865e-05
-4.1385120050248935e-05
-4.1656278581205924e-05
-4.1928226995798144e-05
-4.220287202377746e-05
-4.247845600383217e-05
-4.275664249368344e-05
-4.30359011525096e-05
-4.3317683607522374e-05
-4.360065767319469e-05
-4.38860902788333e-05
-4.417282197399788e-05
-4.446195872643416e-05
-4.475249166578457e-05
-4.504538648735143e-05
-4.533976558964968e-05
-4.563647242783873e-05
-4.593474383823093e-05
-4.623531675360135e-05
-4.65375277779165e-05
-4.684202102114312e-05
-4.71482200694057e-05
-4.745668815204008e-05
-4.7766924692768993e-05
-4.807942244793786e-05
-4.8393746966004576e-05
-4.871032960298595e-05
-4.90287935664658e-05
-4.9349516720229055e-05
-4.9672172552134177e-05
-4.999709232647858e-05
-5.0323993381100156e-05
-5.065316638872282e-05
-5.098436693247563e-05
-5.131785033089895e-05
-5.165340552749876e-05
-5.199125705162471e-05
-5.2331222949891266e-05
-5.267350094160118e-05
-5.3017934466117154e-05
-5.336469790157515e-05
-5.371365684655712e-05
-5.406496536164467e-05
-5.441850838661587e-05
-5.477442230018186e-05
-5.513260892717111e-05
-5.549318926238787e-05
-5.58560798758496e-05
-5.622138838138116e-05
-5.658904422870952e-05
-5.6959143397044274e-05
-5.733162659097023e-05
-5.7706579677576034e-05
-5.8083953199722745e-05
-5.846382423957424e-05
-5.884615194460535e-05
-5.923100576945317e-05
-5.961835239094227e-05
-6.0008254645276774e-05
-6.04006858017625e-05
-6.079570295823783e-05
-6.119328516046616e-05
-6.159348453494827e-05
-6.199628519316815e-05
-6.240173495976369e-05
-6.280982239260481e-05
-6.322059159807875e-05
-6.363403504114557e-05
-6.405019361908028e-05
-6.446906323410439e-05
-6.489068201897811e-05
-6.531504890445685e-05
-6.574219964586488e-05
-6.617213584653156e-05
-6.660489122286417e-05
-6.704046974073507e-05
-6.747890337295985e-05
-6.792019817846828e-05
-6.836438464410008e-05
-6.881147068724347e-05
-6.926148553407491e-05
-6.971443875620467e-05
-7.017035851579901e-05
-7.062925586162494e-05
-7.109115806376501e-05
-7.155607749377772e-05
-7.202404067986284e-05
-7.249506118265806e-05
-7.296916491982209e-05
-7.344636652493547e-05
-7.392669142051306e-05
-7.441015521186378e-05
-7.489678292682328e-05
-7.538659105560462e-05
-7.58796043196096e-05
-7.63758400179999e-05
-7.687532264341883e-05
-7.73780702384944e-05
-7.788410713506163e-05
-7.839345206273789e-05
-7.890612925251237e-05
-7.942215807175152e-05
-7.994156270329696e-05
-8.046436311096901e-05
-8.099058347485259e-05
-8.152024431967676e-05
-8.205336986461267e-05
-8.258998116253457e-05
-8.313010250816707e-05
-8.367375545720768e-05
-8.42209644127391e-05
-8.477175140969298e-05
-8.5326140987109e-05
-8.588415564151262e-05
-8.64458200732132e-05
-8.701115722386754e-05
-8.758019197749207e-05
-8.815294770780095e-05
-8.872944950388166e-05
-8.93097211597422e-05
-8.989378798679717e-05
-9.0481674190908e-05
-9.107340532287077e-05
-9.166900599285334e-05
-9.226850200633248e-05
-9.287191837177775e-05
-9.34792811628378e-05
-9.409061578177449e-05
-9.470594858277423e-05
-9.532530535905087e-05
-9.59487127572242e-05
-9.657619695879643e-05
-9.720778491340948e-05
-9.7843503189617e-05
-9.848337905015589e-05
-9.912743945010848e-05
-9.977571197445034e-05
-0.0001004282239651303
-0.00010108500333828565
-0.00010174607782351391
-0.00010241147567636167
-0.00010308122501528262
-0.00010375535444314118
-0.0001044338924694652
-0.00010511686805190733
-0.00010580431009308861
-0.00010649624791289673
-0.00010719271080991791
-0.00010789372847334297
-0.00010859933060060486
-0.00010930954725683789
-0.00011002440854194562
-0.00011074394490369452
-0.00011146818684807974
-0.00011219716521221335
-0.00011293091091190213
-0.00011366945517994956
-0.00011441282934620406
-0.00011516106504540213
-0.00011591419402600398
-0.00011667224833108157
-0.00011743526013191855
-0.00011820326188615414
-0.00011897628619276634
-0.00011975436593018168
-0.00012053753412995943
-0.00012132582409743291
-0.00012211926930192967
-0.0001229179034818327
-0.0001237217605492909
-0.00012453087468208184
-0.00012534528024044068
-0.00012616501184773278
-0.00012699010431793147
-0.00012782059272596277
-0.00012865651234519014
-0.00012949789870860678
-0.00013034478755433393
-0.0001311972148798523
-0.0001320552168941224
-0.00013291883006509445
-0.0001337880910786851
-0.00013466303687975867
-0.00013554370463696056
-0.000136430131778907
-0.00013732235596304398
-0.000138220415107939
-0.0001391243473663809
-0.00014003419115335685
-0.00014094998512340735
-0.00014187176819474491
-0.00014279957952988191
-0.00014373345855704618
-0.00014467344495324211
-0.00014561957866340586
-0.0001465718998860336
-0.00014753044908962485
-0.00014849526700057639
-0.0001494663946179811
-0.00015044387320291373
-0.00015142774429258347
-0.0001524180496891883
-0.00015341483147466163
-0.00015441813200097064
-0.0001554279939017056
-0.0001564444600848882
-0.00015746757374207154
-0.00015849737834551167
-0.00015953391765366042
-0.00016057723570896913
-0.000161627376844089
-0.0001626843856795254
-0.00016374830712936054
-0.00016481918639992677
-0.00016589706899446452
-0.00016698200071257332
-0.00016807402765476616
-0.00016917319622192738
-0.00017027955311919233
-0.00017139314535612085
-0.00017251402025094623
-0.00017364222542995354
-0.00017477780883226027
-0.00017592081870955337
-0.00017707130362981966
-0.0001782293124777072
-0.00017939489445860997
-0.0001805680990987543
-0.00018174897624902923
-0.000182937576085797
-0.0001841339491141169
-0.00018533814616854423
-0.00018655021841703498
-0.000187770217361445
-0.00018899819484084323
-0.0001902342030328508
-0.00019147829445694832
-0.00019273052197553778
-0.00019399093879711855
-0.00019525959847794416
-0.00019653655492485453
-0.00019782186239625861
-0.00019911557550702727
-0.00020041774922675306
-0.00020172843888788532
-0.00020304770018081844
-0.00020437558916461704
-0.00020571216226026885
-0.00020705747626200883
-0.0002084115883322573
-0.00020977455600914218
-0.00021114643720681887
-0.0002125272902171126
-0.00021391717371540232
-0.0002153161467569704
-0.00021672426878828021
-0.00021814159963846734
-0.00021956819953461795
-0.0002210041290906209
-0.00022244944932414148
-0.00022390422164359131
-0.0002253685078688495
-0.00022684237021076796
-0.00022832587130596762
-0.00022981907417368814
-0.00023132204228259795
-0.00023283483946765133
-0.0002343575300424838
-0.00023589017866858372
-0.00023743285051385573
-0.00023898561107959116
-0.00024054852639677268
-0.00024212166281846297
-0.0002437050872507113
-0.0002452988669072232
-0.00024690306958319427
-0.00024851776336115854
-0.00025014301693971437
-0.000251778899279297
-0.00025342547999605077
-0.0002550828289383071
-0.000256751016652775
-0.000258430113890205
-0.0002601201921311981
-0.0002618213230567478
-0.0002635335790712234
-0.0002652570328249334
-0.00026699175763359156
-0.0002687378271463859
-0.00027049531559717073
-0.00027226429764012905
-0.0002740448484529409
-0.000275837043692273
-0.00027764095950825324
-0.000279456672549222
-0.00028128426000952403
-0.0002831237993953346
-0.00028497536929703374
-0.000286839047419548
-0.0002887149146030769
-0.0002906030475517919
-0.00029250353034063637
-0.00029441643884737904
-0.00029634185961981835
-0.0002982798704217922
-0.0003002305563902796
-0.00030219400055536303
-0.00030417028358234975
-0.0003061594955162516
-0.000308161713101102
-0.00031017703173701495
-0.00031220552549682604
-0.0003142472932750678
-0.00031630240779184925
-0.000318370971207892
-0.000320453055936744
-0.0003225487652343097
-0.00032465817240512904
-0.00032678138322625314
-0.000328918467573218
-0.00033106954229713897
-0.00033323466273164345
-0.0003354139670345927
-0.0003376074889067719
-0.0003398153922326509
-0.00034203769141119637
-0.00034427456736446736
-0.00034652602610497137
-0.0003487922556796041
-0.00035107325872894585
-0.00035336922895556796
-0.0003556801631568157
-0.00035800626475372644
-0.0003603475211696465
-0.0003627041464624237
-0.00036507611881599224
-0.0003674636630258035
-0.00036986674814825006
-0.000372285612439132
-0.00037472021506711943
-0.00037717080018504737
-0.00037963733990503234
-0.0003821200471949294
-0.00038461894890770316
-0.00038713419024476257
-0.000389665872948908
-0.00039221408466631746
-0.00039477895792530693
-0.00039736059132727125
-0.00039995906584495457
-0.0004025745648743545
-0.0004052070608995562
-0.00040785689737023043
-0.000410523784285003
-0.00041320855873392076
-0.00041590997794115964
-0.0004186309000329488
-0.00042136559274080353
-0.0004241214242472786
-0.0004268872284067406
-0.00042967478389040827
-0.0004324774181266192
-0.000435298163841555
-0.0004381450687638763
-0.0004410005078567139
-0.000443891283051136
-0.0004467854346426695
-0.0004497206162799709
-0.000452659372972392
-0.00045563835609653536
-0.00045861806394423136
-0.000461640629187709
-0.00046466471810184003
-0.0004677264255057231
-0.0004707939026827788
-0.00047389392486012715
-0.00047699783543763156
-0.00048014354764617454
-0.000483277485770231
-0.00048647337977227907
-0.0004896348333266532
-0.000492880042959969
-0.000496077701703578
-0.0004993674667577374
-0.0005026164933635292
-0.0005059570994250703
-0.0005092646980591172
-0.0005126598126860681
-0.0005160262401036905
-0.0005194764167966279
-0.0005229012580275211
-0.0005264074692657422
-0.0005298877452805143
-0.0005334413930754294
-0.0005369716367105411
-0.0005405777567023242
-0.0005441517604630602
-0.0005478006902703848
-0.0005514331578566629
-0.0005551222249271233
-0.0005588228642556746
-0.000562538641153802
-0.0005663060916028593
-0.0005700752520041851
-0.0005738707607915569
-0.0005777405084031453
-0.0005815279231672462
-0.0005855119953690898
-0.0005892732898409975
-0.0005933941903693628
-0.0005970800317599383
-0.0006014396634573165
-0.0006048615633995236
-0.000609898063030046
-0.0006122377993358741
-0.0006208613999970835
-0.0006052178434507268
-0.0005911195902223273
-0.0005698362014017362
-0.0005458617923204145
-0.0005531045129206122
-0.0005242135267440285
-0.0005522461303487311
-0.0005246310213310626
-0.0005551462997296854
-0.0005477404984488392
-0.0005757590157144951
-0.0005630406119637732
-0.0005960912294347464
-0.0005882951617996372
-0.0006044454820760845
-0.0006146394882698932
-0.000608112958118136
-0.0006056430034150891
-0.0005988899133450392
-0.000567983220292514
-0.0005781893893777478
-0.0005271912135968304
-0.0005626576898604921
-0.0004969280509943907
-0.0005109884042559145
-0.00044935477199499924
-0.0004797691047296681
-0.00042838993270845354
-0.0004642025163751618
-0.00044745130911874267
-0.000469893611973901
-0.0004716840121207106
-0.0004946012240507123
-0.0005049650332226989
-0.000531780092179121
-0.0005322779372835962
-0.0005543355781429858
-0.0005683475049462998
-0.0005591232881864115
-0.0005672204810733289
-0.0005693184669300317
-0.0005509041890299387
-0.0005517436655894248
-0.0005330242792937658
-0.0005306292735650228
-0.0004961214061333071
-0.0004892180447117392
-0.0004545604681739235
-0.00044313274458794
-0.0004093847697103561
-0.0004169366122098861
-0.0003883571348475263
-0.0004044254571828628
-0.0004059898137892557
-0.00041464715995253177
-0.0004182410280438348
-0.0004389840592463287
-0.00044132888875960806
-0.000451698816491734
-0.00046634303043058283
-0.00045434839016666946
-0.0004733523524070361
