-0.0006717105425259392
-0.0006891413608519591
-0.0007383499893663175
-0.0007563070912642676
-0.0007981337747721692
-0.0007650092525516086
-0.0008312164784137676
-0.0007593828942504717
-0.000812293918699903
-0.0006774213287712605
-0.0006921691565683932
-0.0006025793947298894
-0.0006288605029355291
-0.0005925208885282415
-0.0005977338803874346
-0.0005985112500910204
-0.0005563462996381894
-0.0005621379903358748
-0.0005476536189245663
-0.000660572115292894
-0.0006360552069848245
-0.0007455718997620758
-0.0008018736001306574
-0.00083536861695206
-0.0009874140073952546
-0.0010490795936100841
-0.001091559304587267
-0.0012027339786943952
-0.0012229658655190366
-0.0012529494652836015
-0.001199204432096511
-0.0012661606708354225
-0.0007951894860241027
-0.0009952946035324713
-0.0004891524335974651
-0.001147599816229982
-0.0002530935101975136
-0.00128848305747024
0.00022611993812890043
-0.0014774970701648248
0.0008942830890534263
-0.002382037779853584
0.001989434172850444
-0.004856348362910358
0.009045992288783642
0.06908149901323733
0.0733265569209153
0.10667613528251016
0.16165932137913613
0.18573179195833375
0.14207392746918485
0.17214440103646467
-0.015268766875931202
-0.14193951329135707
-0.1630905071231218
-0.1413476965133153
-0.08900409819856926
-0.07134548585530429
-0.0659902751405755
-0.07922893652531221
-0.06522740163309672
-0.024016302399204055
0.005917406684582426
0.019126319578272606
0.029051133937489794
0.035389425204026166
0.06694106758699167
0.05339559659946359
0.054349511056373076
0.04614329064704171
0.02185645214093651
-0.002660211643598931
0.004766824698772863
0.0313033089247101
0.020018557126741887
-0.01910820173629844
-0.03286633666457301
-0.01933611428587178
-0.013648913192549763
-0.014559083556813804
-0.003557172010895323
0.005061870743837536
-0.007118620797736136
-0.009997857546288635
-0.017360439430220677
-0.019809458313930155
-0.02365592872240916
-0.009139058240282657
0.011671937077176064
0.025101656456041645
0.01954951631694348
0.0031778231956987382
-0.00044931084407265635
0.0030059817138496574
0.01631009923870386
0.018888115927187414
0.023855022088066804
0.017008604509847994
0.006475284784517099
-0.0015706111310781982
-0.004031069417059208
-0.0014601351167216996
-0.004367917576434351
-0.008713224815616167
-0.007418479657879543
-0.0033568673802078885
-0.003203417691256771
-0.011159261666426048
-0.010835442629776282
-0.007218881799243347
-0.002252362311945595
0.0034089573529560535
0.008433047384339774
0.010495440093094818
0.006009714059933386
0.005171068677234511
0.00960606885303737
0.01072652486726957
0.008324630249703674
0.008100314008775927
0.0070876563329650075
0.0025712645259199853
-0.004106045849301529
-0.008830575087844137
-0.010579946877914071
-0.0108670939838677
-0.008684227365334644
-0.0057076391903293
-0.001946317887099462
-0.0038668546625670814
-0.007769855986597175
-0.008600376169227038
-0.004755109489100322
0.002094902497040095
0.008208904172139302
0.009830219628283971
0.007676977015915531
0.002950571607409635
-0.0010743947041781821
-0.001144968974162914
0.0009746728951671938
0.0038152416195355076
0.0035226934347387375
0.002463835304085511
0.0010207029459855014
-0.0016637805320196615
-0.003090215351781391
-0.002709412045697283
-0.0016790868735639607
-0.0016068042434974564
0.0008440387512651245
0.002197505134731572
0.00045313853098139054
-0.0017132453390608544
-0.002262178933694916
-0.002068692776012083
0.0009044460962942878
0.0007639399173370006
0.0020580014601587456
0.001927514987516319
0.0024260906052747354
0.000535162133565613
-0.0005174733350185437
-0.0027388650419039855
-0.003351250744783852
0.0013972853145732163
0.005090636400223606
0.00038280360175169744
-0.0039015964064638806
-0.0009416211059662739
0.0026557996925531606
0.0013495205808545826
0.000394969526475014
0.002645701455825647
0.0035896944317225354
0.0018883906854938056
0.00010930696925009526
-0.00103948737163092
0.001771018849074432
0.003307116871665734
0.0007207094302665385
-0.0020584992226169506
0.0012718644646091588
0.002775619854986953
0.00031449257616653797
-0.0023532888469470275
-0.002124630705135839
-0.0009450438755513441
0.000968802366844629
0.0021000313870044992
0.0007432849818991625
0.00036628823560582097
0.0005178994968072987
-0.0007905151245254666
-0.0011356537046771664
0.0017686984362328992
0.0028409382651856103
0.0019090356718705359
0.00013032908495705386
0.000512855813215767
0.0005937145602089043
0.0010387474107786052
0.000603891865036841
0.0003563379601139032
0.0007566033564944329
0.00041695793973214434
-0.0004649788294453026
-0.0006281528905915363
-0.0007312222366293383
-0.0010660336020701833
-0.0007787578666608161
4.945054384858247e-05
0.00043055031373201555
0.0002086950634799475
0.0003473028617963288
0.0006737419025491248
0.0007600102284140192
0.0004947133827250358
0.0007286369391486106
0.00103165797529317
0.0011677724095912664
0.0010265932900710198
0.0006759660102377331
0.00028256547942483894
1.9388240556342977e-07
-5.874672953720146e-05
-0.00019846080864259052
-0.0001428344713670577
-0.00019959387405713708
-0.0001274317249309475
-0.00012031513834104869
-5.100733640145285e-05
-5.4706497846810835e-05
-2.964313495983696e-05
-3.993844185552723e-05
-2.059543770373387e-05
-1.834340518837101e-05
7.176335235863822e-06
7.597256543561597e-06
2.1472354788867366e-05
1.475176559347655e-05
1.9882061575915086e-05
9.81983984199835e-06
1.1575137975838867e-05
1.6997532752849472e-06
2.296924266277818e-06
-3.6122322916334708e-06
-1.8736497274969566e-06
-4.384881774992071e-06
-2.4103361556588633e-06
-3.860490024577834e-06
-2.602421956697e-06
-3.6065373676770138e-06
-2.572462537298666e-06
-3.182041007664154e-06
-2.208215531979325e-06
-2.5566503947393885e-06
-1.7500016609339384e-06
-1.965291442745194e-06
-1.3936285478822856e-06
-1.6362558110900394e-06
-1.3429019374454538e-06
-1.6234333648666374e-06
-1.5112611310475507e-06
-1.7415813013197789e-06
-1.6850292271629753e-06
-1.841322581092031e-06
-1.7998327152513277e-06
-1.9035999513467255e-06
-1.872457746964287e-06
-1.9457345514828947e-06
-1.923340288014592e-06
-1.978843301860553e-06
-1.9634420543080972e-06
-2.0034158993445733e-06
-1.991775321212412e-06
-2.019179047582772e-06
-2.012000531271445e-06
-2.033608560526e-06
-2.0334655603416064e-06
-2.053730839566832e-06
-2.0601658471091754e-06
-2.0801846936745324e-06
-2.0908157756413222e-06
-2.1103166108727106e-06
-2.123074042212472e-06
-2.1417189485980212e-06
-2.155517863182074e-06
-2.1734607208516512e-06
-2.188001686612347e-06
-2.2055312282837e-06
-2.2206867831049234e-06
-2.2379057772340457e-06
-2.253492207279011e-06
-2.270472261613798e-06
-2.286386598332738e-06
-2.3032707413924076e-06
-2.3195144673116027e-06
-2.3364646729623185e-06
-2.3530635834450643e-06
-2.3701972170053873e-06
-2.387150978936563e-06
-2.40451521348853e-06
-2.421795815154941e-06
-2.43939621535948e-06
-2.4569750663363393e-06
-2.4748130180354128e-06
-2.4926760427649436e-06
-2.5107574297130266e-06
-2.5288990552476895e-06
-2.5472302260941444e-06
-2.5656466214121765e-06
-2.5842328596394765e-06
-2.602921613881117e-06
-2.6217681783156227e-06
-2.640729789513043e-06
-2.659843123385252e-06
-2.679080962630161e-06
-2.6984680696593734e-06
-2.7179866874593923e-06
-2.7376537263428587e-06
-2.757457420836818e-06
-2.7774094125345046e-06
-2.7975020554424877e-06
-2.8177434272485917e-06
-2.838128827658626e-06
-2.8586638931895605e-06
-2.8793459993845904e-06
-2.900179117933555e-06
-2.921162010778404e-06
-2.9422975594667854e-06
-2.963585410138583e-06
-2.9850277766185155e-06
-3.006624863699579e-06
-3.028378498918594e-06
-3.050289239927358e-06
-3.0723586871197063e-06
-3.09458762407682e-06
-3.116977508837033e-06
-3.1395292740099665e-06
-3.162244284084085e-06
-3.185123574962279e-06
-3.208168451518346e-06
-3.231380025062224e-06
-3.254759568100101e-06
-3.2783082475477173e-06
-3.302027322800655e-06
-3.3259180007617916e-06
-3.3499815414757945e-06
-3.374219182084834e-06
-3.3986321910424054e-06
-3.4232218301784778e-06
-3.4479893815638277e-06
-3.472936128952808e-06
-3.4980633702196614e-06
-3.5233724101928123e-06
-3.548864564815817e-06
-3.5745411591063536e-06
-3.6004035269461034e-06
-3.6264530132109913e-06
-3.6526909710231674e-06
-3.6791187650481194e-06
-3.7057377675541944e-06
-3.7325493631916538e-06
-3.759554944525109e-06
-3.7867559159169726e-06
-3.814153690244438e-06
-3.841749692261374e-06
-3.869545355440101e-06
-3.897542124905941e-06
-3.925741455068838e-06
-3.954144812052672e-06
-3.982753671730524e-06
-4.011569521219518e-06
-4.04059385775607e-06
-4.069828189971671e-06
-4.099274037118765e-06
-4.1289329296998e-06
-4.158806408866098e-06
-4.188896027391845e-06
-4.219203348994512e-06
-4.249729948909266e-06
-4.2804774135557434e-06
-4.311447340978069e-06
-4.3426413406842885e-06
-4.374061033910154e-06
-4.405708053488314e-06
-4.437584044221336e-06
-4.469690662833132e-06
-4.502029577972482e-06
-4.534602470208319e-06
-4.5674110323917425e-06
-4.600456969662634e-06
-4.633741999563552e-06
-4.667267851789469e-06
-4.701036268910314e-06
-4.735049005843425e-06
-4.769307830225348e-06
-4.803814522546471e-06
-4.838570876249874e-06
-4.873578697672565e-06
-4.908839806138125e-06
-4.944356034275303e-06
-4.980129227933933e-06
-5.0161612462383065e-06
-5.052453961942763e-06
-5.0890092611486834e-06
-5.125829043685294e-06
-5.162915223102914e-06
-5.200269726850953e-06
-5.237894496295018e-06
-5.275791486870137e-06
-5.313962668282717e-06
-5.352410024186396e-06
-5.391135552720622e-06
-5.430141266521383e-06
-5.4694291927587235e-06
-5.509001373241694e-06
-5.5488598647735355e-06
-5.589006738665253e-06
-5.629444081583731e-06
-5.670173994969899e-06
-5.711198595782221e-06
-5.752520016043174e-06
-5.794140403268377e-06
-5.836061920612575e-06
-5.87828674660602e-06
-5.920817075897363e-06
-5.96365511873519e-06
-6.006803101524542e-06
-6.0502632668327705e-06
-6.094037873322208e-06
-6.138129195868997e-06
-6.182539526168509e-06
-6.2272711721740506e-06
-6.2723264586564235e-06
-6.317707727323835e-06
-6.363417336602024e-06
-6.409457662043001e-06
-6.455831096442797e-06
-6.502540049936221e-06
-6.549586950149299e-06
-6.596974241989263e-06
-6.644704388326407e-06
-6.69277986982365e-06
-6.7412031850024555e-06
-6.789976850496426e-06
-6.839103400995035e-06
-6.888585389823454e-06
-6.938425388743064e-06
-6.988625987854741e-06
-7.039189796097592e-06
-7.090119441515233e-06
-7.141417570986908e-06
-7.193086850523257e-06
-7.245129965355768e-06
-7.29754962034649e-06
-7.350348539855549e-06
-7.403529467833736e-06
-7.457095168151781e-06
-7.5110484246895814e-06
-7.565392041546104e-06
-7.620128843045023e-06
-7.675261673947657e-06
-7.730793399437683e-06
-7.786726905761572e-06
-7.84306509979361e-06
-7.89981090951403e-06
-7.956967284130333e-06
-8.014537194087588e-06
-8.072523631369628e-06
-8.13092960960356e-06
-8.189758164323449e-06
-8.24901235292868e-06
-8.308695254886055e-06
-8.36880997209658e-06
-8.42935962877136e-06
-8.490347371638285e-06
-8.551776370401866e-06
-8.613649817674693e-06
-8.675970929030515e-06
-8.73874294345377e-06
-8.801969123246157e-06
-8.865652754376963e-06
-8.929797146667016e-06
-8.994405633702072e-06
-9.059481573335418e-06
-9.125028347589404e-06
-9.191049363056463e-06
-9.257548050970962e-06
-9.324527867293666e-06
-9.391992293181738e-06
-9.459944834866018e-06
-9.52838902390854e-06
-9.59732841734895e-06
-9.666766598182691e-06
-9.736707175120318e-06
-9.807153783084055e-06
-9.8781100833778e-06
-9.94957976373223e-06
-1.0021566538410617e-05
-1.0094074148696286e-05
-1.0167106362972411e-05
-1.0240666976794877e-05
-1.031475981319585e-05
-1.0389388723001242e-05
-1.0464557584702328e-05
-1.054027030487209e-05
-1.0616530818682163e-05
-1.0693343089257512e-05
-1.0770711108716623e-05
-1.0848638897959645e-05
-1.0927130506960476e-05
-1.100619001489833e-05
-1.1085821531068305e-05
-1.1166029193446767e-05
-1.1246817171053068e-05
-1.1328189662108241e-05
-1.1410150896248839e-05
-1.1492705132877372e-05
-1.1575856662308145e-05
-1.1659609806345195e-05
-1.1743968917350038e-05
-1.1828938379848729e-05
-1.1914522609768146e-05
-1.2000726055031927e-05
-1.2087553195922699e-05
-1.217500854477666e-05
-1.2263096646659196e-05
-1.2351822080015461e-05
-1.2441189455701098e-05
-1.253120341849481e-05
-1.2621868646410972e-05
-1.271318985153285e-05
-1.2805171779896795e-05
-1.2897819211945996e-05
-1.2991136962794579e-05
-1.3085129882386666e-05
-1.3179802855437287e-05
-1.3275160802166596e-05
-1.3371208678756327e-05
-1.346795147685485e-05
-1.3565394224359967e-05
-1.3663541985431491e-05
-1.3762399860992253e-05
-1.3861972988903147e-05
-1.3962266544007555e-05
-1.4063285738698142e-05
-1.4165035823218304e-05
-1.4267522085564577e-05
-1.4370749852192532e-05
-1.4474724487960154e-05
-1.4579451396614325e-05
-1.4684936020960336e-05
-1.4791183843069079e-05
-1.4898200384800935e-05
-1.5005991208047725e-05
-1.5114561914979924e-05
-1.5223918147982962e-05
-1.533406559059078e-05
-1.5445009967210432e-05
-1.555675704385806e-05
-1.5669312628169285e-05
-1.578268256981208e-05
-1.5896872760863198e-05
-1.6011889135907065e-05
-1.612773767250414e-05
-1.6244424391430312e-05
-1.6361955357223346e-05
-1.6480336678097868e-05
-1.6599574506365178e-05
-1.6719675039057746e-05
-1.6840644517988196e-05
-1.696248923016737e-05
-1.7085215507966307e-05
-1.7208829729723624e-05
-1.7333338319814456e-05
-1.7458747749145298e-05
-1.7585064535457356e-05
-1.7712295243525397e-05
-1.7840446485827346e-05
-1.796952492252174e-05
-1.809953726195513e-05
-1.8230490261140326e-05
-1.8362390725952527e-05
-1.8495245511381507e-05
-1.8629061522010618e-05
-1.8763845712494592e-05
-1.8899605087802085e-05
-1.903634670356001e-05
-1.9174077666401796e-05
-1.931280513446567e-05
-1.945253631756305e-05
-1.959327847773939e-05
-1.9735038929532666e-05
-1.987782504061066e-05
-2.0021644231573744e-05
-2.0166503977060886e-05
-2.0312411805616278e-05
-2.0459375300185042e-05
-2.0607402098814058e-05
-2.0756499894611195e-05
-2.090667643638456e-05
-2.105793952913873e-05
-2.121029703415529e-05
-2.1363756869632444e-05
-2.1518327011160222e-05
-2.1674015491949042e-05
-2.183083040325183e-05
-2.198877989528867e-05
-2.214787217654575e-05
-2.2308115515854224e-05
-2.2469518240819295e-05
-2.2632088740181676e-05
-2.2795835462368274e-05
-2.296076691767285e-05
-2.3126891678149335e-05
-2.3294218377312528e-05
-2.3462755711508914e-05
-2.3632512439834916e-05
-2.380349738469482e-05
-2.397571943250367e-05
-2.4149187533974788e-05
-2.4323910704528422e-05
-2.4499898024684438e-05
-2.467715864064605e-05
-2.4855701765240596e-05
-2.503553667734847e-05
-2.5216672723434464e-05
-2.5399119317311408e-05
-2.5582885941019453e-05
-2.576798214506742e-05
-2.5954417549190227e-05
-2.614220184288295e-05
-2.6331344785527158e-05
-2.6521856207147552e-05
-2.6713746008843933e-05
-2.690702416331377e-05
-2.7101700715704072e-05
-2.7297785783537976e-05
-2.7495289557573333e-05
-2.7694222302604367e-05
-2.7894594357295464e-05
-2.8096416135378784e-05
-2.8299698125733947e-05
-2.850445089336431e-05
-2.87106850794098e-05
-2.8918411402183326e-05
-2.9127640657542527e-05
-2.9338383719536894e-05
-2.955065154077306e-05
-2.9764455153104437e-05
-2.9979805668193827e-05
-3.0196714278068353e-05
-3.041519225594185e-05
-3.063525095630879e-05
-3.085690181600873e-05
-3.1080156354496794e-05
-3.130502617477223e-05
-3.153152296356124e-05
-3.175965849218972e-05
-3.198944461723773e-05
-3.2220893281048076e-05
-3.2454016512377414e-05
-3.2688826426936903e-05
-3.292533522816012e-05
-3.31635552078014e-05
-3.340349874643905e-05
-3.364517831436664e-05
-3.38886064719312e-05
-3.413379587048919e-05
-3.4380759252966846e-05
-3.4629509454343725e-05
-3.488005940255855e-05
-3.513242211909283e-05
-3.5386610719587196e-05
-3.5642638414534245e-05
-3.5900518510126496e-05
-3.6160264408821585e-05
-3.642188960996926e-05
-3.668540771056578e-05
-3.695083240608509e-05
-3.72181774909836e-05
-3.748745685968301e-05
-3.775868450693089e-05
-3.803187452887651e-05
-3.830704112359445e-05
-3.858419859189015e-05
-3.8863361338076035e-05
-3.9144543870671985e-05
-3.942776080315184e-05
-3.971302685473711e-05
-4.000035685089833e-05
-4.0289765724728734e-05
-4.058126851740599e-05
-4.087488037866839e-05
-4.117061656794729e-05
-4.146849245520684e-05
-4.176852352127643e-05
-4.207072535928561e-05
-4.237511367514578e-05
-4.268170428842698e-05
-4.29905131329301e-05
-4.3301556257937537e-05
-4.361484982881385e-05
-4.3930410128035016e-05
-4.4248253555643265e-05
-4.456839663054572e-05
-4.4890855990927566e-05
-4.521564839556351e-05
-4.554279072425439e-05
-4.587229997902065e-05
-4.620419328531667e-05
-4.653848789184199e-05
-4.687520117242837e-05
-4.7214350626423904e-05
-4.755595388016552e-05
-4.790002868703357e-05
-4.824659292944583e-05
-4.859566461864497e-05
-4.894726189636674e-05
-4.9301403035726396e-05
-4.9658106441852326e-05
-5.0017390653535906e-05
-5.037927434265539e-05
-5.074377631757816e-05
-5.111091552105246e-05
-5.1480711035254236e-05
-5.18531820772228e-05
-5.2228348006821143e-05
-5.260622831977451e-05
-5.298684265754987e-05
-5.337021079855115e-05
-5.3756352669705605e-05
-5.414528833669731e-05
-5.453703801569542e-05
-5.4931622063994736e-05
-5.532906099096506e-05
-5.572937545023452e-05
-5.613258624812972e-05
-5.653871433940109e-05
-5.6947780831117085e-05
-5.7359806983753723e-05
-5.777481420940419e-05
-5.819282407910593e-05
-5.8613858314259086e-05
-5.9037938800580275e-05
-5.946508757329424e-05
-5.9895326837650824e-05
-6.032867894742379e-05
-6.076516643178866e-05
-6.120481196763162e-05
-6.164763841279156e-05
-6.20936687719658e-05
-6.254292623657492e-05
-6.299543414370334e-05
-6.345121602322525e-05
-6.391029554948541e-05
-6.437269659568786e-05
-6.483844317841866e-05
-6.530755951906098e-05
-6.578006998209573e-05
-6.625599914064986e-05
-6.673537171440324e-05
-6.721821262989109e-05
-6.770454697245336e-05
-6.819440001965744e-05
-6.86877972375743e-05
-6.918476424829987e-05
-6.968532691651084e-05
-7.018951120252976e-05
-7.069734338362556e-05
-7.120884976049484e-05
-7.172405702354133e-05
-7.224299183356247e-05
-7.276568127595554e-05
-7.329215240904174e-05
-7.382243268098877e-05
-7.435654959657222e-05
-7.489453092391528e-05
-7.543640467557394e-05
-7.59821988829264e-05
-7.653194214202538e-05
-7.708566267525772e-05
-7.764338974898641e-05
-7.820515170097711e-05
-7.87709785450701e-05
-7.934089868788389e-05
-7.99149429198886e-05
-8.049313973682829e-05
-8.107552066161745e-05
-8.166211437564451e-05
-8.225295302179494e-05
-8.284806561777267e-05
-8.34474847711714e-05
-8.405124002091246e-05
-8.465936425130783e-05
-8.52718877424019e-05
-8.588884342796267e-05
-8.651026258444397e-05
-8.713617794635176e-05
-8.776662203924956e-05
-8.840162718600312e-05
-8.904122731708423e-05
-8.968545427996422e-05
-9.033434339359361e-05
-9.098792613430658e-05
-9.164623907535337e-05
-9.230931347662628e-05
-9.297718705686392e-05
-9.364989093707448e-05
-9.43274639904048e-05
-9.50099371359975e-05
-9.569735054359356e-05
-9.638973477276466e-05
-9.708713145807017e-05
-9.778957070673928e-05
-9.849709563736382e-05
-9.920973600700302e-05
-9.992753624614957e-05
-0.0001006505260442015
-0.00010137875075017736
-0.00010211224058738434
-0.00010285104090464875
-0.00010359518388007062
-0.00010434471272887042
-0.00010509966466790317
-0.0001058600764910233
-0.00010662599614355605
-0.00010739744690081872
-0.00010817449565706896
-0.00010895714379968111
-0.000109745483686379
-0.00011053949322428714
-0.00011133928314302445
-0.00011214482663042405
-0.0001129562231233631
-0.00011377347954523594
-0.00011459664318866066
-0.00011542579301482874
-0.0001162608885085173
-0.00011710211158929684
-0.00011794930160228352
-0.00011880277774593839
-0.00011966222063466438
-0.00012052812916914766
-0.00012139998742022773
-0.00012227851132422328
-0.00012316296671247907
-0.00012405428418145453
-0.00012495154732152533
-0.00012585583052977513
-0.0001267661323011872
-0.00012768355370810082
-0.0001286071206089642
-0.00012953785584343919
-0.00013047491437492191
-0.00013141914176956313
-0.0001323699197985724
-0.00013332780966511613
-0.00013429252981857936
-0.00013526424131652076
-0.00013624311838681552
-0.00013722880722821242
-0.00013822202099060543
-0.00013922188849886078
-0.00014022959041907297
-0.00014124388542027235
-0.00014226623555287695
-0.00014329519398718427
-0.0001443324101893179
-0.0001453762471890494
-0.0001464285871760015
-0.00014748750479839467
-0.0001485552506673704
-0.00014962945705357064
-0.00015071289129960693
-0.00015180264215408157
-0.000152901977120328
-0.0001540076081820433
-0.00015512300771304517
-0.00015624486442445708
-0.00015737643919969005
-0.0001585148684823919
-0.0001596626354276186
-0.0001608180741167663
-0.0001619818541936395
-0.00016315495620591132
-0.0001643342815977188
-0.00016552610822101617
-0.00016672012821049602
-0.0001679321359906495
-0.00016913979750089563
-0.00017037333594094295
-0.0001715946650689423
-0.00017284781038633373
-0.00017409178741460078
-0.00017535424761024043
-0.00017663736347983683
-0.0001778960297660519
-0.0001792161725522488
-0.00018046060729250807
-0.0001818107045007929
-0.0001830407840922154
-0.00018442509347024088
-0.00018564251611095884
-0.0001870802018788467
-0.0001883011450386499
-0.00018981062333206945
-0.00019103951714102667
-0.0001926142792316257
-0.0001938676499321939
-0.00019548170046445853
-0.00019678389642912978
-0.0001984015991640779
-0.00019974931416910538
-0.00020136622949039318
-0.0002027651070640274
-0.00020437168891180473
-0.00020581101628586586
-0.0002073662534144727
-0.00020884779855523882
-0.00021034521395653415
-0.00021188520495065474
-0.00021331400994310156
-0.00021494352400941203
-0.0002163362629677033
-0.00021804003850111014
-0.00021945607533855813
-0.00022118709601291753
-0.00022267351761269625
-0.0002244490412117629
-0.0002259738420586528
-0.00022783844704874813
-0.00022937132136173488
-0.00023133916030848925
-0.00023287253696265909
-0.00023492773202611053
-0.0002364301651679103
-0.00023856093935358154
-0.00024010354869074928
-0.00024217657203530864
-0.00024378506218668554
-0.000245699646482266
-0.000247418779819826
-0.0002491230213546242
-0.00025108045635166727
-0.00025250989006107795
-0.0002548310290781449
-0.00025581491405454043
-0.000258806611286108
-0.00025899800758794576
-0.0002631031998809566
-0.0002620274667454411
-0.00026780024839861234
-0.0002650146286641321
-0.0002727138520505672
-0.00026859051648163174
-0.000275519418223809
-0.0002818831864040529
-0.0002267190601262757
-0.0002463064753565683
-0.0001840909576682967
-0.00025108142925696353
-0.00021360376314120966
-0.000310228042368306
-0.0002705242975605659
-0.00038325902864198955
-0.0003334274390960155
-0.0004603254764801064
-0.00037076060360945184
-0.0004938354299036003
-0.00039227411769361675
-0.0005109068223701843
-0.00042026227028252403
-0.0004772645882447921
-0.00039818015164821497
-0.0004593243837038162
-0.0003726322612913977
-0.00042191643357551625
-0.0003164581175872788
-0.0003635623714322734
-0.0003135494898083638
-0.0003219859565456737
-0.0003137884206621429
-0.00034144734979913924
-0.0003862046234884096
-0.0003909033673325608
-0.00047199012714618273
-0.0004582801009463014
-0.0005174504848568275
-0.0005499734514973643
-0.0005386127174329023
-0.0005917099098397693
-0.0005871383429018862
-0.0005989586221801322
-0.0006052066051768633
-0.0005795556009873084
-0.0005437529025864769
-0.0005621192231371957
-0.0005048826814124692
-0.0005500982802229393
-0.00047339231403998954
-0.000574520308449161
-0.00043606789867750573
-0.0005690092686481546
-0.00042344665871355686
-0.0005981413001450511
-0.0004313473946576385
-0.0006178515146721963
-0.00046240170202044295
-0.0006274193149048007
-0.000468652388288103
-0.0006207453204618574
-0.000433537041131693
-0.0005338278811895664
-0.0004085560420711981
-0.0004932119827514639
-0.0004472729831407618
-0.0005271568298062315
-0.0005215497871210312
-0.0006153868033557802
-0.000609798213586663
-0.0006550771743779691
-0.0019591086392714992
-0.0018954868605457111
-0.001947506543392395
-0.002033707407803627
-0.0020080553198458325
-0.0020870168168652054
-0.0020328070392274726
-0.0020800444875019057
-0.0019476094543756876
-0.0019446000016903775
-0.0018304629763078698
-0.0019130428532386002
-0.0018558950178070928
-0.0019093947131182912
-0.0018723989544197205
-0.0018851484390198067
-0.001826199994978882
-0.0018326832329259059
-0.0018742163013234453
-0.0018813369895149545
-0.0019385095636285212
-0.0019623466698397082
-0.002025967770182417
-0.0020366246935768556
-0.002075325299955572
-0.002214194363428068
-0.002241751808161326
-0.0023398153773593238
-0.0024391613542420025
-0.0023626523206739794
-0.002203225413288143
-0.0018822818560529134
-0.001996656637615942
-0.0015519994067403084
-0.0019849657316567248
-0.00141039702600952
-0.002266554399680448
-0.0009756197681629494
-0.0022009889389949843
-0.0004408502748384385
-0.002722388438979347
0.0003456633921555232
-0.004308437187541064
0.0025693939684530705
-0.011563971484613123
0.044560737329965544
0.1016742146468042
0.12652046245988974
0.2280911812185707
0.2877165271829414
0.1905863289652675
-0.06519702449533121
-0.13807798363115908
-0.15933928622268048
-0.1256004047086847
-0.10357410844707166
-0.06196724609926346
-0.05032691894343042
-0.06681862845331898
-0.07700939523726721
-0.049755475382036306
0.01647877029638932
0.05093373686323767
0.033653348424655366
0.02402213057458616
0.0509813116997392
0.03184810527252486
0.008706574127705641
0.007945025051150372
0.02974423507860218
0.03808449297050642
0.012210711245417082
-0.00432419486413153
-0.000436699511892549
0.0034437896798567547
-0.011158000422268007
-0.027346763050478045
-2.9004197919951704e-05
0.016683167849190748
0.00951009426614779
-0.020326937676780312
-0.03399906562611786
-0.023128493370033414
-0.019684929478158482
-0.002461751040976493
0.0072386152427913256
0.01745534076418548
-0.0005411961916977879
-0.01593160060257692
-0.013717992958382098
0.00900902727599338
0.025077499354303975
0.018044069109724434
0.012696834080392114
0.0019803547777019507
0.0009401074195837622
-0.005721161959666722
0.00607696608317556
0.016998253483558233
0.016504861981007847
0.0032194169572333916
-0.010187263188781957
-0.008542771462618608
-0.004653503963326497
-0.002952793510793103
-0.0072239693064138095
-0.0038037206081257863
-0.0028194974829272015
-0.0031092113601994707
-0.007559007113508936
-0.004416564290833164
0.0009349121068007841
0.0029406463064108475
0.006341563143231171
0.010134875338989605
0.013264269766175984
0.007052719566242848
0.00043148234486166425
-0.003484534375145306
-0.0026114492071774233
-0.0017260826678945104
-0.0045330528847879244
-0.008357614034103475
-0.012855612340159833
-0.016379130834028165
-0.016140072590395564
-0.008592847579665452
0.001211347946226345
0.005413884147305139
0.001412748840377903
-0.0023556106055330553
0.00037001853167693155
0.008476276997724186
0.013506940855464847
0.011478189940919137
0.005136140416528698
-0.0014333187633879339
-0.0051425157705463544
-0.004930504499703306
0.00024353849779749307
0.0012878259339825049
0.0003826759696971953
-0.004406571594135786
-0.00574830197671415
-0.007917386839296258
-0.003381779284807012
0.0003802082072349838
-0.0002449238045760426
0.00016510841684945834
-0.0015590333231456476
-0.0017689974380303494
-0.0019996282044872577
0.00017452190674845471
0.00046893529789553335
0.0006229408230453625
-0.000648183219806718
0.00395273963366072
0.003803357646095742
0.0006536878752931378
0.0010644281208304015
-0.0025068949336902076
-0.0007105763105089907
-0.007687757378606545
0.005124909694411336
-0.0010634813886038687
-0.0047413380933766965
-0.004992074024357527
-0.0016582537380082324
0.00017276635044389708
0.0032809397765306636
0.0033436582529310387
0.003199790088463666
0.0003075380498239867
-0.0019917987838316224
-0.003485589296027644
-0.0029410816652256774
0.004872144410347742
0.004792201310217955
0.002240259509615253
-0.0005893021328710355
-0.00309584428228416
-0.0013826427800955922
0.0010021801170408402
0.0013779745244044978
0.0013032811014110246
-0.000354802622764011
-0.00042737994797354724
-0.0015414423355665499
-0.0017408192950234898
0.00047455355962623333
0.0005495871532947025
6.357070443788442e-05
-0.00010177718356176447
0.0004294777489528513
7.587842167567976e-05
-0.001481694272264717
-0.0007102611486533392
0.0009858875025103358
0.0013414710837674649
0.00040315731792450076
0.00044827409106653303
0.00037849865416905444
0.0007329636493360537
-0.0006201268247217571
-0.0003563953477548076
-9.506290229236049e-05
0.0011060491228770042
0.0012125157785065732
0.0002653974233012737
-0.000806775140414952
-0.0010810996721659593
-0.0002669362670555472
0.0007952590028362232
0.0010093399543739854
0.0004056853804185979
-7.123426144039938e-05
-0.0005838724598884418
-0.00012031028943760929
0.0004281354473076273
0.001352703101481889
0.001015714681870735
0.0004077842002285953
-0.00020957232285781946
-0.00048809580974003893
-0.0007460696028796368
-8.90992528893299e-05
0.0007425798776432324
0.0010275462523455046
0.0004872400718104921
0.00012761561673012815
0.0002732057206400367
-9.816699047909708e-05
7.480785149537034e-05
-0.00020707366380243972
-5.9578127918486694e-05
-0.00017535691564123988
-2.0247079906525283e-05
-5.180548768657107e-05
3.942988478865955e-05
-2.832080472386098e-05
-8.564272751617266e-06
-5.256593755824379e-05
-8.898154455016724e-06
-3.48794038499882e-05
9.377630632400984e-07
-1.7909076209200823e-05
9.589839732662697e-06
-1.1186769512355147e-05
1.144303019123957e-05
-8.885822643409915e-06
3.4589946803793153e-06
-1.3147047849525802e-05
-5.279511138831525e-06
-1.4145929917359012e-05
-7.2541890011534275e-06
-1.2370307254530675e-05
-7.768262844135248e-06
-1.1445796218952108e-05
-8.394914455424796e-06
-1.1353967669632328e-05
-8.984433429800264e-06
-1.1263553123786211e-05
-9.496472665968545e-06
-1.1088611152922946e-05
-9.60207791841008e-06
-1.0685380554118407e-05
-9.610320114773459e-06
-1.0457526135223915e-05
-9.850062032821529e-06
-1.05057400539553e-05
-1.0177202580226026e-05
-1.06503896771089e-05
-1.0453194288558443e-05
-1.0792866989653167e-05
-1.0672109303039258e-05
-1.0926695913720662e-05
-1.0853612933316094e-05
-1.1063073262052416e-05
-1.1035336133701228e-05
-1.1214446603470627e-05
-1.1220476733135815e-05
-1.1370096900526795e-05
-1.1396246477669814e-05
-1.1521996473730042e-05
-1.1564670271246098e-05
-1.1675830521272251e-05
-1.1733308799131059e-05
-1.183674736826134e-05
-1.1905311981287906e-05
-1.2004957025008533e-05
-1.2080955724806376e-05
-1.2178160154413986e-05
-1.225872721482955e-05
-1.2354253712583343e-05
-1.2438089491063897e-05
-1.2532867407390592e-05
-1.2619679121665054e-05
-1.2714382152731539e-05
-1.280381849218476e-05
-1.2898794539625402e-05
-1.2990422103882577e-05
-1.3085926914959637e-05
-1.3179438904057511e-05
-1.3275725368402155e-05
-1.3370956215138716e-05
-1.346827960901735e-05
-1.356515927151275e-05
-1.3663706274488893e-05
-1.376219011415018e-05
-1.3862052896845226e-05
-1.3962095980608186e-05
-1.4063320794843303e-05
-1.4164899617650877e-05
-1.4267525912327458e-05
-1.4370638613368878e-05
-1.4474706619427465e-05
-1.4579359762733517e-05
-1.4684907011714972e-05
-1.4791109235931391e-05
-1.4898167492816226e-05
-1.5005929331878389e-05
-1.5114526690413604e-05
-1.5223862851958692e-05
-1.5334026796535842e-05
-1.5444956637740957e-05
-1.5556714109359656e-05
-1.5669259408105296e-05
-1.578263616435437e-05
-1.589681936828562e-05
-1.6011840225552837e-05
-1.6127684118745028e-05
-1.624437361748656e-05
-1.6361901492916884e-05
-1.648028440158451e-05
-1.6599520166780154e-05
-1.671962155938415e-05
-1.6840589657268496e-05
-1.696243480908059e-05
-1.7085160119589913e-05
-1.7208774508080068e-05
-1.7333282347476635e-05
-1.7458691741093993e-05
-1.7585007884946035e-05
-1.7712238407517167e-05
-1.7840389073127752e-05
-1.7969467224848712e-05
-1.8099479038500752e-05
-1.8230431690264312e-05
-1.8362331666424642e-05
-1.8495186064657813e-05
-1.862900160861042e-05
-1.8763785385003163e-05
-1.8899544303292877e-05
-1.9036285487937054e-05
-1.9174015997209908e-05
-1.9312743023240436e-05
-1.9452473752240443e-05
-1.9593215462848667e-05
-1.973497545790042e-05
-1.9877761111681207e-05
-2.002157984038868e-05
-2.0166439120770084e-05
-2.0312346481066255e-05
-2.0459309502955398e-05
-2.0607335826538603e-05
-2.0756433142198245e-05
-2.0906609202045153e-05
-2.1057871807278765e-05
-2.1210228822948025e-05
-2.1363688164114823e-05
-2.1518257809451948e-05
-2.1673945788969542e-05
-2.183076019656588e-05
-2.198870917996526e-05
-2.214780095015313e-05
-2.230804377345398e-05
-2.2469445979514526e-05
-2.2632015955423746e-05
-2.2795762151310366e-05
-2.296069307607606e-05
-2.312681730233827e-05
-2.329414346320018e-05
-2.346268025561429e-05
-2.363243643792106e-05
-2.3803420833076912e-05
-2.3975642326991753e-05
-2.4149109870784944e-05
-2.4323832479420377e-05
-2.449981923367253e-05
-2.4677079279636967e-05
-2.4855621830085096e-05
-2.5035456163850257e-05
-2.521659162737384e-05
-2.5399037634414416e-05
-2.5582803667144674e-05
-2.5767899275882302e-05
-2.5954334080429678e-05
-2.6142117770100795e-05
-2.6331260104376286e-05
-2.6521770913227622e-05
-2.6713660097769888e-05
-2.6906937630743815e-05
-2.7101613557055365e-05
-2.729769799427915e-05
-2.7495201133237663e-05
-2.769413323851661e-05
-2.789450464892409e-05
-2.8096325777967154e-05
-2.829960711450065e-05
-2.8504359223479884e-05
-2.8710592746282045e-05
-2.8918318401112804e-05
-2.9127546983789528e-05
-2.9338289368183667e-05
-2.955055650682169e-05
-2.9764359431476575e-05
-2.9979709253923894e-05
-3.0196617166295845e-05
-3.0415094441418877e-05
-3.063515243402655e-05
-3.085680258073934e-05
-3.10800564013447e-05
-3.1304925498453276e-05
-3.15314215588486e-05
-3.175955635384344e-05
-3.198934174003152e-05
-3.222078965955434e-05
-3.245391214093515e-05
-3.268872130024784e-05
-3.29252293408684e-05
-3.316344855440879e-05
-3.340339132135403e-05
-3.36450701120144e-05
-3.3888497486717984e-05
-3.41336860968538e-05
-3.438064868514258e-05
-3.4629398086611415e-05
-3.487994722918753e-05
-3.5132309134137995e-05
-3.5386496917094756e-05
-3.5642523788638936e-05
-3.5900403054914157e-05
-3.61601481183155e-05
-3.6421772478068513e-05
-3.6685289731137796e-05
-3.6950713572992365e-05
-3.721805779818236e-05
-3.748733630085037e-05
-3.7758563075735926e-05
-3.80317522190414e-05
-3.830691792884762e-05
-3.858407450581095e-05
-3.886323635418176e-05
-3.9144417982567466e-05
-3.9427634004286435e-05
-3.97128991384897e-05
-4.000022821069394e-05
-4.028963615396327e-05
-4.0581138009270824e-05
-4.0874748926286644e-05
-4.117048416444474e-05
-4.146835909354745e-05
-4.176838919470443e-05
-4.207059006073265e-05
-4.237497739759122e-05
-4.268156702481006e-05
-4.299037487628249e-05
-4.3301417001070756e-05
-4.3614709564387505e-05
-4.3930268848726885e-05
-4.424811125419443e-05
-4.4568253299463365e-05
-4.489071162270446e-05
-4.521550298277168e-05
-4.554264425946997e-05
-4.587215245475517e-05
-4.620404469357457e-05
-4.653833822498149e-05
-4.6875050422689706e-05
-4.7214198786066884e-05
-4.7555800941144545e-05
-4.789987464153507e-05
-4.824643776934063e-05
-4.859550833591556e-05
-4.894710448289166e-05
-4.930124448337687e-05
-4.965794674250987e-05
-5.001722979854913e-05
-5.037911232386394e-05
-5.0743613126215934e-05
-5.111075114935847e-05
-5.148054547385547e-05
-5.185301531838776e-05
-5.222818004084126e-05
-5.260605913910005e-05
-5.2986672252026273e-05
-5.337003916070643e-05
-5.375617978932434e-05
-5.414511420622631e-05
-5.453686262469476e-05
-5.4931445404547696e-05
-5.5328883052790934e-05
-5.572919622503017e-05
-5.613240572604691e-05
-5.653853251113769e-05
-5.694759768749835e-05
-5.735962251491797e-05
-5.7774628406753736e-05
-5.8192636931469685e-05
-5.861366981367447e-05
-5.9037748934983106e-05
-5.946489633531539e-05
-5.989513421426375e-05
-6.0328484932088526e-05
-6.076497101014408e-05
-6.120461513367472e-05
-6.164744015148759e-05
-6.20934690783784e-05
-6.254272509461506e-05
-6.299523154893534e-05
-6.345101195862632e-05
-6.391009001127852e-05
-6.437248956577869e-05
-6.483823465364429e-05
-6.53073494805927e-05
-6.577985842720819e-05
-6.625578605032475e-05
-6.673515708454161e-05
-6.721799644374225e-05
-6.770432922158665e-05
-6.819418069366223e-05
-6.868757631796406e-05
-6.918454173739054e-05
-6.968510277986274e-05
-7.018928546019196e-05
-7.069711598141955e-05
-7.120862073631013e-05
-7.172382630870277e-05
-7.224275947439432e-05
-7.276544720308275e-05
-7.32919166597562e-05
-7.382219520589688e-05
-7.435631040075114e-05
-7.489429000295637e-05
-7.54361619721649e-05
-7.598195447036793e-05
-7.653169586311677e-05
-7.708541472124876e-05
-7.764313982240329e-05
-7.820490015258595e-05
-7.877072490711524e-05
-7.934064349271404e-05
-7.99146855288354e-05
-8.049288084946611e-05
-8.107525950424438e-05
-8.166185176008558e-05
-8.225268810315529e-05
-8.284779924012942e-05
-8.34472160998953e-05
-8.40509698347737e-05
-8.46590918229459e-05
-8.527161366946034e-05
-8.588856720793264e-05
-8.650998450220743e-05
-8.713589784824921e-05
-8.776633977587711e-05
-8.84013430500312e-05
-8.904094067277782e-05
-8.968516588485007e-05
-9.033405216773982e-05
-9.098763324496759e-05
-9.164594308416069e-05
-9.230901589852257e-05
-9.297688614906237e-05
-9.364958854592327e-05
-9.432715805038176e-05
-9.500962987675152e-05
-9.569703949417405e-05
-9.638942262840504e-05
-9.70868152634643e-05
-9.778925364379936e-05
-9.849677427634183e-05
-9.92094139320842e-05
-9.992720964785906e-05
-0.00010065019872851832
-0.00010137841874890649
-0.00010211190755571103
-0.00010285070326934665
-0.00010359484428612044
-0.000104344369280253
-0.00010509931720567838
-0.00010585972729808767
-0.00010662563907713057
-0.00010739709234837587
-0.0001081741272054293
-0.00010895678403183198
-0.00010974510350349119
-0.00011053912659050305
-0.00011133889455953224
-0.00011214444897554284
-0.0001129558317043886
-0.00011377308491500185
-0.00011459625108124543
-0.00011542537298428902
-0.00011626049371459349
-0.00011710165667468304
-0.00011794890558112211
-0.00011880228446656737
-0.0001196618376824506
-0.00012052760990100496
-0.000121399646118266
-0.00012227799165472585
-0.0001231626921592075
-0.00012405379361069956
-0.00012495134232158936
-0.00012585538493850319
-0.0001267659684458638
-0.00012768314016819234
-0.00012860694777225106
-0.00012953743926958684
-0.00013047466301916572
-0.00013141866772999446
-0.0001323695024634142
-0.00013332721663579975
-0.00013429186002086998
-0.00013526348275248973
-0.00013624213532766613
-0.00013722786860818122
-0.00013822073382397737
-0.00013922078257555922
-0.00014022806683737878
-0.00014124263895925446
-0.00014226455167001053
-0.00014329385807997574
-0.00014433061168375835
-0.00014537486636297028
-0.0001464266763889729
-0.0001474860964259467
-0.0001485531815333986
-0.00014962798716968592
-0.00015071056919378637
-0.0001518009838690876
-0.0001528992878660908
-0.0001540055382652281
-0.00015511979256001328
-0.00015624210865983245
-0.00015737254489338022
-0.0001585111600109195
-0.0001596580131878946
-0.00016081316402792893
-0.00016197667256596807
-0.00016314859927129896
-0.00016432900505076705
-0.00016551795125177538
-0.00016671549966552012
-0.00016792171253049134
-0.00016913665253520086
-0.00017036038282195235
-0.000171592966989817
-0.00017283446909805865
-0.00017408495366934285
-0.00017534448569317445
-0.00017661313062940264
-0.00017789095441122385
-0.0001791780234490748
-0.00018047440463382516
-0.00018178016534046532
-0.0001830953734312472
-0.00018442009725944445
-0.00018575440567296538
-0.00018709836801775181
-0.00018845205414146318
-0.0001898155343971495
-0.00019118887964699588
-0.00019257216126572496
-0.00019396545114461314
-0.00019536882169492805
-0.00019678234585203435
-0.00019820609707877517
-0.00019964014936954633
-0.0002010845772541516
-0.00020253945580171143
-0.00020400486062451808
-0.0002054808678816954
-0.0002069675542834838
-0.00020846499709523982
-0.00020997327414131145
-0.00021149246380902745
-0.0002130226450530613
-0.0002145638973991644
-0.00021611630094839297
-0.00021767993638133567
-0.00021925488496260352
-0.00022084122854461324
-0.00022243904957207827
-0.00022404843108608794
-0.0002256694567284737
-0.00022730221074630932
-0.0002289467779964032
-0.00023060324394935606
-0.00023227169469393003
-0.0002339522169420268
-0.00023564489803291146
-0.00023734982593771176
-0.00023906708926397136
-0.00024079677726059848
-0.00024253897982211932
-0.00024429378749329277
-0.00024606129147393294
-0.0002478415836237747
-0.00024963475646752023
-0.0002514409031989139
-0.0002532601176859216
-0.00025509249447588694
-0.0002569381288001722
-0.00025879711657908857
-0.0002606695544269484
-0.0002625555396572103
-0.0002644551702873614
-0.0002663685450439502
-0.00026829576336776895
-0.00027023692541936384
-0.0002721921320837418
-0.00027416148497593493
-0.00027614508644612125
-0.00027814303958485407
-0.00028015544822902923
-0.00028218241696594914
-0.00028422405114086695
-0.0002862804568598543
-0.00028835174099815536
-0.0002904380112027032
-0.00029253937590069195
-0.0002946559443024148
-0.0002967878264097766
-0.0002989351330191309
-0.00030109797572984507
-0.00030327646694758336
-0.00030547071989219866
-0.00030768084860181356
-0.0003099069679402577
-0.0003121491936023591
-0.0003144076421198205
-0.0003166824308676265
-0.000318973678069728
-0.0003212815028058429
-0.000323606025016787
-0.00032594736551169414
-0.0003283056459731477
-0.00033068098896496794
-0.0003330735179365406
-0.00033548335723204833
-0.00033791063209310905
-0.000340355468670811
-0.0003428179940241933
-0.0003452983361378664
-0.00034779662391394876
-0.0003503129871984755
-0.00035284755676290996
-0.0003554004643416173
-0.0003579718426025796
-0.00036056182519566605
-0.0003631705467138525
-0.0003657981427484824
-0.00036844474984787704
-0.00037111050557042533
-0.0003737955484518216
-0.00037650001804095815
-0.0003792240548957292
-0.00038196780057804145
-0.00038473139770441066
-0.0003875149898718626
-0.00039031872179071103
-0.00039314273912121754
-0.0003959871886940211
-0.0003988522182732639
-0.00040173797682111064
-0.0004046446142645954
-0.0004075722816937449
-0.00041052113126789896
-0.00041349131619810794
-0.00041648299094252994
-0.0004194963108380092
-0.00042253143269133607
-0.0004255885139879327
-0.0004286677139177489
-0.0004317691921502263
-0.0004348931102831855
-0.0004380396302151099
-0.00044120891596783176
-0.0004444011317284222
-0.000447616443940553
-0.00045085501916503
-0.00045411702623861954
-0.00045740263420510763
-0.0004607120142552803
-0.0004640453380137798
-0.0004674027790161719
-0.00047078451152857186
-0.00047419071146763794
-0.0004776215557542935
-0.00048107722275822403
-0.0004845578920495711
-0.00048806374452791616
-0.0004915949624074744
-0.0004951517291912509
-0.0004987342297484666
-0.0005023426502400836
-0.0005059771782274034
-0.0005096380025388207
-0.0005133253135513743
-0.0005170393026462062
-0.0005207801633049386
-0.0005245480891443179
-0.000528343277248218
-0.0005321659229872455
-0.0005360162276221107
-0.0005398943878385676
-0.000543800609465947
-0.0005477350904010295
-0.000551698040968569
-0.0005556896607355664
-0.0005597101638355924
-0.0005637597525784623
-0.0005678386436415534
-0.0005719470436863028
-0.0005760851701429675
-0.0005802532362044572
-0.0005844514575680758
-0.0005886800570108356
-0.0005929392449976285
-0.0005972292579477846
-0.0006015502969934818
-0.0006059026156389809
-0.0006102864044946386
-0.0006147019311979432
-0.0006191493853101428
-0.000623629031534872
-0.0006281410845230594
-0.000632685772945574
-0.0006372633732021778
-0.0006418740425545231
-0.0006465181454963018
-0.000651195753979332
-0.0006559073189365534
-0.0006606528419299113
-0.000665432835464859
-0.0006702472615839371
-0.0006750966683978696
-0.0006799810010125016
-0.0006849008249606241
-0.0006898560832883071
-0.0006948473478035446
-0.0006998745747632176
-0.0007049383150303007
-0.0007100385675776086
-0.0007151758325365668
-0.0007203501794507141
-0.000725562044270945
-0.000730811551746276
-0.0007360991071294523
-0.0007414248515565707
-0.0007467891977894392
-0.0007521922729823234
-0.0007576345086108009
-0.0007631160278304211
-0.0007686372727063527
-0.0007741983776485173
-0.0007797997661921857
-0.0007854416248538475
-0.0007911243064119937
-0.000796848121130634
-0.0008026132407809333
-0.0008084202557892802
-0.0008142689432513541
-0.0008201604499148746
-0.000826093842039853
-0.0008320711277210914
-0.0008380904324071686
-0.0008441547287222437
-0.0008502612636487254
-0.0008564137234387151
-0.0008626089297293548
-0.0008688506181523674
-0.0008751360103831044
-0.0008814679756833886
-0.0008878450948674893
-0.0008942683868360043
-0.0009007387693863907
-0.0009072544459641094
-0.0009138197419517242
-0.0009204287644266964
-0.0009270907925800166
-0.0009337939976374371
-0.0009405546735288511
-0.0009473532727192565
-0.0009542131127149057
-0.0009611123209628716
-0.0009680686690291221
-0.0009750786413808105
-0.0009821230487751073
-0.0009892510531082886
-0.0009963702815337276
-0.0010036167428787374
-0.0010108166966432295
-0.0010181726163817247
-0.0010254652704270895
-0.0010329221486725057
-0.0010403342477887114
-0.00104789690713447
-0.0010554306169342764
-0.0010630997101172559
-0.0010707581291685055
-0.0010785475808032232
-0.0010863216446670952
-0.0010942211209168094
-0.0011021025894813591
-0.0011101169288704517
-0.0011181110980056337
-0.0011262326835115698
-0.0011343151652632277
-0.0011425555545963894
-0.0011507260903554928
-0.001159082264518157
-0.0011673582374725924
-0.0011758240112005373
-0.0011842434129820997
-0.001192814374088649
-0.001201373381504957
-0.001210055952139332
-0.0012187656216664094
-0.001227543296345484
-0.001236408829651938
-0.001245269542668015
-0.0012543190996556265
-0.001263241254245908
-0.0012725096131567608
-0.0012814493122345182
-0.001290966185327197
-0.0012999117887424654
-0.0013096546239470914
-0.00131869924050637
-0.0013285818326344535
-0.0013377798310941155
-0.0013476601114751365
-0.0013571675911751685
-0.001366959427007871
-0.0013768475488571737
-0.0013864805237340022
-0.0013968359855384082
-0.001406286962849871
-0.0014171346397352474
-0.0014263871082096737
-0.0014378089940128929
-0.0014466726311016063
-0.0014588950002709716
-0.0014671080701896717
-0.001480306060990053
-0.0014879039781218076
-0.001501095036555263
-0.0015134272256636244
-0.0014979429099363194
-0.0015045128642503583
-0.0014743446078428497
-0.0015377767724814428
-0.0014985834066983724
-0.0015573937155154705
-0.0015273920117783906
-0.0015985321571928847
-0.0015967905091250833
-0.0016295567290353463
-0.0016355384986618876
-0.0016527432595657872
-0.0016603416608064003
-0.0016776526920143338
-0.0016590148878150145
-0.0016682995469098558
-0.0016398522672663035
-0.0016824799596551546
-0.0016048678268661565
-0.001656524394910498
-0.0016105451729179596
-0.0017031975565697244
-0.0015914435393221931
-0.0017066009132385741
-0.0016543585567412528
-0.0017235567889844804
-0.0017053553938989018
-0.0017170122531717028
-0.0017362070033384277
-0.0017155766436413567
-0.0017225613350353788
-0.001732587304805071
-0.0017437618883138003
-0.0017294868088130963
-0.0017649323907735033
-0.0017304874497201504
-0.0017571000584578832
-0.0017197316691166037
-0.0017723633350767384
-0.0017069453031255974
-0.0018182487443275707
-0.0017203685885320635
-0.0017999512498376763
-0.0017782966925797847
-0.0018249740925648378
-0.0018240511628396378
-0.0018338229594512673
-0.001870552058535313
-0.0018657325909907652
-0.0019309146308675723
-0.0018754838860733994
-0.0019324307398331936
-0.001773003841938986
-0.0017923847193880293
-0.0016544267276368263
-0.001687092686900843
-0.0016023146316246697
-0.0016935836253293493
-0.001656337159143234
-0.0018129700455092115
-0.0017500570878916117
-0.0018590083931253713
-0.0018497489307861166
