6.443995280297526e-05
5.6548847730315485e-05
5.629614845941428e-05
3.8152597308541234e-05
3.188758337393811e-05
1.879046931433551e-05
2.0210366384866725e-05
7.0492752909712185e-06
1.059555108939435e-05
4.147949827971889e-06
-1.5239586154857298e-07
9.583394418558001e-06
-7.829291700729214e-06
-8.422756242308611e-06
-1.470795160082244e-05
-1.533748664059671e-05
-2.3459866948392666e-05
-3.405177892094974e-05
-4.094876770859945e-05
-4.3431014423791396e-05
-4.669030891765681e-05
-4.884733212997595e-05
-5.133837257743302e-05
-4.71465370717873e-05
-5.570077961404346e-05
-5.541131725712113e-05
-6.405846494852139e-05
-5.97718981057469e-05
-7.40241639630555e-05
-8.15187149940146e-05
-8.123392835703377e-05
-9.483314434114261e-05
-9.184878381744763e-05
-0.00010381299430665932
-0.00011477255587180564
-0.00010733747222253575
-0.00011806303326967106
-0.00011416831296024341
-0.00012692439774963845
-0.00012445599909112457
-0.00013606110622789604
-0.0001467860240998511
-0.00015668413418506728
-0.0001531587768887619
-0.00016701045763153083
-0.00015989891663872142
-0.0001721917403239613
-0.00017259138407520403
-0.000170825361653137
-0.00018223420337933635
-0.0001712124593793202
-0.00018433480459403834
-0.0001792593771206088
-0.0001895354496015903
-0.00019269221686123657
-0.0001954715555778837
-0.00020165751950044936
-0.00020399047131301824
-0.00021023515850126742
-0.0002061821440227186
-0.00022522604061531425
-0.0002126739040059039
-0.00023325575499607738
-0.00022818673018106843
-0.00023941966093008588
-0.000245070557912428
-0.0002461442047297386
-0.00026038276076239305
-0.0002607196503934594
-0.00026269040988450394
-0.00027279241252860194
-0.0002707942224885935
-0.00027560390759574435
-0.0002868542253536098
-0.0002826098687313094
-0.0002969848456943395
-0.000293347493200208
-0.0003009272789224318
-0.0002996538700065969
-0.00030528159649342585
-0.0003040140439904287
-0.0003142269947558271
-0.00031875938319867565
-0.0003272743638694928
-0.0003450052918006856
-0.0003571277723497524
-0.0003760258603152353
-0.00039020004898245237
-0.0004032046969787334
-0.00041798460586862257
-0.000430553493691729
-0.00043135896198563824
-0.0004400944045902533
-0.0004401196231119137
-0.0004353732433863433
-0.00045048637540877747
-0.00042929474362252357
-0.00045309771150340065
-0.0004376968077791344
-0.0004550102981228185
-0.00045268851536094134
-0.0004671782663631754
-0.0004725915520775012
-0.00048378980996211917
-0.0005045536104418512
-0.0005036600569374055
-0.0005283776756297952
-0.0005247953302912016
-0.0005475769584370999
-0.0005456569875347849
-0.0005664380467303003
-0.0005788736925121687
-0.0005779448139589128
-0.0006027603293638765
-0.0005927462338521181
-0.0006117506288023028
-0.0006130795533103922
-0.0006300042122019914
-0.0006295185875775422
-0.0006070876919481443
-0.0005641875319950934
-0.0005719579847476597
-0.0006022960358214556
-0.0006488668982513961
-0.0006535091418119704
-0.000695303456944101
-0.0007106710649973754
-0.0007863512725634266
-0.0008195015702612507
-0.0007990866648850167
-0.0007795493934457446
-0.0007426435188900205
-0.0008419045049031684
-0.0005773172688974114
-0.0006312528071347019
-0.0007569861591173284
-0.0007727458446703055
-0.0006388725130840805
-0.0007311305844245471
-0.000607742762332612
-0.0008481311621073102
-0.0005937305782539926
-0.0010195523536107496
-0.00037419671350073097
-0.0013873240892959006
0.0012440191175625644
0.01969108212463584
0.03683351885965932
0.043293439005106044
0.03447321520659873
0.029285903743350862
0.03342417210592627
0.03915161046982435
0.037165268554476605
0.02467532023243693
-0.0068386372288081875
-0.0387770993948243
-0.04977445221928038
-0.038920496299016574
-0.027881598827467338
-0.031310811015469495
-0.03150725154867722
-0.020362432063388003
-0.007498160352407755
-0.0033577389406871157
0.00407600266225412
0.023388044310709247
0.037981028620665526
0.038658731084618966
0.027093591074864337
0.02059259557567894
0.014935572488867586
0.010577786933432823
0.007522245860489881
0.0017228573246990426
-0.0034738321006602926
-0.008683297816847058
-0.013125372249458499
-0.013668873937236916
-0.011559007374367916
-0.0070107405235093805
-0.00691132997798715
-0.010093474353017766
-0.01236204139453872
-0.008049081303864596
-0.002702967977811513
-0.0006798484549301991
-0.0015912087002044324
-0.0014083357439475756
0.002286480154037061
0.007127276106467181
0.00965115193310791
0.007519853538893251
0.004301922382075099
0.0024001849584830764
0.0016875214569330838
0.0009254004262650781
-0.00025413428591041073
-0.0007832741085084333
-0.0020930595791715826
-0.004542507288397947
-0.006326625117936523
-0.006404865549222626
-0.005218484094309776
-0.003938523603591076
-0.0020658379646827916
0.00014588496852842135
0.0014072982045111085
0.0015047541999734717
0.0009962516905641762
0.000579438601291186
0.0015307916135283383
0.0036571671307712864
0.004791844975339205
0.0034520350392960274
0.001070212184270785
-0.0002954797989849372
2.454419599630919e-05
0.0007908063128520765
0.0004661679853242813
-0.00048128223113087
-0.0010482205122088802
-0.0012042666058856366
-0.0012093265101116427
-0.000818357748477651
-0.0005509393899736574
-0.00047672677639032005
-0.00042991248811152826
-0.00023195585868958314
0.0002762014766759512
0.0005508987565301025
0.0003848452198518081
1.5235195762487017e-05
-0.00016477942173805148
3.1512798881242184e-05
0.0005092953138160675
0.000829629381839771
0.0007280543070924598
0.0004034842013272994
0.00027256073704272083
0.00047129563673087695
0.0006994072956421165
0.0007775213797001086
0.0008459813700705658
0.0009110255042361359
0.0009747165176624044
0.0008244901295793468
0.0005276022096011472
0.00023264375789671307
9.702367315387349e-05
0.00012111097477644737
0.00013393164942989495
6.130618200063654e-05
-0.00010943405743910879
-0.00026312540880353655
-0.00025713390571384035
4.5560846521121095e-05
0.00036922531879922003
0.0005091733132299413
0.00034072251604187244
8.848778350680183e-05
-5.30997235863308e-05
-0.00020625225495257823
-0.00024164259089063867
-0.000196768689034315
-0.00013179069096023305
-6.418670954756633e-05
9.86574764584843e-06
1.5484192305955857e-05
4.798154403945918e-06
4.3739583242853844e-05
0.00016457338173597762
0.0004067768921060204
0.0007363260308998102
0.0009739690167637157
0.0011203888267910264
0.0011119950349457075
0.0010194565191127432
0.0007577397890372213
0.0005133565030654508
0.0004589197137466497
0.00042310127781060774
0.00037532239544025496
0.0002765937659062758
0.00011979842544215619
-0.00012592949755927183
-0.00032301256569815235
-0.00039230101585815627
-0.00024340576552488857
1.3902460417602498e-05
0.00024709298545431507
0.0002760222873199554
0.00021673480874338634
0.00015947955288657173
0.00017470511772304154
0.00027054576997337176
0.0004560031228851363
0.0005144479567810752
0.0005208351444659092
0.0004231509835045696
0.00027041755957755975
2.3594418570285682e-06
-0.00015958607118290682
-9.903947087339733e-05
0.00011618864771795408
0.0004087770944572077
0.0006076672129583221
0.0006226429205192189
0.0005183103954540299
0.000308359626814413
9.588630389057318e-05
-5.9370592197090704e-05
-4.71401542591428e-05
-5.81469558282864e-05
-1.994447476567664e-05
-7.030422209623997e-05
-6.4944155312425e-05
-0.00012753315123750195
2.1392577433877638e-06
0.00015824758884343406
0.00046340646537533893
0.00057675595003713
0.0006645868673903717
0.0005725597937055487
0.0004921722730668315
0.00028901560347082333
0.0001371715224368913
2.4047594895134044e-05
-4.4396907328635984e-05
-8.765532687833306e-05
-8.245442217203434e-05
-3.433440332274414e-05
6.97825311300938e-05
0.00011768649612855153
9.595806729290887e-05
7.710283772984562e-05
0.00013106435215610833
0.00020840246466608762
0.00019838823691862087
0.000259761937148053
0.00019143620161213293
8.952490152390816e-05
-8.899239372033778e-05
-0.00011410000376902037
-0.0001447971300338107
-8.530395409483853e-05
-9.003896120782104e-05
-2.9545229842447242e-05
-1.2156031393548199e-06
7.716724794661325e-05
0.00010570111398079213
0.00014267108871760236
0.0002487892619388197
0.00030004033510962116
0.00025858679237636493
0.000176379472680529
8.135137133935468e-05
-2.815240878368229e-06
-6.186255662359984e-05
-1.6391889854130634e-05
3.5764126184929454e-05
2.9199060248838622e-05
3.080177677299619e-05
3.475996438602035e-05
9.95927203600133e-05
7.739040023474627e-05
6.290890961893532e-05
1.6547511359238268e-05
6.618225276191136e-05
0.00011164586265280559
0.00011762540630033376
0.0001493231203792385
0.00018936462129418388
0.0002434040115449382
0.00022415767502281412
0.0001409173579070607
6.0403423970243134e-05
1.9643709053265498e-07
-1.7445831257590288e-05
-2.6435458856513604e-05
-3.1952178236576995e-05
-2.4808474447302812e-05
-2.609902510085425e-05
-1.5181088971274754e-05
-1.5455963130049395e-05
-1.018404347881321e-05
-1.4457644995392356e-05
-1.0912138530753295e-05
-1.1466304693964844e-05
-6.0470291307007185e-06
-4.6054430901783185e-06
2.389799491212864e-07
6.573621584547999e-07
2.5884443555257463e-06
1.1271971481269163e-06
2.5085957823278205e-06
1.9072772208039777e-06
3.3260383060361334e-06
2.143632092208161e-06
2.695591458874499e-06
1.4331355262859518e-06
1.9562485782652914e-06
9.737741097758795e-07
1.3653252339661942e-06
4.650249892917263e-07
8.207355655879406e-07
2.0287344001425345e-07
7.03679123744555e-07
2.497702151407072e-07
6.842659889365332e-07
2.4781090566736164e-07
6.342716309798695e-07
2.735206407217944e-07
6.514324775667296e-07
3.7009112613395345e-07
7.168273521152013e-07
4.649012067810092e-07
7.518677440255129e-07
5.28423957045325e-07
7.794605517526731e-07
5.843990741855693e-07
7.938749054513814e-07
6.158065893292156e-07
7.937281134139801e-07
6.399427165820759e-07
7.967665491758705e-07
6.632436070847306e-07
7.970798150748774e-07
6.789535651918104e-07
7.95458640638375e-07
6.953803462138671e-07
7.9900508665655e-07
7.138828804108743e-07
8.049520516722813e-07
7.322627766283979e-07
8.127386774281356e-07
7.512341270906058e-07
8.227809425016244e-07
7.70764925155207e-07
8.341179331032914e-07
7.900383965299038e-07
8.463558511446513e-07
8.093696105961696e-07
8.595721282076568e-07
8.285566894894545e-07
8.732424885917096e-07
8.473763877651398e-07
8.87368724240248e-07
8.661188201021693e-07
9.020957820936814e-07
8.848339432148317e-07
9.172900046259568e-07
9.035203054360256e-07
9.329889229042497e-07
9.223168316889455e-07
9.492211901399148e-07
9.412567625557056e-07
9.65953381938e-07
9.60373888593091e-07
9.83189780600171e-07
9.797168285536467e-07
1.0009233300035708e-06
9.99299306988389e-07
1.0191283857372135e-06
1.0191375452325735e-06
1.0378000681686547e-06
1.0392564825357592e-06
1.0569310480813016e-06
1.0596688814203353e-06
1.0765105196595612e-06
1.0803893080560444e-06
1.0965365538366165e-06
1.1014356836853252e-06
1.1170078794234825e-06
1.1228216772749878e-06
1.1379233551359622e-06
1.144561935093131e-06
1.159285314377559e-06
1.1666709372561336e-06
1.181096073309018e-06
1.1891614302218443e-06
1.203358603916449e-06
1.2120461661463092e-06
1.2260772276667442e-06
1.2353374882056972e-06
1.249256504053529e-06
1.2590469052350105e-06
1.2729015066073212e-06
1.283185806804978e-06
1.2970180489492824e-06
1.3077653445777418e-06
1.321612328923985e-06
1.3327963775334682e-06
1.3466910127136297e-06
1.3582897158401341e-06
1.3722612768740712e-06
1.3842560875059634e-06
1.3983306617707398e-06
1.4107061460797557e-06
1.4249071055441843e-06
1.4376505677509088e-06
1.451998925440785e-06
1.4651000384085402e-06
1.4796147603097807e-06
1.4930652743685595e-06
1.5077635736073219e-06
1.5215570630259918e-06
1.5364546390342175e-06
1.5505862689214818e-06
1.5656975170012124e-06
1.580163851667777e-06
1.5955020525660116e-06
1.6103008877804367e-06
1.6258783668522876e-06
1.641008580889207e-06
1.656836847877452e-06
1.6722982759590876e-06
1.68838814884255e-06
1.7041814733167841e-06
1.7205431836587006e-06
1.736669837744528e-06
1.753313123650823e-06
1.7697752096879353e-06
1.786709397195432e-06
1.803509615119184e-06
1.8207436882642432e-06
1.8378852734418904e-06
1.8554279360104682e-06
1.8729146064722481e-06
1.8907743361662834e-06
1.9086102463498813e-06
1.9267953416033084e-06
1.9449850426593454e-06
1.963503663848917e-06
1.9820520694063045e-06
2.0009122753115484e-06
2.0198246327617292e-06
2.039034412379371e-06
2.0583162770486992e-06
2.077883577168436e-06
2.0975407913271285e-06
2.1174735417416334e-06
2.137512216265913e-06
2.1578183511816056e-06
2.1782448499250643e-06
2.1989323274373564e-06
2.2197532542419435e-06
2.2408300734232784e-06
2.2620522609886238e-06
2.2835264772049926e-06
2.3051569781282374e-06
2.3270367168028666e-06
2.3490827957868932e-06
2.371376264483229e-06
2.3938453923478673e-06
2.4165608921480333e-06
2.439460740858875e-06
2.462606676197866e-06
2.485945114949214e-06
2.5095300028038576e-06
2.53331509504558e-06
2.5573475733699566e-06
2.5815875748129975e-06
2.6060764102363587e-06
2.630779767263353e-06
2.6557338621984717e-06
2.680909211294186e-06
2.706337610740746e-06
2.731993778206778e-06
2.7579056758910954e-06
2.784051678138615e-06
2.8104564225283073e-06
2.837101466881704e-06
2.8640085668246975e-06
2.891162052665032e-06
2.918581182755352e-06
2.9462527029080598e-06
2.974193708630234e-06
3.0023930512730704e-06
3.0308659541017973e-06
3.059603104764086e-06
3.088618106969987e-06
3.117903250913596e-06
3.147470740363169e-06
3.177314265074264e-06
3.207444819871636e-06
3.237857317940065e-06
3.2685617112083727e-06
3.2995539832724873e-06
3.330843187556733e-06
3.3624262453948347e-06
3.3943114373325965e-06
3.42649650725447e-06
3.458989072125464e-06
3.491787598404556e-06
3.5248991345804246e-06
3.5583227830837585e-06
3.5920651067468325e-06
3.626125768786399e-06
3.6605109183579976e-06
3.695220714365632e-06
3.730260955129379e-06
3.7656322388691433e-06
3.801340067754284e-06
3.837385430371766e-06
3.873773580479115e-06
3.910505854783268e-06
3.947587300229724e-06
3.985019565133554e-06
4.022807525837007e-06
4.060953110618815e-06
4.099461057095852e-06
4.138333546441111e-06
4.177575205221843e-06
4.217188443551281e-06
4.2571778012491165e-06
4.297545897487265e-06
4.338297206713448e-06
4.379434539641784e-06
4.420962323939382e-06
4.462883546873576e-06
4.505202605623005e-06
4.547922651271e-06
4.59104806541433e-06
4.634582152141485e-06
4.678529289809286e-06
4.722892926024326e-06
4.7676774474729325e-06
4.812886437699753e-06
4.858524301431155e-06
4.904594751352462e-06
4.951102219504129e-06
4.998050542390621e-06
5.045444186964462e-06
5.093287108716183e-06
5.1415838169343415e-06
5.190338382483786e-06
5.239555363341966e-06
5.289238942568432e-06
5.339393732743604e-06
5.390024026794579e-06
5.441134496998788e-06
5.492729544290736e-06
5.544813905565028e-06
5.597392088456897e-06
5.650468898891857e-06
5.704048950116596e-06
5.7581371211519385e-06
5.81273813032103e-06
5.867856933669454e-06
5.9234983544316055e-06
5.979667429145918e-06
6.036369085839102e-06
6.093608444911463e-06
6.151390539568081e-06
6.209720577352569e-06
6.268603697203909e-06
6.328045196714316e-06
6.388050321208538e-06
6.448624461285676e-06
6.509772969636243e-06
6.571501332692728e-06
6.633815011555452e-06
6.696719591230832e-06
6.760220642465856e-06
6.824323851448155e-06
6.88903489989845e-06
6.9543595778846e-06
7.020303679607445e-06
7.086873101498983e-06
7.154073751857587e-06
7.2219116360808244e-06
7.290392778225817e-06
7.3595232951339726e-06
7.429309328369112e-06
7.49975710877932e-06
7.57087289737638e-06
7.642663041524007e-06
7.715133923626681e-06
7.788292010002876e-06
7.862143806445024e-06
7.936695900810121e-06
8.011954924486316e-06
8.087927589430985e-06
8.16462065470749e-06
8.242040958840154e-06
8.32019539090612e-06
8.39909091863674e-06
8.47873456343148e-06
8.55913342483628e-06
8.64029465889567e-06
8.72222549961818e-06
8.804933240194384e-06
8.888425251740804e-06
8.972708967114069e-06
9.057791897222958e-06
9.14368161712871e-06
9.23038578035107e-06
9.31791210681421e-06
9.40626839537141e-06
9.495462513466535e-06
9.585502408117927e-06
9.676396097144579e-06
9.768151678633038e-06
9.860777323469037e-06
9.954281283818347e-06
1.0048671886494598e-05
1.0143957540608112e-05
1.0240146731801307e-05
1.0337248029241344e-05
1.0435270080679139e-05
1.0534221618285658e-05
1.0634111454658037e-05
1.0734948488165053e-05
1.0836741699468948e-05
1.0939500156393039e-05
1.1043233010988945e-05
1.1147949503830792e-05
1.1253658961443899e-05
1.1360370800041414e-05
1.1468094523964278e-05
1.1576839728983464e-05
1.1686616100751697e-05
1.1797433417632644e-05
1.1909301549755053e-05
1.2022230461884373e-05
1.2136230212406044e-05
1.2251310955817534e-05
1.2367482942035157e-05
1.2484756519084964e-05
1.2603142132386889e-05
1.2722650327102192e-05
1.2843291747726508e-05
1.296507714020401e-05
1.3088017351930677e-05
1.3212123333554329e-05
1.3337406139226889e-05
1.3463876928290823e-05
1.359154696550937e-05
1.3720427622848668e-05
1.3850530379681009e-05
1.3981866824608986e-05
1.411444865582394e-05
1.4248287682750631e-05
1.4383395826500972e-05
1.4519785121470822e-05
1.465746771594519e-05
1.4796455873637747e-05
1.4936761974351434e-05
1.5078398515467283e-05
1.5221378112680172e-05
1.5365713501416518e-05
1.551141753782313e-05
1.5658503200077707e-05
1.580698358930884e-05
1.59568719308954e-05
1.6108181575535507e-05
1.6260926000691094e-05
1.641511881153362e-05
1.657077374228152e-05
1.672790465727996e-05
1.6886525552455925e-05
1.704665055641588e-05
1.7208293931762815e-05
1.7371470076288706e-05
1.7536193524363584e-05
1.7702478948137092e-05
1.787034115891239e-05
1.8039795108425302e-05
1.821085589022778e-05
1.8383538740960714e-05
1.855785904175767e-05
1.8733832319594185e-05
1.8911474248672623e-05
1.9090800651819578e-05
1.9271827501906284e-05
1.9454570923283388e-05
1.963904719321592e-05
1.982527274327326e-05
2.001326416085347e-05
2.0203038190611463e-05
2.039461173603426e-05
2.0588001860876525e-05
2.0783225790698646e-05
2.0980300914397897e-05
2.11792447857537e-05
2.1380075124972312e-05
2.1582809820340368e-05
2.1787466929770022e-05
2.199406468239378e-05
2.2202621480178764e-05
2.2413155899573406e-05
2.2625686693187523e-05
2.2840232791477113e-05
2.30568133044362e-05
2.3275447523242107e-05
2.3496154921928076e-05
2.3718955159178183e-05
2.394386808019579e-05
2.417091371836004e-05
2.4400112296981498e-05
2.463148423113116e-05
2.4865050129410226e-05
2.5100830795913063e-05
2.5338847231952096e-05
2.5579120638081603e-05
2.5821672415837185e-05
2.6066524169638457e-05
2.6313697708775293e-05
2.656321504937518e-05
2.6815098416316742e-05
2.7069370245251675e-05
2.7326053184516404e-05
2.7585170097390818e-05
2.784674406373759e-05
2.8110798382335232e-05
2.8377356572794975e-05
2.8646442377943694e-05
2.8918079765777652e-05
2.9192292931229066e-05
2.946910629913227e-05
2.974854452532209e-05
3.0030632500212316e-05
3.031539534943163e-05
3.0602858437361115e-05
3.0893047368904023e-05
3.118598799119006e-05
3.148170639777523e-05
3.1780228927508824e-05
3.2081582171631656e-05
3.2385792970727787e-05
3.269288842242614e-05
3.300289587985193e-05
3.3315842955282306e-05
3.3631757524990114e-05
3.395066772527626e-05
3.427260196546891e-05
3.4597588917019434e-05
3.492565753030342e-05
3.525683702498665e-05
3.559115689950399e-05
3.59286469354134e-05
3.6269337186951335e-05
3.661325800985481e-05
3.696044002499165e-05
3.731091417084149e-05
3.7664711650185596e-05
3.8021863988755276e-05
3.8382402990647145e-05
3.8746360771068494e-05
3.911376975448142e-05
3.9484662655862044e-05
3.9859072516194166e-05
4.0237032669775564e-05
4.0618576777549193e-05
4.100373885063775e-05
4.139255313785034e-05
4.178505432771833e-05
4.218127732558418e-05
4.2581257441649085e-05
4.2985030344099625e-05
4.33926318570509e-05
4.380409851885501e-05
4.421946663670038e-05
4.463877357438126e-05
4.5062056350311797e-05
4.5489352830616406e-05
4.592070117213128e-05
4.635613929369659e-05
4.679570688835479e-05
4.72394417792843e-05
4.7687385047685826e-05
4.813957508599878e-05
4.859605313620001e-05
4.90568598628862e-05
4.952203499402827e-05
4.999162269639975e-05
5.046566079106333e-05
5.094419627679086e-05
5.1427267114809595e-05
5.191491974586987e-05
5.2407196709368387e-05
5.290413912819626e-05
5.3405798501797094e-05
5.3912207523367124e-05
5.442342781588e-05
5.493948492047221e-05
5.546044662498896e-05
5.598633778276449e-05
5.651722437672929e-05
5.7053138708683805e-05
5.7594138343580845e-05
5.814026711749916e-05
5.8691573347002726e-05
5.9248109702295885e-05
5.980992154407724e-05
6.037706163928419e-05
6.094958150759471e-05
6.152752568672312e-05
6.211095793646874e-05
6.269991370342655e-05
6.329446102724755e-05
6.389464713305151e-05
6.450050786629134e-05
6.511215713627723e-05
6.572952309600612e-05
6.635287163407307e-05
6.698199705283561e-05
6.761702501506019e-05
6.82579215019873e-05
6.89047434073725e-05
6.955814048137453e-05
7.021691102067904e-05
7.088252210470905e-05
7.155386471449296e-05
7.223171052341687e-05
7.29164375438407e-05
7.360616977936801e-05
7.430469237778257e-05
7.500672956593443e-05
7.571841035769467e-05
7.643440816956781e-05
7.715789596723574e-05
7.788961959632155e-05
7.862329315256461e-05
7.937216434133684e-05
8.011567160252919e-05
8.08817021253818e-05
8.163740821390047e-05
8.241730066848164e-05
8.318994524686603e-05
8.398084625998471e-05
8.477215157876353e-05
8.557409458916283e-05
8.638306352946857e-05
8.719997463816319e-05
8.802239898230216e-05
8.885899584987179e-05
8.96920481844709e-05
9.05509236498555e-05
9.13942070714383e-05
9.227569340635285e-05
9.312953367204922e-05
9.403182527983534e-05
9.489921128801439e-05
9.581936712418969e-05
9.670387490670184e-05
9.763905429983585e-05
9.854760314825399e-05
9.948928280485101e-05
0.00010043389289058908
0.00010136970002544736
0.00010237145553041181
0.00010326944819228704
0.00010436566608007834
0.00010517584345748706
0.000106438046295575
0.00010705632953057
0.00010862869316283761
0.00010887212883944322
0.00011098723715740949
0.00011056651868595891
0.00011348915478375219
0.00011273914803486772
0.00011096590253112223
0.00011024322319902368
0.00010726797831246785
0.0001180511439018517
0.00010259056950677787
0.0001163065371392979
0.0001005895057048235
0.00011704049918223288
0.00010425124755983548
0.00011169350050125785
0.00010984853002361856
0.00011185675869474434
0.00010778776158603109
0.00011561229431047399
9.947652068031342e-05
0.00011449208610587073
9.110247820786466e-05
0.00011169201529044235
8.318567939047123e-05
0.00010803565724844518
8.162126014872508e-05
0.00010243293929342793
8.753824506182458e-05
9.657534507251416e-05
8.820415146691527e-05
9.260241271544044e-05
8.645469293621987e-05
9.467269533207899e-05
8.313997449247591e-05
9.795585113831725e-05
8.018704983036413e-05
0.00010023715864376944
8.35620965036667e-05
0.00010129644383848188
8.305310765430465e-05
9.735024245798936e-05
8.166432664968035e-05
9.805623699937882e-05
7.866848829654453e-05
0.00010015929784640309
7.563201568812171e-05
0.0001016794103321381
7.85518642021661e-05
0.00010213484822599778
8.233814664353688e-05
0.0001034148928257937
8.099313741619758e-05
9.442183888116655e-05
8.054221326823234e-05
8.35432662358441e-05
7.821963260792552e-05
8.020429593350652e-05
6.879170048978129e-05
7.334097635346791e-05
6.687087938029516e-05
5.2449524541684894e-05
6.702351189360106e-05
4.177786239027535e-05
5.9592478032660705e-05
2.199575282941355e-05
-8.97660875442696e-05
-0.00010062331929900248
-5.1350539193356875e-05
-0.00016542182957619768
-0.00010620439227799409
-9.338970488198935e-05
-0.00019743842845462977
-6.368678279360411e-05
-0.00021654431221245727
-6.5212222630241e-05
-0.00015416883635225367
-0.00012814894263268292
-0.00012906698137302007
-0.00020278150867312567
-6.9788140626863605e-06
-0.00028406011353638856
1.308761918594162e-05
-0.0003344954834386578
4.743500494751676e-05
-0.0002719782493123583
1.6716475015133192e-05
-0.00023453406534740295
-1.4890598269725469e-05
-0.00015912783246289312
-5.176369558742124e-05
-7.896541289850235e-05
-7.942632201826606e-05
-1.9436092437015678e-05
-2.6413711758625622e-05
-8.592197370070934e-05
-6.544139385330464e-06
-4.637400997429712e-05
-2.367828853337364e-05
-4.1216792742135546e-05
-2.534574735354821e-05
-4.755813899813491e-05
-3.43762998331177e-05
7.373778717229302e-06
-4.65505768433713e-05
9.620709362708018e-06
-3.545681016783384e-05
-5.650033873251025e-05
-6.757271306494515e-05
-0.00011870808993792346
-0.00013077894021812426
-6.233640435131188e-05
-0.00020959595499250432
-4.617718292536957e-05
-0.0002101366162152859
-5.365444622046026e-05
-0.0001991933840553202
-6.0356784141643615e-05
-0.00019240239308812278
-7.30954183345225e-05
-0.00012983342650787263
-9.331634863545725e-05
-5.067820567799188e-05
-0.00016784073788681512
2.7002962109867514e-05
-0.00018535057083186792
2.036014345643886e-05
-0.0001195954991355031
-5.4890120312260735e-06
-7.573328000076456e-05
-3.844820580275568e-05
-3.669940438522226e-05
-0.0001002899012573817
3.2504678762236235e-05
-0.00012293000697917526
7.843226054814795e-05
-0.0001348070036472553
4.996632078756933e-05
-7.760880845409187e-05
-5.2897410237642785e-05
-5.4622318817719356e-05
-4.9468526945412944e-05
-5.071020280726299e-05
-4.034182590797908e-05
-7.731788286053997e-05
-5.1868294959641346e-05
-8.218857405466689e-05
-7.473196216819896e-05
-8.278904802673097e-05
-7.786684072911713e-05
-8.639120110370111e-05
-7.789001571580111e-05
-9.072829064770262e-05
-6.503266327897087e-05
-5.322709852750908e-05
-0.00017839518220105888
-4.20748997169547e-05
-0.00022024657006570027
-8.523549888495417e-05
-0.0001888221739047464
-4.5178149927181395e-05
-0.00019176038846168997
4.2196446772670496e-06
-0.00012559005975123355
5.486104114821137e-05
-5.6243582409675266e-05
0.00016575438580142168
-5.092933502157858e-05
0.000191172170124738
-7.384896340211519e-05
0.0002078396660274808
-0.00032559400064571364
0.0002116111431524851
-0.0006879683456053102
0.0006486194761193111
-0.0011856330671029488
0.0015138154041910768
-0.0018763296212697402
0.003106447053913826
-0.004098807495522518
0.0062704259729515184
-0.008881654470987382
0.014149825530953189
-0.025850989404638983
0.06518357521440737
0.4066630136101642
0.29900898908329604
0.17491403993559862
0.07126359517482031
0.029335323147396127
-0.016265016070606268
-0.1675230692781843
-0.12689087944898075
-0.17175702629483353
-0.3468189637898594
-0.3277259803523261
-0.12098952689487887
0.12021657018654952
0.15606407365537156
0.054585591330071195
0.024596936624659074
-0.01709646800070323
0.01737365868655489
0.048785669962285824
0.04425018047706943
0.07297879055413768
0.04132355897735274
-0.03659101090525025
-0.0008135237037718389
0.12134015910469574
0.13199071547874636
0.07328825341285801
-0.03323996278336866
-0.0443727730193004
-0.04388708608730199
-0.04828189403768236
-0.06498653583419824
-0.06555225396835634
-0.09200629599655982
-0.11525554930476449
-0.07048610908991856
-0.012073326495850255
0.02238890902458632
0.018766604357701923
0.0009180184119669918
0.0029257548282709553
0.03984860779662745
0.06989533193363737
0.06247427592548482
0.026058323509405002
0.006567579512318399
-0.005318626114557342
-0.0010865686763967869
0.016405217800576764
0.031421599942056413
0.01510250702599247
-0.02895726944243362
-0.05242720500695934
-0.02811448515467277
0.006137950725610352
0.009146824742896797
-0.005179605571886197
-0.021405697938693388
-0.02444826958210517
-0.021985312156600583
-0.0040488343885422915
0.016127310121254148
0.021264247667535856
0.004604509023994792
-0.009973386109528182
-0.0018825949210590116
0.01611687488380433
0.021358995256012647
0.01029028488708365
0.0008374874603158565
-0.002213499242266206
-0.0011264664791950573
0.00030643645097641614
0.0044232101824991585
0.003640734981747517
-0.005185504306602161
-0.012713378337726778
-0.009574135599512631
0.00235196762653016
0.005915877473833852
-0.0014898692669317055
-0.010201602552675083
-0.009765410219339424
-0.0025735446027128793
0.004609616804501185
0.0071309909230442454
0.005440823872011304
-0.0007479389229604683
-0.006286802324989506
-0.0037691859236756433
0.005758944780270915
0.011104422697717838
0.006297521669912326
-0.00346140717913089
-0.007072443285724214
-0.00338968837302073
0.0023759421546980884
0.005105719985923121
0.004587504880776678
0.001107233038079205
-0.0031598929961200754
-0.003912710320594784
0.0006840064118656604
0.005274803156695821
0.004533307158808024
-0.0004239600891098494
-0.0036221218663896734
-0.0023438098426819777
0.0005003758426896448
0.00162261298938073
0.0009390228178218641
-0.0005096648899620538
-0.0014174144372827466
-0.001686948908618059
0.0007239265672968774
0.0024014845254674193
0.0016340981371453537
-0.0016982118193061531
-0.0033505320860284637
-0.0016360158555736963
0.001210032374715776
0.0017765115417633958
0.0003971273759800886
-0.0014857692635111054
-0.0018056867065554868
-0.0009275550240246253
0.0010894431025675348
0.0026695843295037325
0.0024764060015617668
0.0001632400891104581
-0.0013594696821389932
-0.0013549511318737533
0.0009128508270215818
0.0013548236833916501
0.00033947182727113705
-0.0019383689257559
-0.002738416474014877
-0.002576721373446291
-0.0012636412609705076
-0.0002699267974460158
0.0006075518615125078
-0.00019571120927206723
-0.0005798885469153092
-0.0006298085209658021
0.0008289692818624133
0.001682207299325333
0.001424056701544824
0.0005810043446572303
0.0002992302147397507
0.0005684457368411516
0.0007920639080201855
0.0008893044516921139
0.0005553468962997313
0.0004333350485350707
-3.8949651568676545e-05
0.00014660515015815583
0.000400907511376822
0.0006748947628395073
6.830439853725727e-05
-0.0003849054860613904
-0.0006402767082227976
-0.0002818032271390404
0.0008887067483127761
0.0011080509833147148
0.0012024340227965013
0.0007139740827965515
0.0008651520959129281
0.000638206255072573
0.0010621243580794225
0.0014665079897871558
0.0013024781365839923
0.00026083971605944895
-0.00031743419388641697
-0.00025557811384056725
-8.044362565495067e-05
0.00012695715391952477
-9.4429627882119e-05
0.00020878622489946892
-0.0003115541411139285
-0.00014135253337656467
-0.00013015171206167124
0.0003830651648408634
0.00048587963243347477
0.0003235640899859738
9.801923653788392e-05
-6.602467586964457e-05
0.0002201895578358773
0.00018066126204694093
0.00010405637658042602
1.810081813271249e-05
0.00015252983640887807
8.232440182348935e-05
0.00032309123728767395
0.000294781332760995
0.0003828909071421357
9.329963963231812e-05
0.00019691367223621906
-7.73872097227035e-05
0.00027795823768167656
1.538366090773869e-05
0.00010204304921937598
-0.00011756436913620914
-7.079947905143651e-05
-0.00010361786549644542
-0.00015988812758205425
-0.00013342090519309407
-0.00015805155941855118
-0.0001977427032579112
-0.00020692821768181463
-0.00012190835061846785
0.0003357772907208599
0.0005096145671937108
0.0006756392752110755
0.00046223569847814
0.0006190375238594205
0.0004253384725814603
0.0005269292764677254
0.0002563198424992959
0.00034881359305359333
0.0001135803622715351
-9.273383873401129e-05
-0.00026114889803644393
-0.0002626752979293489
-0.000280997236784748
-0.00021621283138251635
-0.00023734532025703218
-0.00020939057517077608
-4.4202300048749486e-05
-4.016047408669787e-05
-2.12379947059062e-05
1.7728301013475705e-05
-1.683896388138175e-05
1.4268325886887144e-05
-7.639371531932213e-06
2.728397516798403e-05
3.865184764459406e-06
2.7484475792462215e-05
7.1554505813853624e-06
2.4405546189565494e-05
6.351698452466959e-06
1.700849378256583e-05
8.316646487750018e-07
1.1788786756929993e-05
-3.8086688402133584e-06
5.247839652651118e-06
-5.706673646912845e-06
4.009112651848917e-06
-6.24248876576446e-06
1.5807925397837413e-06
-6.720387874721914e-06
8.902039297731604e-07
-5.4578487276406296e-06
9.97025521697146e-07
-4.247506152389724e-06
1.0635032223465374e-06
-3.5303122608901748e-06
1.0906690622140836e-06
-2.795128156433263e-06
1.1470185364414326e-06
-2.4166125458758778e-06
1.036299606867793e-06
-2.089848114860825e-06
9.085508962339978e-07
-1.8706281906212194e-06
7.240116354084725e-07
-1.7287465340770636e-06
4.841555659024221e-07
-1.6671726074009297e-06
2.750038778434605e-07
-1.576887082188616e-06
1.07429670976808e-07
-1.5108263706955366e-06
-4.3674285760825216e-08
-1.4464802436959384e-06
-1.6427996447562765e-07
-1.379377626960221e-06
-2.6202965161536973e-07
-1.319444526285199e-06
-3.4921334055894315e-07
-1.2650431179603424e-06
-4.2084030751204926e-07
-1.2167011996591648e-06
-4.865572485121539e-07
-1.178980333849805e-06
-5.46473625351318e-07
-1.1490451838902516e-06
-6.011168265686317e-07
-1.1257750386212129e-06
-6.515265268576542e-07
-1.1093505796408443e-06
-6.989864862229356e-07
-1.0980875551382108e-06
-7.428140864104531e-07
-1.0910179849112425e-06
-7.837783591278791e-07
-1.0876972632930138e-06
-8.220786129365136e-07
-1.0874159349603951e-06
-8.578905350050542e-07
-1.0897514898773955e-06
-8.917088986002374e-07
-1.0945528488744138e-06
-9.238214815586172e-07
-1.101422070896857e-06
-9.544692984479264e-07
-1.110211111609227e-06
-9.839759740844006e-07
-1.120755455454557e-06
-1.012554364527695e-06
-1.132880351665741e-06
-1.0403781891347432e-06
-1.1464459811154197e-06
-1.0676258164879276e-06
-1.1613359619470215e-06
-1.0944256547483055e-06
-1.177425422126989e-06
-1.1208933473789984e-06
-1.1946203029413252e-06
-1.1471354288581856e-06
-1.2128358763997815e-06
-1.1732395546470986e-06
-1.2319952501921305e-06
-1.1992835267718438e-06
-1.2520385168739157e-06
-1.2253409032263185e-06
-1.2729140613622694e-06
-1.2514733856716642e-06
-1.2945774036793312e-06
-1.2777377249723054e-06
-1.3169929695750393e-06
-1.3041849689912274e-06
-1.34013077111129e-06
-1.3308601886891742e-06
-1.363965730010006e-06
-1.3578041207556665e-06
-1.3884779331262696e-06
-1.3850536325542433e-06
-1.4136510712016936e-06
-1.4126417472805396e-06
-1.4394722982955904e-06
-1.440598668311471e-06
-1.4659319542700226e-06
-1.468952054399774e-06
-1.4930229889936102e-06
-1.4977272672949868e-06
-1.520740696878424e-06
-1.5269478772937304e-06
-1.549082544590678e-06
-1.556635863463171e-06
-1.5780478060137498e-06
-1.5868118357378848e-06
-1.607637412806551e-06
-1.6174952854064326e-06
-1.637853764850048e-06
-1.648704739761782e-06
-1.6687005457159042e-06
-1.680457910524329e-06
-1.700182596762811e-06
-1.7127718499128006e-06
-1.732305798207343e-06
-1.7456630529269533e-06
-1.7650769523560788e-06
-1.7791475664771832e-06
-1.7985037051360987e-06
-1.813241082341923e-06
-1.8325944631360368e-06
-1.8479590134538964e-06
-1.8673583275754236e-06
-1.8833165676301983e-06
-1.9028050401303527e-06
-1.919328807908506e-06
-1.9389449312364414e-06
-1.9560107066578533e-06
-1.9757888806372103e-06
-1.9933771942381165e-06
-2.013348282170515e-06
-2.0314432024970258e-06
-2.0516350098940647e-06
-2.070223696153616e-06
-2.0906613948528754e-06
-2.1097337153915333e-06
-2.130440205688499e-06
-2.149988396454359e-06
-2.170984625666165e-06
-2.191003002751361e-06
-2.2123082419107236e-06
-2.2327929494295624e-06
-2.2544250336499475e-06
-2.275373822279095e-06
-2.297349356940497e-06
-2.318761394055186e-06
-2.341095941585524e-06
-2.362971650064541e-06
-2.385679886822119e-06
-2.4080207983212575e-06
-2.4311166502715862e-06
-2.45392528436879e-06
-2.4774220524013523e-06
-2.5007018098181116e-06
-2.524612271358076e-06
-2.54836733970705e-06
-2.5727038416288616e-06
-2.5969391159245655e-06
-2.621713654849206e-06
-2.6464346708545143e-06
-2.6716589639583124e-06
-2.696871836271907e-06
-2.7225573800960764e-06
-2.7482687513382764e-06
-2.7744268794652454e-06
-2.8006438782327003e-06
-2.827285805329224e-06
-2.8540160057325976e-06
-2.8811528704953846e-06
-2.908404261528475e-06
-2.9360471628728235e-06
-2.9638281211072023e-06
-2.9919881516173204e-06
-3.0203074170168185e-06
-3.0489956886440173e-06
-3.0778623438292496e-06
-3.107090016948535e-06
-3.1365134737571573e-06
-3.1662917771084183e-06
-3.196281758346758e-06
-3.2266220097753878e-06
-3.257188540923772e-06
-3.2881021652418694e-06
-3.319255563533975e-06
-3.3507541104427856e-06
-3.382504977468565e-06
-3.414600133242497e-06
-3.446959348086486e-06
-3.4796629521865812e-06
-3.5126416688943592e-06
-3.5459657239916e-06
-3.579575365735061e-06
-3.6135320493214675e-06
-3.6477843070749344e-06
-3.6823859822123205e-06
-3.717292812874081e-06
-3.7525520381724654e-06
-3.7881256652152747e-06
-3.824055203081597e-06
-3.860308114338141e-06
-3.896920939738895e-06
-3.933865890537051e-06
-3.971175199183462e-06
-4.008825212279836e-06
-4.046844428188003e-06
-4.085212795580391e-06
-4.1239555782750174e-06
-4.163055864218383e-06
-4.202536116970386e-06
-4.2423821609397525e-06
-4.282614036251733e-06
-4.323219954646069e-06
-4.364217861266734e-06
-4.405598052767054e-06
-4.447376662796852e-06
-4.489545810694375e-06
-4.5321200660415986e-06
-4.575093140837073e-06
-4.6184782605202055e-06
-4.66227052908123e-06
-4.706482012458585e-06
-4.751109036067172e-06
-4.796162671430511e-06
-4.841640318921722e-06
-4.887552190642897e-06
-4.933896634102647e-06
-4.980683130122914e-06
-5.02791085619142e-06
-5.075588669246325e-06
-5.123716480770084e-06
-5.172302621313598e-06
-5.221347649008508e-06
-5.270859443276429e-06
-5.320839142188634e-06
-5.371294247793557e-06
-5.422226411503373e-06
-5.473642819716354e-06
-5.5255455818145475e-06
-5.5779416243844265e-06
-5.630833467062252e-06
-5.68422782143161e-06
-5.738127578836904e-06
-5.792539279148208e-06
-5.847466148695558e-06
-5.902914589589296e-06
-5.958888131877421e-06
-6.015393075028963e-06
-6.072433228218252e-06
-6.130014812497932e-06
-6.188141893692775e-06
-6.24682064042189e-06
-6.306055356026705e-06
-6.365852176274138e-06
-6.426215625732136e-06
-6.487151829168494e-06
-6.5486655173468446e-06
-6.610762818511258e-06
-6.6734486582493415e-06
-6.736729184377347e-06
-6.80060950747428e-06
-6.8650958079358e-06
-6.930193372614189e-06
-6.995908425808193e-06
-7.062246423928525e-06
-7.129213645513423e-06
-7.1968157104888505e-06
-7.265058962046406e-06
-7.333949179150201e-06
-7.403492777349752e-06
-7.47369569018691e-06
-7.544564413420468e-06
-7.616105033456111e-06
-7.68832413364489e-06
-7.76122794990397e-06
-7.834823159205695e-06
-7.909116145718431e-06
-7.984113686174132e-06
-8.059822312292408e-06
-8.136248905794147e-06
-8.213400145534733e-06
-8.291283023514895e-06
-8.369904364561795e-06
-8.449271276222622e-06
-8.529390730380518e-06
-8.610269954490227e-06
-8.691916067910671e-06
-8.774336421386864e-06
-8.85753828299557e-06
-8.941529132335327e-06
-9.026316386490443e-06
-9.11190765722961e-06
-9.198310512992247e-06
-9.285532701221177e-06
-9.373581942917486e-06
-9.462466125622487e-06
-9.55219312449504e-06
-9.642770971068915e-06
-9.734207696298486e-06
-9.826511478620847e-06
-9.91969050841493e-06
-1.0013753114136714e-05
-1.0108707647147469e-05
-1.0204562590616223e-05
-1.0301326458519392e-05
-1.0399007892442254e-05
-1.0497615571796598e-05
-1.0597158299148983e-05
-1.0697644923028985e-05
-1.079908441085041e-05
-1.0901485782234543e-05
-1.1004858172951326e-05
-1.1109210776107104e-05
-1.1214552900620746e-05
-1.1320893916582026e-05
-1.1428243305982254e-05
-1.1536610622683852e-05
-1.164600552709845e-05
-1.1756437756863664e-05
-1.1867917153178531e-05
-1.198045363906032e-05
-1.209405724724149e-05
-1.2208738087315756e-05
-1.2324506381845065e-05
-1.2441372436477896e-05
-1.2559346665703616e-05
-1.2678439572714507e-05
-1.2798661768462574e-05
-1.2920023959156306e-05
-1.3042536959124301e-05
-1.3166211676041498e-05
-1.3291059129835487e-05
-1.3417090436212281e-05
-1.3544316825302855e-05
-1.3672749626445282e-05
-1.3802400281477493e-05
-1.393328033630738e-05
-1.406540145112501e-05
-1.4198775391960697e-05
-1.4333414040058369e-05
-1.4469329386312957e-05
-1.4606533539230498e-05
-1.4745038718275041e-05
-1.488485726067689e-05
-1.5026001619498821e-05
-1.5168484367960536e-05
-1.5312318196254032e-05
-1.5457515916508487e-05
-1.5604090461156478e-05
-1.575205488657267e-05
-1.5901422371249977e-05
-1.6052206220251177e-05
-1.6204419863405243e-05
-1.635807686008097e-05
-1.6513190895526934e-05
-1.6669775786371367e-05
-1.6827845479288435e-05
-1.6987414054397748e-05
-1.7148495724647996e-05
-1.7311104838214388e-05
-1.7475255878231667e-05
-1.764096346652485e-05
-1.780824236194867e-05
-1.797710746501591e-05
-1.8147573816431912e-05
-1.831965660055359e-05
-1.8493371144870764e-05
-1.866873292198293e-05
-1.8845757551377938e-05
-1.902446080145057e-05
-1.920485858960397e-05
-1.9386966984329124e-05
-1.9570802205836702e-05
-1.9756380629003256e-05
-1.994371878318653e-05
-2.0132833354820335e-05
-2.0323741188896054e-05
-2.051645929000229e-05
-2.071100482363967e-05
-2.0907395118350834e-05
-2.1105647666788306e-05
-2.1305780127624935e-05
-2.1507810327150577e-05
-2.171175626064937e-05
-2.1917636093557263e-05
-2.2125468164006107e-05
-2.233527098377216e-05
-2.2547063240401237e-05
-2.2760863798558485e-05
-2.2976691701907955e-05
-2.3194566174696585e-05
-2.3414506623153182e-05
-2.363653263737854e-05
-2.3860663993910993e-05
-2.4086920656527942e-05
-2.4315322778330553e-05
-2.4545890703784224e-05
-2.4778644968979848e-05
-2.5013606305910994e-05
-2.5250795643237537e-05
-2.54902341076144e-05
-2.5731943026690402e-05
-2.5975943929615997e-05
-2.6222258549682864e-05
-2.647090882623498e-05
-2.6721916907417346e-05
-2.6975305151238633e-05
-2.7231096127216495e-05
-2.7489312618579577e-05
-2.7749977625450952e-05
-2.8013114365089303e-05
-2.8278746275125046e-05
-2.854689701685875e-05
-2.8817590474992244e-05
-2.9090850760984835e-05
-2.936670221272223e-05
-2.964516940150906e-05
-2.9926277131850723e-05
-3.0210050441600302e-05
-3.0496514607141216e-05
-3.0785695144307863e-05
-3.107761781037774e-05
-3.137230860734714e-05
-3.166979378345044e-05
-3.197009983698404e-05
-3.2273253517125134e-05
-3.25792818257842e-05
-3.288821202088524e-05
-3.3200071619114875e-05
-3.3514888398869774e-05
-3.383269040144513e-05
-3.415350593396929e-05
-3.4477363571720136e-05
-3.480429216107272e-05
-3.5134320822257465e-05
-3.546747895125991e-05
-3.580379622304436e-05
-3.614330259441392e-05
-3.6486028305704856e-05
-3.6832003883339494e-05
-3.7181260144008666e-05
-3.7533828196502556e-05
-3.788973944471243e-05
-3.8249025590383266e-05
-3.861171863586623e-05
-3.8977850886476014e-05
-3.9347454953900414e-05
-3.9720563759600234e-05
-4.00972105370354e-05
-4.04774288348316e-05
-4.086125251954141e-05
-4.124871577866802e-05
-4.1639853124520246e-05
-4.203469939561221e-05
-4.243328976246113e-05
-4.283565972724025e-05
-4.324184513113192e-05
-4.365188215137009e-05
-4.40658073124565e-05
-4.448365748195137e-05
-4.490546987907882e-05
-4.53312820760908e-05
-4.576113199805806e-05
-4.619505793704152e-05
-4.66330985361974e-05
-4.7075292822126294e-05
-4.752168017101076e-05
-4.7972300353231836e-05
-4.8427193498924975e-05
-4.88864001279587e-05
-4.9349961147918814e-05
-4.981791783471162e-05
-5.029031189266245e-05
-5.076718537044833e-05
-5.124858077274223e-05
-5.1734540954330704e-05
-5.222510921123449e-05
-5.272032924970565e-05
-5.3220245140536866e-05
-5.372490148455931e-05
-5.423434312694245e-05
-5.474861557604963e-05
-5.5267764495961665e-05
-5.5791836261849016e-05
-5.632087745231513e-05
-5.685493524610588e-05
-5.739405716894113e-05
-5.7938291399071105e-05
-5.848768624663013e-05
-5.904229078057847e-05
-5.9602154431521136e-05
-6.016732687795425e-05
-6.073785869487036e-05
-6.131380036276599e-05
-6.18952034893666e-05
-6.24821194171682e-05
-6.307460121876161e-05
-6.367270038265104e-05
-6.427647202719787e-05
-6.488596807743222e-05
-6.550124420065832e-05
-6.612235476122566e-05
-6.674935401308063e-05
-6.738230034894141e-05
-6.802124602940315e-05
-6.866625321811596e-05
-6.931737319409732e-05
-6.997467125479284e-05
-7.063819807882378e-05
-7.130801954079169e-05
-7.198419221697908e-05
-7.266677241696967e-05
-7.335583356119293e-05
-7.40514146953114e-05
-7.475360699274979e-05
-7.546244199177227e-05
-7.617800822848353e-05
-7.690035824388201e-05
-7.762954465315858e-05
-7.83656768258735e-05
-7.9108733893999e-05
-7.985891671611484e-05
-8.061610726570537e-05
-8.138060164616804e-05
-8.215221083974697e-05
-8.293126596333952e-05
-8.3717596089437e-05
-8.451146329015169e-05
-8.53128172698921e-05
-8.612176363988276e-05
-8.693843086201615e-05
-8.776274961516412e-05
-8.859500711495827e-05
-8.943501258545927e-05
-9.028313693842938e-05
-9.113914851617555e-05
-9.20034498134159e-05
-9.287572496415042e-05
-9.375661133513222e-05
-9.464530760170536e-05
-9.55432647576325e-05
-9.64486265162337e-05
-9.736339252286105e-05
-9.828889334034113e-05
-9.922050065415411e-05
-0.00010016371425123141
-0.00010111470235223824
-0.00010207438386249871
-0.00010304259951100792
-0.00010401959058840837
-0.00010500443779971891
-0.00010599997727365681
-0.00010700702050843447
-0.00010801516482112847
-0.000109049276104764
-0.00011007515538162538
-0.00011112557297734971
-0.00011217868257639568
-0.00011323494112842891
-0.00011432361031126631
-0.0001153804976446347
-0.00011650951868192108
-0.00011756164727606995
-0.00011874806185216652
-0.00011977998236692542
-0.00012101751196362358
-0.00012205848094123777
-0.0001233011993827431
-0.00012439915747329772
-0.0001256040638833336
-0.00012678537167702008
-0.00012795715370244226
-0.00012919937849995477
-0.0001303681289067289
-0.0001316462510734985
-0.0001328505604520436
-0.00013410516087387957
-0.00013540758583712245
-0.00013658544981264974
-0.00013802062604955387
-0.00013913165692689528
-0.00014064878431228021
-0.0001417633458055123
-0.0001432865061658196
-0.00014450097067427066
-0.0001458884047504912
-0.00014738095755230038
-0.00014840214875678354
-0.0001505118349148793
-0.00015072890808959238
-0.00015402717048092207
-0.00015274946476212525
-0.00015816229665390966
-0.0001540290870046361
-0.00016337717493100645
-0.0001541426413124436
-0.0001698361801879128
-0.0001539732001409007
-0.00017030419036238192
-0.00021144236319633737
-0.00016722583732570672
-0.0002188406433380502
-0.0001804216238495644
-0.00021855094071648865
-0.00013325922691732076
-0.00023164733701492186
-6.650422333616347e-05
-0.00029399029581684844
-6.385032156880569e-05
-0.00022999114611287562
-0.00015492411770080868
-0.0001987129711612363
-0.00017909227559044315
-0.0001976903701265314
-0.00018754983462180135
-0.0001960256604094807
-0.00020096827071795022
-0.00013926394936824375
-0.00021132779219881434
-0.0002041531302315732
-8.290718324343117e-05
-0.00024240663153315454
-7.813316700140826e-05
-0.00017394004907007898
-0.00011415443484237396
-9.482066196915179e-05
-0.00014159619532985208
-8.992628808990376e-05
-3.69384694269573e-05
-0.00011180545710890604
-2.723820535054882e-05
-0.00011882310079914041
7.59720054809206e-05
-0.00013879020857414942
7.905148496833925e-05
-0.00012348111951946412
4.652190787949518e-05
-5.297509977017537e-05
1.9367955893553296e-05
-9.098957090193134e-05
1.7135395932931614e-05
-9.975189935513609e-05
4.078978888810624e-06
-9.49336352570154e-05
-2.508380746936143e-06
-0.00010152470951389539
4.4354151238943755e-05
-4.382016755131223e-05
-2.1513130921762982e-05
-7.713950488314776e-06
-9.618093180625275e-05
-3.6893647579391018e-06
-4.975572458479851e-05
-2.0525846369058715e-05
-3.719675709422225e-05
-2.782729954507861e-05
2.971353858971942e-05
-9.281475494990192e-05
2.7693863496479256e-07
-0.00014839704255716264
-1.7761259779170446e-05
