-0.00010174005222426824
-8.535687021773002e-05
-0.0001146725806903209
-0.00014230384271964887
-0.00012952626016081935
-0.00016316961854605445
-0.0001388695471447167
-0.00017566515005042785
-0.00014760542548350334
-0.00018348844458971966
-0.00015996337699799142
-0.00018320566362967956
-0.00017723390625752888
-0.00019543700714035137
-0.00019385626557669714
-0.00020283531303923164
-0.00020001939597567527
-0.0002163816154491614
-0.00020568874714019166
-0.00021175208328003128
-0.00019533052363590521
-0.00019186641126812785
-0.0001853917577420395
-0.00017328529865273386
-0.00016742132121435254
-0.00015439172872461755
-0.00015122378963091938
-0.00015191233291951946
-0.00015387675906722108
-0.00015304669868580853
-0.00017527511075186148
-0.00017483804358425813
-0.00018063674264197078
-0.0002005096506388249
-0.00020105342889100374
-0.0002086175536508911
-0.00020783799165888781
-0.00022144700768473614
-0.000216410780718533
-0.00021735424312802
-0.00021240436951130114
-0.00021031418996081386
-0.00020436156673558816
-0.00020267148561442603
-0.00019537175310217932
-0.00020409431599139433
-0.00019112584372986885
-0.00019803623541567357
-0.00018565498239907165
-0.00019915614921943946
-0.00018249982267576164
-0.0001916636168413765
-0.00017910190995826567
-0.00018279127219398173
-0.00017536348593047706
-0.00016684149455994994
-0.00016688918507944594
-0.00016016171476104357
-0.00015818946415115494
-0.000157346138020689
-0.0001435117910884244
-0.00014856000519486185
-0.00013920972738943975
-0.00013867091979345405
-0.0001440945584568378
-0.00013373202116741457
-0.00014622736700788737
-0.00014165138246459322
-0.00014702407989710732
-0.0001586922226624308
-0.0001505907585323156
-0.0001826940132742721
-0.0001625923600416127
-0.00019134775518255426
-0.00019165048383155828
-0.00020650201094082025
-0.00020761704014230504
-0.00023090024656681208
-0.00022798585377415068
-0.00023725173953289516
-0.00023783419189428833
-0.00022913314236949625
-0.00024683082205734935
-0.00023317300607152906
-0.00024865563256730406
-0.00023216897815819717
-0.00023968444236052992
-0.00022873647451794507
-0.00022112600924657064
-0.0002189946810585411
-0.0002103536762713688
-0.00021794797105749566
-0.00021144307333030452
-0.00023099084214472002
-0.00021822637897554313
-0.00024638628170533405
-0.0002267618284763702
-0.00026627455593014463
-0.00024915931867521506
-0.0002768771286497547
-0.00028012126774535495
-0.0002936157319861213
-0.00029972832731346726
-0.0003088024064890306
-0.0003271390706411394
-0.00032098234038090324
-0.0003305354509953958
-0.00033916059637516033
-0.0003327444429819823
-0.0003597999487701781
-0.00035381462265830505
-0.0003651311399511655
-0.0003725566732961913
-0.00037466570262651057
-0.0003716401704123953
-0.00036751598190723137
-0.0003817157537258258
-0.00037287930479068754
-0.0003878017347837855
-0.0003719947934240959
-0.0003928690200463781
-0.0003704873930984629
-0.00039526591810839194
-0.000372915491590582
-0.00038462985566008195
-0.00039027838988850135
-0.00038459845956077745
-0.0003889577375049012
-0.0003825652537151725
-0.0003949485421349735
-0.00038196237451980716
-0.00039845278072609547
-0.00039319469445954215
-0.00039786974583059674
-0.0003928594807495052
-0.0004036909316597258
-0.0004014756585099796
-0.00041074257004245813
-0.0004125890424981723
-0.0004204273840720255
-0.0004221207667480096
-0.00043214547226826816
-0.0004208404866975382
-0.00044986824971099675
-0.0004241148116716815
-0.000454878815195407
-0.00043164490843204613
-0.0004436216954966723
-0.00042098849489277136
-0.0004386430273292549
-0.00040826916329598687
-0.00043707889044741354
-0.0004221951722397001
-0.0004261014831004323
-0.0004231080387787827
-0.00042719947074709464
-0.000412484831399618
-0.0004233372495266953
-0.00041316151000234764
-0.00041361099254248024
-0.0004004346217632267
-0.0004177658544956091
-0.00040436185712961186
-0.00040499609757276434
-0.0004119807561478482
-0.0004140101040699054
-0.0004220285614522526
-0.00042012050558817013
-0.00041711217440762005
-0.0004094327167183476
-0.00041998680130846393
-0.0004195836679123787
-0.0004176141849329411
-0.0004330957801097213
-0.00041121994306021347
-0.0004369271938128071
-0.0004228607813031234
-0.00040340206602183576
-0.0004261141207895347
-0.0004053292567876155
-0.0004124876974898313
-0.00039674628047143114
-0.0004086429255105039
-0.0003894536303325176
-0.00039604345457794983
-0.0003799395836941962
-0.0003828067911752451
-0.0003695547063770526
-0.00036861480149634734
-0.000364196606283223
-0.00037551395108667974
-0.00036600141266985876
-0.0003779685172436457
-0.00036566735531525776
-0.0003949515915264599
-0.0003699335775383464
-0.00040262985561448643
-0.0003780826690345362
-0.0003993104994659989
-0.0003816441210676056
-0.00039472260823231837
-0.0003895395133773923
-0.00040130267567017007
-0.0003996629668753743
-0.00041036107671302085
-0.00041528956523140086
-0.00040110942442799587
-0.00042193463559067265
-0.0004042285914838768
-0.000414218097113945
-0.00041475668599950163
-0.000410983090753681
-0.0004232955605704596
-0.0004124965802733494
-0.0004222638634019146
-0.000408849052359622
-0.0004375461276587019
-0.0004123886062432371
-0.0004345153924082385
-0.00042383602317568373
-0.00045690942440684465
-0.00045355998616688597
-0.00045825617493051537
-0.00046808272982206897
-0.00046827493448129993
-0.0004870490165607543
-0.0004618664314228701
-0.0005061904940786306
-0.0004931330015405452
-0.0005118081902118453
-0.0004809602024494833
-0.0005075214405353308
-0.0004953098621298148
-0.0005060617628635695
-0.000501423304374601
-0.0005030001834100423
-0.0005227864467868167
-0.0004883958252105548
-0.0004860280260235543
-0.0004677872656516568
-0.0004813994591702912
-0.0004723416277437626
-0.0004976228388014247
-0.0004733840626095307
-0.0004955507223182026
-0.00046552443997578685
-0.0004837594833520904
-0.00044194420151571047
-0.00048561961454309747
-0.0004638175637997642
-0.0004716049420592527
-0.00045622552332225087
-0.00047954583593701585
-0.0004507637304086698
-0.00048183422545138607
-0.0004548920818125378
-0.0005199537888012174
-0.0005002643623488209
-0.0005243875619219168
-0.0005159967904187145
-0.0005441669220505984
-0.0005394384794786589
-0.0005292070372356249
-0.0006351340979709808
-0.0006061227327656111
-0.0007582240002679545
-0.0006399874583292125
-0.000871037652336424
-0.0006088185474931542
-0.0010292679142121532
-0.0005410534675513694
-0.001257096651094058
-0.0004054644535118626
-0.0014822100117812538
8.568669662867024e-05
-0.0017431236530438211
0.0007761590001432874
-0.002334683972775261
0.0019580941956045617
-0.00372386383161141
0.00448777265226712
-0.00912063923230623
0.020143423911124867
0.12512415089000595
0.080422883507349
0.055349612879658235
0.04366480335031078
0.04214998620743128
-0.018219746651214445
-0.04773221177827634
-0.003914305711371843
0.023648071567846568
-0.047701509007491656
-0.09025019316638803
-0.0991092746924985
-0.05664947245039072
-0.05610402703209562
-0.03900070968584582
0.03135193619778554
0.059885010573410516
0.06879597874994825
-0.008779790521841241
-0.06569545304102045
-0.009658685815031405
0.015955228361396206
0.03924602804931024
0.02763899558366402
0.036791018988819243
0.008484179463519202
-0.03455494701214967
-0.021537857763508104
0.014693597102623369
0.02256592512187803
0.003846734744404453
-0.012949577429894296
-0.0030152653637099246
-0.008573801106199517
-0.003062907028501782
-0.00037547960119628597
0.006710282746503695
-0.013289198248387611
-0.008517232539747378
0.010649982888112579
0.016567178079406487
-0.0063354710482928876
-0.02051295112321798
-0.01180089135163667
-0.005131563970332434
-0.008223515880433834
-0.0013315573358112195
0.012187844475219048
0.008727145103273111
-0.004341949681348465
-0.009256366519436482
-0.0027867066034186574
0.005938782598721064
0.005633352893315688
0.012027130745974089
0.014210488238052698
0.00651504653891013
-0.009183117563280867
-0.018743116162278875
-0.011222862417840852
-0.0016806471537655393
0.0036566492552026894
0.004621529096204951
0.0007345214864360883
-0.005669139684978477
-0.008165047966359576
-0.00285741018256987
0.0063200793878744315
0.009821445862237366
0.007273877276727567
0.005607430415357107
0.0064268803030015165
0.004328073982916347
-0.0010295521329191284
-0.002447663902473475
-0.0015939497763217292
-0.0016413548286988637
-0.00334206419143618
-0.002577933520508203
-0.002290641796190258
-0.005990764891111706
-0.008162806460065005
-0.0062248561915421476
-0.0020203961780201423
0.0004438837799757737
0.0008238336053687259
0.0023732019271683765
0.0015357210138949278
-0.0007918247364803283
-0.002263278439607103
-0.0012240202107912056
0.0010547654577228202
0.0019426132170933265
0.002180689958203489
0.0016804836385043522
-0.0010287507743713046
-0.003911601529036499
-0.004743582498512356
-0.0016878686502370757
0.0010717773240089211
0.0017980012988114747
0.0007454867512851858
-0.0007453609212835113
-0.0023352186170660493
-0.0018638935268259454
-0.00073692420623743
0.000461209251036444
0.0020113785688393787
0.0019247722132633741
0.0010686177740104725
0.00113004296426018
0.001242766539735664
0.0006753310715465147
0.0011777867607769333
0.00244234578256023
0.0030531922437937657
0.001252284892810746
0.001217248651937163
0.0008482728437617206
-0.0011129565885973506
-0.0011198266501768746
-0.000998421198204939
-0.000320924120321158
-0.000395067989730448
-0.0021203330319895125
-0.00047428574761658926
-0.0005462616464993005
0.00012102275844543033
-0.0013154051691304112
-0.0020624828961918282
0.0012759026895921488
0.0017273222467611756
0.0005696459583092429
-0.00022119055846021765
-0.00053975641428983
0.00020472661080518352
-0.0005388889553996402
0.0009792884271025884
0.0010839661841288894
0.0009114733751419911
-0.0003301937302460397
0.0013873585693874799
0.0004590941195638753
-0.00035477929859449917
-0.0006196020286654843
-0.0005548281320304769
5.663891307318062e-05
0.0002727745982791384
-0.0003720745814468936
-3.715791702686278e-05
-0.0013530073861298588
-0.0010036248688449888
-0.0006452534626233148
0.00015862890348000748
0.001188157055797062
3.4868490027476345e-05
0.0004874227518156572
0.00023134842626298323
0.0005262060564498331
0.00040350845696564643
-5.1010310379453626e-05
0.0009404553125411752
0.0009458212330359035
0.001517604059400386
0.0014516452204825848
0.0008284481560108508
-0.0003123404215672286
-0.0011734764555694382
0.00034373751771876737
0.001219354627134087
0.0005148451789355902
-0.00016553533186509196
-0.001182406498266533
-9.375110635486062e-05
-0.0008687545418893904
8.670972064366434e-05
-0.0004743678787611472
0.0001567433778788187
-0.00022873877385092678
0.00018875690966743894
-0.00018257378192909298
0.00012739429904635506
-0.00012550217850701016
0.00013898875870579583
-0.00014743424123609295
3.5743917874730296e-05
-8.935634786534999e-05
7.817008586007493e-05
-4.3904055330650996e-05
6.838512792601688e-05
6.923434252041215e-06
5.9813638631653025e-05
-7.13021769829951e-05
2.2588247249176192e-05
-1.7091931600402536e-05
8.715082007974649e-05
-2.06672066240681e-05
3.9933703936509695e-05
-2.683775781859199e-05
2.4476789606486926e-05
-2.043421049125328e-05
6.1540752713566075e-06
-1.5489853016484312e-05
5.627409460835266e-07
-7.374266370247353e-06
-8.709377870117115e-07
-8.352460311937537e-06
-1.6253305469144915e-06
-1.2762867148403793e-06
-3.1857712100812063e-06
-5.508183392139083e-06
-5.813863110144032e-06
-1.8509306873743534e-06
-4.557429450308625e-06
-3.097738254944347e-06
-2.8083581647130344e-06
-9.974282445383321e-07
-3.6258073192829243e-06
-3.98439754601711e-06
-3.952130168592043e-06
-1.5391532140572183e-06
-3.226274868193906e-06
-1.5003700137837414e-06
-3.963281052743039e-06
-1.0803961109321372e-06
-3.934513848251309e-06
-1.2283679038645141e-06
-4.2307892279271235e-06
-1.7357454188825943e-06
-3.970365845334961e-06
-1.9021534270621755e-06
-4.063656373579761e-06
-2.3392627000056484e-06
-3.7184553639254886e-06
-2.3619818723183547e-06
-3.823914051990585e-06
-2.8073245157142295e-06
-3.684057591934152e-06
-2.9150563624213575e-06
-3.7216320603314693e-06
-3.1173693278858917e-06
-3.6101814717269423e-06
-3.1745847101893312e-06
-3.71744793519949e-06
-3.3482226357976243e-06
-3.742018438889893e-06
-3.4010140256376833e-06
-3.7767954795561265e-06
-3.519471823855896e-06
-3.816929663007294e-06
-3.61192773100041e-06
-3.8326222617784e-06
-3.7225312048540325e-06
-3.8933260006366265e-06
-3.824095103004637e-06
-3.9322726015914895e-06
-3.924561308983761e-06
-4.0119838691876175e-06
-4.014838803876176e-06
-4.0659874719178564e-06
-4.103954732763101e-06
-4.1526073121663735e-06
-4.19381808921984e-06
-4.227503700665486e-06
-4.282088380223696e-06
-4.31744160800363e-06
-4.368405907279396e-06
-4.400803422252662e-06
-4.456214973994023e-06
-4.492651127407238e-06
-4.547882475312371e-06
-4.582649558051923e-06
-4.639434218050263e-06
-4.675227361085679e-06
-4.734918068488906e-06
-4.769979536157435e-06
-4.829582909871336e-06
-4.865983711910813e-06
-4.927629715073653e-06
-4.965517958448813e-06
-5.025753487777895e-06
-5.0662751926590474e-06
-5.127286285149728e-06
-5.170096637025943e-06
-5.229558042286629e-06
-5.275053022307471e-06
-5.334829327908295e-06
-5.382779230063731e-06
-5.441808987788791e-06
-5.4921638893347825e-06
-5.551471646039635e-06
-5.603917077092137e-06
-5.663255124018038e-06
-5.717552257183099e-06
-5.777503634739323e-06
-5.833565124571389e-06
-5.894180256840265e-06
-5.951749459042919e-06
-6.013170767128328e-06
-6.072383640584611e-06
-6.1347161631008064e-06
-6.19538265844553e-06
-6.258605713738315e-06
-6.3208785363641886e-06
-6.385136898091578e-06
-6.4488597901284875e-06
-6.5141581033121795e-06
-6.579425458149525e-06
-6.645897955865699e-06
-6.712594664446265e-06
-6.7802623611949026e-06
-6.848438539596726e-06
-6.91740512236182e-06
-6.987012732545452e-06
-7.057312304429371e-06
-7.128375457765698e-06
-7.200077490010379e-06
-7.272593845993627e-06
-7.345729106378101e-06
-7.419717635056412e-06
-7.494333507056451e-06
-7.5698238835986815e-06
-7.645945670449933e-06
-7.722957798893574e-06
-7.800623498466317e-06
-7.879197227963694e-06
-7.958434447833686e-06
-8.038590050176775e-06
-8.119435685381444e-06
-8.20121188355844e-06
-8.283697369232445e-06
-8.367118570262397e-06
-8.451280494690603e-06
-8.536384405294774e-06
-8.622255981474475e-06
-8.709072352378457e-06
-8.796688866866587e-06
-8.88525508835618e-06
-8.97465126913885e-06
-9.06500180092014e-06
-9.15621271313437e-06
-9.248385421857614e-06
-9.341447222439045e-06
-9.435479630392498e-06
-9.530428105301695e-06
-9.626358930882323e-06
-9.723231982756248e-06
-9.821100556355472e-06
-9.919935701234944e-06
-1.0019781698131477e-05
-1.0120618716357788e-05
-1.0222482790762282e-05
-1.032536126925268e-05
-1.0429284408166076e-05
-1.0534245749092602e-05
-1.0640270039344096e-05
-1.074735580122439e-05
-1.0855523882414328e-05
-1.096477701945217e-05
-1.107513259036158e-05
-1.1186596594294309e-05
-1.1299184036826836e-05
-1.141290351287482e-05
-1.1527768214896752e-05
-1.1643788602133014e-05
-1.1760976733001319e-05
-1.1879344444217085e-05
-1.1998903159863672e-05
-1.2119665607286027e-05
-1.2241642914000649e-05
-1.2364848446433287e-05
-1.2489293351044487e-05
-1.2614991386099934e-05
-1.2741953816868727e-05
-1.287019472390893e-05
-1.299972564520514e-05
-1.313056088196856e-05
-1.3262712251323671e-05
-1.3396194271295711e-05
-1.3531019116715836e-05
-1.3667201476769055e-05
-1.3804753881043033e-05
-1.3943691193638876e-05
-1.4084026341906259e-05
-1.4225774346557666e-05
-1.4368948534164254e-05
-1.4513564085636668e-05
-1.4659634745713005e-05
-1.4807175860457038e-05
-1.495620158929907e-05
-1.5106727452330986e-05
-1.5258768025131104e-05
-1.541233902298397e-05
-1.5567455428927937e-05
-1.5724133168821836e-05
-1.5882387625822765e-05
-1.604223496293807e-05
-1.6203690952954148e-05
-1.636677201175647e-05
-1.6531494295904956e-05
-1.6697874498589407e-05
-1.686592915387409e-05
-1.7035675245384227e-05
-1.7207129682932348e-05
-1.7380309757757394e-05
-1.7555232754212107e-05
-1.7731916283948452e-05
-1.791037800685639e-05
-1.8090635868683402e-05
-1.827270790621168e-05
-1.845661241055177e-05
-1.8642367798684008e-05
-1.882999271836871e-05
-1.901950597110887e-05
-1.9210926571697163e-05
-1.94042737105875e-05
-1.9599566779794457e-05
-1.9796825364041745e-05
-1.999606924351304e-05
-2.0197318402311037e-05
-2.040059301775443e-05
-2.0605913480499505e-05
-2.0813300374722225e-05
-2.1022774504348557e-05
-2.1234356869320736e-05
-2.1448068695197834e-05
-2.1663931406616654e-05
-2.188196665786797e-05
-2.2102196307625076e-05
-2.232464244766169e-05
-2.2549327379527096e-05
-2.2776273641357363e-05
-2.3005503986518738e-05
-2.3237041408506135e-05
-2.3470909121512708e-05
-2.3707130583650645e-05
-2.3945729479207117e-05
-2.4186729740039922e-05
-2.443015553067491e-05
-2.4676031266259932e-05
-2.4924381600997716e-05
-2.517523144318981e-05
-2.5428605946431135e-05
-2.568453052219366e-05
-2.5943030833369338e-05
-2.6204132805300552e-05
-2.6467862620226188e-05
-2.6734246727769446e-05
-2.7003311840669442e-05
-2.7275084942483818e-05
-2.7549593286984838e-05
-2.7826864403378195e-05
-2.810692609697251e-05
-2.8389806453595068e-05
-2.8675533841168027e-05
-2.8964136913992543e-05
-2.9255644613571455e-05
-2.9550086174202905e-05
-2.9847491123016767e-05
-3.0147889284737328e-05
-3.0451310784995744e-05
-3.075778605085913e-05
-3.1067345817242104e-05
-3.138002112899191e-05
-3.169584334082598e-05
-3.20148441256482e-05
-3.2337055471622425e-05
-3.2662509694525443e-05
-3.299123943000838e-05
-3.3323277644247903e-05
-3.365865763632625e-05
-3.399741303950453e-05
-3.433957782481012e-05
-3.468518630496756e-05
-3.503427313900076e-05
-3.538687333684565e-05
-3.574302225616173e-05
-3.61027556133927e-05
-3.646610948437336e-05
-3.683312030712364e-05
-3.7203824887578575e-05
-3.757826039916482e-05
-3.795646439287768e-05
-3.833847479692073e-05
-3.872432992065673e-05
-3.911406845942062e-05
-3.950772949557553e-05
-3.990535250910775e-05
-4.0306977373656824e-05
-4.071264436568178e-05
-4.112239416690256e-05
-4.1536267869403854e-05
-4.195430697807309e-05
-4.237655341421864e-05
-4.280304952211314e-05
-4.323383807347146e-05
-4.366896226900066e-05
-4.410846574427388e-05
-4.455239257450719e-05
-4.500078727886906e-05
-4.5453694823850027e-05
-4.5911160628281714e-05
-4.637323056977361e-05
-4.6839950985840494e-05
-4.7311368682509186e-05
-4.778753093265329e-05
-4.8268485491741175e-05
-4.875428058799666e-05
-4.9244964944094834e-05
-4.9740587761941055e-05
-5.024119875161447e-05
-5.0746848109361337e-05
-5.125758655151469e-05
-5.177346528817406e-05
-5.229453606310497e-05
-5.28208511221262e-05
-5.33524632551699e-05
-5.388942576489957e-05
-5.443179250770071e-05
-5.497961786660134e-05
-5.553295678378291e-05
-5.6091864745585335e-05
-5.665639780147794e-05
-5.72266125647633e-05
-5.780256621273905e-05
-5.8384316509080963e-05
-5.8971921780736486e-05
-5.956544096693238e-05
-6.016493356754242e-05
-6.077045971996861e-05
-6.138208012226908e-05
-6.199985613240463e-05
-6.262384967328782e-05
-6.325412334619437e-05
-6.389074032629553e-05
-6.453376448160245e-05
-6.51832602675071e-05
-6.583929284167782e-05
-6.65019279691842e-05
-6.717123212128095e-05
-6.784727240250312e-05
-6.853011662060881e-05
-6.921983325101119e-05
-6.991649145929096e-05
-7.062016112821784e-05
-7.13309127983344e-05
-7.204881780093083e-05
-7.277394806717681e-05
-7.350637641086264e-05
-7.424617619223445e-05
-7.499342171502334e-05
-7.574818774678908e-05
-7.651055004331483e-05
-7.72805848720194e-05
-7.805836956153306e-05
-7.884398206138739e-05
-7.963750090991253e-05
-8.04390060432608e-05
-8.124857674045584e-05
-8.206629538013398e-05
-8.289224173766482e-05
-8.372650121741165e-05
-8.45691538083268e-05
-8.542028822702515e-05
-8.627998358816565e-05
-8.714833390587886e-05
-8.802541618716355e-05
-8.891132992158365e-05
-8.980615000926781e-05
-9.070998156966714e-05
-9.162289861195261e-05
-9.254501059576372e-05
-9.347639031647949e-05
-9.441715287496178e-05
-9.5367370592236e-05
-9.632716143421178e-05
-9.72966010434255e-05
-9.827580631874776e-05
-9.926486010161976e-05
-0.00010026387493539579
-0.00010127294211388985
-0.00010229216943314148
-0.0001033216595353614
-0.00010436151029604443
-0.00010541184055796267
-0.00010647273606443876
-0.00010754433167991324
-0.00010862670265574111
-0.00010971999480293316
-0.00011082427921132716
-0.00011193970800850916
-0.0001130663517342473
-0.00011420436507651971
-0.00011535382100640859
-0.00011651487465224979
-0.00011768760490216221
-0.00011887216203473666
-0.00012006863387473303
-0.00012127716716072703
-0.0001224978555921541
-0.0001237308441403156
-0.00012497623239082463
-0.00012623415873587798
-0.00012750474080168756
-0.00012878808988452746
-0.00013008437351189398
-0.00013139364216293485
-0.0001327161532855705
-0.0001340518419718443
-0.00013540111924227691
-0.00013676374477457435
-0.00013814030992779713
-0.00013953049265886115
-0.000140934675635324
-0.00014235342119675218
-0.00014378657132723983
-0.00014523574161241765
-0.00014669898573148934
-0.0001481786543040631
-0.00014967186577287216
-0.00015118372496434213
-0.00015270717886413574
-0.00015425526845084652
-0.0001558110700335052
-0.00015739554188727445
-0.00015898363591425205
-0.00016060315098852615
-0.00016222602405340154
-0.00016388162758472697
-0.0001655340919458434
-0.000167227469653608
-0.00016891185260703613
-0.0001706401829110337
-0.0001723583641054223
-0.0001741176801427712
-0.00017587138874399438
-0.00017766184855794447
-0.00017944823380102625
-0.00018126735173367757
-0.00018309150078738462
-0.000184933729202525
-0.00018679609800288443
-0.0001886637912802214
-0.00019056630285331868
-0.00019246384856254475
-0.00019440281473319572
-0.00019633599388465118
-0.00019831143088628271
-0.00020028013276683632
-0.00020229002929566343
-0.0002042956530962688
-0.00020634204484096117
-0.00020839081057218595
-0.0002104752997882261
-0.00021256796192208337
-0.0002146949372310647
-0.00021683344250140112
-0.00021900986802752555
-0.00022119021050397955
-0.0002234204444831727
-0.0002256493274015126
-0.0002279290224966356
-0.00023021108783710821
-0.00023254246194501807
-0.00023488578548673203
-0.00023725647440303428
-0.00023969730309413457
-0.00024208092843400544
-0.0002446496648663047
-0.0002470084027038726
-0.0002497217941231476
-0.0002520124638660192
-0.0002549059356928681
-0.0002571113925107826
-0.0002601393683496733
-0.00026243764729841357
-0.00026497678260468396
-0.00026947532502006325
-0.00026259028373591106
-0.000266725295720306
-0.00024935475685520115
-0.0002566541701150625
-0.0002436850783383085
-0.0002474838330786656
-0.00023954121953082284
-0.00023893394945607218
-0.00020521844829441864
-0.00022794958823357575
-0.0001878694641889933
-0.00022251364740007875
-0.00018789825734150345
-0.00022025661820653954
-0.00020529996947146983
-0.0002427400393041142
-0.0002292939652461317
-0.0002601857016695854
-0.000254168815141751
-0.00026899362282888485
-0.000264594481608038
-0.00027187842313017904
-0.00028082509594180854
-0.0002718026664328136
-0.0002771923075151799
-0.000267301271042276
-0.0002781978115543455
-0.0002646190956020761
-0.00026871875701518777
-0.00027029070836635994
-0.0002640449017471934
-0.0002659483672039221
-0.00026029206103429163
-0.00026075999651259147
-0.0002527695832671734
-0.0002633751525533744
-0.0002527280084863963
-0.0002485807739782812
-0.00024722890190909705
-0.0002416774962591176
-0.00024378669094396455
-0.0002259043438568915
-0.00024313578674271504
-0.0001936847503391098
-0.00023730447726956792
-0.00019307221708242612
-0.00022947616951559692
-0.000216712423293511
-0.00022822909294542332
-0.0002185797869401928
-0.00022822312972370666
-0.00020642139562791181
-0.00021938151300544145
-0.0002040637521792041
-0.00020354197725841477
-0.00019128225338015776
-0.00018748883166545756
-0.00017562713453634038
-0.00017079090089777758
-0.00015944601262036248
-0.0001535450491474596
-0.00014869968444219885
-0.0001563945557408951
-8.653539844034696e-05
-5.8604274602656826e-05
-0.00010540892118423693
-0.00012145672299547592
-0.0001316577788155847
-0.00013204656234803408
-0.00013729229903063116
-0.00013218100237021442
-0.00013401671516077233
-0.00012778139275870353
-0.0001291753766618265
-0.00012548722309614244
-0.0001272204555592946
-0.00012474488976720174
-0.00012391664141423955
-0.00012339281458450768
-0.00011768278574759774
-0.00012009925740303243
-0.00011443749784688611
-0.00011877030877167503
-0.00011175271700033224
-0.00011583712719873724
-0.00010960732257588328
-0.00011126171694162235
-0.00011053080892376693
-0.00011113541917325908
-0.00010902023291002743
-0.00011426169273915401
-0.0001124164830051683
-0.00011941855219586115
-0.00011937569188840853
-0.00012503640070032278
-0.0001292916250379531
-0.00013428327930904897
-0.00013678456283179884
-0.00014140474749263954
-0.00014785070252445358
-0.0001506829456740562
-0.0001556864748169603
-0.00016249269689215683
-0.00016477944403829126
-0.00017067498220767042
-0.00017446927221775218
-0.00017880580475013893
-0.0001826541528492144
-0.00018699110763651237
-0.00018614189540979093
-0.00018933683617171246
-0.00019075107537274962
-0.00019130881306777674
-0.00018684579513578422
-0.0001869865311616754
-0.0001853625220153929
-0.00018890959776080547
-0.0001906002912999197
-0.00019409145015959476
-0.00019746002176609874
-0.0002031494814899209
-0.0002107517565902215
-0.00021827797294603446
-0.00022703736073716375
-0.00023375220356747738
-0.00024184161805995442
-0.0002490251694439198
-0.00025332337341336264
-0.0002571685628074884
-0.000259159970509522
-0.00025994240131714226
-0.0002600879060039123
-0.00026025887657906517
-0.0002605357687001681
-0.00026047356022929015
-0.0002626434321880019
-0.00026411447311652835
-0.00026435548300106154
-0.0002716641362808091
-0.0002724068703556096
-0.00028012545259860046
-0.0002788742444245694
-0.0002849951889056921
-0.0002828316143227742
-0.00028630297670027344
-0.0002865184970209801
-0.00028607957470765333
-0.00028476620855314957
-0.00028143305286982087
-0.00027794777285445444
-0.00027780950748431066
-0.00027225123395139216
-0.00027918747371069043
-0.0002736552957790604
-0.0002770309329503337
-0.00027815951899078377
-0.00028060782794470785
-0.00028436730188802423
-0.00028696752437199304
-0.00029038566265083356
-0.000293457857931498
-0.00029660297244800513
-0.0002980113259906782
-0.0003002538834016343
-0.00030680525313649685
-0.00030783328227816794
-0.00030812329220287777
-0.00031272682643632247
-0.0003075623985995812
-0.0003123068155121339
-0.00030656098052328495
-0.0003064782063540127
-0.0003039796875100606
-0.00030115025012116247
-0.00029875451023522986
-0.00029579634199132943
-0.00029429272197391824
-0.00029454838750485725
-0.00029214283122131987
-0.00029537854089694074
-0.00029359637486222614
-0.00029936820363117865
-0.00029919114948876113
-0.0003055366438564429
-0.0003055321018921636
-0.00031210269677131586
-0.00031214106611291727
-0.00032146658655099583
-0.00032253130634668135
-0.0003295909203188117
-0.0003306542842761112
-0.0003363787205135178
-0.0003413204187186458
-0.00034339946672307825
-0.00034813643033370983
-0.00034560990305297266
-0.0003528586637009466
-0.0003514966854678062
-0.00035865671867523353
-0.00035836316235544316
-0.0003651944553879345
-0.0003667293570492767
-0.00037088918318905204
-0.0003724242341602576
-0.00037685527713490687
-0.0003788997620339001
-0.00038261799261413203
-0.0003877274573420169
-0.00039251591753653716
-0.0003963247003490292
-0.00040073780811218093
-0.0004065378500548656
-0.00040955825193516015
-0.0004142246838180472
-0.00042045050790180135
-0.00042560934082514157
-0.0004310536628646059
-0.0004373908355987553
-0.00043975718896337607
-0.00044732120705646484
-0.0004522770317876183
-0.0004591429864225934
-0.000463378906542048
-0.00046454984671479124
-0.0004698473692154674
-0.000472300135391972
-0.00047632109823415603
-0.0004742586785980985
-0.00048325869250856473
-0.00047626726735570414
-0.0004874727299049339
-0.0004854318602055009
-0.0004886792158230822
-0.0004898616470747159
-0.0004920184290319487
-0.0004905000436704802
-0.0004939888725160768
-0.0004936906742894439
-0.000497599717040915
-0.0004929152462499577
-0.0004982435203527592
-0.0004932254441393369
-0.0004960341405756792
-0.0004947687701964021
-0.0004947249981933638
-0.0004962489066022511
-0.00049459179451066
-0.0004978366941728958
-0.0004949531831360818
-0.0004995750622906021
-0.0004985285415833493
-0.0005022587709373425
-0.0005029414355349664
-0.0005073482326596317
-0.0005084571399908785
-0.0005100967269550503
-0.0005179217305717814
-0.0005151938623963338
-0.0005222751637788039
-0.0005203859082813611
-0.0005250196931565961
-0.0005208638419797761
-0.0005251175249354986
-0.0005192778123732891
-0.0005212812447233208
-0.000517121040017397
-0.000519159997968318
-0.000511568460414999
-0.0005161630280536354
-0.0005077676868755152
-0.0005106191166424446
-0.0005021345452604491
-0.0005031369576183149
-0.0004946558189659846
-0.0004997594643774934
-0.0004937318236266973
-0.0004949466351495842
-0.0004919823458537419
-0.0004927109831375687
-0.0004898917766410636
-0.0004942051459541476
-0.0004929738738067436
-0.0004965665031181111
-0.0004996070448150497
-0.000501576940114928
-0.0005045207654303023
-0.0005063692793538816
-0.0005094722544328003
-0.0005079338266312361
-0.0005091667360635709
-0.0005087850512399696
-0.0005083143373214721
-0.0005084054457281779
-0.0005100661724369136
-0.0005104814129288742
-0.0005130773289371863
-0.0005113260604201305
-0.0005159333904545593
-0.0005109195798587834
-0.0005148071561888862
-0.0005140124310920441
-0.0005132271633518774
-0.0005170816184630385
-0.0005101054958046678
-0.0005145114503503391
-0.0005085665168543283
-0.0005154507943864882
-0.0005110349744556187
-0.0005137736898502675
-0.0005132972986080385
-0.000514103090786544
-0.0005156863708594027
-0.0005155433156522004
-0.0005205314885833659
-0.0005191338683437074
-0.0005251229304259145
-0.0005277877207461823
-0.0005275418026490547
-0.0005283504427796922
-0.0005294036097473725
-0.0005276506107409881
-0.0005329274276553418
-0.0005277086733371803
-0.0005289025488866969
-0.0005314639616672591
-0.0005216885291873755
-0.0005339311462321993
-0.000530131600815335
-0.0005281260604813706
-0.0005307568716583975
-0.0005270724073796111
-0.0005299537710365819
-0.0005286957371669928
-0.0005298786060627405
-0.000521825719907891
-0.000527169023341863
-0.0005174326371492854
-0.0005182569803118375
-0.0005243989954380947
-0.0005111264014312732
-0.0005084868056017316
-0.0005080453285102165
-0.0005196827901173676
-0.0005257562798440685
-0.0005247340686116824
-0.0005493715644841767
-0.0005490201385304994
-0.0005320501142944046
-0.0005331422654223075
-0.0005617589087858767
-0.000598909190980145
-0.0006231577304452183
-0.0006393405193508279
-0.0006296575923753545
-0.0006331042452503034
-0.0006544867401639546
-0.0006533934778644413
-0.0006578275272096478
-0.0006882007406225565
-0.0007245257344535439
-0.0006926350723863827
-0.0006774516125852726
-0.000690206441214459
-0.0006945273266763296
-0.0006791360728008789
-0.0006531904845771624
-0.000691335503515725
-0.0007482894243430469
-0.0005346571549550811
0.0034134906658875564
0.00735638894028781
0.008818445456624321
0.008312041455480562
0.007410542308359785
0.007378341338234907
0.0068042573143641365
0.00766173624795255
0.009728926178354762
0.007900551445103456
0.004516594540791753
0.0010098655527706539
-0.0020833999905827526
-0.0019260377824889424
-0.00112823538879295
-0.0034871928647591966
-0.007563671339630704
-0.008048985600846718
-0.005063706407997928
-0.0018064572735063812
0.0001329229076000111
0.0010516548555102234
-0.00010328438670551105
-0.0027295282983935826
-0.0033940121818091485
-0.0011971529308018479
0.0016671686278080947
0.0025241447162502786
0.0016512136758701744
0.0007377559221362962
0.0009017249752905999
0.0012320660395442537
0.0013792471530018281
0.0018484930307117687
0.002356048801228564
0.0014988891134582176
-0.00028264092086175145
-0.0013511817064560123
-0.0010058876247170528
-0.0006083416439098648
-0.0008425482800789182
-0.0011902814956184797
-0.0006820689381323076
0.0005624933688048637
0.000952205822335333
-0.0005335695581495715
-0.0019725172573709436
-0.0023288927443420805
-0.0018168435572990067
-0.0012566369740658156
-0.0008757915904997404
-0.0006219452834893169
-0.000904375819949785
-0.0015464440439935338
-0.0015633082210143134
-0.0004904831592687784
0.0007274590418142882
0.0010895488123192148
0.0005354429897723638
-7.54933384710552e-05
-0.00022849887132650476
-0.00014995727538152839
0.00017537127026673587
0.0006669658927072517
0.000766393352209582
0.00024351641922093443
-0.0002579747918008164
-0.00019004546531099946
0.00030510163380190403
0.0005423801226423336
0.000210050123029307
-0.00011044394992506031
-0.00012791130664027592
-9.253100074224712e-05
8.818538966337422e-05
0.00021721323313975008
0.00022788782097008252
0.00021938934345785196
7.555746559549412e-05
-2.4163399780660337e-05
-9.521087990138646e-06
-1.1563023944136696e-05
-0.0001805930354027049
-0.000544411830272239
-0.000822450277800615
-0.000943231170738729
-0.0010318177896044005
-0.0013131292788272184
-0.0016584380328819764
-0.0016490177350056696
-0.001454911647779012
-0.0012879134447673181
-0.0010677308331726466
-0.0008419501716975561
-0.0008831235315571232
-0.0010624072206203918
-0.0010311662043208368
-0.0006277317657633352
-0.0002121316094036154
-7.060762470717382e-05
-0.00023137697504533358
-0.00040356790137282953
-0.00048205917420097316
-0.0004405612954811416
-0.00017513926843009834
0.000183429784122872
0.00035237641642323726
0.00014765252066102475
-7.756632081468975e-05
-0.00015557185027916497
-0.00012111082411890255
-8.230742354451766e-05
-8.963171663365382e-05
-0.00016180746683097612
-0.0003034392634658843
-0.0006097157965109193
-0.0006883245034638765
-0.0006913148840156782
-0.0007132521604014208
-0.0006716335164509701
-0.000655829671768075
-0.0006136018251928053
-0.0004363468062376794
-0.00027269132119407316
-0.00018122753765524192
-9.482875190749943e-05
-2.3494037149008806e-05
-5.76646540684487e-06
9.72301855509053e-05
6.032572600582275e-05
0.00010723806932575697
8.994396592978337e-05
9.906178638077405e-05
6.389764992643746e-05
6.464050018582218e-05
4.2549806118976084e-05
5.015467171710228e-05
3.358711158250444e-05
4.1169162107122104e-05
2.97440348327407e-05
2.933605341686577e-05
1.69823503561604e-05
1.6481686839097838e-05
7.492636160574904e-06
6.332963493924841e-06
-2.3504576521880946e-06
-4.932574896494504e-06
-1.1528576121094315e-05
-8.06332939226951e-06
-1.146399798379661e-05
-8.411645306242738e-06
-1.1705648483144974e-05
-7.689036661993794e-06
-8.763852622609089e-06
-5.645414281052508e-06
-6.060863580712643e-06
-3.722602714948028e-06
-2.885361752238042e-06
-2.1365586993031245e-06
-1.9815475675331046e-06
-1.4626951468155855e-06
-1.2551998429462217e-06
-1.0452513068860957e-06
-8.306608759571532e-07
-7.62520746313384e-07
-5.179972769099741e-07
-6.040748742653737e-07
-4.477577392095986e-07
-5.643110454432777e-07
-4.771548251822724e-07
-5.778652838479549e-07
-6.615505347638298e-07
-8.920773153310826e-07
-9.433702381697945e-07
-1.053671342376769e-06
-1.0850931179266256e-06
-1.2953557858806732e-06
-1.2708968634868103e-06
-1.4406643929037368e-06
-1.3669834496352825e-06
-1.5580144748051513e-06
-1.4542621828947726e-06
-1.5789004569931904e-06
-1.475886514706742e-06
-1.5923304774179408e-06
-1.5139428051838317e-06
-1.5963024719953396e-06
-1.5343971006259507e-06
-1.6034452995834734e-06
-1.558924514220399e-06
-1.6148661256557427e-06
-1.5814407722565e-06
-1.6243706717413716e-06
-1.6064701380477122e-06
-1.641910158377383e-06
-1.6282522472359218e-06
-1.659129695996556e-06
-1.6576757145218672e-06
-1.6907745381553388e-06
-1.6887079926112484e-06
-1.7188935506162837e-06
-1.7233947235178928e-06
-1.7546766644733791e-06
-1.7609806013287106e-06
-1.789260396971705e-06
-1.800865024663061e-06
-1.8274133247119144e-06
-1.8413021800175382e-06
-1.8644278782467034e-06
-1.881111161539193e-06
-1.9029416949028523e-06
-1.9212575575272507e-06
-1.94167742364325e-06
-1.961028800667001e-06
-1.9811124445512493e-06
-2.0015725235378253e-06
-2.0213853362457674e-06
-2.042187472486921e-06
-2.0622306820696867e-06
-2.0836976977648374e-06
-2.1039282929537464e-06
-2.1254399004793693e-06
-2.1462473198984437e-06
-2.1683752375427153e-06
-2.189588476184302e-06
-2.2119401536918864e-06
-2.2336237722727704e-06
-2.256597462917573e-06
-2.2786918282038905e-06
-2.3020904880955247e-06
-2.3246609368314964e-06
-2.348615727812119e-06
-2.3716963556572545e-06
-2.396075228610446e-06
-2.419682418993701e-06
-2.4445080661244286e-06
-2.4686990972296613e-06
-2.493943925484181e-06
-2.5186887991196077e-06
-2.5443605015213703e-06
-2.5697045306420224e-06
-2.595829019091241e-06
-2.621736460582182e-06
-2.64831965682485e-06
-2.6748223455164185e-06
-2.701896260111019e-06
-2.728961195668572e-06
-2.756538462410079e-06
-2.7841911036936937e-06
-2.812303832839133e-06
-2.8405282821346952e-06
-2.8691858358677132e-06
-2.898001502187255e-06
-2.9272248486530675e-06
-2.9566344188216862e-06
-2.986432307079269e-06
-3.016451332530688e-06
-3.046840778368515e-06
-3.0774790905520723e-06
-3.108471198849536e-06
-3.1397388977252166e-06
-3.171350571303189e-06
-3.2032596078310715e-06
-3.2355037595910676e-06
-3.2680627666674433e-06
-3.30095564555615e-06
-3.334178008766858e-06
-3.3677332876927773e-06
-3.401629054405723e-06
-3.435862275791327e-06
-3.4704455119566774e-06
-3.505370480014994e-06
-3.540653039985867e-06
-3.576284716593327e-06
-3.612281406756491e-06
-3.648633975721668e-06
-3.6853584306793523e-06
-3.7224466078902193e-06
-3.759913999498932e-06
-3.79775262645159e-06
-3.835977698857441e-06
-3.874581902916156e-06
-3.913580099266225e-06
-3.952965554922304e-06
-3.992752390256182e-06
-4.03293481861137e-06
-4.073526218428234e-06
-4.11452195589661e-06
-4.1559341826627414e-06
-4.197759548774686e-06
-4.24000918149553e-06
-4.282681082399718e-06
-4.325785115307629e-06
-4.3693205432745525e-06
-4.413296275566045e-06
-4.457712739858034e-06
-4.5025778771324565e-06
-4.547893090222797e-06
-4.593665655049786e-06
-4.639897790675452e-06
-4.686596202663772e-06
-4.733763745566089e-06
-4.781406755027372e-06
-4.829528609992954e-06
-4.878135362916097e-06
-4.927230812011135e-06
-4.976820811013167e-06
-5.026909532793416e-06
-5.077502690027983e-06
-5.1286047721537656e-06
-5.180221384673371e-06
-5.232357310591522e-06
-5.285018099367546e-06
-5.338208780961075e-06
-5.391934874107262e-06
-5.446201634248782e-06
-5.501014595119398e-06
-5.556379200344064e-06
-5.612301020946301e-06
-5.668785670619438e-06
-5.72583879094894e-06
-5.7834661417360865e-06
-5.841673451384991e-06
-5.900466614869405e-06
-5.95985146651481e-06
-6.0198340264264785e-06
-6.080420243551888e-06
-6.141616259665759e-06
-6.20342814667405e-06
-6.265862167391403e-06
-6.328924520618964e-06
-6.392621590443345e-06
-6.456959706591575e-06
-6.521945377189734e-06
-6.5875850658915434e-06
-6.653885405786996e-06
-6.72085299762577e-06
-6.7884946026120304e-06
-6.856816961696484e-06
-6.925826965814639e-06
-6.995531499013729e-06
-7.06593758523688e-06
-7.137052254342397e-06
-7.208882665788417e-06
-7.281435997732099e-06
-7.354719548802592e-06
-7.428740647922737e-06
-7.503506736169152e-06
-7.579025295396057e-06
-7.65530391292306e-06
-7.732350225900513e-06
-7.810171971638774e-06
-7.888776944931408e-06
-7.968173036786142e-06
-8.048368202176392e-06
-8.129370489573553e-06
-8.211188016797992e-06
-8.293828993407622e-06
-8.377301703009531e-06
-8.461614519908185e-06
-8.546775896456889e-06
-8.632794375275718e-06
-8.719678580689546e-06
-8.807437227311945e-06
-8.8960791146775e-06
-8.985613133052206e-06
-9.076048260524706e-06
-9.167393566730884e-06
-9.259658211814114e-06
-9.352851448564338e-06
-9.446982622690874e-06
-9.542061173914375e-06
-9.638096637232252e-06
-9.735098643182246e-06
-9.833076919739674e-06
-9.932041292233182e-06
-1.0032001685495915e-05
-1.013296812356671e-05
-1.0234950732028881e-05
-1.0337959737727258e-05
-1.0442005471125837e-05
-1.054709836599999e-05
-1.0653248961749661e-05
-1.0760467903216185e-05
-1.0868765942978779e-05
-1.0978153941291872e-05
-1.1088642868229488e-05
-1.1200243803767513e-05
-1.1312967939884145e-05
-1.142682658075261e-05
-1.1541831144708874e-05
-1.1657993164619854e-05
-1.177532428980893e-05
-1.1893836286556853e-05
-1.2013541039785519e-05
-1.2134450553765076e-05
-1.2256576953843803e-05
-1.2379932487192955e-05
-1.2504529524439366e-05
-1.2630380560545119e-05
-1.275749821638087e-05
-1.2885895239699019e-05
-1.3015584506653483e-05
-1.3146579022883906e-05
-1.3278891925033279e-05
-1.3412536481907373e-05
-1.354752609589513e-05
-1.3683874304192423e-05
-1.3821594780291657e-05
-1.3960701335281119e-05
-1.4101207919293523e-05
-1.4243128622813076e-05
-1.43864776781566e-05
-1.4531269460876708e-05
-1.4677518491221361e-05
-1.4825239435564143e-05
-1.497444710788485e-05
-1.5125156471256472e-05
-1.527738263936611e-05
-1.5431140877995896e-05
-1.5586446606553493e-05
-1.5743315399646208e-05
-1.5901762988649606e-05
-1.6061805263275217e-05
-1.6223458273117856e-05
-1.6386738229317048e-05
-1.6551661506168484e-05
-1.671824464276469e-05
-1.6886504344661222e-05
-1.705645748555063e-05
-1.7228121108936402e-05
-1.740151242986298e-05
-1.757664883661567e-05
-1.7753547892496093e-05
-1.79322273375718e-05
-1.8112705090478224e-05
-1.8294999250174763e-05
-1.8479128097754908e-05
-1.866511009831638e-05
-1.8852963902801897e-05
-1.9042708349857596e-05
-1.9234362467733914e-05
-1.9427945476207392e-05
-1.9623476788477106e-05
-1.982097601312664e-05
-2.0020462956078463e-05
-2.022195762259115e-05
-2.0425480219270567e-05
-2.0631051156111153e-05
-2.0838691048495357e-05
-2.1048420719297148e-05
-2.126026120095187e-05
-2.147423373759531e-05
-2.169035978715492e-05
-2.1908661023524716e-05
-2.2129159338744094e-05
-2.2351876845166235e-05
-2.2576835877700235e-05
-2.2804058996046296e-05
-2.3033568986944902e-05
-2.3265388866483896e-05
-2.3499541882413683e-05
-2.3736051516381768e-05
-2.3974941486474188e-05
-2.4216235749392582e-05
-2.4459958503067014e-05
-2.470613418879044e-05
-2.4954787493982938e-05
-2.520594335452469e-05
-2.5459626957227482e-05
-2.5715863742455103e-05
-2.5974679406547574e-05
-2.6236099904614757e-05
-2.6500151452735112e-05
-2.6766860531291794e-05
-2.7036253886503594e-05
-2.730835853486562e-05
-2.7583201763342385e-05
-2.7860811135393493e-05
-2.814121448946631e-05
-2.8424439947145918e-05
-2.871051590967662e-05
-2.8999471068095648e-05
-2.9291334397543918e-05
-2.958613517002327e-05
-2.9883902946455044e-05
-3.0184667591224375e-05
-3.0488459263076635e-05
-3.0795308430418865e-05
-3.110524586235448e-05
-3.1418302643008164e-05
-3.173451016443701e-05
-3.2053900138516174e-05
-3.237650459357588e-05
-3.270235588139601e-05
-3.303148667969805e-05
-3.3363929992801205e-05
-3.369971916103025e-05
-3.4038887854593084e-05
-3.43814700895324e-05
-3.472750021562261e-05
-3.5077012938234986e-05
-3.5430043300886996e-05
-3.578662671174595e-05
-3.614679892240106e-05
-3.651059605803606e-05
-3.687805459300959e-05
-3.7249211383883266e-05
-3.7624103642475506e-05
-3.800276897182391e-05
-3.838524533608846e-05
-3.877157109980709e-05
-3.9161784995404305e-05
-3.9555926163587374e-05
-3.9954034122524715e-05
-4.035614880252246e-05
-4.076231052702506e-05
-4.1172560027179705e-05
-4.1586938453702475e-05
-4.200548734698646e-05
-4.2428248711283076e-05
-4.285526490300454e-05
-4.328657880553e-05
-4.3722233603724525e-05
-4.416227306894337e-05
-4.460674126096579e-05
-4.505568282170728e-05
-4.5509142619406086e-05
-4.596716610553867e-05
-4.6429799179066415e-05
-4.6897088213016056e-05
-4.736908021693608e-05
-4.784582195756725e-05
-4.832736192833894e-05
-4.881374733824666e-05
-4.930502827032177e-05
-4.980125192876456e-05
-5.030247033938198e-05
-5.0808730794724166e-05
-5.132008762624273e-05
-5.1836587481379824e-05
-5.235828745677891e-05
-5.288523392221116e-05
-5.341748616374554e-05
-5.395509079481075e-05
-5.449810877629683e-05
-5.5046587629020314e-05
-5.5600589292440796e-05
-5.616016290319311e-05
-5.672537039461866e-05
-5.729626415114738e-05
-5.787290488189239e-05
-5.845534902912153e-05
-5.904365565795029e-05
-5.9637885141844774e-05
-6.023809526374741e-05
-6.084434984771848e-05
-6.145670534456958e-05
-6.207522908284642e-05
-6.269997713723375e-05
-6.333101955086865e-05
-6.396841200028374e-05
-6.461222752518874e-05
-6.52625216736212e-05
-6.591936981541603e-05
-6.658282738105053e-05
-6.725297260081663e-05
-6.792986011535377e-05
-6.861357156920443e-05
-6.930416022755118e-05
-7.000171132769229e-05
-7.070627734811921e-05
-7.141794538926893e-05
-7.213676995080774e-05
-7.286283749310902e-05
-7.359620818457485e-05
-7.433696103261077e-05
-7.508517178996286e-05
-7.584089853017621e-05
-7.660424745889143e-05
-7.737524014170334e-05
-7.815403585116067e-05
-7.894059386891059e-05
-7.97351559373922e-05
-8.05375860034318e-05
-8.134823186247388e-05
-8.216686563331378e-05
-8.29938847220619e-05
-8.382916460775153e-05
-8.467260128555381e-05
-8.55253777903737e-05
-8.638697574617956e-05
-8.725879304265045e-05
-8.813841736325973e-05
-8.902858124036368e-05
-8.992616556412108e-05
-9.083662141061639e-05
-9.175178120906851e-05
-9.268246048291722e-05
-9.361677051849596e-05
-9.456803145526939e-05
-9.55219961982426e-05
-9.649339718518352e-05
-9.746722280203242e-05
-9.845853441373464e-05
-9.945181937670876e-05
-0.00010046134852210851
-0.00010147482685556766
-0.0001025022169940065
-0.0001035354313336123
-0.00010458156519450878
-0.00010563526225008713
-0.00010670085602442625
-0.00010777649591168598
-0.0001088616026940265
-0.0001099580188091701
-0.00011106293909211295
-0.00011218033885724139
-0.00011330409403340687
-0.00011444296889841782
-0.00011558783536189002
-0.00011674876071015563
-0.00011791551971150839
-0.00011909873145012596
-0.00012028722762704778
-0.00012149437102480036
-0.0001227040525619572
-0.00012393571862728486
-0.00012516871309892262
-0.00012642507943080403
-0.00012768220469386266
-0.0001289648364081499
-0.00013024778026056905
-0.00013155546678347252
-0.00013287019049017056
-0.0001342040630056171
-0.00013555328693219963
-0.00013691321182711835
-0.00013830255396005695
-0.0001396811847929142
-0.00014111938459949024
-0.00014251102802565607
-0.000144012175711516
-0.00014540843360033107
-0.00014698368274249524
-0.00014835478521053072
-0.00015001337103582693
-0.00015133934506809507
-0.00015308846776287892
-0.0001543950680798004
-0.00015613152414206412
-0.0001576766895145437
-0.00015864405635320047
-0.00016314054409834102
-0.00015163959090114834
-0.00015253313860564953
-0.0001399556181573771
-0.00014331116078310647
-0.0001348517332247083
-0.00013880284350656482
-0.00013259017616306472
-0.00014091718562561599
-0.00013481164500474648
-0.00014505533719520934
-0.00014227232301338206
-0.0001531197332713965
-0.0001474037991668057
-0.00015959730609629456
-0.0001578377565519566
-0.00016563330816847177
-0.0001676502085808559
-0.0001700082917977032
-0.00016694203289576166
-0.00016833847208135982
-0.00016496220202186798
-0.00016351555294719658
-0.00016127083167320207
-0.00015897893582070445
-0.00015828573728486508
-0.00015830179329608823
-0.0001589605457736931
-0.00016267042524295515
-0.00016509141523578098
-0.00016692417282195465
-0.00017119850865038254
-0.00017302061709209492
-0.0001778143921311427
-0.0001800456998097154
-0.00018556011492961235
-0.00018003530165345432
-0.00018621672909969154
-0.00017948610329654232
-0.00017946469995331542
-0.00017618193575851668
-0.00017557492464482534
-0.00017694208338662828
-0.00017323109340978746
-0.00017743743016825235
-0.0001719463618126618
-0.0001815682035048538
-0.0001753835869583396
-0.00017949355983940728
-0.00017564126563633637
-0.00017802785994273012
-0.0001726688527113059
-0.00017125516874054626
-0.00016421575336368646
-0.00016006655529924275
-0.00015383388116718905
-0.00014904499796509755
-0.00014325880207584547
-0.00013843292275234957
-0.00013439396848142221
-0.00013297021646136407
-0.0001263602310672812
-0.00012941582191601482
-0.00012172980305252481
-0.00013422357826354083
