-0.00019865659334583014
-0.0001732703126789668
-0.00018703436795994516
-0.000197781040686411
-0.00019609126524009732
-0.0002009899536527918
-0.00019275782603869616
-0.00022393961001855752
-0.0002315788369087227
-0.00027032822311306813
-0.00027542587515358316
-0.0003190414890635051
-0.0003036922101353458
-0.00035523850532273376
-0.0003324838141921646
-0.00036312015168071175
-0.00031162288536036126
-0.0003449792688165201
-0.0002748475842937133
-0.00029397820762636654
-0.0002320163259142371
-0.00024440130863288985
-0.00019033484812777234
-0.00021756143431348043
-0.00018589097788345008
-0.00021391201429027168
-0.00019231915983773358
-0.00023252740252763493
-0.00024380913483529004
-0.0002748852055475381
-0.0002827067593029692
-0.0002887998844637585
-0.0003096367618383005
-0.00028702542075469573
-0.00030064550217501196
-0.000283499460469484
-0.0002695519002082888
-0.0002478083345268479
-0.0002364275488134617
-0.00019721415912553092
-0.00020425461133311137
-0.0001780087510440205
-0.00018965580496490913
-0.00019777058140943676
-0.00018861224518245735
-0.00021049593996956778
-0.00021359997774185013
-0.0002203716660333599
-0.00022467000129812765
-0.0002295619411561339
-0.00023174558793162493
-0.00023537920911064435
-0.00023802251454165175
-0.00023792773880796194
-0.00023023362496398528
-0.0002461483652430156
-0.0002185643285622247
-0.00024406028130292908
-0.00021944678372321245
-0.0002389794187875036
-0.0002339411488364038
-0.0002547111452096092
-0.00024395575377071177
-0.0002701834177371217
-0.0002579314865020142
-0.0002747005264878596
-0.00026624147753012776
-0.00027932701061354217
-0.0002701495561594793
-0.0002912644687195886
-0.0002802837712931451
-0.0002967638128760357
-0.00028745385602210293
-0.0003086478879018325
-0.0002992869540860554
-0.00031251628578485833
-0.0003098685822823248
-0.00031313458394518606
-0.00030546457301417677
-0.00031338207877959956
-0.0002904276401088948
-0.0003112980258108465
-0.0002912248773187931
-0.00030239806846328317
-0.0002932604809988453
-0.0003159727237695136
-0.0002999253831073907
-0.00033896984631274075
-0.00034269766331053875
-0.0003716151332133164
-0.0003930886436979428
-0.00039948807715500936
-0.00042081516443888195
-0.00040993968257753
-0.00041864339561851425
-0.0004062811267001205
-0.00039171663474542095
-0.0003671073945316571
-0.0003675703851754328
-0.0003454764849008321
-0.0003535998900960579
-0.00034071038173130925
-0.00035431220442524634
-0.0003523766923275144
-0.00036044287537837037
-0.0003697059211285285
-0.0003821695942615429
-0.0003860751558193512
-0.00039008085667333335
-0.00038507721344973895
-0.000372617679230463
-0.00034342268230151695
-0.000339002342300424
-0.00029464552815398616
-0.0003056850395574498
-0.0002801324207902999
-0.00028490187009086936
-0.00027609880534965275
-0.00028922257769633137
-0.0002868261581319435
-0.00030339530506879084
-0.00031950107043401
-0.00035010163675224166
-0.0003446234721157664
-0.00037031240931791634
-0.0003744432367931149
-0.0003813664138849993
-0.0003838364186458503
-0.000370173663729943
-0.00038126546256593
-0.00035593080104840194
-0.00037390285997956
-0.00034328184683364327
-0.00037029407016341324
-0.0003220108682330634
-0.0003493298696416148
-0.00033097099138321194
-0.00034617453444064835
-0.00034407002445818366
-0.00034821041734183844
-0.0003486254312101771
-0.00034182646598634423
-0.00034065383299620116
-0.00034442377605029397
-0.0003251267976649828
-0.00034570326602025004
-0.00032694226424138554
-0.0003439754193386025
-0.00032306558256629976
-0.00035795287113116523
-0.00032825331617890134
-0.00036732393023297796
-0.00034874923363233405
-0.00037009042336002504
-0.00037055195607737894
-0.00038612488491019
-0.0003938548212937174
-0.00039974667953673274
-0.0004080944518230724
-0.00040186121680751323
-0.00038961809801715884
-0.00041103184101448095
-0.0003926888615400307
-0.0004048215270251733
-0.0003928328581364124
-0.00038574147581469916
-0.00039811253713113606
-0.00038099931315099247
-0.0004067404690849916
-0.00039704342691310396
-0.0004131012818357287
-0.0004119252914442516
-0.0004237629197289426
-0.00041885892767579136
-0.00042060306028158867
-0.00042798065588030174
-0.00042266232812413623
-0.0004265436731184922
-0.0004218056997185899
-0.00042981957128862016
-0.0004330271483173071
-0.00043287476060302693
-0.00043325097552980216
-0.0004393744015495182
-0.0004455487362903328
-0.00043983792620021076
-0.0004545394548996582
-0.00044633921225329873
-0.0004536089121901307
-0.0004491234320822083
-0.0004541676669580665
-0.0004685155441661627
-0.0004626205253085397
-0.0004901351659572961
-0.0004745143738618183
-0.0004921606236700815
-0.0004761927104145044
-0.000500208117173143
-0.00047535430733886084
-0.0004884497624765968
-0.00046753941678819976
-0.00048154640445295725
-0.000466788451193323
-0.0004806890338121838
-0.0004617143942619216
-0.00047738288436869247
-0.00046336895138854913
-0.00048062999942931816
-0.00047658969190061035
-0.0004903820594568126
-0.0004916109742531922
-0.0005035644444991688
-0.0005061669880134241
-0.0005142765676972927
-0.0004993403241999989
-0.0005198014119823984
-0.000506834487278077
-0.000511791110835747
-0.0005000555468402968
-0.0005078755069304693
-0.0005015575041533778
-0.0005053733008095534
-0.0005080463950927656
-0.0005236153126231352
-0.0005264097505542003
-0.0005329971245124255
-0.0005532983090245165
-0.0005435752576691763
-0.0005601826577043052
-0.0005659839668102954
-0.0005779988991765936
-0.0005678230518731738
-0.0005726087574357505
-0.0005623726707992896
-0.0005656767892480638
-0.0005600094580437811
-0.0005677743680244608
-0.0005646155276945591
-0.0005781895171767821
-0.0005825110295901853
-0.0005882543558111228
-0.0005982573472884387
-0.0005886157263510442
-0.0006164884655604982
-0.0005910800398585114
-0.000607198533751515
-0.0005799802073414339
-0.0005971568531345948
-0.0005734400486767524
-0.0005918139154728243
-0.0005700224822542911
-0.0005852776669439297
-0.0005892107915146877
-0.0005860668485484621
-0.0006174824791749453
-0.0006252311653533833
-0.0006387159733253302
-0.0006582461779024722
-0.0006733962539546235
-0.0006997400847048516
-0.0007156116423710293
-0.0007195158273150305
-0.0007326824684287334
-0.000737362859330566
-0.0007434567454253208
-0.0007431089262276643
-0.0007525443383176498
-0.0007635580064695986
-0.0007474792837535352
-0.0007611610960960788
-0.0007422672871445996
-0.0007623050595120711
-0.0007345495555311074
-0.0007581988600692635
-0.0007055875455091124
-0.000736354798278112
-0.0006553852984928095
-0.0007285671820013919
-0.00064209678883429
-0.0007748527366158509
-0.0005951538451289829
-0.0008108241809880448
-0.000604598935691492
-0.0009110701002385079
-0.0006819485733830582
-0.0010847849165048684
-0.0006961012638672728
-0.0012081755632360105
-0.0006080085835827954
-0.0013761235740719622
-0.00045397555298458945
-0.0015413775473045043
-8.585657601497708e-05
-0.0019276411302600281
0.0007482479547007696
-0.0038290667446663693
0.01564137254914181
0.05070038360229193
0.04384337175157245
0.026130040545716063
0.01617561943040694
0.020815917814794138
0.03190555619037527
0.030561531546274386
0.003142032037939121
-0.005179829112226323
-0.03973908270640135
-0.054900799064327974
-0.04854652971997435
-0.02534526511624567
-0.018225774607750343
-0.024556468760721855
-0.031629415554972444
-0.017442594477524442
-0.020970531577988796
-0.01617970219536258
0.016699237484901343
0.04705972907769872
0.04144245849817625
0.027726435091877284
-0.007020965051961448
-0.011792629186407902
0.0018764225526255525
0.013989483293177354
0.021430494670346936
0.012069123645178896
0.0004073805202386076
-0.02102236403758042
-0.021239766445821914
-0.005785824651443687
0.0008693501007087125
0.004021394441972618
0.00030448151639840917
-0.0034882598582976873
-0.005172956823836052
-0.0027655790065952224
0.0013121783851986779
-0.0006232873886591931
-0.00604078374924109
-0.00654002039494557
-0.00016522026339328819
0.0016069613953634682
-0.0006031274430338777
-0.004857756209497747
-0.0022930193037318585
0.0010732169455102381
-0.0012687088916982486
0.0006804394214000841
0.006661233182545506
0.008781429341148544
0.004939102005388159
0.0020697966927506815
0.0003510888330591532
-0.0015691246315248687
-0.0017738449732769732
0.00020976642076070737
0.0034311681181979107
0.0024243051283780077
-0.001167807651842964
-0.005504896475557441
-0.0049909743674260345
-0.001114079469747678
0.002913845446326739
0.005296653645347464
0.005248342294102697
0.0016594798255007066
-0.0013139688596947676
-0.001244211101522112
0.0007188526626953845
0.0009143986255077463
-0.00027982525575657573
-0.0016280984839114549
-0.0029392101633109167
-0.004332342600045456
-0.0050272505125052895
-0.004506288350865998
-0.0027054239890370304
-0.001733801730868393
-0.0008304698668360631
0.0003797052442628897
0.0012727347134209189
0.0006978190997019867
-0.0003166938708448199
0.0003669718093141095
0.0013213810414827172
0.0011230933440380595
0.00015053932450698732
-3.59018795909814e-05
-0.0002916676180245672
-0.0010398844920006117
-0.0019603015973155818
-0.0023720874205111525
-0.002155217141066664
-0.0014118340748799836
-0.0007813802720225428
-9.882838967802541e-05
2.8572438157729483e-05
-0.000759047914784365
-0.0014911891906739488
-0.00041070824274519154
0.0006187527891644104
0.0014478050812466016
0.0011176897354116767
0.0011426862661656652
-8.532801239273351e-05
-0.00019018125813984879
-1.0917404971873477e-05
0.000702863567298402
0.00016549837894140848
0.0006925398432845893
-0.0003122487749222939
0.0002961315055465346
-0.00032050888532602934
-0.0004719626974134789
-0.0006747062572085166
-0.00012078312424536492
-0.00012142562546554781
-0.00027167886699339626
-0.00022595770377745633
-0.0004750959207055461
-0.0007023033209253233
-0.0010119829942035116
-0.0009854897719776962
-0.00013039362160107164
-0.0006586937453457841
-0.00015599170727478813
0.00016302163518518194
-0.0009905629486204194
0.00025262861327205317
-0.0005719402170167546
-4.533734839040507e-06
0.0004999508824372579
0.0006427459399413394
3.0589665138925303e-06
-0.00030934955238692987
-0.00046980224200832203
-0.0003439334450245259
0.00019551679057100188
-0.00044017959408891946
-0.0009326200935539815
-0.0005318834717581436
-0.0012124548373565092
-0.0005720405342401803
-0.0013444642740449183
-0.001232162369125898
-0.0004517780883968606
-0.0005893496158835979
-0.0001914418538392682
-0.0003264523527273549
0.0003041714144990177
-6.0323708717092145e-05
0.00029082259722433275
2.582578890783548e-05
0.00019672026214097543
3.596295821454648e-05
0.0001404616338061452
2.4006366964148657e-05
0.00011343044149981582
3.277470783326667e-05
8.133369624671594e-05
7.856518224851897e-06
2.22165889387714e-05
2.9023353712135926e-05
3.3652582815621375e-05
1.840044288717138e-05
8.750278472412409e-06
1.5940466277048507e-05
2.7570508842964626e-05
-1.1654983940177267e-05
2.1169520136730724e-07
-2.7124009433768518e-05
6.060314277830302e-06
-2.871862939666706e-05
-9.1805315183021e-06
-1.6305419439695176e-05
-4.182813765139348e-06
-7.699043795260287e-06
-3.870270386323901e-06
-2.8097898175911506e-06
-3.4808679445041512e-06
2.936761822488367e-07
-2.200850705287287e-06
2.547005651250912e-07
-1.6118408347171354e-06
2.549953238836971e-06
-1.1534208289806859e-06
4.925576943399713e-07
-1.5534654534615165e-06
1.1978845178940234e-06
-5.835586861155633e-07
-7.442687020460786e-07
-2.225000255966919e-07
3.9565218407523056e-08
4.1517232537600316e-07
-7.294479547065172e-07
-2.4102715354080897e-07
-3.000204755232143e-07
-6.387492550073378e-07
-6.367404460449035e-07
-1.1965479692675838e-06
-5.476992305452569e-07
-1.213826687845366e-06
-6.031013619593067e-07
-1.203258676372174e-06
-7.478537078911074e-07
-1.0979472832565898e-06
-7.31976457873072e-07
-1.0892776701794545e-06
-8.706663792947726e-07
-9.570899504858597e-07
-8.214654943646503e-07
-9.557598634131513e-07
-9.460362045390013e-07
-8.896834060863985e-07
-9.330189339439845e-07
-9.331651773562214e-07
-1.0034510920813489e-06
-9.335754881196958e-07
-9.69148456501985e-07
-9.782066448261453e-07
-9.87119298456946e-07
-1.002273627931621e-06
-9.84351010994294e-07
-1.0316078726110497e-06
-1.0176224215379152e-06
-1.057635908543271e-06
-1.0467932597444751e-06
-1.0720183708898983e-06
-1.0776906966463514e-06
-1.0981465805103658e-06
-1.1080181396657578e-06
-1.1140535334011581e-06
-1.1351025833494029e-06
-1.1443277431744928e-06
-1.1626527565874165e-06
-1.1634341813663586e-06
-1.1874792320486173e-06
-1.1935243742685893e-06
-1.212673000689426e-06
-1.217665183321929e-06
-1.2374176349784548e-06
-1.2486387837502052e-06
-1.2635823843643035e-06
-1.2762193532099726e-06
-1.2901974589423206e-06
-1.305653970207782e-06
-1.318586265928033e-06
-1.3339405470977678e-06
-1.347507719354629e-06
-1.3629238117669369e-06
-1.3779705876903703e-06
-1.3929112393573298e-06
-1.4084009442613503e-06
-1.423242447573048e-06
-1.4399208819358082e-06
-1.454970487589505e-06
-1.4714770937564962e-06
-1.4869486264348702e-06
-1.5041855949321547e-06
-1.520182752388498e-06
-1.5371743063464314e-06
-1.5537699346153616e-06
-1.5711919598865873e-06
-1.588359753494856e-06
-1.605729712691106e-06
-1.6234669719755951e-06
-1.641228467119118e-06
-1.6594416895104793e-06
-1.6774889021383419e-06
-1.6960863929747837e-06
-1.714610459347505e-06
-1.7335689869399395e-06
-1.7525680009976286e-06
-1.7718478333170282e-06
-1.7913161837238532e-06
-1.8110041811930438e-06
-1.8309541911378608e-06
-1.8510336076137416e-06
-1.8714073569809205e-06
-1.891962689527663e-06
-1.912795495525319e-06
-1.9337955680818683e-06
-1.9550571355366083e-06
-1.9765564508636814e-06
-1.998287301717698e-06
-2.020259389570977e-06
-2.0424523105752298e-06
-2.0649278572163247e-06
-2.087613545221409e-06
-2.1105800505744315e-06
-2.1337648884325953e-06
-2.157238462537368e-06
-2.180943943648963e-06
-2.2049289198275616e-06
-2.2291637303090367e-06
-2.2536722760364825e-06
-2.2784491183037796e-06
-2.303497141655155e-06
-2.3288235129151295e-06
-2.3544219453018437e-06
-2.380309031390878e-06
-2.406476026964473e-06
-2.432933875470654e-06
-2.4596787844576354e-06
-2.486720694167433e-06
-2.5140597195791184e-06
-2.541698046855075e-06
-2.569641041397355e-06
-2.597890134204114e-06
-2.6264521207543126e-06
-2.6553254474054284e-06
-2.6845181987266624e-06
-2.7140302474782025e-06
-2.7438684231291272e-06
-2.7740333320017477e-06
-2.8045305278345768e-06
-2.8353627385677214e-06
-2.8665338687442794e-06
-2.8980481068317896e-06
-2.9299081658088703e-06
-2.9621191358198784e-06
-2.9946835133583586e-06
-3.0276066888907044e-06
-3.0608911620078364e-06
-3.0945419628960373e-06
-3.128562390480622e-06
-3.162957126864169e-06
-3.1977298525733195e-06
-3.2328848127162447e-06
-3.268426340524445e-06
-3.3043585460890124e-06
-3.3406858862691726e-06
-3.3774124383959816e-06
-3.4145428857271275e-06
-3.4520814568612013e-06
-3.490032781746158e-06
-3.5284012783035924e-06
-3.5671916054454058e-06
-3.606408401556516e-06
-3.646056303960516e-06
-3.6861401328288756e-06
-3.7266645708771817e-06
-3.7676345859272967e-06
-3.8090549599527573e-06
-3.850930752697203e-06
-3.893266868689729e-06
-3.936068447005616e-06
-3.979340560211417e-06
-4.023088406744299e-06
-4.0673172004165e-06
-4.112032226748739e-06
-4.157238853170608e-06
-4.2029424570624765e-06
-4.2491485253095705e-06
-4.295862557644856e-06
-4.343090165404408e-06
-4.39083697274269e-06
-4.4391087009722306e-06
-4.4879111122589485e-06
-4.537250046680831e-06
-4.587131401442829e-06
-4.637561136510877e-06
-4.688545285887779e-06
-4.740089938257131e-06
-4.7922012632087535e-06
-4.844885483284457e-06
-4.898148902630819e-06
-4.951997883841206e-06
-5.006438868280719e-06
-5.06147836265973e-06
-5.117122946656503e-06
-5.173379273218747e-06
-5.230254066405557e-06
-5.287754127872757e-06
-5.3458863286161024e-06
-5.4046576207515055e-06
-5.464075028393384e-06
-5.524145656792207e-06
-5.584876685360584e-06
-5.646275375388501e-06
-5.708349066588236e-06
-5.771105179875127e-06
-5.834551217788562e-06
-5.8986947648323115e-06
-5.963543489878858e-06
-6.029105144791155e-06
-6.0953875677762816e-06
-6.162398682130156e-06
-6.230146499631951e-06
-6.298639118978836e-06
-6.367884728758044e-06
-6.437891606793475e-06
-6.5086681222854825e-06
-6.580222736571328e-06
-6.652564003500373e-06
-6.725700571688729e-06
-6.799641184264795e-06
-6.874394680960903e-06
-6.949969998407135e-06
-7.0263761713170066e-06
-7.103622333760212e-06
-7.181717720455643e-06
-7.260671667759288e-06
-7.340493614376852e-06
-7.4211931029503735e-06
-7.50277978079153e-06
-7.585263401454459e-06
-7.668653825680834e-06
-7.752961022709087e-06
-7.838195071269496e-06
-7.924366160873839e-06
-8.011484593208051e-06
-8.099560783007831e-06
-8.188605259539222e-06
-8.27862866809194e-06
-8.369641770763527e-06
-8.461655447933422e-06
-8.554680699611721e-06
-8.648728646796534e-06
-8.74381053286898e-06
-8.839937724642037e-06
-8.937121713896976e-06
-9.035374118856673e-06
-9.134706685321858e-06
-9.235131288357304e-06
-9.336659933503223e-06
-9.439304758289651e-06
-9.54307803375902e-06
-9.647992165823455e-06
-9.754059696619882e-06
-9.861293306484033e-06
-9.969705814909637e-06
-1.0079310182399374e-05
-1.0190119511834655e-05
-1.030214705052563e-05
-1.0415406190962106e-05
-1.0529910473170714e-05
-1.0645673585705975e-05
-1.0762709368108595e-05
-1.0881031811490311e-05
-1.1000655061364848e-05
-1.1121593418178316e-05
-1.1243861340138835e-05
-1.1367473443843782e-05
-1.1492444507233204e-05
-1.1618789470042856e-05
-1.1746523436741846e-05
-1.1875661677660312e-05
-1.2006219630850135e-05
-1.2138212904485787e-05
-1.22716572779763e-05
-1.2406568704659282e-05
-1.2542963312354516e-05
-1.2680857407390035e-05
-1.2820267474195762e-05
-1.2961210179570498e-05
-1.3103702372157383e-05
-1.3247761087627902e-05
-1.3393403546757207e-05
-1.3540647161944946e-05
-1.3689509535237676e-05
-1.3840008463319661e-05
-1.3992161937009806e-05
-1.4145988146824912e-05
-1.4301505481550264e-05
-1.4458732534642499e-05
-1.461768810025188e-05
-1.4778391183247266e-05
-1.4940860993038654e-05
-1.5105116955076061e-05
-1.5271178703190832e-05
-1.5439066092732103e-05
-1.5608799191239137e-05
-1.578039829404522e-05
-1.5953883910313894e-05
-1.6129276785286023e-05
-1.6306597881171603e-05
-1.6485868402871424e-05
-1.6667109774126253e-05
-1.685034367067737e-05
-1.70355919880508e-05
-1.722287688298859e-05
-1.741222073176849e-05
-1.7603646183808434e-05
-1.7797176107315748e-05
-1.799283365699493e-05
-1.8190642200156565e-05
-1.8390625412597543e-05
-1.859280716563083e-05
-1.879721167626368e-05
-1.900386332271526e-05
-1.9212786883628086e-05
-1.942400724816711e-05
-1.9637549774810558e-05
-1.9853439869094993e-05
-2.0071703483379925e-05
-2.0292366553497558e-05
-2.0515455631825268e-05
-2.0740997208032127e-05
-2.0969018428254062e-05
-2.119954637348645e-05
-2.143260876492979e-05
-2.1668233326348066e-05
-2.1906448323428163e-05
-2.214728218479661e-05
-2.2390763686680037e-05
-2.2636922017917668e-05
-2.2885786449948183e-05
-2.3137386958811245e-05
-2.3391753335523513e-05
-2.364891632336552e-05
-2.3908906301241088e-05
-2.4171754726844304e-05
-2.443749265192488e-05
-2.4706152202706375e-05
-2.497776515758901e-05
-2.525236432012498e-05
-2.552998217992728e-05
-2.5810652303186535e-05
-2.609440780346889e-05
-2.638128315044473e-05
-2.667131196949779e-05
-2.6964529763660004e-05
-2.7260970599784877e-05
-2.7560671076897435e-05
-2.7863665709946736e-05
-2.8169992188011202e-05
-2.847968552244619e-05
-2.8792784484353053e-05
-2.9109324588416294e-05
-2.9429345766270737e-05
-2.975288393958133e-05
-3.0079980389726996e-05
-3.0410671251917144e-05
-3.07449994350121e-05
-3.1083001029298934e-05
-3.142472086757001e-05
-3.1770194808018216e-05
-3.2119469849918e-05
-3.247258142921334e-05
-3.28295792336895e-05
-3.319049777174136e-05
-3.355539075553963e-05
-3.3924289536863515e-05
-3.429725529114735e-05
-3.4674310916518714e-05
-3.5055531060067865e-05
-3.544092223456679e-05
-3.583057995282772e-05
-3.622448795117107e-05
-3.662276724295476e-05
-3.702537642358782e-05
-3.7432461905610986e-05
-3.784396249901828e-05
-3.826004297893858e-05
-3.868063178400134e-05
-3.910590050265237e-05
-3.9535783729116375e-05
-3.9970437741970125e-05
-4.040983070269244e-05
-4.0854070187648335e-05
-4.130319733554582e-05
-4.175723247427194e-05
-4.221631720295312e-05
-4.268036847627848e-05
-4.3149627470530155e-05
-4.362393227279066e-05
-4.410357498122998e-05
-4.458837655099983e-05
-4.507861814508714e-05
-4.557415841363022e-05
-4.607522734274795e-05
-4.658173988666557e-05
-4.709388659332304e-05
-4.761159729722831e-05
-4.8135084356417616e-05
-4.866421532148148e-05
-4.919930703021244e-05
-4.974009371721237e-05
-5.028704939652825e-05
-5.083974452741e-05
-5.1398804907099846e-05
-5.1963679126310394e-05
-5.253508868992209e-05
-5.3112408038297285e-05
-5.3696443479874564e-05
-5.428646816183478e-05
-5.4883443608612446e-05
-5.5486435143045935e-05
-5.6096671299988795e-05
-5.671291361049606e-05
-5.733674983623754e-05
-5.796652898042403e-05
-5.8604314386457185e-05
-5.924788249696934e-05
-5.989998669966276e-05
-6.055758519752803e-05
-6.12243430610967e-05
-6.189626865336464e-05
-6.257806077990675e-05
-6.326338573244385e-05
-6.396141919820088e-05
-6.465811532239518e-05
-6.537157340863529e-05
-6.607503992671435e-05
-6.680446036909517e-05
-6.751421659586772e-05
-6.826056970231093e-05
-6.898174960822491e-05
-6.974852624858367e-05
-7.048910506819234e-05
-7.127788437439643e-05
-7.203843522222302e-05
-7.285243193172009e-05
-7.364185376486132e-05
-7.447178652311714e-05
-7.529034412664612e-05
-7.612916734462853e-05
-7.699073426371391e-05
-7.782681587642802e-05
-7.87303441791102e-05
-7.956759208011709e-05
-8.049618305388948e-05
-8.134694958298857e-05
-8.228127580530442e-05
-8.316224144409577e-05
-8.410189784005274e-05
-8.501395729785903e-05
-8.596168378868877e-05
-8.689356685639388e-05
-8.78593721989405e-05
-8.880868183585945e-05
-8.979524081549687e-05
-9.074988220619817e-05
-9.177696573458931e-05
-9.272874277247562e-05
-9.380034760104807e-05
-9.476252661692877e-05
-9.586238102857558e-05
-9.68628528235586e-05
-9.797876728583093e-05
-9.900081904982931e-05
-0.00010016465692971871
-0.00010120804731412047
-0.00010244275365496608
-0.0001034852726915693
-0.00010477633049113614
-0.00010582403537338507
-0.00010716587350478982
-0.00010820411285982414
-0.00010962463800529818
-0.00011061151001826307
-0.00011216162511094136
-0.000113005563658996
-0.00011476217301326056
-0.00011537571747430184
-0.00011748897717963144
-0.0001177086593005721
-0.00012051510495459029
-0.00011966841726505966
-0.0001245012444699773
-0.00011950553663251458
-0.00013518046968640526
-0.00012562665721324562
-0.00014053115620266598
-0.00014880511547081857
-0.0001821122414329074
-0.00017795935821449365
-0.00019373278027387563
-0.0001890539722133739
-0.00019913809985243157
-0.0001838742009118365
-0.00019557286568010115
-0.00018164042292013522
-0.0001842284664079162
-0.00019760699256302037
-0.00015174915520275385
-0.00018856748504128348
-0.00014470916840158998
-0.00016550608494154671
-0.00014636570989520496
-0.00014391125692618246
-0.00014037028970819126
-0.00015610356051389473
-0.00014162406857281553
-0.00015101053000927337
-0.00014170445026596653
-0.00014205711881338595
-0.00014220514538616042
-0.00014390865989927823
-0.00014481584705586958
-0.00017439777887097164
-0.00016946241121946454
-0.00018818590433015593
-0.00017305719722624993
-0.00019411811629292897
-0.00019118250341233645
-0.00019666016669262629
-0.0002017662456452084
-0.0002135180764317843
-0.0002114560800128342
-0.00024279342193753444
-0.00023885149745024527
-0.000247757416447396
-0.0002565323661015166
-0.00026008077041541364
-0.0002719825238599276
-0.0002667326346812651
-0.000277707543202874
-0.00024318777900906745
-0.0002525386770684013
-0.0002276940879792353
-0.00022623380493500488
-0.00021113782999425867
-0.00020660898247539704
-0.0002186161254811084
-0.00021236703667455064
-0.00022510339526534887
-0.00022053150790100304
-0.00023881446748815193
-0.0002364434687828729
-0.00025839849491373127
-0.00024575974555681454
-0.0002751643844455374
-3.37878644163472e-05
-1.5888199694379936e-05
-7.416486614494119e-05
-7.316955356588865e-05
-0.00011833518637376981
-0.00010169542618935432
-0.00012204152506973181
-0.00011070287871932545
-0.00011985486761220527
-0.00010612472673815832
-0.00010289750070959514
-8.996421972479011e-05
-0.00010259773928587683
-7.686780558479922e-05
-8.628087240373242e-05
-7.430792422510456e-05
-9.137174458374013e-05
-8.479726706012448e-05
-0.00010570017046441496
-9.141838627815094e-05
-0.00014173007736290497
-0.00010198129412862717
-0.00016883234836246794
-0.0001196881583785223
-0.0001615016771631114
-0.00013499202714319924
-0.00014707465835999575
-0.00012880667486714608
-0.0001347653267618528
-0.00012306815684452944
-0.00011779295081669368
-0.00010768056972971524
-0.00011614332101587296
-0.00010342881601945082
-0.00012858699805851732
-0.00010388783075091965
-0.00015390545746586464
-0.0001245565786487197
-0.00015562426806605615
-0.00013321248831134916
-0.000143046277725662
-0.00013489494557367599
-0.00014086346922042063
-0.00013781035626794433
-0.00013718500860302515
-0.00013110689172286837
-0.00013191968210830174
-0.00012120204234651035
-0.00013051353002512477
-0.00011777904801402303
-0.000122825798609131
-0.00011087542933746345
-0.00012409017985239056
-0.00012720850088184047
-0.00012806897018490177
-0.00013772871919546465
-0.00012536624757559877
-0.0001393867936517818
-0.00012513308039664522
-0.00015085632864132183
-0.00012275870642481854
-0.0001567927600926635
-0.0001336598024117157
-0.0001612998155836747
-0.0001531515094515175
-0.00016721938786302845
-0.00015779806333396406
-0.0001790788714265533
-0.00016566608856988506
-0.00018182507637491338
-0.0001692151243583119
-0.00019191206986021419
-0.000175557485661532
-0.00020089389218671503
-0.0001863104104741862
-0.00020355340146888866
-0.00018835124430913587
-0.00019355121454387472
-0.00018795103441465667
-0.00019845638153085995
-0.00020237623860335345
-0.00020543742530924685
-0.0002100197681813819
-0.00021005511216043064
-0.00021844957308189773
-0.00020428812880310087
-0.00022480796351937864
-0.00021424941343878415
-0.00022368038923087109
-0.0002267848949067413
-0.00021655579907552033
-0.00023691840977248485
-0.0002222172505337301
-0.0002247725425001341
-0.00023301663765252551
-0.00023495421438069836
-0.0002488568311444588
-0.00024453695107460715
-0.0002621565348530733
-0.000259871982895918
-0.00025935897963897704
-0.00026329778095568923
-0.00026507610640133755
-0.0002615477535927763
-0.00025508707580945814
-0.00024640572650351023
-0.0002438084774388838
-0.00024164221972103726
-0.0002270348988665438
-0.00023754578257363697
-0.0002337941283474632
-0.0002363244566175324
-0.0002507913549635463
-0.0002460985502064334
-0.0002614243597764539
-0.00024673946826287926
-0.0002680726538086015
-0.0002424324405009944
-0.0002549464571487749
-0.00024385300619345817
-0.00023780466104520608
-0.00023755334645268007
-0.00022789066001734066
-0.00021580522534352895
-0.0002057705414356858
-0.00021304257484541694
-0.00020130177000490318
-0.0002093928359617422
-0.00021902474746361635
-0.00021800870376723847
-0.00023091314183689695
-0.0002202648953427018
-0.0002345769271917096
-0.00022687230461469515
-0.00024075135149388758
-0.0002251124166829083
-0.00024610891747805505
-0.0002455399303307145
-0.00024912247777378316
-0.00023955542985158344
-0.0002391372884146448
-0.0002436003358744137
-0.0002320406240161277
-0.00024510129444523063
-0.00023303822971521877
-0.00023864182130493123
-0.00023208640104260912
-0.00023224377806461928
-0.00022951983237319838
-0.00022049896534736592
-0.00021347343622518314
-0.00021081962312006038
-0.00020740774932369186
-0.0002012735808237744
-0.00020773517036997945
-0.00018727351876806364
-0.00020594614973542855
-0.00019208685534906155
-0.00021170354097365838
-0.00019175347276166168
-0.0002171955679900674
-0.00018994756663593564
-0.00022642961065775087
-0.00019671282435156123
-0.00022285495203929265
-0.00021005361683148127
-0.00022037899695399052
-0.0002039817876433241
-0.00022972209685546594
-0.0002076601187431293
-0.00022481358460702688
-0.00022314384154046546
-0.00021550526176656334
-0.00023307092032954124
-0.00020787977266916412
-0.00027097407707420075
-0.00022135025715130734
-0.000276740431137436
-0.00024328645034451147
-0.0002786176909683044
-0.0002472775575398461
-0.0003015352932930328
-0.0002680256958418881
-0.0003035660580874053
-0.0002785967056232214
-0.00029427976874863543
-0.0002788870253248657
-0.00028281121442848636
-0.0002768543145382507
-0.00027006216321252114
-0.0002867306819268313
-0.0002748908251034492
-0.0003006463122609928
-0.0002831442605083427
-0.00030011494327647275
-0.000297945716417495
-0.0002978781757412008
-0.000318347709858034
-0.0002966858608423497
-0.00032875678072746676
-0.0003112689214467986
-0.00033326527888472273
-0.00031947382726494494
-0.0003472268762235763
-0.000329394121332411
-0.00036103069766980954
-0.0003397222937610411
-0.0003554943036010339
-0.00034383647624583555
-0.00034666443147329936
-0.00034798652645353376
-0.0003505675420762284
-0.00035575240342451166
-0.000354416293586257
-0.0003512024272971431
-0.00036181977028854236
-0.00034932737163305915
-0.0003655357731818452
-0.00035324986339143965
-0.0003611698429979743
-0.00035321611667283833
-0.0003607691944885273
-0.00036646738016140614
-0.0003561237187942327
-0.00038011413009367344
-0.0003465030551444738
-0.0003935249323128408
-0.00037024610132656635
-0.00040769049895902215
-0.00039784456894221415
-0.00044107962403323354
-0.0004333888335681835
-0.0004587032579592785
-0.00045785508658367346
-0.0004529372782800861
-0.0004580232037828015
-0.00045642842653082286
-0.00040520212978252014
-0.0004135785209078797
-0.00038066312964441656
-0.0003848421064641845
-0.0003604705980425134
-0.00034373874761158517
-0.00036092338264838257
-0.00034940189349342773
-0.0003767829470139117
-0.00038026121646056975
-0.00042719593423286577
-0.0004301056551612105
-0.0004400720031390998
-0.00043936424190465107
-0.0004530528207880979
-0.00047807358335084406
-0.0004639770286457975
-0.00046169321789809627
-0.00048191443245003873
-0.0004635509292674541
-0.00048818374569642323
-0.0004813240879368786
-0.0005012326077470508
-0.0004809865185748428
-0.00046517727864324736
-0.00048134857518592497
-0.000459847556288727
-0.00048269379748985797
-0.0004722577703268348
-0.0004055414897801005
-0.00038484526835448065
-0.00033806812847239
-0.0003599919300208106
-0.00035614713570225723
-0.0003425262733167884
-0.00036822757139754137
-0.0003551658057772809
-0.0004247382473789181
-0.00044789419905201164
-0.0005392456039893396
-0.0006235885166049
-0.0006767809787495592
-0.0006558144782028871
-0.0006205772830768959
-0.0005305860009000336
-0.0005771899989838849
-0.0005000677157939364
-0.0003368011510412617
-0.0004613136952130596
0.0002920177724455751
-0.001850265999853981
0.0066169766163882305
0.10193298040503933
0.08307551269354566
0.04737498446059475
0.0233823495913023
0.03201075372649083
0.038120713471095524
-0.015856209088571875
-0.023729098895142527
-0.025757214586230627
-0.029328264793942238
-0.04681797337941834
-0.10827278938345412
-0.0337286515701226
0.005792807280239089
-0.05631292277301683
-0.05156983899205503
0.0019253555189225678
0.03150063177234229
0.032434933081822895
0.029831014836377387
0.011833924163068311
-0.02147278040969252
-0.004940980877758038
0.008392164189355721
0.018276429451616057
0.023703249692510635
0.02590928608615264
0.021325550318012546
-0.005413340018864238
-0.0058265108775481245
0.0036954767447700564
0.00015100466354907443
-0.011546238075911933
-0.008462246869714828
-0.0018201373713392084
-0.008196208019949438
-0.011224651542205208
-0.0018392770961892114
0.002099903680334138
-0.005137237411935992
-0.011570117896718777
-0.005113412451015303
0.005987032446696599
0.0017191268170938163
-0.008975143703296636
-0.007135773742665823
0.0008038449149593814
0.004023622751065839
0.006203848485106661
0.004765055048558784
0.002206097826158449
-0.0004796684617523429
0.0015789109833464002
0.005680216270526975
0.00961020042417534
0.0071793054686165834
-0.0008611004013447782
-0.007524444530916783
-0.007530981194819855
-0.003870378980876838
0.0011234224904029173
0.0013243527705125778
0.00040725893086487224
-0.0021047103528348808
-0.0038017529789070373
-0.0012920736484273317
0.004113171895324603
0.008821361474662387
0.008107581878528149
0.0030539221105154585
0.0006526789989594473
0.0020791838679862003
0.0028804472617265982
0.0016473501730832553
-0.0009865277314960097
-0.002199657279392214
-0.0036015277804495004
-0.006100406640230462
-0.006411222411205119
-0.004861246531252323
-0.004170800056804924
-0.003978783103070713
-0.0035282678493354955
-0.0007718241299505529
0.0012584638905063904
0.002074350403827873
0.002091978135557241
0.0020570469487490167
0.002452896343825379
0.002461439953952425
0.002394700933337413
0.0020922407410877662
0.000564369736623493
-0.0013006353231152109
-0.0028987618940140196
-0.002599047047832442
-0.0011411538349807154
-0.0009178356287461869
-0.001868588736152249
-0.002297561673086203
-0.0018433587027971666
-0.0004558723130776662
0.0005976711878155072
0.000546615382551452
0.0022342391210039107
0.00135244335476445
0.00133439903673275
0.0012332471544547394
0.0019954020531494287
0.002416194926625673
0.0028057129531388267
0.0014097790683961393
0.0007141142196887954
3.977799755293767e-05
0.001697671392837142
0.0005184168535297524
0.0001950239892757678
0.0009179711634634219
-0.0008527973889372383
-0.0009309398912073533
0.0004469852489487144
-0.0010115351471460213
-2.74151679726146e-05
0.001131861847219502
-0.0012453822397270275
-0.00027732960618994556
0.0005570752030461003
0.000242465491254328
0.0009978548939880954
0.00022345804571137484
-0.0008373813600148351
0.0009160939805094247
0.0012495518407750234
0.0003441763283246966
0.0002088629453386434
8.072601151663929e-05
-0.0014498482224354144
-0.0005791637672718811
0.0005305130898675157
0.0008481951338498964
-0.00012369764921199618
0.0016586463492560314
-0.00016041469188977464
-0.0016514543075331822
0.0009351671576848451
0.0018113335017301403
0.0007684258177134381
0.0010751901549735082
-0.000281862419778847
-0.0005429851886246841
0.0004836471370305916
-3.954420709260984e-05
0.0005251282147331467
0.001835449224185562
0.0004171503777095117
-4.212997294085808e-06
0.0008275041200893157
0.0021462266866220134
0.0023071879075748846
0.0009178401324923628
0.0006354476915161945
0.00017140389924412533
0.0005820039561889557
0.0007463508685672296
0.0009465585482802323
0.0008655965685975362
0.0006063452746503989
-0.000329461400990073
-0.0005757688798061866
5.194127727995473e-05
0.0004720593689751694
0.0001528839726966077
-7.098521368307658e-05
4.3253460267460905e-05
-0.00015069838611345962
-5.8798383117667814e-05
-0.00015827702154908735
-9.983895387623095e-05
-8.418186511737028e-05
-3.4578745402709575e-05
-9.139639405032957e-05
-9.216579001466188e-05
-2.3536998862045213e-05
2.379476892122313e-05
1.4114329432231454e-05
-2.6142435151373805e-05
-2.1281199398328742e-05
-1.2929403264796459e-06
-2.467073738889183e-06
2.3171208540824433e-06
1.7474228288851584e-05
3.527837624731883e-05
1.1521817380314922e-05
-9.664192545912314e-06
-1.0067089827308457e-05
1.374600156129756e-05
5.733656703391056e-06
5.2528016118292935e-06
-3.7302140971467697e-07
6.205743159871436e-06
2.1093532033610116e-06
2.0511084596351375e-06
-4.31201582494576e-07
-1.6751317117764952e-06
1.6620473210978174e-06
-1.0424496920197136e-06
-2.8288615860701423e-06
-3.4980836239584517e-06
4.5205727887231403e-07
4.996646737778733e-07
-1.0365095506100885e-06
-1.8521330073375608e-06
-7.895203784158227e-07
-5.751399801645586e-07
-1.4866032368941447e-06
-9.922202187916682e-07
1.4378050544215301e-08
4.175886060520887e-07
-5.963425186606298e-07
-7.317320883208633e-07
-4.529077758423991e-07
-1.0743534979419612e-07
-3.269675378819763e-07
-5.087699093844582e-07
-3.3638889507763134e-07
-3.7517885424494073e-07
-1.3912333326679665e-07
-4.398161758249503e-07
-3.4988929061317365e-07
-3.997159159511358e-07
-2.2338756121227698e-07
-4.50560929944648e-07
-5.229018255541271e-07
-4.5108584120905917e-07
-3.540948717693391e-07
-4.129912046468799e-07
-4.968769223691956e-07
-4.533491655005803e-07
-4.408159445874922e-07
-4.7214510121490255e-07
-5.217888144880571e-07
-4.867816068295601e-07
-4.667067777334446e-07
-4.793295678709659e-07
-5.042181831619338e-07
-5.111989467472284e-07
-4.956493246460953e-07
-5.072660809946809e-07
-5.09551599349277e-07
-5.327888677069445e-07
-5.244498000149533e-07
-5.295988249185335e-07
-5.309973475230465e-07
-5.472732636317002e-07
-5.502511308651806e-07
-5.47035151850201e-07
-5.568730808234307e-07
-5.679661152263767e-07
-5.771907197612506e-07
-5.747356690724657e-07
-5.835671625297953e-07
-5.914697899314387e-07
-5.997206264220863e-07
-6.024909773347893e-07
-6.102523371482021e-07
-6.184817305368356e-07
-6.258138335341751e-07
-6.316477965265591e-07
-6.378404553728867e-07
-6.458681367551016e-07
-6.529925734460353e-07
-6.604774329245586e-07
-6.66713996243385e-07
-6.742967373422589e-07
-6.8207557511182e-07
-6.89846502626248e-07
-6.970618632116802e-07
-7.042918847337482e-07
-7.126999912103027e-07
-7.204350053479388e-07
-7.282666144248435e-07
-7.35777750999209e-07
-7.443837742959845e-07
-7.525796366248533e-07
-7.60784498912256e-07
-7.689347266839159e-07
-7.775465193119525e-07
-7.861754186783512e-07
-7.94716820561221e-07
-8.034213935123819e-07
-8.122481433079222e-07
-8.212801770046143e-07
-8.302553196931801e-07
-8.39391520818624e-07
-8.485719350651878e-07
-8.579570782267791e-07
-8.673979199432425e-07
-8.769179742210479e-07
-8.865319628311168e-07
-8.962824542109801e-07
-9.061805824483083e-07
-9.161155189098703e-07
-9.261798465891704e-07
-9.363559070923913e-07
-9.466835415467565e-07
-9.570762902295297e-07
-9.675847371845548e-07
-9.782245728736094e-07
-9.889897454995857e-07
-9.998647675074483e-07
-1.0108434747931765e-06
-1.0219626758739965e-06
-1.0331973783326401e-06
-1.0445619409855098e-06
-1.0560375542621476e-06
-1.067649776134884e-06
-1.0793857599709987e-06
-1.091256069088785e-06
-1.1032513688541233e-06
-1.1153785018415147e-06
-1.1276410181214683e-06
-1.140039334396545e-06
-1.1525741084652814e-06
-1.1652421031769361e-06
-1.1780530863299363e-06
-1.1910048769235408e-06
-1.2040997195048812e-06
-1.217335548032731e-06
-1.2307184048713582e-06
-1.2442496641690759e-06
-1.2579287668883265e-06
-1.2717577840054214e-06
-1.2857383984085917e-06
-1.299874372276584e-06
-1.3141646692891445e-06
-1.3286123842422585e-06
-1.3432183156785816e-06
-1.3579856383511089e-06
-1.3729150040112255e-06
-1.38800853101027e-06
-1.4032678105425683e-06
-1.4186948693281935e-06
-1.434291825262279e-06
-1.4500600281049586e-06
-1.4660016396789415e-06
-1.482118274503388e-06
-1.4984124766830227e-06
-1.514885643071195e-06
-1.5315399093531563e-06
-1.5483771455136915e-06
-1.5653996618654811e-06
-1.5826093254635385e-06
-1.60000807577056e-06
-1.6175981271094545e-06
-1.635381572986038e-06
-1.6533606014316419e-06
-1.6715371827216632e-06
-1.6899136280322004e-06
-1.7084920885404933e-06
-1.727274834117682e-06
-1.7462640449503533e-06
-1.765462009212064e-06
-1.7848710423771239e-06
-1.804493449966216e-06
-1.8243316016932493e-06
-1.8443878186523866e-06
-1.8646645438330153e-06
-1.885164175728215e-06
-1.90588919815886e-06
-1.9268420456489143e-06
-1.9480252455227835e-06
-1.9694413288980084e-06
-1.9910928633634715e-06
-2.012982424790682e-06
-2.0351126268012263e-06
-2.057486130281128e-06
-2.0801056016360583e-06
-2.102973748013782e-06
-2.126093292698165e-06
-2.1494670134511408e-06
-2.1730976983719156e-06
-2.1969881739920328e-06
-2.221141292668488e-06
-2.245559944630271e-06
-2.2702470507619723e-06
-2.295205559705248e-06
-2.3204384567688217e-06
-2.3459487557744158e-06
-2.3717395103185768e-06
-2.39781380107721e-06
-2.424174746527743e-06
-2.4508254962069594e-06
-2.477769237922353e-06
-2.5050091926860857e-06
-2.5325486161442354e-06
-2.560390800672831e-06
-2.5885390742249118e-06
-2.616996803590614e-06
-2.6457673898338738e-06
-2.674854272348426e-06
-2.704260928119897e-06
-2.733990873535555e-06
-2.7640476622271815e-06
-2.794434887392293e-06
-2.8251561815513353e-06
-2.856215218109909e-06
-2.8876157098058682e-06
-2.919361410054543e-06
-2.9514561142897355e-06
-2.9839036595107407e-06
-3.016707924976235e-06
-3.049872831794231e-06
-3.0834023449983258e-06
-3.1173004729238493e-06
-3.1515712682614935e-06
-3.186218827870693e-06
-3.2212472934065386e-06
-3.2566608530286423e-06
-3.292463740437444e-06
-3.328660235368472e-06
-3.3652546649592247e-06
-3.402251404384404e-06
-3.4396548765434475e-06
-3.477469552756046e-06
-3.51569995369911e-06
-3.554350649907778e-06
-3.5934262616939966e-06
-3.632931460789408e-06
-3.6728709698809897e-06
-3.7132495634291905e-06
-3.75407206893092e-06
-3.7953433664164767e-06
-3.837068389733137e-06
-3.879252127260511e-06
-3.921899621963775e-06
-3.965015972282694e-06
-4.008606332381553e-06
-4.0526759137642435e-06
-4.097229984781001e-06
-4.142273871402067e-06
-4.187812959020908e-06
-4.233852691677004e-06
-4.280398573378898e-06
-4.327456168350856e-06
-4.375031102433493e-06
-4.42312906286102e-06
-4.471755799858603e-06
-4.5209171266637205e-06
-4.570618920549108e-06
-4.620867122745453e-06
-4.671667741089347e-06
-4.723026848039297e-06
-4.774950583846804e-06
-4.827445155633492e-06
-4.880516839375626e-06
-4.934171979371557e-06
-4.98841698993481e-06
-5.04325835636206e-06
-5.0987026345879205e-06
-5.154756452643849e-06
-5.211426512455319e-06
-5.268719587968318e-06
-5.326642528141745e-06
-5.38520225941766e-06
-5.444405780309592e-06
-5.504260170246383e-06
-5.5647725819979454e-06
-5.625950252947931e-06
-5.687800494925434e-06
-5.7503307023393235e-06
-5.8135483508399075e-06
-5.877460997715314e-06
-5.942076283901171e-06
-6.007401934805465e-06
-6.073445756534651e-06
-6.140215649628328e-06
-6.207719592351245e-06
-6.275965657812424e-06
-6.344962000114692e-06
-6.414716872641161e-06
-6.485238610835493e-06
-6.556535648887126e-06
-6.628616504803105e-06
-6.701489802713541e-06
-6.7751642465988405e-06
-6.849648652801544e-06
-6.924951916157204e-06
-7.001083050227255e-06
-7.078051144026611e-06
-7.155865412417409e-06
-7.2345351429703615e-06
-7.314069757721102e-06
-7.394478745771844e-06
-7.475771742310687e-06
-7.557958441100027e-06
-7.641048697360289e-06
-7.725052407716524e-06
-7.80997966116692e-06
-7.895840552296553e-06
-7.982645417992508e-06
-8.07040454528648e-06
-8.159128534612628e-06
-8.248827861240694e-06
-8.339513398524217e-06
-8.431195815571915e-06
-8.52388626080983e-06
-8.617595610944234e-06
-8.712335280929045e-06
-8.808116378480272e-06
-8.904950571821189e-06
-9.002849226047698e-06
-9.101824245121666e-06
-9.20188728226537e-06
-9.303050454042422e-06
-9.405325739581666e-06
-9.50872543723641e-06
-9.61326189542061e-06
-9.718947562067579e-06
-9.825795195256195e-06
-9.933817370027728e-06
-1.0043027275022896e-05
-1.0153437619462961e-05
-1.0265062011748788e-05
-1.0377913332939442e-05
-1.0492005577211402e-05
-1.0607351844389278e-05
-1.0723966491519438e-05
-1.0841862850528156e-05
-1.0961055673872717e-05
-1.1081558469955635e-05
-1.1203386488399872e-05
-1.1326553303341383e-05
-1.1451074793388492e-05
-1.1576964488987929e-05
-1.1704239005201665e-05
-1.183291176302904e-05
-1.1963000170943372e-05
-1.2094517517173033e-05
-1.2227482044255278e-05
-1.2361906861694041e-05
-1.2497811151648656e-05
-1.2635207690933885e-05
-1.2774116844029037e-05
-1.2914550740394823e-05
-1.3056531323998258e-05
-1.3200069654173158e-05
-1.3345189634379436e-05
-1.3491900901640638e-05
-1.3640229590193304e-05
-1.3790183490080242e-05
-1.3941791641035447e-05
-1.4095058616026522e-05
-1.425001887046199e-05
-1.4406669713095755e-05
-1.456505705885354e-05
-1.472516330510668e-05
-1.4887055096169267e-05
-1.5050691028712726e-05
-1.5216166336697967e-05
-1.5383410977623676e-05
-1.555255026143088e-05
-1.5723488088718787e-05
-1.589637297091885e-05
-1.6071092413001963e-05
-1.624780633361348e-05
-1.6426396815184385e-05
-1.6607023502007712e-05
-1.678957435985863e-05
-1.697419578251664e-05
-1.716079792107492e-05
-1.7349493585995914e-05
-1.7540239448507705e-05
-1.773308837538248e-05
-1.7928071997000005e-05
-1.8125156038737236e-05
-1.8324470514612416e-05
-1.8525881753692552e-05
-1.8729616086281752e-05
-1.8935456703267415e-05
-1.9143697210337318e-05
-1.9354079611506262e-05
-1.956691570299861e-05
-1.9781951716848903e-05
-1.999948742958783e-05
-2.0219274411435663e-05
-2.0441632640656065e-05
-2.0666258727532503e-05
-2.0893570777352484e-05
-2.1123130228515533e-05
-2.1355522976880363e-05
-2.1590123515260887e-05
-2.1827713105783278e-05
-2.206748050907867e-05
-2.2310380702995707e-05
-2.2555435046560466e-05
-2.2803770990660534e-05
-2.3054214030028753e-05
-2.3308118992316313e-05
-2.3564029515079027e-05
-2.382365884154628e-05
-2.4085083168250143e-05
-2.435061205193086e-05
-2.4617586167212098e-05
-2.48891980373574e-05
-2.5161774266120915e-05
-2.5439649044138677e-05
-2.5717942275241745e-05
-2.6002210541463183e-05
-2.628630062945266e-05
-2.6578327179793432e-05
-2.6867464536401992e-05
-2.7170027902342843e-05
-2.746327801150198e-05
-2.7779402082215307e-05
-2.80759768764308e-05
-2.8407437565188754e-05
-2.8708394994745364e-05
-2.9053101155249238e-05
-2.9360317718105436e-05
-2.971243211516238e-05
-3.0025155520173872e-05
-3.0382580859968544e-05
-3.0696892839644535e-05
-3.1055761045306466e-05
-3.1373382292499265e-05
-3.17288012063108e-05
-3.2053633714988566e-05
-3.240379671567998e-05
-3.274718552443433e-05
-3.308811098622831e-05
-3.345626606793842e-05
-3.3788658474668924e-05
-3.418244506416982e-05
-3.451268664270344e-05
-3.4931822051709535e-05
-3.5266129614920384e-05
-3.569818598536358e-05
-3.605417755102921e-05
-3.648443264524375e-05
-3.6865605051864913e-05
-3.730386288924747e-05
-3.769298372973362e-05
-3.814505507286869e-05
-3.8528755304449106e-05
-3.901237013245794e-05
-3.9377792320471466e-05
-3.989043949208292e-05
-4.0252089167138944e-05
-4.077522297399241e-05
-4.1134464678796624e-05
-4.1671421175491606e-05
-4.202079838151436e-05
-4.256962599234263e-05
-4.290692801972416e-05
-4.3474343921375046e-05
-4.378242661181415e-05
-4.4396236748344954e-05
-4.464742664375519e-05
-4.535662973502856e-05
-4.552043113844405e-05
-4.637536671686276e-05
-4.6406118430268416e-05
-4.7463397395016e-05
-4.730327398916346e-05
-4.865718980844826e-05
-4.815752003149899e-05
-5.002990912599968e-05
-4.878251216839162e-05
-5.187419114482399e-05
-4.84671271367728e-05
-5.605629177522211e-05
-4.129415792595198e-05
-5.4705390965884124e-05
-3.7450179025980634e-05
-4.3350296777110004e-05
-2.9183621757320822e-05
-3.450948602393383e-05
-1.2190406416636974e-05
-2.009184368574935e-05
-1.5203840515649902e-06
-1.3281350913320995e-05
-1.1922142238654108e-06
-1.8717204808586937e-05
-1.0459508438044002e-05
-1.9127744616490993e-05
-4.214155878964768e-05
-3.685360947757374e-05
-5.7259774244220076e-05
-5.109450354159504e-05
-7.64471598841945e-05
-4.444344721917453e-05
-9.231629343294691e-05
-6.8701062653018e-05
-9.007281947920293e-05
-7.818104799573957e-05
-8.857058149578523e-05
-8.142502545869376e-05
-8.244545969941065e-05
-6.851058396445224e-05
-8.161534564604783e-05
-5.8565285716610316e-05
-7.798340784230203e-05
-5.294499016641594e-05
-7.384995291460789e-05
-4.8854860116570933e-05
-6.734420807418722e-05
-5.2483974469340377e-05
-6.630671534997167e-05
-5.087056422181202e-05
-5.48235488081277e-05
-5.125771173028151e-05
-5.208141092866733e-05
-5.80932081724972e-05
-6.0523378739496514e-05
-5.625628331847e-05
-7.488026075132617e-05
-5.775484415377122e-05
-8.835314084122361e-05
-5.751835397753034e-05
-0.00011410919769756192
-6.663740692575446e-05
-0.00011510494378817726
-8.248514130007882e-05
-0.00011260072583316216
-0.00010463007810276875
-0.0001068867840519637
-0.0001012350235969117
-9.782174711982434e-05
-0.0001168078351843477
-7.754754910588497e-05
-0.00010528006523259355
-8.077773939288956e-05
-7.989278363803157e-05
-7.625882941907281e-05
-8.248596028614563e-05
