0.00014548739718975583
0.00018708154103794396
0.00016331087397579227
0.0001573844779828969
0.000159824576299387
0.0001662709498422509
0.00016170932836102878
0.00018021163184710217
0.00016058562632413067
0.00016903161261515017
0.0001420842855297201
0.00013702889549912264
0.00012140035140893664
0.00010782196443660775
8.832573397682479e-05
9.005446136460505e-05
5.952992937218512e-05
6.12125347920635e-05
2.5911959331819268e-05
2.4462319308337797e-05
-9.094363682270339e-06
-1.730161147986307e-05
-4.3227169620056077e-05
-4.6263358731738895e-05
-4.164675910310603e-05
-3.4846323081748026e-05
-2.592683988771757e-05
-2.1428845259680647e-05
8.46494990855659e-06
1.8408507563280255e-06
4.2005713488775455e-05
1.1017921388649561e-05
5.928342282609622e-05
1.614075553958152e-05
1.6203464694825595e-05
-8.050993811473117e-06
-1.3097720492783274e-05
-3.8076049903976086e-05
-3.7617083396910026e-05
-6.598996427197056e-05
-5.73647513763566e-05
-6.701645971033234e-05
-4.617869769015588e-05
-4.505491721642097e-05
-1.8453839568520697e-05
-2.0470537738551684e-05
1.29084781015442e-06
-8.081167473101148e-06
1.9578604495639005e-05
-6.178194824504749e-06
-2.5764715578475332e-05
-4.289817751463695e-05
-8.19872284700586e-05
-0.00010616950509274056
-0.00011869087900463965
-0.00012863844245024255
-0.00013552215589898676
-0.00012499202803000164
-0.0001369373037430244
-0.00011569993049420859
-0.00011209350506002046
-9.205565506385728e-05
-8.532018802526425e-05
-7.818228589207314e-05
-6.721190297029789e-05
-5.504726593047498e-05
-6.0677584058832035e-05
-5.255737443518444e-05
-6.243204542780842e-05
-8.220356298753028e-05
-9.370866027088762e-05
-9.856541964837329e-05
-0.00011655806830335825
-0.00011292473513292016
-0.00013123418797038062
-9.516131180790935e-05
-0.00012199122992411868
-8.80943178092415e-05
-8.487044245713405e-05
-7.130752919036303e-05
-7.124847270855106e-05
-5.52304294573513e-05
-7.979084811416586e-05
-7.246553396206238e-05
-8.475119210133063e-05
-9.070135414958616e-05
-0.0001026176379421854
-0.00012925087721280437
-0.00011015425782825682
-0.00014283016010838644
-0.00010889368230592496
-0.0001251811031861759
-9.870193940287523e-05
-0.00011031129143213295
-8.43433125824605e-05
-0.00010038781308019566
-7.007801389114583e-05
-9.46813837029619e-05
-6.777226012752503e-05
-8.617010706758778e-05
-5.8297951530598686e-05
-9.67245472172539e-05
-7.609540170441413e-05
-8.441487099361891e-05
-9.337401843946208e-05
-0.00011702930009105874
-0.00010064139666913249
-0.0001410092872778899
-0.0001105571526508483
-0.00016350821407723617
-0.00011284001118923724
-0.00016413612697169656
-0.00012126235195571503
-0.0001694572777994261
-0.00012563821083214216
-0.00016800788489725258
-0.00013429207515736012
-0.00014501313502155778
-0.0001294419473194245
-0.00013219347487993874
-0.00011664564596808813
-0.00012281784664818185
-0.00010340669414140826
-0.00010461861457647561
-9.501637743621392e-05
-0.00010678915081315402
-0.00010533768558577565
-0.00010969636522686928
-0.0001259820041444998
-0.0001477129203317128
-0.0001605025931336413
-0.000192499851988593
-0.00019713895331696554
-0.00021253664993033079
-0.000216858567211106
-0.00021359403938617257
-0.00020727215463702236
-0.00020537890366336913
-0.0001905306544476811
-0.00017105466812989708
-0.0001724492939659245
-0.00014134081280813227
-0.00015416103382948039
-0.00012655716631528957
-0.00014792189670433985
-0.00012465708946796848
-0.00015826168846371964
-0.00016196835533061833
-0.00016851532555638715
-0.00016182054958046395
-0.00016994763927107495
-0.00015020719485869124
-0.00015260539027657963
-0.00013801221784902026
-0.00013022656460780316
-0.00013170314601688434
-0.00010285814923001148
-0.00010781596972352791
-8.007037616074735e-05
-9.190804669837984e-05
-7.817668614048569e-05
-8.518351172812197e-05
-0.00011073281814905967
-0.0001050097645879447
-0.00014929869814501485
-0.00012773212604548262
-0.00016597417095082115
-0.00015421376182832183
-0.00016832864025747934
-0.00018700497592577016
-0.0001833438910947042
-0.0001924627566868614
-0.0001885760486030957
-0.00018390721170985372
-0.00017896589560332144
-0.00017297213723845267
-0.00018016303160236211
-0.00015443518327557762
-0.00016737364017715593
-0.0001526701075987347
-0.00017270341092488019
-0.00017374249875688579
-0.00016047181929766072
-0.00017737746074780378
-0.0001614605377173319
-0.0001662841120306174
-0.0001546911014360015
-0.00017004799669662296
-0.00013740017208366219
-0.00017511202061600473
-0.00015583177186646543
-0.00017816800689494998
-0.00015997680612858754
-0.00017727389546431244
-0.00016086804022924484
-0.00018810889867832483
-0.0001917216762455853
-0.00018858084259895614
-0.00023258539273653296
-0.00021921511928859033
-0.00027864115960108326
-0.0002510420356596043
-0.00030516334987974215
-0.000288420888321777
-0.00031887412172632143
-0.0003035795499680496
-0.0003376834464641032
-0.000337258386903461
-0.00034509043878220387
-0.00034820536191449954
-0.0003599875255213839
-0.0003464802874370077
-0.0003673026702848513
-0.00034332515544682914
-0.0003619070225945889
-0.0003451243401390279
-0.0003662452838810351
-0.00034552190113602756
-0.00036259800952275216
-0.00035125500202181454
-0.0003661598592734701
-0.000358501534269981
-0.0003690209242250543
-0.00035980111725620353
-0.0003742285875559404
-0.00036064765079416635
-0.0004017053801107333
-0.00036153918649145175
-0.0004117612669993194
-0.0003738187118741045
-0.0004328260298866104
-0.0003773932494545388
-0.00043433065022565297
-0.000378883588134437
-0.00044956235033836653
-0.0003829354074035094
-0.0004572390424378639
-0.0003636620546602961
-0.00045759295322802336
-0.0003551136797017309
-0.0004583623385342548
-0.00032184444757790004
-0.0004618732145136202
-0.0003088870932891252
-0.00047418608597400475
-0.0003082137596391475
-0.0004868321764624362
-0.00030164684001525357
-0.000515467605334002
-0.000293437544749189
-0.0005403414202614035
-0.00028489096469548484
-0.0005745383475945273
-0.00028828554438087295
-0.0005985720127498662
-0.00026702627359776257
-0.0006331508714526358
-0.0002309124366882806
-0.0006670267572659681
-0.00014856716501330147
-0.0006697792858295175
-9.912439881452515e-05
-0.0006775953781275212
-6.677538820290438e-05
-0.000722224755924512
-4.525776416183097e-05
-0.0008199822458101037
-3.8570121281497356e-05
-0.0009409801569622018
-3.363932956679835e-05
-0.0010436609943381384
-3.946438501577042e-06
-0.0011292125161542833
4.174341176907577e-05
-0.001246409270588309
6.866073277517979e-05
-0.0013747044765650383
0.0003195499090340092
-0.0012588562138311967
0.0005183688257679015
-0.0012180066978250059
0.0007276212187789508
-0.0009208755309003586
0.0007602445112336925
-0.0005719964778459414
-8.357585188071687e-05
0.0761161452071106
0.09828704151298523
0.05322630628278742
0.029437580879800314
0.033720770593235264
0.08344541333016642
-0.0022739669246799312
-0.029483980916558742
-0.023647890835307092
-0.026293731118588935
-0.058551163699355716
-0.0857957925843694
-0.08154061778081938
-0.040905880569174866
-0.06293605752232734
-0.046440199912532565
-0.008285655540805476
-0.015155399287623814
0.023067354259807125
0.06627165784658709
0.05771385947740802
0.005881450231164676
0.0005164773196380787
0.028281202312878697
0.019921070789372837
0.017574592269906757
0.02101447776167709
0.017285831237646383
0.019101870318395484
-0.004373508910022192
-0.022837872660027646
-0.01296641101784883
-0.008431872916844356
-0.01776179760115113
-0.017949834153200103
-0.010369053675222471
-0.006248051646416618
-0.0019525638671974643
-0.004863413584078883
-0.007981641453012223
-0.010176473048176893
0.009496826186760919
0.011444755843088537
0.0029508669906830242
-0.002483008847419364
0.0024199173160446685
0.0018182962022697318
0.0008644409097987949
0.001420839784052834
0.0018727094953341437
0.007319234297767298
0.006094158240864685
0.00317656057194616
-0.0028825660324190336
-0.0013888191701722217
0.0010717946058633886
-0.00031558636969130206
-0.00037495709528659695
0.001224887262467879
-0.000839818104704969
-0.007023370905669459
-0.009091613608978562
-0.006982750206975344
-0.00214382669022525
0.0034945991981481725
0.004652421671350961
0.003424033259532025
0.0027081137523650056
0.00468272787767476
0.0039586652932501005
0.005679761541965979
0.005289282191708142
0.004383712069265635
0.004926272292752859
0.0028170774421653584
-0.0019102345466001382
-0.005154250081282648
-0.004983914369384405
-0.005442155944394199
-0.005815157376052758
-0.004145551346484653
-0.0030613946634051687
-0.0031576274034193497
-0.0032810374418288813
-0.0029249560176758532
-0.0019626867363164106
0.0003589217718119419
0.0017168593606594331
0.0022726115990341017
0.002444854891030826
0.0023193703860878902
0.0010882609962432998
0.00031435530804624183
-0.00028033079267533983
-0.0001471171987543133
-0.0003134241485298111
0.00038837760363086244
-0.0005209793647605173
-0.0016829325252316592
-0.0026656166181869747
-0.001980166929750197
-0.0007924310194413165
0.0005144846893502949
0.0007824835638218016
0.0010271984953154764
0.0006891968905928857
0.0014148905045209105
0.0009283299009401405
0.001442340386472447
0.0017835237488982175
0.002377561040332112
0.0015393121818521112
0.00198291598716786
0.0015972651258203507
0.0007716343151715904
-0.0002076782028480677
0.0005476635005359706
0.0007881411385033616
0.00021565970563871404
9.931633678049638e-05
0.0005577542393526803
-0.0008032201871496116
-0.00046065568784142176
-0.0007336316992538724
-0.00043871748286665045
-0.00036775271218049806
5.1462691550700334e-05
-0.0008713354829731968
-0.0003207499009860998
-0.0007334618465730392
-0.0009097886994052233
1.073396953548043e-05
-0.0002713214596557988
1.1691680687659132e-05
6.061587652274878e-05
9.480004391124229e-05
8.557631760108402e-05
9.030871845195363e-05
0.00010066003910285751
8.348144354467508e-05
3.1600823021210546e-05
2.9536398557056048e-05
6.58611382442784e-05
2.5421743830247206e-05
4.794985560446137e-05
3.741548121226698e-05
4.495291947009648e-05
-2.5274999144886824e-06
1.0938849158593236e-05
-1.2077929169130132e-06
9.541094928037716e-06
1.3103613215523146e-05
6.946207490075073e-06
1.691841076515628e-05
-8.330422179929521e-06
-2.5827503133554427e-06
-1.3318607463820467e-05
-1.702773364951077e-06
-7.830817952330777e-06
-6.505800252186775e-06
9.500418273453485e-07
-2.4558420490474286e-06
8.265058997502552e-07
2.328070855077077e-06
3.980036461537619e-06
1.6812836041874295e-06
3.0286568118353876e-06
2.5551727989361894e-06
3.866308676118784e-06
2.4912681756430696e-06
4.363132652986806e-06
4.44476000399607e-06
3.7437771405884483e-06
3.597815496096134e-06
3.146516982513236e-06
3.777199599562872e-06
2.872770024707526e-06
3.948081279871488e-06
3.586717387636738e-06
3.924007412859238e-06
3.493581949066534e-06
3.52578297396178e-06
3.686294550593116e-06
3.339671419870822e-06
3.507096280699571e-06
3.381740501238365e-06
3.550230395503089e-06
3.404761832661114e-06
3.5977360310109193e-06
3.6492185878086525e-06
3.682981256388938e-06
3.6677439913842104e-06
3.7669873106925837e-06
3.787325954623125e-06
3.7868174404371516e-06
3.878314098561633e-06
3.919510145897111e-06
4.000894396828832e-06
3.97755945593326e-06
4.067379547038072e-06
4.073558692698062e-06
4.116795661537171e-06
4.147265745943615e-06
4.198601144008666e-06
4.247869429252959e-06
4.269055463717057e-06
4.32879641626264e-06
4.359358002726859e-06
4.409170554193142e-06
4.4384824990237e-06
4.487878016442388e-06
4.52539287067893e-06
4.5648320018177885e-06
4.6083429957866605e-06
4.653907938823796e-06
4.698183111943605e-06
4.739265824012565e-06
4.787696718341406e-06
4.8307827795657145e-06
4.877013044040865e-06
4.920316424186712e-06
4.970513776671504e-06
5.016171982533731e-06
5.064051436889623e-06
5.1122368370347805e-06
5.1608763728250425e-06
5.20993249948469e-06
5.25796263239458e-06
5.3091236036656865e-06
5.358493434300105e-06
5.409659390327335e-06
5.460362472127717e-06
5.512660129573045e-06
5.564611880664114e-06
5.617194638109419e-06
5.670590356562943e-06
5.7241381923144995e-06
5.7782895869938275e-06
5.832725508736903e-06
5.888193859622699e-06
5.943719926691619e-06
6.000015721619898e-06
6.056706545260935e-06
6.114163673196676e-06
6.171880511269927e-06
6.230246281159989e-06
6.2892277707487886e-06
6.348708447518288e-06
6.408787175034151e-06
6.469362394231291e-06
6.5306636473924185e-06
6.592385357974989e-06
6.65478521915636e-06
6.717727178662768e-06
6.781309555409682e-06
6.845447299104216e-06
6.910203772821154e-06
6.975601571776273e-06
7.041582189980635e-06
7.108210603178045e-06
7.175453370472781e-06
7.243359643065855e-06
7.3118731888254564e-06
7.381054982849317e-06
7.450885408844107e-06
7.521382455528427e-06
7.592535895513354e-06
7.66436876709119e-06
7.73688641713473e-06
7.810081089292854e-06
7.883973032464043e-06
7.95855990866714e-06
8.033860157631329e-06
8.1098632176907e-06
8.18659192345977e-06
8.264044178854383e-06
8.342230541784389e-06
8.421155010256875e-06
8.500826858017412e-06
8.581254187629622e-06
8.662439385356108e-06
8.744394942032782e-06
8.827124543973105e-06
8.91063827612265e-06
8.994940199384942e-06
9.080041272110432e-06
9.165947120882804e-06
9.252665589323415e-06
9.340204299487743e-06
9.428571436802626e-06
9.517774904287341e-06
9.607821589216329e-06
9.698720772313674e-06
9.790479677908125e-06
9.883107051837826e-06
9.976610255706835e-06
1.007099849857087e-05
1.0166279601673503e-05
1.0262462136678295e-05
1.0359554639932533e-05
1.0457565736000118e-05
1.0556504205946998e-05
1.0656378528290934e-05
1.0757197945724149e-05
1.0858971104417458e-05
1.0961707203890967e-05
1.1065415189202507e-05
1.1170104440783756e-05
1.1275784117865855e-05
1.1382463598532414e-05
1.1490152390810183e-05
1.159886001934924e-05
1.1708596140347709e-05
1.1819370421824897e-05
1.1931192779704578e-05
1.2044073057586783e-05
1.2158021302036267e-05
1.227304758170207e-05
1.2389162141612222e-05
1.2506375245803579e-05
1.2624697290847573e-05
1.2744138779688423e-05
1.2864710294357312e-05
1.2986422534642055e-05
1.3109286275427083e-05
1.3233312435002783e-05
1.3358511990034451e-05
1.3484896054173265e-05
1.361247582667963e-05
1.37412626280615e-05
1.3871267871135446e-05
1.4002503084188965e-05
1.4134979908901916e-05
1.42687100870798e-05
1.4403705479054045e-05
1.453997805160313e-05
1.4677539894160217e-05
1.4816403198801456e-05
1.495658028127702e-05
1.509808356998826e-05
1.5240925613813674e-05
1.5385119076657988e-05
1.5530676744536856e-05
1.567761152532016e-05
1.582593644654805e-05
1.5975664661031314e-05
1.612680944463609e-05
1.6279384200385357e-05
1.643340245613569e-05
1.6588877869195154e-05
1.674582422571971e-05
1.690425544203299e-05
1.70641855664562e-05
1.7225628779643185e-05
1.7388599397728842e-05
1.7553111870562523e-05
1.771918078616189e-05
1.788682086894752e-05
1.805604698487223e-05
1.8226874138287292e-05
1.839931747729868e-05
1.8573392291747887e-05
1.8749114017709966e-05
1.8926498235817676e-05
1.9105560675360253e-05
1.928631721337978e-05
1.946878387832935e-05
1.9652976848478945e-05
1.9838912457648388e-05
2.002660719165885e-05
2.0216077694879214e-05
2.0407340766511278e-05
2.0600413366509166e-05
2.079531261417667e-05
2.099205579232988e-05
2.1190660345096047e-05
2.139114388367933e-05
2.159352418379184e-05
2.1797819193154793e-05
2.2004047023922138e-05
2.221222596413935e-05
2.242237447131547e-05
2.263451118235388e-05
2.2848654904304786e-05
2.3064824628465496e-05
2.3283039519269124e-05
2.3503318929684117e-05
2.3725682388032413e-05
2.3950149615667524e-05
2.4176740511839233e-05
2.4405475172661548e-05
2.4636373875618154e-05
2.486945709968824e-05
2.510474550697318e-05
2.534225996672179e-05
2.5582021532604923e-05
2.5824051471825312e-05
2.6068371237896078e-05
2.6315002502158916e-05
2.6563967125143705e-05
2.6815287192055205e-05
2.7068984977609125e-05
2.7325082987903794e-05
2.7583603919820697e-05
2.7844570708776203e-05
2.8108006481633802e-05
2.8373934611401286e-05
2.8642378663269307e-05
2.8913362456065798e-05
2.918691000100104e-05
2.9463045571957855e-05
2.9741793634349006e-05
3.0023178926241235e-05
3.0307226375229414e-05
3.05939611923657e-05
3.088340877650678e-05
3.1175594821092865e-05
3.147054520431439e-05
3.176828611173299e-05
3.206884390982538e-05
3.237224528604161e-05
3.267851710345225e-05
3.2987686561724086e-05
3.329978102960176e-05
3.3614828229540025e-05
3.393285604450045e-05
3.4253892730129985e-05
3.457796669311341e-05
3.490510673328563e-05
3.5235341789625896e-05
3.556870121778266e-05
3.590521449805119e-05
3.6244911554005185e-05
3.658782241563747e-05
3.693397758655235e-05
3.7283407656189555e-05
3.7636143720431135e-05
3.799221693652965e-05
3.8351659006111995e-05
3.871450166385284e-05
3.90807772303877e-05
3.945051802529631e-05
3.9823757003211446e-05
4.020052707786909e-05
4.05808618521848e-05
4.096479484212191e-05
4.135236031467711e-05
4.174359239595576e-05
4.213852603335722e-05
4.2537195970760496e-05
4.293963785325858e-05
4.3345887049552057e-05
4.375597992062677e-05
4.416995246634553e-05
4.4587841783306483e-05
4.500968450877815e-05
4.543551849475226e-05
4.586538102095e-05
4.629931071676793e-05
4.673734550931369e-05
4.717952482806431e-05
4.762588724995312e-05
4.80764730315178e-05
4.853132139980357e-05
4.899047346499253e-05
4.9453969106392874e-05
4.992185031667089e-05
5.0394157625248404e-05
5.087093393595088e-05
5.135222042817371e-05
5.1838060953993576e-05
5.232849733206521e-05
5.28235744007375e-05
5.3323334609512926e-05
5.382782382772067e-05
5.433708512151032e-05
5.4851165431838225e-05
5.5370108430851e-05
5.5893962183152165e-05
5.642277094182729e-05
5.695658395135465e-05
5.749544602142581e-05
5.8039407638664324e-05
5.858851413605853e-05
5.914281731171818e-05
5.970236298578522e-05
6.026720434083708e-05
6.0837387638216665e-05
6.141296753440107e-05
6.19939906742934e-05
6.258051328477841e-05
6.317258232782486e-05
6.377025570970444e-05
6.437358063209975e-05
6.498261680118396e-05
6.559741156575037e-05
6.621802657214276e-05
6.684450920717286e-05
6.747692321287129e-05
6.81153158864935e-05
6.87597532431103e-05
6.941028234242857e-05
7.006697167282047e-05
7.07298678828972e-05
7.139904216243661e-05
7.207454054696224e-05
7.275643718794838e-05
7.344477727242647e-05
7.413963820850295e-05
7.484106406291645e-05
7.554913583686758e-05
7.626389616141261e-05
7.698543001376928e-05
7.771377822460984e-05
7.844903018460782e-05
7.919122450254692e-05
7.994045548128867e-05
8.069675902057719e-05
8.146023490591308e-05
8.22309157653793e-05
8.30089075196409e-05
8.37942388742987e-05
8.45870226331754e-05
8.538728282852723e-05
8.619514000255887e-05
8.701061264998998e-05
8.783383002797934e-05
8.8664804099357e-05
8.950367395615532e-05
9.03504438816284e-05
9.120526408630363e-05
9.206812985237262e-05
9.293920397961813e-05
9.381847122857186e-05
9.470610867239106e-05
9.560208880435555e-05
9.650660489843484e-05
9.741961517088175e-05
9.834133131299792e-05
9.927169494188502e-05
0.00010021093871850038
0.00010115898498147015
0.00010211609029787787
0.00010308215463701587
0.00010405746184910135
0.00010504188598181932
0.00010603574201076878
0.00010703887411501155
0.00010805163240356123
0.00010907382700679221
0.00011010584811283353
0.00011114746625643301
0.00011219911787915642
0.00011326052734307156
0.00011433218451341971
0.00011541376020710666
0.00011650580529833175
0.00011760792861015756
0.00011872075069390548
0.00011984381023531448
0.00012097780663743499
0.00012212219713308092
0.00012327777318104803
0.00012444389709011282
0.0001256214655606854
0.0001268097327340263
0.0001280097145823692
0.00012922054266330946
0.0001304433686492272
0.000131677183067518
0.00013292329266344232
0.00013418052534070854
0.00013545036746640655
0.00013673145842417076
0.00013802549118734856
0.00013933088696362354
0.00014064957759014885
0.00014197973033782513
0.00014332355444807913
0.00014467892451395516
0.0001460483672645486
0.00014742942519114849
0.00014882498251321237
0.00015023220757260183
0.00015165438482328823
0.00015308826131858028
0.00015453758004239817
0.00015599859776693574
0.00015747559574028915
0.00015896425386138107
0.00016046947741321085
0.00016198628557781989
0.0001635202953567678
0.000165065766566607
0.00016662913469470911
0.00016820378802206808
0.00016979709686560393
0.00017140145187084164
0.00017302529667142136
0.00017465988149374374
0.00017631487036264129
0.00017798022688506716
0.00017966698248823713
0.00018136365240801949
0.0001830828211250758
0.00018481134608672374
0.0001865636157864986
0.00018832449211796635
0.00019011068285675146
0.00019190419122678079
0.00019372570585392745
0.0001955511255519088
0.00019740710808104626
0.00019926599662449388
0.00020115628802761106
0.00020305031428506263
0.0002049757677944641
0.00020690716414109114
0.00020887207548179586
0.00021084343531062872
0.00021284846411025974
0.00021485420398202067
0.00021690012652212287
0.00021894261152946977
0.00022102594438340055
0.00022310406459827823
0.00022522760846750508
0.00022733777858859392
0.00022950040821008522
0.00023164125470192151
0.00023384415661469778
0.0002360225732337189
0.00023827157274780317
0.00024049031234673655
0.0002427855417145867
0.000245046788902846
0.0002473928052229053
0.0002497022491192593
0.00025209915723547246
0.000254458417353081
0.0002569017474097325
0.0002592987377353265
0.00026179260684518614
0.00026421405994414007
0.0002667701336449002
0.0002692125905125072
0.0002718371324084136
0.00027429556855003716
0.0002769740145888863
0.00027946141197248125
0.0002821802903731304
0.0002847151183152514
0.0002874830791488334
0.0002900650524302072
0.0002928995921066598
0.0002955385274216432
0.00029845590608074883
0.0003011378717287659
0.000304163449133771
0.000306867526606365
0.00030999505788178734
0.00031271261999884364
0.00031592337254012675
0.00031867366924991124
0.00032192768086936047
0.0003247660627908943
0.00032795766124412513
0.00033099626118378945
0.00033392775955747587
0.0003374559520037486
0.00033960223634338913
0.0003444585071247587
0.00034437649882070715
0.0003534007992469565
0.0003468008021447499
0.00033806093047383036
0.0003332963623970848
0.0003065207954787394
0.00030801689783977425
0.0002706155153999923
0.0002843271655844651
0.0002724515618057893
0.0003160121238843097
0.00033140664600043253
0.0003447246566509065
0.0003673023387839084
0.00038247404897254515
0.0003985360834982065
0.00039988953064490194
0.00042417075254379277
0.0004110065023785249
0.00039718454045864114
0.0003765863932776003
0.000328100292695419
0.0003310760340505866
0.0002946492863471138
0.00029638692243017043
0.00027454776192004847
0.0002549421610190799
0.00024367087369636295
0.00022878233364668598
0.00022875031714223836
0.00023684943290390036
0.00024687440488675196
0.0002452176953716632
0.0002673021179567344
0.0002483419802000971
0.0002623651615143895
0.0002720383723102877
0.0002759235101441873
0.0002912683200726768
0.00028409560120586856
0.000303778016464738
0.0002909490353295857
0.00031201319645519595
0.0002974627216262584
0.0003339752712150613
0.00029452863345405295
0.00032582783367086725
0.000272616792460082
0.00028969676875098674
0.00023838685074310497
0.00024919609774825863
0.0002019909045894578
0.00019448212519446065
0.00016222525956430709
0.00016397854925477814
0.00013942867372433417
0.0001335428228411772
0.00013053158341202548
0.00013942012542857173
0.0001079891995542502
0.00013888744813699862
0.00010928824922516957
0.00012570670646221095
9.362540397027407e-05
0.00011807191767235155
9.148569381081889e-05
0.0002752660968430609
0.00030560289217790234
0.0002588660732808684
0.00025079999330699255
0.0002330150169971916
0.00023034134326568216
0.0002336180217089976
0.00022897424970334015
0.00023308921649358761
0.00023709450310153095
0.00022770268950438358
0.00023784936727523265
0.00022758813489773315
0.00023177155376964185
0.00022361357141132416
0.00022941499926420244
0.00022286313844389755
0.00022258693738860222
0.00022085293771425854
0.00021417384833747417
0.00020893488719156273
0.00020427503509912667
0.00019311103733521658
0.00019330059302059363
0.00018281658124066845
0.00017952347180870973
0.00017274538294216542
0.00016522495997903466
0.0001647000611842428
0.00015673304180472704
0.00015956464607495025
0.0001504112229986795
0.0001517139856910483
0.00014586535986734958
0.00014577402418513498
0.00014026305113901827
0.00014961466273593274
0.000141882630050995
0.0001452247435478051
0.0001462897408443328
0.0001486680869128501
0.00014702379206623783
0.00014207741241898568
0.000144510207576061
0.00014017147257957207
0.00013279669031194651
0.00013522787818223052
0.00012365454223596544
0.0001286720461674036
0.00010991354084635002
0.00012177888718558602
0.00010658401997911618
0.00010921693800347605
9.289159255941956e-05
9.238866542651732e-05
7.31638617963899e-05
7.451213669466632e-05
6.012673835868249e-05
6.235500088999551e-05
4.752013140365055e-05
5.7894464536709404e-05
4.458472245965881e-05
5.231237511135696e-05
4.509422843500596e-05
4.3907215826680676e-05
4.052293720022311e-05
4.855489890723312e-05
3.9017665527699326e-05
4.305777957411901e-05
3.175307704441954e-05
3.7478591634504594e-05
2.785388883913865e-05
2.8365840604363275e-05
2.747406072149878e-05
2.4844980717674654e-05
2.6672148919049772e-05
2.2684813246929463e-05
2.6654253652348507e-05
2.3661406059910783e-05
2.4945161298617352e-05
2.1760383942366298e-05
2.4063643899319853e-05
2.1566401538785122e-05
8.118346789455543e-06
1.40991136650886e-05
1.2370405955028862e-06
-5.580598925531739e-06
-9.762068864237032e-06
-2.246782587470909e-05
-2.6568259760966298e-05
-3.772422569940702e-05
-4.0008652447215436e-05
-4.958108715728254e-05
-4.821003624158992e-05
-5.004608057800514e-05
-5.074754017479348e-05
-4.7955664479107775e-05
-5.310027918987867e-05
-4.455030607759499e-05
-4.8667499994171784e-05
-4.064782868924162e-05
-5.224154794931761e-05
-3.576826560628988e-05
-5.211672739215768e-05
-3.7349456906650967e-05
-5.346974091863119e-05
-3.948649298570484e-05
-6.023712009001935e-05
-4.799617692552885e-05
-6.234401430258338e-05
-5.297648527468669e-05
-6.43474042274167e-05
-5.6221503936849406e-05
-6.573351205703485e-05
-5.509641111772621e-05
-6.128063033546924e-05
-5.567140101004684e-05
-5.676924102629248e-05
-6.276819848582228e-05
-6.548079970971544e-05
-6.306668387726284e-05
-6.996964650791141e-05
-6.876988640966566e-05
-8.231320287599954e-05
-6.936801645004954e-05
-8.935367154891955e-05
-7.926660589549478e-05
-9.023505680456364e-05
-8.544250440261519e-05
-9.476852136361825e-05
-8.93401676953729e-05
-9.583267667868394e-05
-9.079510728039614e-05
-0.00010147703317151006
-9.274978760131467e-05
-0.0001044316528443671
-9.696275247928507e-05
-0.00010680411207667921
-9.673192087764776e-05
-0.00011173399272224212
-0.00010630312834947772
-0.00011266094058770684
-0.00011334214693769248
-0.00011341106332463799
-0.00012168017937398638
-0.00012351539307188893
-0.00012630146602835403
-0.0001396825394978308
-0.00013572892278949884
-0.0001482152043450611
-0.0001491431070783734
-0.00015248282460845688
-0.00015708514929318117
-0.00015652089939818814
-0.0001553857970223504
-0.00016032672863992874
-0.00015399081790457735
-0.00016010186221710842
-0.00015461364632111594
-0.0001592481195886429
-0.00016037650050270726
-0.0001602422489650847
-0.00016406168655871788
-0.00016723697643773435
-0.0001824687567221476
-0.00017633666489589976
-0.00019515728537610605
-0.00019757179003917894
-0.00020846701130689026
-0.00021281585770444072
-0.00021131624118609133
-0.00021946246752717354
-0.000215920992727903
-0.00021723533621229778
-0.00021650155713593788
-0.0002145084017367014
-0.0002126679731762806
-0.00021355271782414614
-0.00020776023104102402
-0.00021399570989919151
-0.00020584710908878355
-0.00021996665504635737
-0.00021082545788193586
-0.00022163203054629247
-0.00021616560166740718
-0.0002222833302429198
-0.00021335502339654927
-0.00022553427058837657
-0.00020891160549417427
-0.0002186498154757973
-0.0002090887930834931
-0.0002146847676678655
-0.00020488868435237064
-0.00020148547001382165
-0.0001929671339425186
-0.00019178798463836098
-0.0001887221157548907
-0.00018722069153741206
-0.00018726103679821918
-0.00018938444462827117
-0.00018855363358080647
-0.00019712275027262863
-0.0001957357424292182
-0.00019946184333391505
-0.00020339166562269642
-0.00020773885176001827
-0.00021170446032196995
-0.00021679151675285094
-0.00021601176912406468
-0.00022020207813068981
-0.00022068786075612264
-0.00022432951193936644
-0.0002236999124749874
-0.00022615472775345147
-0.00022755719808225825
-0.0002221419061505717
-0.00023111532909786774
-0.00022387134244575757
-0.00023235002934167518
-0.0002283198188409261
-0.00023669246459142462
-0.0002324353777703091
-0.00024236716180626604
-0.00023578519223271138
-0.00024944309960069994
-0.00024165905400631057
-0.0002518489804898379
-0.0002511186680874516
-0.00025445798027806665
-0.0002628549445180747
-0.00026730550772457843
-0.0002633707602795423
-0.0002816765788349974
-0.00027553744413866884
-0.00029082057656857995
-0.0002844596833419922
-0.00030167338256607487
-0.00029621092508117213
-0.00030687981556187186
-0.00030309825528492245
-0.0003174693013452039
-0.000310083700759709
-0.0003273137242514922
-0.00031867082345018354
-0.00034125792016082566
-0.00033453597386346205
-0.00035198535464736353
-0.00034334018538874096
-0.0003608857734454249
-0.0003531979055639335
-0.0003626216735855756
-0.000351398476544521
-0.00037298389314652583
-0.0003520633705394344
-0.00037560768050511235
-0.00035217541081896536
-0.00038028678040315765
-0.00035380287466266674
-0.0003910833516944152
-0.0003609407974972638
-0.0004098798839693686
-0.00037252881886444664
-0.00042814365707713356
-0.00037742950902499775
-0.00044390454919376947
-0.0003972992666459506
-0.00044839211657300704
-0.00040319688961394185
-0.00045680126578114737
-0.00039752762145754835
-0.0004719794285178748
-0.0004044771869480189
-0.0004725211091144912
-0.0003839464028006066
-0.0004649770770988759
-0.00037120102018360526
-0.0004693671135289055
-0.000356876076539792
-0.00047271181830937996
-0.00033856914702743986
-0.0004962432816084062
-0.0003693056169482747
-0.000536435713325226
-0.00038393315500313797
-0.0005913847657778369
-0.00043929748599905063
-0.0006656602303764849
-0.0004404195616984954
-0.0006870103897656198
-0.0004258529778443823
-0.0006935962625723817
-0.0003287642959202767
-0.0006361594522550838
-0.00029596748739000515
-0.0006920342983943211
-0.00015303801790006775
-0.0005774804553709259
0.00010626396658026622
-0.0009487601555794951
0.001435225127393466
0.024488828895984305
0.03107944718610682
0.023191154115956063
0.019126920216160866
0.019466198269216063
0.023341988324858967
0.011674974772766168
-0.0016316002830735533
-0.0030233993418828623
-0.015329306751153729
-0.0207507101810742
-0.029274002182147568
-0.030540155193323433
-0.007039187485847153
-0.005913383952797334
-0.02649270807643392
-0.023988753946050958
0.000857440403402798
0.013441167827931796
0.01538861799725242
0.0152288198794552
0.014392950538919425
0.007215231577857344
0.002177659169999341
0.0025393813226787625
0.009388754572403894
0.010371061841047705
0.003533413738316311
-0.004873661161150656
-0.007086992912367512
-0.00279558180516943
-3.192026755099577e-05
-0.0019036264761431872
-0.002658046196073024
-0.0018460474751050174
-0.0035051946505681606
-0.006253750936291078
-0.0027223093880605143
0.0027551641253123664
0.0025267427791464737
-0.001867282033034305
-0.0027797371166713913
0.0016558449423564156
0.003391105813586884
0.0011553743809546903
-0.001272538103909039
0.00025870100811773886
0.0028070006301231932
0.0036989642758814955
0.0021429326467242117
0.0017343990452916166
0.0018126005091380084
9.455840137360846e-05
-0.0001143192550987945
0.001775428726592579
0.00373086982804604
0.0018071596960602923
-0.0023891152321954367
-0.005291877105337567
-0.003999618159616263
-0.0016643008077635911
3.4523308296350323e-06
0.0008780279473399233
0.0012086261483012805
0.0004413039701285683
-0.0006350698119171168
0.0005894848806655175
0.003587519270232449
0.005320749244393688
0.004000934922550313
0.0014256471176846367
0.0001950014131117795
-0.00010198849403309155
-0.0008556279461918714
-0.0013899197293015322
-0.0012193287428392027
-0.00133340022746669
-0.0022224846366635954
-0.0028042597244590283
-0.002293557716051094
-0.0010653926174250272
-0.00025886451440168936
0.00020716097842766993
0.0008780939917310809
0.0017358203707930886
0.0018721106946364904
0.001227057632344374
0.00043355727472719433
0.00022368463646825262
0.00022728892067082047
-3.556087653865124e-05
-0.0003322743845147202
-0.0005471680094884147
-0.0012993524396704699
-0.0023152755195082566
-0.0026740709476366976
-0.0016075164142343706
-0.000580423212268398
-7.620225583402105e-05
-0.00020284609989890234
-0.0004149156017417292
6.610511084107734e-05
0.00033029748051515903
0.0009974129323874945
0.001720465407938591
0.001780734176522455
0.001117040983219967
0.0003149140574975273
-0.00013797667558482435
0.0003049746166420863
0.00024236471930193484
0.00028292836524440845
-3.2421953121659986e-05
-0.0006777662562593505
-0.000875187641984251
-0.0006563135722345072
-0.0007088158887882325
-1.845745891931446e-05
-1.9140741923700478e-05
-1.5825795627213626e-05
-8.18212198528044e-05
3.682527498027714e-05
5.5267667214043575e-06
4.749287890271875e-05
2.021732573664946e-05
8.25654294222251e-06
-3.038683232916634e-06
-1.2776593226543546e-05
-4.8166536401255755e-06
1.296603204530483e-05
3.606187173243872e-05
4.241199401930926e-05
1.9624155113374768e-05
3.599039396722122e-06
7.747510240520793e-06
2.3153342610745018e-05
2.9590862115936196e-05
3.405711293336413e-05
2.0005544238177605e-05
1.6107922056982836e-05
-2.2150688294689036e-06
-3.3394190888112377e-06
-5.850825245762764e-06
2.832252989940035e-06
1.0782875871735362e-06
-2.258103238590844e-06
9.883907997631808e-07
2.3060141499992346e-06
4.121846002612742e-06
3.990823449324509e-06
4.823021520391254e-06
3.977410056427947e-06
4.37093341193676e-06
3.900717885416897e-06
4.10459237211024e-06
4.910917214421688e-06
5.77542283187126e-06
5.8751172074767094e-06
4.861974148790178e-06
4.752144985613736e-06
4.870024434855803e-06
5.600283102811187e-06
5.535173243394531e-06
6.037159218172389e-06
6.0695282470080245e-06
6.1284145305635e-06
5.852520198772361e-06
5.726130590622252e-06
5.958558313727051e-06
5.904233893243508e-06
5.90412339876594e-06
5.780872450410543e-06
5.937862707415889e-06
5.987425936748649e-06
6.079342565384202e-06
6.130748012969555e-06
6.182341270491632e-06
6.245269243001651e-06
6.29275313226307e-06
6.34265963939492e-06
6.383433933255569e-06
6.502546720001322e-06
6.5790319290538824e-06
6.642417618935725e-06
6.664105850495452e-06
6.737606507911751e-06
6.803423508920786e-06
6.867627778618939e-06
6.930997588937052e-06
7.004074707294505e-06
7.085975430646659e-06
7.143669097010046e-06
7.213418828038603e-06
7.278843275962724e-06
7.356844890240156e-06
7.4220146123953165e-06
7.488886768057686e-06
7.557440159243088e-06
7.629034944822363e-06
7.703214470231387e-06
7.774747217735559e-06
7.848700177756943e-06
7.921657839443923e-06
7.998367807595958e-06
8.072175968531657e-06
8.147617405890426e-06
8.224169976397169e-06
8.304195218687672e-06
8.38304708656104e-06
8.46146956354927e-06
8.54141354873463e-06
8.622442462827512e-06
8.704416376812535e-06
8.785806178261007e-06
8.869239858224617e-06
8.953187245450286e-06
9.038265174304854e-06
9.123441203781247e-06
9.209785596092234e-06
9.297138928208512e-06
9.385204125215976e-06
9.474060015464533e-06
9.563463213630515e-06
9.654003810782662e-06
9.745316727853115e-06
9.837640100548935e-06
9.930609256403826e-06
1.0024572090791567e-05
1.0119447143344733e-05
1.0215235300709523e-05
1.0311806728330477e-05
1.0409290051382125e-05
1.0507825356157184e-05
1.0607263421505544e-05
1.0707622091523115e-05
1.0808870227514597e-05
1.0911173190941383e-05
1.1014408001373165e-05
1.1118615613585605e-05
1.1223783447104457e-05
1.1329975700781237e-05
1.1437180057005742e-05
1.1545377972136702e-05
1.1654606563836628e-05
1.176486122040891e-05
1.1876182348530318e-05
1.1988542194620433e-05
1.2101967341648418e-05
1.2216454733019468e-05
1.2332036576097934e-05
1.2448713015662775e-05
1.2566489043142043e-05
1.2685376867723421e-05
1.2805392149858285e-05
1.2926549065765542e-05
1.304884477558421e-05
1.31722972194565e-05
1.3296917413451186e-05
1.3422722234504212e-05
1.3549713236755804e-05
1.3677905072147895e-05
1.3807310237373346e-05
1.3937941396201063e-05
1.4069808175663724e-05
1.4202920731947483e-05
1.4337293838438778e-05
1.4472937884987358e-05
1.4609866223102208e-05
1.4748088711332092e-05
1.4887619316443122e-05
1.5028469959830511e-05
1.5170653819093706e-05
1.5314182615126142e-05
1.545906884307614e-05
1.560532606699217e-05
1.575296718711079e-05
1.5902005305916444e-05
1.605245291243793e-05
1.6204324146675724e-05
1.6357632329296664e-05
1.6512391088507465e-05
1.666861368390817e-05
1.6826314334140806e-05
1.698550712176579e-05
1.7146206026212368e-05
1.7308425223762185e-05
1.747217908110506e-05
1.763748233904969e-05
1.7804349485398718e-05
1.7972795375497286e-05
1.8142834846243274e-05
1.8314483099539906e-05
1.848775531328379e-05
1.866266684810284e-05
1.883923318490296e-05
1.9017469989421483e-05
1.919739312109698e-05
1.9379018488855377e-05
1.9562362200033055e-05
1.974744048725076e-05
1.99342698183027e-05
2.012286673088145e-05
2.0313247941750417e-05
2.0505430323181705e-05
2.0699430941820016e-05
2.0895266997073277e-05
2.1092955837044504e-05
2.129251499583321e-05
2.1493962171751648e-05
2.1697315235608795e-05
2.1902592204857508e-05
2.210981128601542e-05
2.231899085283317e-05
2.2530149457983847e-05
2.2743305822354673e-05
2.2958478843526766e-05
2.317568760402738e-05
2.339495136231278e-05
2.36162895651326e-05
2.383972183202781e-05
2.406526797906378e-05
2.4292948002323754e-05
2.452278209579906e-05
2.4754790633186403e-05
2.4988994190248612e-05
2.5225413530885834e-05
2.5464069623177177e-05
2.5704983624024038e-05
2.594817689892406e-05
2.6193671008258477e-05
2.6441487725197617e-05
2.6691649018351966e-05
2.6944177074706113e-05
2.7199094280277902e-05
2.745642324547784e-05
2.7716186780618238e-05
2.7978407926734013e-05
2.8243109926617946e-05
2.851031626060875e-05
2.8780050612225015e-05
2.9052336909454225e-05
2.932719928476111e-05
2.960466212235523e-05
2.988475001227734e-05
3.016748780373981e-05
3.045290055237906e-05
3.074101358160692e-05
3.103185242183374e-05
3.132544287991299e-05
3.162181096934746e-05
3.192098298986047e-05
3.222298544699629e-05
3.252784514313524e-05
3.2835589084991284e-05
3.3146244587577796e-05
3.345983916762789e-05
3.3776400663095756e-05
3.409595711001824e-05
3.4418536879571516e-05
3.4744168536459275e-05
3.5072880996020635e-05
3.540470336095721e-05
3.5739665101618546e-05
3.607779586833659e-05
3.641912569781021e-05
3.6763684797480454e-05
3.711150378232848e-05
3.746261342629098e-05
3.781704493446639e-05
3.8174829657286154e-05
3.853599940250739e-05
3.890058610651144e-05
3.9268622192246554e-05
3.964014019203411e-05
4.0015173157537044e-05
4.039375422611267e-05
4.077591709202076e-05
4.1161695507571736e-05
4.155112382395881e-05
4.194423641768223e-05
4.234106831129216e-05
4.274165451501786e-05
4.31460307389758e-05
4.355423263602645e-05
4.396629661943552e-05
4.438225899341204e-05
4.4802156892048434e-05
4.522602727961215e-05
4.565390802828938e-05
4.608583677029234e-05
4.652185213531706e-05
4.696199243114612e-05
4.740629706438451e-05
4.785480502506772e-05
4.830755651857334e-05
4.876459122362905e-05
4.9225950166080544e-05
4.969167371853011e-05
5.016180375157914e-05
5.063638133594368e-05
5.1115449212835564e-05
5.159904915386454e-05
5.2087224798333815e-05
5.258001862041596e-05
5.307747518720155e-05
5.3579637674970766e-05
5.40865516109653e-05
5.459826087163451e-05
5.511481197930084e-05
5.563624950547224e-05
5.6162621005748786e-05
5.669397173967009e-05
5.723035033790378e-05
5.777180273712967e-05
5.831837868884625e-05
5.887012479271721e-05
5.942709197164018e-05
5.998932746949844e-05
6.055688343612256e-05
6.11298077361367e-05
6.170815380841148e-05
6.229197010865217e-05
6.288131143316234e-05
6.347622679276797e-05
6.407677241813666e-05
6.468299783125072e-05
6.529496078234694e-05
6.591271125197355e-05
6.653630860587129e-05
6.716580322008777e-05
6.780125618358418e-05
6.844271819285907e-05
6.909025218117455e-05
6.974390907703797e-05
7.040375379435075e-05
7.106983738925927e-05
7.17422269106628e-05
7.242097342012206e-05
7.310614627567091e-05
7.379779640078593e-05
7.449599566051784e-05
7.520079467285951e-05
7.591226803389448e-05
7.663046586136449e-05
7.735546573712219e-05
7.80873170516856e-05
7.882610066231886e-05
7.957186496892652e-05
8.032469443381568e-05
8.108463616098537e-05
8.185177859362791e-05
8.262616718574499e-05
8.340789478989384e-05
8.419700480068008e-05
8.499359496909765e-05
8.579770615687416e-05
8.660944157207846e-05
8.74288389966036e-05
8.825600773372869e-05
8.909098185425589e-05
8.993387748650918e-05
9.078472426133147e-05
9.164364596760339e-05
9.251066695573941e-05
9.338591963045997e-05
9.426942209385983e-05
9.516131646067089e-05
9.606161346855692e-05
9.697046619464857e-05
9.788787672790816e-05
9.88140105440217e-05
9.974885960244007e-05
0.00010069260342305853
0.00010164522213288547
0.0001026069111818702
0.00010357763690485052
0.00010455761284313797
0.00010554678928492971
0.00010654540034345066
0.00010755337766600188
0.00010857097878069516
0.00010959811371053516
0.00011063506666243684
0.00011168172260496621
0.00011273839616540515
0.00011380494331367049
0.00011488171339334911
0.00011596852884114407
0.00011706577864479051
0.00011817324649596224
0.00011929136668341155
0.00012041987816329745
0.00012155926701662851
0.00012270922057851295
0.00012387028417528838
0.00012504208560808793
0.00012622523800299016
0.00012741930053475237
0.00012862496394941403
0.00012984170834754667
0.00013107031337013497
0.0001323101680375334
0.00013356215383133072
0.0001348255548983885
0.00013610136942360872
0.00013738876083268413
0.0001386888610788944
0.0001400006946616376
0.0001413255468975122
0.00014266228244234566
0.00014401236247918475
0.00014537446778968815
0.0001467502612627434
0.00014813821220249854
0.00014954021487329546
0.00015095449539408775
0.00015238321347661125
0.00015382431562898768
0.00015528026614131368
0.00015674869006489624
0.00015823240120933833
0.00015972865510137076
0.00016124066667612662
0.00016276526672975942
0.0001643061305798615
0.00016585960088742074
0.00016742988140042137
0.00016901275382099745
0.00017061302847010996
0.00017222584244918363
0.0001738567023984311
0.0001755000047073737
0.00017716205558448517
0.00017883639978942458
0.00018053026205868284
0.0001822362089237493
0.0001839625189521602
0.00018570063544800586
0.00018746004669659665
0.00018923090532563507
0.00019102408908410742
0.0001928282673180732
0.0001946559137811746
0.00019649399352003797
0.00019835681291751532
0.00020022937979629306
0.00020212810360330181
0.00020403574518669564
0.0002059711286954871
0.0002079144333612474
0.00020988725758405518
0.00021186681304676165
0.0002138778859692569
0.0002158942784332567
0.00021794443695929023
0.00021999824939064616
0.00022208836333565505
0.00022418017143695723
0.0002263111466429044
0.0002284415162785952
0.00023061429619532952
0.00023278378135344806
0.00023499935142752028
0.00023720849030426814
0.00023946788475477502
0.00024171719343187495
0.0002440214991800916
0.00024631146859295234
0.0002486618307058066
0.0002509929203524133
0.0002533905473649004
0.0002557631815612153
0.0002582093533141453
0.00026062391156709126
0.00026311999327490614
0.00026557679841313943
0.0002681242492710802
0.0002706235606615841
0.0002732239406362105
0.0002757659420463013
0.00027842092427754917
0.00028100571181593776
0.00028371709954786833
0.0002863446617462561
0.00028911441469006585
0.00029178461079818515
0.0002946148624116192
0.0002973274026832376
0.0003002204696871576
0.00030297490380440275
0.0003059333120490516
0.0003087290244381456
0.000311755491069985
0.0003145917602410837
0.0003176890055752441
0.00032056555868653343
0.00032373535746480636
0.00032664803002374827
0.0003298963968050585
0.00033284343658826043
0.00033617488936630864
0.00033915599580150777
0.0003425746923496435
0.00034558785494303944
0.00034909831380421227
0.00035213989317442804
0.0003557487135329502
0.0003588132389564766
0.00036252832458032744
0.00036560972912955857
0.0003694360297040917
0.00037252944169851763
0.00037647334904714524
0.0003795741136280825
0.00038364372950836336
0.0003867430476968734
0.0003909500961692468
0.00039403624331309196
0.0003983954036853012
0.00040146038802083846
0.00040598466464267593
0.00040901844982595245
0.00041372321880194147
0.00041670862678272247
0.00042161145327759
0.00042453077918115265
0.0004296496757143145
0.0004324925707413392
0.0004378442674059135
0.0004405923386466032
0.00044620309475116226
0.0004488306413735399
0.0004547282763621737
0.0004571985294665362
0.0004634213409351825
0.0004656965216640106
0.0004722816921857093
0.0004743358605996542
0.00048132176767505617
0.0004831237805555261
0.0004905580758809252
0.0004920676300845248
0.0005000012501530058
0.0005011602794289404
0.000509662158780209
0.0005103935101577141
0.0005195476553111738
0.0005197776233103522
0.0005296853437188817
0.0005293108844654185
0.0005401099077558332
0.0005389161459377627
0.0005508549551183977
0.0005484826059736828
0.0005620775507144216
0.0005577417972842971
0.0005741857162231118
0.0005658365967811039
0.000588919519648822
0.0005708724785653276
0.0005682499728797154
0.0005541672493878562
0.0005429977063195277
0.000529826906832885
0.0005257136480265108
0.0005109270421539407
0.0005128365826735569
0.0004942802861384498
0.0004948000989228713
0.00048066278175544366
0.0004730676437006949
0.00046120260290933126
0.00045297346730834985
0.0004399703225342705
0.00042896238874800814
0.00041688326696454254
0.00040494944162744787
0.0003978193393854529
0.0003905630349695896
0.0003845060352028637
0.00038203267281169116
0.00037548087940190116
0.0003783476007665857
0.0003738975896658866
0.00037761391255255203
0.0003724160895008213
0.00037728800959328616
0.0003642990882196035
0.00036635140349838293
0.0003567843422860092
0.0003537283892843337
0.0003450252945126368
0.00033762166800269106
0.0003299473434065399
0.00032565265650014586
0.00031065790792863054
0.00030484143885046143
0.000298677266105479
0.0002898866411396757
0.0002905648690665545
0.000279200776555322
0.0002840699566245951
0.00027674701943332483
0.0002830660553608175
0.0002823823686945798
0.0002883211415614196
0.00029258245193762415
0.00029254296217986266
0.0002879824028158628
0.00029388046337241254
0.0002897670957030544
0.0002891813931353127
0.00028336577355260847
0.00028297993979036184
0.0002740651877590116
0.00026798708143286514
0.0002594522079286739
0.00025672922310959474
0.00024876346857458987
0.00024538445747117733
0.00024108415822552375
0.0002332871867667614
0.00023972141359561878
0.00022296199603044365
