0.00047274818607758405
0.0005251396812402157
0.0005283137888859197
0.0005556673434587091
0.0006379324723019026
0.0006683187923014772
0.0007495487613332161
0.0006964438920958596
0.0008260408293192258
0.0007680769880446571
0.0008281820468485006
0.0008151663508760461
0.0007848827123922853
0.0007970116075101444
0.00081193764144668
0.0007777138057814717
0.0007667286636453686
0.0007881153524709221
0.0008812139157678696
0.000759958469874858
0.0009044574914343826
0.0006058473070277501
0.0007550243243788901
0.0005675673891756684
0.0006489444169327232
0.0005979363112831172
0.0006821464575415583
0.0005524514790735623
0.0006582105515587019
0.00048568825403278717
0.0006208943454934239
0.0005362807077354784
0.0006912910147764491
0.0006717593795181667
0.0009144139750046862
0.0006527633812860417
0.0017032494795627333
0.0011238640115707977
0.0015504235026636605
0.0018333069359455678
0.0016823028591963036
0.0010728496325514945
0.0020283421718300574
-0.0011778683797932506
0.0004318839678704487
-0.0016244971109562545
0.0004696970198177248
-0.0006533802877328682
0.0010907344962086266
-0.0008931122797267185
0.0023774146816621542
-0.0022546593984146797
0.005920157558587106
-0.007852176369024274
0.01535549779430792
-0.026934367719011455
0.08855007775009106
0.21464081459234452
0.15779308174374387
0.2747165893876789
0.3548716686517609
0.20681285752799927
0.21432341249596765
0.00770703746158952
-0.4271559332021029
-0.34947758599000756
-0.3904483556928046
-0.05570607417523286
-0.14012884708653672
-0.06794989077911973
-0.16590136223517887
-0.08304040061759571
-0.03904670970363376
0.07455639207448592
0.06921237923467158
0.13772680096228326
0.05746183565349568
0.12228889669271223
0.07823025438414588
0.1019048398803415
0.10349829069097324
0.05882647634775583
-0.01813104565150858
-0.029941804018813224
0.028207199640379006
0.0423048244041419
-0.05191554445775817
-0.10541069740902284
-0.05273150907831141
-0.048169471465715055
-0.026007743580639453
-0.03725471167765366
0.027028460046016098
-0.010230211596325844
-0.011262686544874577
-0.04455876145759774
-0.014360308376212208
-0.02156527478189383
-0.008672865077470086
0.03612399902829432
0.06002907938495154
0.04870161832854544
-0.007575915029700895
-0.0046401511746979145
0.003305392504562356
0.031081463393423388
0.03053528874055956
0.039151208075870095
0.02880722405610525
-0.00357189246483671
-0.026239188841203822
-0.023950272752310736
-0.00514564957745214
-0.001492524735532098
-0.021874568816512948
-0.022565162003157842
-0.014301225349664028
-0.002606933901974526
-0.015991074769562384
-0.017108968112099658
-0.008809274226993798
0.003352015660910834
0.01624593092083801
0.029881049154378437
0.04037544101962357
0.01811680791278107
0.0033941590309919537
-0.0032116501037091688
0.002637641205224054
-0.007348480970089513
-0.0052582296998388185
-0.008023878443733371
-0.0050821222867531764
-0.017796319960039914
-0.02216785033963921
-0.021333849282881498
-0.010625907758044444
-0.004522662482188789
-0.0023077379446785253
0.0069129582789079925
0.015369800010842635
0.012515245408863177
0.006150626354494223
0.005434922884817632
0.00541963625471652
0.007248357100301656
0.006198700508831315
0.0018127367590456019
-0.00021196036273650164
-0.0023840442030588823
-0.003517982300195371
-0.002620795409520999
-0.0006426251502934882
0.00016772570475229604
-0.0006238278213009014
-7.807578015993951e-05
-4.8178188598329376e-05
-0.0018314976165884908
-0.0016455970564169097
3.4546203121941e-05
0.0020577379642552495
0.0013924785374598218
0.0017704979524730369
0.0014674765021318145
0.0024140628968063386
-0.0018046273901219938
-0.0018743846884998572
-0.0009532267389584665
0.0008672260932049685
0.00046856646224832763
0.0024195667128203567
0.003013990206721882
0.002894614548141489
0.00029163073106153615
0.0004122689092753934
-0.0008346447136507783
0.001731502126392333
0.00043061807285120664
0.00484241084608199
0.00837309479273412
0.0001149526262357967
-0.0043514796461894545
-0.005911148182272983
0.003922586110616927
0.0014564181780905663
-0.007781390580519532
-0.00987809810821844
0.001562625453145749
0.0071163338694407805
0.004837002827219667
0.002488190581547806
0.0018232426862132465
0.0004815538507785544
-0.003036524627257439
-0.0008362400038138297
0.0034979613499966557
0.005143555659944392
0.003988994911287333
-0.0025629528691106856
-0.0034835335488633784
0.0021763383998769418
0.0006095728586175677
-0.0014401054969796993
-0.001455933920838954
-0.0010897862597041477
-0.001850726105535795
0.0008795734445371474
0.0012056191255281987
-0.0008070498334730386
-0.0006230488995033466
0.0003249406913511352
0.0006375377462601833
0.0022455576675612806
0.002119053459760974
0.0007263067474807326
0.0007495954970954295
0.0002565686547877969
-0.0009370358154497925
0.00020693337019007246
0.0010974658090534672
0.00010828227517862134
-0.0003190342668065341
-0.0006206396622942726
1.187868379618406e-05
-0.0017598106333845801
-0.0013262131844508375
-0.0009143791448758175
0.0009773919913386112
0.000663481970153051
0.0011935311604348727
0.0004147936707082061
0.0008054121817766735
0.00024766711264203933
0.0015686284617355145
0.0024688467276440676
0.0026484842368387183
0.0016874532400997207
0.001652531355007135
0.0014846182654021187
0.0017236090812270174
0.0005967537523404578
-1.4066335944720546e-05
0.00026921938272005396
0.00021821577446683914
0.0004084594337131344
0.00017690091720940512
-7.680147515154526e-05
-0.0006015833702917589
-0.001174207911977223
-0.0008224357789887171
-0.0003439629596209584
0.00044220799051150964
0.0002153597017539293
4.8509047925556284e-05
0.00011034885399493956
0.0005679602104178413
0.00036506828540307397
0.0011919932244295098
0.001568423753993933
0.0006050181440865188
8.432706171883548e-05
0.0003996234323635627
-0.0002923998583965609
0.0002354807050843873
-0.0003806604248984605
0.0001292831127045872
-0.0003512293094504043
0.00015754254852361508
-0.0002506252738996733
0.00018179851317552632
-0.00020420825460603308
0.00012482612820906768
-0.00021945853062791407
0.00015334083029297572
-0.0001710180135666003
0.00015937822107217262
-0.00013449903544986532
0.0001641280611693886
-0.00013725317399421145
0.00015405753528988445
-0.0001267979110841852
0.00014727746234573236
-0.00011721592120585644
0.00013519920467828682
-0.00011723947249199789
0.0001266855445990543
-0.00011366447717068586
0.00011687301497737462
-0.00010940256011005147
0.0001084039140539865
-0.00010508400841285017
0.00010275485024259588
-9.75274959065386e-05
9.796300880916988e-05
-9.13689720089138e-05
9.292694328994375e-05
-8.613022261924684e-05
8.826859022729663e-05
-8.082015729035175e-05
8.382316939074201e-05
-7.588286330153778e-05
7.957521706063522e-05
-7.151744122975754e-05
7.54458434540342e-05
-6.733582397515828e-05
7.142173441375012e-05
-6.35023597811658e-05
6.759946391195887e-05
-5.9893922147026874e-05
6.402124017750607e-05
-5.641626462953589e-05
6.066023699756744e-05
-5.3135875435105645e-05
5.748600132156334e-05
-5.002962618931616e-05
5.4511293622100734e-05
-4.705761614102154e-05
5.171457979384966e-05
-4.424854970659555e-05
4.907737226452879e-05
-4.159477710087567e-05
4.6585261461715155e-05
-3.908433136299086e-05
4.423014166352393e-05
-3.671475452852145e-05
4.200538446168462e-05
-3.447483716648766e-05
3.990509840865386e-05
-3.235580551431798e-05
3.792186918780485e-05
-3.0352800859436042e-05
3.604993707120429e-05
-2.8457865487504543e-05
3.4284133240352656e-05
-2.666392956448757e-05
3.261893401976593e-05
-2.4966119170390967e-05
3.1048541464361295e-05
-2.3358951609175264e-05
2.956772640425845e-05
-2.1837398999784412e-05
2.817149532477318e-05
-2.0396962497748385e-05
2.6855137593817524e-05
-1.9033110551579507e-05
2.561423056362611e-05
-1.7741619275095984e-05
2.4444599406753167e-05
-1.651854296873495e-05
2.3342347803829717e-05
-1.5360014979783868e-05
2.2303826248703997e-05
-1.4262418106766135e-05
2.1325567403709077e-05
-1.3222363935664228e-05
2.0404286207413146e-05
-1.2236626506346906e-05
1.9536886154417326e-05
-1.130216662173359e-05
1.872043638097767e-05
-1.0416121930106382e-05
1.7952163313455323e-05
-9.575782297574324e-06
1.72294460050711e-05
-8.778591828624387e-06
1.654980748625563e-05
-8.022135527456986e-06
1.591090876864004e-05
-7.304127467787922e-06
1.5310541810725843e-05
-6.6224082695377166e-06
1.4746620484730813e-05
-5.974937248829932e-06
1.4217174555507814e-05
-5.35978464195723e-06
1.3720343467410923e-05
-4.775126867790573e-06
1.3254369682806806e-05
-4.219240545619198e-06
1.2817592961467724e-05
-3.6904967582285057e-06
1.2408445103593733e-05
-3.1873561487527234e-06
1.2025444798218962e-05
-2.708363792913466e-06
1.1667192924645587e-05
-2.2521444570360732e-06
1.1332368048828576e-05
-1.8173983023154865e-06
1.1019722112423809e-05
-1.4028966548521038e-06
1.0728076435659664e-05
-1.007478041331264e-06
1.0456317909024893e-05
-6.300445088496757e-07
1.0203395363626898e-05
-2.6955810921531695e-07
9.968316161141928e-06
7.496241917481772e-08
9.75014297338074e-06
4.044447722468831e-07
9.54799073103513e-06
7.197660465945842e-07
9.361023751626256e-06
1.021755535433095e-06
9.188453019257884e-06
1.3111973699122311e-06
9.029533617281246e-06
1.5888330169813345e-06
8.883562305406804e-06
1.8553636438239712e-06
8.749875228059427e-06
2.1114523444497533e-06
8.627845749375085e-06
2.357726249465166e-06
8.516882407605994e-06
2.5947785149979877e-06
8.41642698255849e-06
2.8231702053757232e-06
8.325952669523129e-06
3.043432069893201e-06
8.244962354653565e-06
3.256066223610238e-06
8.17298698456469e-06
3.4615477320731978e-06
8.109584025555415e-06
3.660326113258741e-06
8.054336010213103e-06
3.852826753198389e-06
8.006849161747284e-06
4.039452245042582e-06
7.966752095115229e-06
4.22058365404771e-06
7.933694590494286e-06
4.396581713337483e-06
7.907346434127618e-06
4.56778795442786e-06
7.887396324517625e-06
4.734525774746819e-06
7.873550835411393e-06
4.897101443573394e-06
7.865533439499624e-06
5.055805057390013e-06
7.863083584211047e-06
5.210911441292515e-06
7.865955821773421e-06
5.3626809988047315e-06
7.873918981139922e-06
5.511360515256247e-06
7.886755392760847e-06
5.65718392117609e-06
7.904260151752121e-06
5.800373006042969e-06
7.926240421389508e-06
5.941138100332144e-06
7.952514779949876e-06
6.079678715570705e-06
7.982912597452596e-06
6.216184150226178e-06
8.017273451475793e-06
6.350834063365701e-06
8.055446573888847e-06
6.4837990157752545e-06
8.097290326667533e-06
6.615240979872955e-06
8.142671709546537e-06
6.745313826170621e-06
8.19146589301975e-06
6.874163777636881e-06
8.243555778031028e-06
7.001929844267091e-06
8.298831579382077e-06
7.128744227112571e-06
8.357190432174005e-06
7.2547327078197055e-06
8.418536021107328e-06
7.380015011175002e-06
8.482778230318924e-06
7.504705151159443e-06
8.549832810698932e-06
7.628911754820544e-06
8.619621068243634e-06
7.75273837275888e-06
8.692069568932379e-06
7.876283767392915e-06
8.76710985751663e-06
7.99964219006915e-06
8.844678196842203e-06
8.122903640685013e-06
8.924715317348321e-06
8.246154113028168e-06
9.007166182102642e-06
8.369475827797046e-06
9.091979765499388e-06
8.492947452040396e-06
9.179108843168746e-06
8.616644306875106e-06
9.268509794947705e-06
8.740638564590556e-06
9.360142417277873e-06
8.864999433666173e-06
9.45396974761769e-06
8.989793335467244e-06
9.54995789759737e-06
9.115084068797574e-06
9.648075895977992e-06
9.240932968779259e-06
9.748295540568108e-06
9.36739905398054e-06
9.850591257951069e-06
9.494539168070082e-06
9.95493997127091e-06
9.622408112213115e-06
1.0061320976294166e-05
9.751058770649163e-06
1.0169715822710111e-05
9.880542230335807e-06
1.028010820428981e-05
1.0010907893267043e-05
1.0392483853922767e-05
1.0142203582489285e-05
1.0506830443631583e-05
1.0274475644867463e-05
1.062313749370259e-05
1.0407769044255616e-05
1.0741396282972025e-05
1.0542127452287109e-05
1.0861599767097562e-05
1.0677593335295128e-05
1.0983742499238742e-05
1.0814208032103312e-05
1.1107820555043238e-05
1.0952011835446143e-05
1.123383146965271e-05
1.1091044062497648e-05
1.1361774166493161e-05
1.1231343120929457e-05
1.1491648897205258e-05
1.1372946577764467e-05
1.1623457183236683e-05
1.1515891220830994e-05
1.1757201762290729e-05
1.1660213115091472e-05
1.1892886535827334e-05
1.1805947659141141e-05
1.2030516521641368e-05
1.1953129639484219e-05
1.2170097807852326e-05
1.2101793277799065e-05
1.231163750928821e-05
1.2251972281351854e-05
1.2455143729615695e-05
1.2403699884844547e-05
1.2600625520126996e-05
1.2557008895129813e-05
1.2748092846873724e-05
1.2711931730210747e-05
1.2897556555855705e-05
1.286850046083969e-05
1.304902834288078e-05
1.3026746842502115e-05
1.3202520721687178e-05
1.3186702353114896e-05
1.3358046999066846e-05
1.3348398225899788e-05
1.3515621248454124e-05
1.3511865481878344e-05
1.3675258284875577e-05
1.3677134956174841e-05
1.3836973641691286e-05
1.3844237329543874e-05
1.4000783551293416e-05
1.4013203154625287e-05
1.4166704924364892e-05
1.4184062882352522e-05
1.4334755330458731e-05
1.4356846884985841e-05
1.450495298185861e-05
1.4531585482174814e-05
1.4677316718307229e-05
1.4708308960859062e-05
1.485186598983862e-05
1.4887047599290715e-05
1.5028620845011081e-05
1.5067831684910729e-05
1.520760191633247e-05
1.525069153629488e-05
1.538883041015543e-05
1.5435657520199153e-05
1.5572328094119736e-05
1.5622760070870684e-05
1.575811728718804e-05
1.5812029706230996e-05
1.5946220850849083e-05
1.6003497044917922e-05
1.613666218011102e-05
1.6197192821765412e-05
1.6329465196246798e-05
1.6393147904979893e-05
1.652465433888209e-05
1.6591393307882618e-05
1.6722254559817934e-05
1.6791960205188305e-05
1.692229131783872e-05
1.6994879945930567e-05
1.712479057194979e-05
1.720018406666966e-05
1.7329778777112198e-05
1.740790430402022e-05
1.753728288158337e-05
1.761807260702332e-05
1.774733032101211e-05
1.7830721148777776e-05
1.7959949016254154e-05
1.804588233928774e-05
1.81751673710164e-05
1.8263588834901544e-05
1.8393014269374973e-05
1.8483873549949084e-05
1.8613519074086454e-05
1.8706769667657143e-05
1.883671162368418e-05
1.8932310648936412e-05
1.9062622231622375e-05
1.9160530243632042e-05
1.9291281688600345e-05
1.9391462502023338e-05
1.9522721261296463e-05
1.9625141779193098e-05
1.9756972686157752e-05
1.9861602748865066e-05
1.9994068177782605e-05
2.0100880412093382e-05
2.023404042557906e-05
2.0343010103385066e-05
2.047692259407076e-05
2.0588027501815265e-05
2.0722748327360943e-05
2.083596863927239e-05
2.0971551746614163e-05
2.1086869908970183e-05
2.122336745409635e-05
2.134076807314405e-05
2.1478230534664397e-05
2.1597700272045148e-05
2.173617655786258e-05
2.18577040308858e-05
2.199724157900783e-05
2.2120817269206776e-05
2.226146214497765e-05
2.2387078307717747e-05
2.2528875292075106e-05
2.2656525876527025e-05
2.2799518554406876e-05
2.2929199123170735e-05
2.307342996315815e-05
2.3205137619642562e-05
2.3350648051644355e-05
2.3484381370787863e-05
2.3631211859525018e-05
2.3766970821420632e-05
2.3915160934434294e-05
2.40529468638717e-05
2.4202535337761177e-05
2.4342350846159232e-05
2.4493375648771255e-05
2.463522457828507e-05
2.4787722966886842e-05
2.493161034066389e-05
2.5085618918287112e-05
2.52315508909911e-05
2.5387105659297615e-05
2.5535089472586165e-05
2.569222588176068e-05
2.5842269820528267e-05
2.600102281742926e-05
2.615313617017204e-05
2.6313540243648893e-05
2.6467733264096105e-05
2.662982248692833e-05
2.6786106359622712e-05
2.6949914430502526e-05
2.710830123644906e-05
2.7273861517969344e-05
2.743436420380753e-05
2.7601709759757296e-05
2.7764342108529223e-05
2.7933505738488582e-05
2.8098282341968654e-05
2.826929661456705e-05
2.8436232847411447e-05
2.8609130133016095e-05
2.8778242129248862e-05
2.8953054629271774e-05
2.9124359258684597e-05
2.9301119033920873e-05
2.9474633882402605e-05
2.9653372881356145e-05
2.9829116229923135e-05
3.0009866314674623e-05
3.01878571216164e-05
3.0370650092784125e-05
3.0550907977056996e-05
3.073577559703939e-05
3.0918320822262424e-05
3.110529483842106e-05
3.12901482963264e-05
3.1479260462687064e-05
3.1666443662155264e-05
3.1857725760562044e-05
3.204726081331485e-05
3.224074467233313e-05
3.2432654281352395e-05
3.262837179616746e-05
3.282267924578815e-05
3.3020662396216795e-05
3.321739153979569e-05
3.341767240702242e-05
3.361684765999188e-05
3.381945844462171e-05
3.4021104776145623e-05
3.422607781377847e-05
3.4430220738304704e-05
3.46375885151714e-05
3.484425408383429e-05
3.5054049251384946e-05
3.526326404924883e-05
3.5475519439515796e-05
3.568731057735199e-05
3.590205921508724e-05
3.6116454324841736e-05
3.6333729442590904e-05
3.655075667385898e-05
3.67705917248044e-05
3.6990279739003104e-05
3.7212708408257845e-05
3.743508637678593e-05
3.7660142594754325e-05
3.788524019539147e-05
3.811295814885147e-05
3.8340805563398284e-05
3.857121970756854e-05
3.880184761946665e-05
3.903499268859836e-05
3.926843228198258e-05
3.950434330041375e-05
3.9740626258153e-05
3.997933855083666e-05
4.021849705419529e-05
4.046004625634812e-05
4.0702112983866774e-05
4.094653505199797e-05
4.119154318057167e-05
4.1438874401744965e-05
4.168685760559844e-05
4.1937134606881924e-05
4.218812705843453e-05
4.244138681653317e-05
4.269542318772584e-05
4.295170303876864e-05
4.320881850210581e-05
4.3468156149334414e-05
4.372838637841129e-05
4.3990819901803396e-05
4.425420107380569e-05
4.451976893945879e-05
4.478633773697619e-05
4.5055078804657036e-05
4.5324872418253215e-05
4.55968259504432e-05
4.58698820802987e-05
4.614508775053355e-05
4.6421444609232075e-05
4.669994251058052e-05
4.6979638826799563e-05
4.726146947978387e-05
4.7544544500448043e-05
4.78297488613721e-05
4.8116242355871006e-05
4.840486182477446e-05
4.8694814087451264e-05
4.8986890515985166e-05
4.928034237052198e-05
4.957591807048167e-05
4.987291087412077e-05
5.017202862458536e-05
5.047260427130159e-05
5.0775307326922836e-05
5.1079508251945295e-05
5.138584035117649e-05
5.169370953649001e-05
5.200371490877986e-05
5.2315295887088095e-05
5.262901926106952e-05
5.2944356119370294e-05
5.3261842731564413e-05
5.35809801166865e-05
5.3902275717942604e-05
5.4225258842123926e-05
5.455040970608617e-05
5.487728435138147e-05
5.520633728435748e-05
5.553714980575822e-05
5.587015215280844e-05
5.6204949486790264e-05
5.654194913999133e-05
5.6880778807041655e-05
5.722182421525257e-05
5.756473432543972e-05
5.7909874501017476e-05
5.8256913766517116e-05
5.860619829205151e-05
5.895741602250269e-05
5.931089505559011e-05
5.966634117587769e-05
6.002406545946109e-05
6.0383790517677476e-05
6.0745811382243005e-05
6.110986655455863e-05
6.147623592501377e-05
6.18446730303879e-05
6.221544343184995e-05
6.258831493776443e-05
6.296353951555612e-05
6.334089853357247e-05
6.372063104798098e-05
6.410253133797049e-05
6.448682619634126e-05
6.487332214457318e-05
6.52622344157576e-05
6.565338107030524e-05
6.604696647326432e-05
6.644281954976128e-05
6.684113449050011e-05
6.724175037488636e-05
6.76448519198753e-05
6.805028769616382e-05
6.845823361065336e-05
6.88685469925265e-05
6.928139573031964e-05
6.969664532472004e-05
7.011445630710628e-05
7.053470131427198e-05
7.095753511198333e-05
7.138283588211097e-05
7.181075306739084e-05
7.224116996525087e-05
7.267423234762205e-05
7.310982606247452e-05
7.35480941648479e-05
7.398892772653403e-05
7.443246283063399e-05
7.487859938951633e-05
7.532746340454199e-05
7.577896993118038e-05
7.623322330694432e-05
7.669016857044441e-05
7.714987363698902e-05
7.761232711435114e-05
7.807754311535279e-05
7.85455756810887e-05
7.901636153434039e-05
7.949004638614957e-05
7.996646378254828e-05
8.044587422059149e-05
8.092799037552525e-05
8.141319866963729e-05
8.190108273997037e-05
8.239215608945747e-05
8.288588479465593e-05
8.338288356533408e-05
8.388254238717214e-05
8.438552439933393e-05
8.489120474162591e-05
8.540021790751431e-05
8.591201885598063e-05
8.642710660174396e-05
8.694513053983182e-05
8.746634731055208e-05
8.799067707964824e-05
8.851806848657914e-05
8.904878264675602e-05
8.958243246626457e-05
9.011953048996234e-05
9.06596154861502e-05
9.120314122327286e-05
9.174981529901354e-05
9.22997643075978e-05
9.285321364143099e-05
9.340959751101118e-05
9.396983890471583e-05
9.453284664387137e-05
9.509979120322183e-05
9.566965026529348e-05
9.624328406670178e-05
9.682010817577819e-05
9.740063094144632e-05
9.798419629967678e-05
9.857225371976992e-05
9.916237668261205e-05
9.975585945780699e-05
0.00010035040009171749
0.00010095037727092526
0.00010154616635661001
0.00010215101408360752
0.00010275741758932963
0.00010336915439734438
0.00010398640669304592
0.0001046035224395404
0.00010524145863864427
0.00010584984163569677
0.00010651369947076942
0.00010711167851668122
0.00010779949703909738
0.00010838512818840294
0.00010909967379959412
0.0001096746471380606
0.00011041060661450106
0.00011098166363851048
0.00011174481454484346
0.00011232857035289249
0.00011310086775971678
0.00011369044439503873
0.00011445112786130776
0.00011506813554847711
0.00011578740304671765
0.0001164667493921942
0.00011713793378459431
0.00011789553911101952
0.00011851053086654739
0.00011933140489596601
0.00011987954192362732
0.000120753020451312
0.00012124783055644447
0.0001221724922868899
0.00012265886314681302
0.00012359106790777764
0.00012410821044774034
0.00012496463823206787
0.00012562677226872487
0.00012643943471578496
0.00012722117591308364
0.00012790000807845134
0.00012899686944496148
0.00012923495093708623
0.00013042441959819112
0.00013061796206451093
0.00013170891611041964
0.00013240894259454287
0.00013298128568430684
0.0001344710318843846
0.0001342498774061767
0.00013645367195319006
0.00013578292167305177
0.00013764469446314598
0.00013820482970786432
0.00013751537472158487
0.0001420128075596567
0.00013654015998592782
0.00014386173967359463
0.0001664582209428278
0.00018287579492048955
0.00020419718694481004
0.0002326501043755161
0.00025071526160812263
0.00018412069880543308
0.00022305441566886075
0.00013363047326311883
0.00024079893526127508
0.00015206815886267128
0.0002827987622715522
0.00019334433253090366
0.0002690747103785418
0.00023621650363022523
0.00020781151234820078
0.0002707485343336896
0.00013362841304809248
0.00029065472543950144
0.00016890769107281468
0.0002581111171381517
0.00012169165103608284
0.0002761960973218028
0.00015027366660940247
0.000317295126344902
0.00013457465765378748
0.0002542935246785498
0.00019925300058328162
0.00021398056105050717
0.0001800756160175044
0.00017542688403379865
0.0002019203885911397
0.00020213696951840165
0.000242099396619771
0.00025183164954767665
0.0002872028700908624
0.00033209836871010473
0.0003337471668455557
0.00041699014520146435
0.0003842589378523118
0.00046272563282950254
0.0004300196497231454
0.0005004646565521782
0.00047570881484937085
0.0005405935190284604
0.00045706953908317453
0.00048097232328743163
0.0003795369724575207
0.0004320744673555593
0.0002902253454170816
0.00035061529124504076
0.0003029890750502432
0.0003056471062800215
0.0003397073393317132
0.00034909166951139483
0.00038989287576294065
0.0003379746725733022
0.0004683233728148273
0.00038004262907297137
0.0005182949097966294
0.0004449205768017328
0.0004518257089199118
0.0004733339525563457
0.0004534787539491325
0.00048794026402127324
-7.982985568208764e-05
-2.6930535687347523e-05
-6.785038492276662e-05
-2.7012894366780022e-05
-7.14063930872218e-05
-3.481602818381101e-05
-7.078133430704763e-05
-2.139665046346061e-05
-6.974277883722598e-05
8.61139124056008e-06
-6.622773607239474e-05
3.393482183089837e-05
-6.0976702105050064e-05
2.9632042282641666e-05
-3.2750467291421334e-05
1.5253683924035364e-05
-3.856722518604411e-05
-1.963457857432374e-05
-5.064667423998221e-05
-3.3007179747572774e-05
-6.483613009161519e-05
-2.952774579783289e-05
-7.198791006565188e-05
-1.601732495410031e-05
-5.491965279129683e-05
-8.329711245397221e-06
-3.311384178298477e-05
-5.348892207499847e-06
-2.6841830287699565e-05
1.1540383184967956e-05
-4.739699688544242e-05
2.1702113295076733e-06
-5.651117227272924e-05
2.701745571652893e-06
-4.4693754262994416e-05
9.236170355167965e-06
-5.960366767661391e-05
-1.37242882467305e-05
-8.521678263597989e-05
-4.254099475063351e-05
-0.00012396930240677533
-6.773612687194717e-05
-0.00014790814398523943
-0.000113332466056218
-0.00020043682935519025
-0.00017964196240088703
-0.0002593981574687378
-0.00023399785316008794
-0.0002657855080090188
-0.00019658662124944154
-0.00022088562976989523
-0.00021354138426180698
-0.00011395511796126401
-5.442593548544189e-05
-4.255686065743748e-05
0.00020863400159253204
0.00016048698789119007
0.0002629532145780852
-0.000249261476846628
-6.809664849732284e-05
-0.0005239130194304
-0.0002832171392697706
-0.0006103264261169834
-0.00023757773721609329
-0.0004612447488277827
-0.0002872650654953909
-0.0003804969025145967
0.00012964924509908563
-0.00025730864174790095
-0.00014495916500390066
-0.000954844094341322
-0.0007968852907721724
0.00043467408939974067
0.04322020415994422
0.05152182848458834
0.09604047942328169
0.1245853817633503
0.13161016733354253
0.0671440445915642
-0.010993535785416505
-0.036937214815973674
-0.07480951095131219
-0.06822471223252141
-0.05221748774135826
-0.03528664455894681
-0.038852452872439595
-0.03694946294676324
-0.0330990599621452
-0.019854165544712976
-0.008240456172184241
0.012604726613597704
0.010004501287183935
0.028929923236630947
0.028939255398264082
0.02112524408525293
0.006207236768615326
0.012092720733425504
0.019049194804831616
0.025477288955699402
0.014131305668008083
0.01782128384267792
0.01011185272519868
0.008637341685239518
-0.007494132806117864
-0.0013060847982936765
0.006073617685535108
0.007751514740078282
-0.005534263260453527
-0.013625267748273625
-0.022803627638167602
-0.020278917165965277
-0.017952584175575215
-0.0021078646849209998
0.002585817699484438
0.004276438192288965
-0.006659709279573314
-0.005640225250822602
-0.001932718387839141
0.010769374703414089
0.012195926787939449
0.016902609598558542
0.014759407300805988
0.01291803075480518
0.0051282323184247275
0.004527283211934978
0.004312982121700407
0.008184785167213144
0.00554086601323164
0.003625897147607149
-0.003054229974902099
-0.0035905242379204523
-0.007115652059526467
-0.006048479974723938
-0.006681691096508724
-0.0020943310720974214
-0.0048831389470269295
-0.006001509279409302
-0.00913384645164129
-0.00598696792753437
-0.006517167963817894
-0.002196215612818384
-0.00047622055867602164
0.003374255023731119
0.0027782305272182465
0.002995024989185114
0.0008560760814189199
0.0036032159499921473
0.005154523107052616
0.007391901175356836
0.006216673471478197
0.006693621434529659
0.0031514915954744703
0.0011413829526148076
-0.002329724705774988
-0.001412564363583559
-0.002251652487017231
-0.0019022284559916387
-0.004813944525871025
-0.005449817383258491
-0.006577706492007044
-0.005226955068712634
-0.005091133718505506
-0.002369568940200042
-0.0019813978282888474
-0.0010484313860286624
-0.0020077311309593514
-0.0003949411360962367
0.0009598421960145436
0.0030430496439506063
0.0026589382833472563
0.003692629837882635
0.0030052640986086023
0.0033663223210574386
0.0016051170328616469
0.0013834584180835532
0.0009543192705797501
0.0014342994600819183
-0.0003305382668591075
-0.00044940624986356155
-0.0016379386709156809
-0.001371488322725851
-0.0022119015104792752
-0.0012002276999566216
-0.0011527488449316762
-0.00021054156041751303
-0.00038628879540962275
-0.0003389552774710285
-2.704705944388887e-05
0.0005604644061129018
0.001129456546679732
0.0023966768281417426
0.002616353415184033
0.002887639178578521
0.0018817996056105153
0.0014860922397676142
0.00034611161223480514
0.000361736336145848
0.0004441342612871112
0.0007161671828276383
-0.00021676474761571818
-0.0005026686022332929
-0.00020073030051035324
-0.0001264542896858632
-0.0014053401240218914
-0.0015098839524611612
-5.0905019230952295e-06
0.0005195850348616153
-0.0014057061167924208
-0.0009152699710641581
-0.0003226163852260459
1.930692463693838e-07
-0.0005331726570038798
0.0007071737440397712
0.00132378487061959
0.001702926039047724
0.0010177647617735308
0.0005087391675317129
-0.0003110842152365496
0.0003832874004929145
0.0011842913380457547
0.0018033442121474094
0.000870481766520672
-9.143951918409363e-05
-0.0008809609131640255
-0.0004981659845089297
-0.0003950065584891869
0.0004444789406882144
0.00028942790928046324
-7.947371788225542e-05
-0.0011624187626743058
-0.0010048988194351917
-0.0006310265936377246
-5.7469009799186326e-05
-0.00021536107836569996
6.495148730978655e-06
-0.00020974193768198717
-0.00032930298777839365
-0.0005928189659562455
0.00010618620577726649
0.0006562980322854406
0.0009397504462943839
0.00047928941833770295
0.00040896520804939646
0.0002856259349840718
0.00041725874795132153
-0.00010950136398549464
-0.00022763371431099445
-0.00041538647411332023
-0.0004256554497340096
-0.0006441760885235983
-0.00047155625453343267
-0.00037885133181199485
-0.00016357688264468092
-0.00013212250549681084
0.000338513911368446
0.0006459617618082093
0.0009091887763703294
0.0005985387845368216
0.00043561848088804166
0.00023572770254364674
0.00034789700988025135
0.00035251202055600474
0.00042778174205584235
0.00010222061378857733
-6.645825019034394e-05
-0.0004710865369323119
-0.0006150285123319957
-0.0005780923618344875
-0.00027111304665440795
-0.00020433991801567655
-0.00023883612520537724
-0.00048804664679118654
-0.00048371635768509875
-0.0004253757365156112
-0.00024999707028679023
-0.0001403028983134626
8.621274279581033e-06
-2.903821451489359e-05
-4.9747867727213376e-05
2.2961244312382227e-05
0.00010202285250964741
1.2587432237829994e-05
8.908150227019741e-05
-1.760156144955686e-05
6.656327453819641e-05
-1.551144960707635e-05
6.374553125459569e-05
-1.6480664266250056e-05
4.4841522596613065e-05
-3.2124491071749365e-05
2.474773879947105e-05
-3.319313893015481e-05
2.5862948041327853e-05
-3.141347389875237e-05
2.422723288714743e-05
-2.8459500959783035e-05
2.2169642453630955e-05
-2.647385277626205e-05
2.430610526989839e-05
-2.2453998786699082e-05
2.4484137789235837e-05
-2.008647835256467e-05
2.3978145079333333e-05
-1.7607387714247314e-05
2.4158030287380224e-05
-1.62493680253597e-05
2.288697918859796e-05
-1.5558071304342682e-05
2.1365510590598606e-05
-1.4747308302084904e-05
2.033595395324962e-05
-1.3866566593750263e-05
1.9124622688057084e-05
-1.3111586149530745e-05
1.8083216958132676e-05
-1.2291487231486773e-05
1.7244294336201455e-05
-1.144912207911412e-05
1.646350485007e-05
-1.061887605095598e-05
1.576311297438659e-05
-9.808072237128102e-06
1.5139264386302678e-05
-9.041400406377525e-06
1.4515138551578487e-05
-8.332219218674681e-06
1.3924425705653411e-05
-7.662025625665403e-06
1.3369018302582472e-05
-7.0333751776971085e-06
1.2831823154160326e-05
-6.44709127568463e-06
1.2322920637607322e-05
-5.890804971581294e-06
1.184635191874223e-05
-5.362112551622286e-06
1.1397321219428023e-05
-4.859240755565944e-06
1.0977952982495123e-05
-4.379898804014824e-06
1.0585849625057613e-05
-3.923519195128591e-06
1.021802875633541e-05
-3.4893925855031347e-06
9.873836952641827e-06
-3.0760674949462325e-06
9.551561656938735e-06
-2.682935356540972e-06
9.249355435379933e-06
-2.309084927390242e-06
8.966371344129392e-06
-1.9532742319870126e-06
8.701615043949645e-06
-1.6144614674491482e-06
8.454057992952424e-06
-1.2916643958783185e-06
8.22292548345279e-06
-9.838689038613787e-07
8.007363889832959e-06
-6.902047750879676e-07
7.806550288086216e-06
-4.0984164260591226e-07
7.6197467538094464e-06
-1.4199485349195625e-07
7.446203190251879e-06
1.1404414283701543e-07
7.2852044089911396e-06
3.589516523745239e-07
7.136096721205407e-06
5.93377038167871e-07
6.99825305030066e-06
8.17928474585697e-07
6.8710835497759666e-06
1.0331845750657367e-06
6.754037650826233e-06
1.2396963615748414e-06
6.646594040920746e-06
1.437983814303427e-06
6.548261556543235e-06
1.628539791326321e-06
6.458577936594047e-06
1.8118306028064779e-06
6.377105230347341e-06
1.988296122795198e-06
6.303429984951762e-06
2.1583524895870407e-06
6.237162235441635e-06
2.3223933580624e-06
6.177933476032588e-06
2.4807907394637247e-06
6.125395968245876e-06
2.633896680026169e-06
6.079221761450546e-06
2.782044375717295e-06
6.039101435264269e-06
2.9255491261332128e-06
6.004743212149801e-06
3.0647094171309117e-06
5.9758719738174475e-06
3.199807815270142e-06
5.952228273663684e-06
3.3311118064399464e-06
5.93356751297494e-06
3.458874664285898e-06
5.919659118739902e-06
3.583336220943376e-06
5.9102857509569975e-06
3.7047236009619088e-06
5.905242591520499e-06
3.8232519417227134e-06
5.904336661721819e-06
3.939125060172942e-06
5.907386172767683e-06
4.052536082697813e-06
5.914219920766153e-06
4.163668046208583e-06
5.924676709831867e-06
4.272694460732453e-06
5.938604805975738e-06
4.379779841243332e-06
5.9558614237511034e-06
4.485080212079419e-06
5.976312239062281e-06
4.588743581289672e-06
5.999830928850704e-06
4.690910389249783e-06
6.0262987368712995e-06
4.791713933536938e-06
6.0556040636207745e-06
4.891280770144904e-06
6.0876420789283264e-06
4.9897310922895205e-06
6.122314355476444e-06
5.08717908874435e-06
6.159528523343302e-06
5.183733282647894e-06
6.19919794371559e-06
5.27949685194491e-06
6.241241400352111e-06
5.374567931486392e-06
6.285582808185364e-06
5.469039899222081e-06
6.332150938332965e-06
5.563001646617617e-06
6.380879158212867e-06
5.65653783375121e-06
6.431705185847101e-06
5.74972913089237e-06
6.484570857784113e-06
5.842652446354392e-06
6.539421910531942e-06
5.935381142947878e-06
6.596207773984747e-06
6.027985241765154e-06
6.654881376057432e-06
6.120531614628894e-06
6.715398957522244e-06
6.2130841660904684e-06
6.777719898631504e-06
6.305704006601132e-06
6.841806554698515e-06
6.398449614947177e-06
6.9076241005321115e-06
6.491376992059494e-06
6.975140383922579e-06
6.584539807154288e-06
7.044325787596006e-06
6.6779895353304836e-06
7.115153098237459e-06
6.77177558737474e-06
7.1875973830359124e-06
6.865945433438131e-06
7.2616358735722725e-06
6.960544719071364e-06
7.337247855773721e-06
7.055617375982971e-06
7.414414566450471e-06
7.151205725606201e-06
7.493119094898783e-06
7.2473505779342435e-06
7.573346290990944e-06
7.344091324818416e-06
7.655082677968987e-06
7.441466028496552e-06
7.738316370375673e-06
7.539511504465462e-06
7.823036995920934e-06
7.638263400918729e-06
7.909235622961768e-06
7.737756273266227e-06
7.996904691134577e-06
7.83802365518823e-06
8.08603794624706e-06
7.93909812509972e-06
8.176630379091751e-06
8.041011370287171e-06
8.268678167744234e-06
8.14379424660246e-06
8.362178622709484e-06
8.247476835070402e-06
8.457130135633393e-06
8.35208849625647e-06
8.55353213103952e-06
8.457657921012365e-06
8.651385020568774e-06
8.564213178893545e-06
8.750690160128662e-06
8.671781764112698e-06
8.85144980936078e-06
8.780390638678794e-06
8.953667093552755e-06
8.89006627373098e-06
9.057345967714632e-06
9.000834688699264e-06
9.162491183169338e-06
9.112721488239002e-06
9.269108255558525e-06
9.22575189743477e-06
9.37720343509489e-06
9.33995079500066e-06
9.48678367856697e-06
9.455342745138704e-06
9.597856623074635e-06
9.571952027596941e-06
9.710430561084792e-06
9.68980266600935e-06
9.824514417550677e-06
9.808918455336021e-06
9.940117727689904e-06
9.929322987320855e-06
1.0057250617007021e-05
1.0051039675275071e-05
1.0175923781929061e-05
1.0174091777547314e-05
1.0296148471953181e-05
1.0298502419328636e-05
1.0417936472880286e-05
1.0424294614181176e-05
1.0541300091253475e-05
1.055149128416068e-05
1.0666252139623981e-05
1.0680115278764886e-05
1.0792805923137444e-05
1.081018939392246e-05
1.0920975225925367e-05
1.0941736387909134e-05
1.1050774299808008e-05
1.107477899974806e-05
1.1182217853724588e-05
1.1209339964708735e-05
1.1315321043430466e-05
1.134544202930796e-05
1.1450099460990885e-05
1.1483107965593173e-05
1.1586569126814145e-05
1.1622360585896311e-05
1.1724746481497423e-05
1.1763222755762589e-05
1.1864648378237446e-05
1.1905717406708463e-05
1.2006292075509184e-05
1.2049867548320793e-05
1.2149695231297569e-05
1.2195696281035908e-05
1.2294875897409427e-05
1.2343226806554725e-05
1.2441852513733894e-05
1.249248243935679e-05
1.2590643903694463e-05
1.2643486616492483e-05
1.2741269269786087e-05
1.2796262908735993e-05
1.2893748190160773e-05
1.2950835029670677e-05
1.3048100614606017e-05
1.3107226845377621e-05
1.3204346861680862e-05
1.326546238337027e-05
1.3362507616233578e-05
1.3425565842118906e-05
1.3522603927066746e-05
1.3587561598788433e-05
1.3684657204594564e-05
1.3751474218166767e-05
1.384868921965923e-05
1.3917328460387804e-05
1.4014722101890129e-05
1.4085149289085053e-05
1.4182778338762969e-05
1.4254961878595873e-05
1.4352880774639448e-05
1.442679162187233e-05
1.4525052610740025e-05
1.4600664137658093e-05
1.4699317404533174e-05
1.4776605277428204e-05
1.487569906989672e-05
1.4954641132453733e-05
1.5054221877244464e-05
1.5134798040588454e-05
1.5234910454235695e-05
1.5317102592937552e-05
1.541778978626611e-05
1.5501581640487306e-05
1.560288521750778e-05
1.5688262300293278e-05
1.5790222451764375e-05
1.5877171962029547e-05
1.5979827554138664e-05
1.6068338294177552e-05
1.6171726952114544e-05
1.6261789250040376e-05
1.6365947437491264e-05
1.645755307396867e-05
1.656251616804355e-05
1.6655658307278883e-05
1.6761460669655103e-05
1.685613379419815e-05
1.6962808838318078e-05
1.705900868770229e-05
1.716658894236698e-05
1.7264312455255587e-05
1.737282962516358e-05
1.747207488479556e-05
1.7581559907491268e-05
1.7682326090208314e-05
1.779280919020072e-05
1.7895096517098544e-05
1.8006607257247407e-05
1.811041694861165e-05
1.822298427854108e-05
1.8328318510730558e-05
1.844197081315828e-05
1.854883267851399e-05
1.866359781265781e-05
1.8771991281138012e-05
1.8887896624082473e-05
1.899782650745382e-05
1.9114898993209933e-05
1.9226370911404897e-05
1.9344637069119595e-05
1.9457657418989866e-05
1.957714340750235e-05
1.969171933239298e-05
1.981245097383089e-05
1.992859033582363e-05
2.0050593147446496e-05
2.016830450142482e-05
2.029160372614739e-05
2.0410896294782536e-05
2.053551692984064e-05
2.0656400580527272e-05
2.07823674047594e-05
2.0904852628000052e-05
2.1032190227812273e-05
2.1156288116699375e-05
2.128502091105415e-05
2.1410743142813806e-05
2.1540895406392383e-05
2.1668254223765598e-05
2.1799850109642917e-05
2.1928858304747856e-05
2.20619218656399e-05
2.2192592764167483e-05
2.2327147972838563e-05
2.2459495419640055e-05
2.2595566188162418e-05
2.2729604533592977e-05
2.2867214731944882e-05
2.3002958819491083e-05
2.3142132293367534e-05
2.327959744756838e-05
2.342035803505789e-05
2.3559560050676444e-05
2.3701931598365178e-05
2.3842886730434244e-05
2.398689310920707e-05
2.412961806363815e-05
2.4275283183115013e-05
2.4419795107843197e-05
2.456714293048556e-05
2.4713459407539346e-05
2.4862513962538714e-05
2.5010653000832558e-05
2.516143839688032e-05
2.5311418425435226e-05
2.5463958863365752e-05
2.56157987249372e-05
2.5770118509564188e-05
2.5923837455187868e-05
2.607996100706267e-05
2.623557869097686e-05
2.6393530557504332e-05
2.655106703239893e-05
2.6710871898410235e-05
2.6870347611298705e-05
2.7032030309441773e-05
2.7193466098039297e-05
2.7357051619008102e-05
2.75204687084527e-05
2.7685982210318372e-05
2.7851402210120422e-05
2.8018869027832648e-05
2.818631392944573e-05
2.8355759583853588e-05
2.852525175860881e-05
2.8696701965360606e-05
2.8868264162673312e-05
2.9041744840604635e-05
2.9215400186343506e-05
2.939093746579587e-05
2.9566709461309573e-05
2.9744329692234713e-05
2.9922242213363016e-05
3.010197197316931e-05
3.028204926978223e-05
3.0463915370949717e-05
3.064618206660274e-05
3.0830211564356665e-05
3.1014692656311754e-05
3.120091285559743e-05
3.1387633714799294e-05
3.157607217770192e-05
3.1765058549492516e-05
3.195574310227065e-05
3.214702110707242e-05
3.233997984685723e-05
3.253357598089596e-05
3.2728837282793325e-05
3.292477841947009e-05
3.312237094284709e-05
3.3320684333792636e-05
3.3520637028962774e-05
3.3721350305489705e-05
3.3923692420063825e-05
3.4126833595152424e-05
3.4331594680807765e-05
3.453719215086755e-05
3.474440206924784e-05
3.495248461602728e-05
3.516217354512602e-05
3.5372770338045726e-05
3.558496877826601e-05
3.5798109376743745e-05
3.601284815704223e-05
3.622856251298103e-05
3.644587279701274e-05
3.6664191257625636e-05
3.6884104549729234e-05
3.710505786029233e-05
3.73276060113623e-05
3.755122531786954e-05
3.777644053132024e-05
3.8002757384149e-05
3.8230672221973864e-05
3.845971857861693e-05
3.8690365967145745e-05
3.8922174195906775e-05
3.915558743172703e-05
3.939019031487341e-05
3.962640307069442e-05
3.986383380846041e-05
4.0102880139061706e-05
4.034317235298696e-05
4.058508670084942e-05
4.082827443793299e-05
4.107309163934939e-05
4.1319209375705984e-05
4.156696466639992e-05
4.181604731156918e-05
4.20667763327779e-05
4.231885923376458e-05
4.257259803803947e-05
4.28277169837112e-05
4.308450204077723e-05
4.3342693266082365e-05
4.360256146879108e-05
4.3863861659471527e-05
4.4126850329885515e-05
4.439129662691646e-05
4.4657443521825795e-05
4.4925073526041884e-05
4.5194416843400375e-05
4.546526862054325e-05
4.573784700530342e-05
4.601195909079045e-05
4.628781164103346e-05
4.6565223044894985e-05
4.684438931777939e-05
4.7125139529797296e-05
4.740765954777009e-05
4.769178854266713e-05
4.7977702799631254e-05
4.8265251042277e-05
4.855460050980662e-05
4.884560896065623e-05
4.913843509431109e-05
4.943294521461065e-05
4.9729289960369827e-05
5.00273437179332e-05
5.032724951844965e-05
5.0628889392847934e-05
5.093239919413915e-05
5.123766818264414e-05
5.1544825440535165e-05
5.185376706367314e-05
5.216461575049356e-05
5.2477274057720195e-05
5.279185866907889e-05
5.3108278244888996e-05
5.342664380615988e-05
5.37468697765616e-05
5.4069061849567284e-05
5.4393139888271505e-05
5.471920457787629e-05
5.50471809131225e-05
5.537716487320608e-05
5.5709086294392156e-05
5.6043036735822804e-05
5.637895059778852e-05
5.671691529603111e-05
5.705686952627252e-05
5.7398896827173094e-05
5.7742939931097666e-05
5.808907876252926e-05
5.8437259830625165e-05
5.878755970504734e-05
5.9139928424337726e-05
5.9494439444812275e-05
5.9851046098313826e-05
6.020981897281107e-05
6.057071445134284e-05
6.0933800490515014e-05
6.129903630108129e-05
6.16664874344841e-05
6.203611569231631e-05
6.240798448682835e-05
6.278205791706911e-05
6.315839760656194e-05
6.353696952480843e-05
6.391783395734055e-05
6.43009583018465e-05
6.468640197431668e-05
6.507413327194039e-05
6.546421130316973e-05
6.585660481394934e-05
6.625137281841961e-05
6.664848462662484e-05
6.704799905948985e-05
6.744988570884548e-05
6.785420351808564e-05
6.826092283834491e-05
6.867010130995918e-05
6.908171168296942e-05
6.949580887548996e-05
6.991236965167417e-05
7.03314433233757e-05
7.075301545544845e-05
7.117712414484898e-05
7.160376881182361e-05
7.203297175121062e-05
7.246475185666737e-05
7.289910851106132e-05
7.3336088044844e-05
7.377565832109804e-05
7.421790180319084e-05
7.466274681240648e-05
7.511031969033917e-05
7.556050082881528e-05
7.601346869277209e-05
7.646904865277171e-05
7.692747568010128e-05
7.73885197753925e-05
7.785247004734762e-05
7.831904384859173e-05
7.8788582603359e-05
7.92607522837256e-05
7.97359478714964e-05
8.021377268510642e-05
8.069470740820089e-05
8.117823998872583e-05
8.166499665686211e-05
8.21542977611624e-05
8.264694963811632e-05
8.314208489270411e-05
8.36407060248773e-05
8.414174881321188e-05
8.464638567369509e-05
8.515342870286913e-05
8.566415907485837e-05
8.617725597289847e-05
8.669416957181726e-05
8.721338200069645e-05
8.773656915847744e-05
8.826193535863653e-05
8.879156715971845e-05
8.932299472752103e-05
8.98593988557547e-05
9.039658593659695e-05
9.094018984577394e-05
9.148382277874558e-05
9.203429998098315e-05
9.258515729949619e-05
9.31421944278428e-05
9.370069244482929e-05
9.426402891211418e-05
9.483161220287008e-05
9.539942222050977e-05
9.59755749717333e-05
9.655003216528927e-05
9.71354267551806e-05
9.771382532545178e-05
9.831119978965706e-05
9.88922414512771e-05
9.950231172403917e-05
0.00010008700375436358
0.00010071169592746785
0.00010129730645112769
0.00010193594705074213
0.00010252403794720798
0.00010317590171413538
0.00010376621988277012
0.00010442912192898076
0.00010502043067271119
0.00010569853985118122
0.00010629062037715697
0.00010698019687516939
0.0001075754060161989
0.00010827442286963883
0.00010887560421751763
0.00010958920872489869
0.00011019863310088307
0.000110923533733015
0.00011154190768805205
0.000112279886739685
0.00011289918764560009
0.00011366744937521913
0.00011426740664467706
0.0001151035745674189
0.00011563079676606743
0.00011654521733225898
0.00011704334741867439
0.00011794975154554195
0.00011854978674920129
0.00011935861615765741
0.00012003983215056239
0.00012082327862124017
0.00012156502032447487
0.00012235775115740106
0.00012301308908497025
0.00012392682786748366
0.00012442597541796174
0.00012561502415189135
0.0001258015404220509
0.00012743726425819193
0.00012695374638726662
0.00012954526683209245
0.00012776891043948628
0.00013211198348784224
0.00012918563583703968
0.00012396711478188945
0.0001302868485023472
0.00011330424291161869
0.0001300684431148373
0.00011436475880968885
0.00012014124192644422
0.00010635673991414563
0.00011795235124175524
0.00010811272063624268
0.00010876647855163554
9.06900146032466e-05
9.611683816386496e-05
7.767803303724424e-05
9.39799509857564e-05
6.904112764085507e-05
7.489248686478201e-05
3.896564197695615e-05
4.871151548097724e-05
2.3110556670528914e-05
4.439286205960846e-05
1.3062950649560257e-05
3.422677666704149e-05
1.5269092308100446e-05
2.449612085444683e-05
8.368183738456658e-06
2.4256171236830548e-05
8.996506335084802e-06
2.464003550575744e-05
1.2899887699291054e-05
1.535735101018329e-05
5.6237922482303e-06
1.4460167119956756e-05
-1.533474069736006e-05
3.2630181801813127e-06
-3.982137151471889e-05
-1.288036227983876e-05
-4.2132631352560844e-05
-3.710134614395975e-05
-6.192643814367468e-05
-4.2815066195039666e-05
-7.540872298387464e-05
-4.424709641911202e-05
-7.564725004239922e-05
-4.370504079478708e-05
-7.338968461078355e-05
-4.460338739769871e-05
-4.863702090177863e-05
-4.4226286144229804e-05
-4.279856248088296e-05
-2.324343638899732e-05
-4.02322261733818e-05
-1.9113587233824072e-05
-4.938870123568727e-05
-2.093208551084286e-05
-6.292169689350383e-05
-2.3682230897784773e-05
-7.465033905099043e-05
-6.0127974595422135e-05
-7.757181415037452e-05
-7.062147429456569e-05
-8.82957124985838e-05
-7.334935637147121e-05
-9.894220509942548e-05
-7.902305277495802e-05
