-0.0004135550550300284
-0.0005406023644335802
-0.0005579215832437682
-0.0007341393082952461
-0.0005491406279906411
-0.0007229107493125312
-0.0005551672482839551
-0.0006652629608601675
-0.00046289086065544934
-0.0005063052664271084
-0.0003929810717448086
-0.000461884419860351
-0.00034991287519465174
-0.00037588677220091495
-0.0003069823207032163
-0.000292505024333126
-0.0002490012837594183
-0.00021073573222170523
-0.00019722493392670026
-0.00014118646446878436
-0.00022413051709420893
-7.325156951455063e-05
-0.00024834353342605316
-0.00012868108095195918
-0.00020798431053467526
-9.736802421798181e-05
-0.0001509330817019111
-2.756409148675133e-05
-4.551737427262864e-05
-0.00033326390852027007
-0.00013801766596632185
-8.76306663759427e-06
8.037667104542468e-05
-0.0005901707081481789
0.00021419542880186574
-0.0006285048697580268
0.00019535101290909067
-0.0010179926540772773
0.0017979804771949585
-0.002905425188456551
0.0045879959358580205
-0.007954076686741812
0.02672920360477095
0.3497049313222892
0.27932761516920024
0.2557984131272633
0.06142988304567487
0.13651911477858256
0.217694302378529
0.21470164818852583
0.05802287747301506
-0.34487056689022216
-0.5171281062284512
-0.25071007919379473
-0.16230466248829667
-0.12415660398346287
-0.2393538084590978
-0.07701297153931955
0.008908603906725963
-0.08137156766212655
0.029801006533895398
0.05408863451302571
0.12097506761810187
0.2083348591932585
0.052704892635440495
0.06000063809960843
0.13774638760418456
0.19233216531569305
0.04884533029119091
-0.042069351656252064
-0.009974608759996745
-0.009421244466564158
0.026265086863924144
-0.04050234142290347
-0.061337799559256306
-0.03486613749528339
-0.02061052939164481
-0.10886067126923595
-0.09425478336439408
-0.008158434588425485
0.007904267152707718
0.008798377892224676
0.009540511984187396
-0.020911581989350655
-0.03669571585155823
-0.002628348025597274
0.04873879542425859
0.05838567094149124
0.04577246965537439
0.03734990295754814
0.015299019482964877
0.01381353700252156
0.002226238511686554
0.01353580205312588
0.013256125361185754
0.006604486600376519
-0.02354037115810901
-0.025358925428584325
-0.017637807431309806
-0.009641683876514054
-0.03148280036499716
-0.032909097237690116
-0.024577417169130863
-0.0038663460171497587
-0.008428232113747623
-0.0014810103433106775
-0.0058690181170693925
0.004808673167079083
0.011759220943518233
0.014629153839234204
0.0061971226666466955
0.010211374608996755
0.012956570175119201
0.007436143398663502
-0.00037608960659532114
0.003004526626632854
-0.006829775163927125
-0.004574151963611536
-0.0027083967809340805
0.0001527788921741249
-0.0027804009231716985
-0.0019355993305315304
-0.006830930163254419
-0.010322932587262967
-0.006591747450484325
0.000900068488351058
0.0040023921649257515
0.004887438413140287
-0.0013587900008403772
-0.0031497725660718555
-0.0035757185303112128
0.0012610090208507241
0.00012037041021487033
0.0036628333351492307
0.0033323043306959805
0.0057381928362739585
0.0002390331251297117
0.00045465085855404754
-0.0008360553694733764
0.005153433470034274
0.004987727152615025
0.00420677036235458
-0.000420867582629249
0.0008251143982117468
-0.0006793311575714215
0.0034127854439217134
0.0007869204797520385
0.0003488699101010761
-0.003806366532469074
-0.0007810630113530969
-0.00042333725349692183
0.00040080992932584676
-0.0010201677146638752
0.0011572546643980547
-0.002164191064827927
-0.0010932570865352707
-0.0021223125710731405
0.003274389529100399
0.0018264282192218043
0.004246266125269131
0.001629965133910609
0.0024153016874349665
0.0002831131790451051
0.0021126225726358265
0.0018439547992756356
0.0034395422182822624
0.0012105512043873053
0.0007479056630941617
-0.0020411888675708994
0.0009731800741396712
0.00026370426059222875
0.0026761824766387853
0.0006067902469886895
-7.625175999643606e-05
0.0004535301997253979
-0.0005912141626755302
0.0002731581814952764
-0.0005901073261641236
1.1086763781115958e-05
-0.0005716295795514091
3.711637280543075e-05
-0.00025633605488850034
0.00016979874976933047
-0.00015537904077152166
9.727490412579182e-05
-0.00019347282845755547
0.00010602311944670438
-0.00014310395080649875
0.00014850063031483188
-0.00010403351500311298
0.00016477190739013034
-0.00013730062416840699
0.00015462018094577167
-0.00013984729204157519
0.00016103639136151246
-0.00013222134990334596
0.00014594790715184627
-0.00013249498345674132
0.00013436332181738174
-0.00012524053490759428
0.00012318066488720787
-0.00012069683008449571
0.00011052607520939351
-0.00011773529309376876
0.00010453581718603965
-0.00010994363829879353
0.00010149006616529295
-0.00010409532857370016
9.697107407300284e-05
-9.961372522912965e-05
9.293177194261311e-05
-9.478757328995418e-05
8.908082879721928e-05
-9.0008082414477e-05
8.489488725475e-05
-8.56721179938306e-05
8.079737435718335e-05
-8.141353341365462e-05
7.6752001534629e-05
-7.756218347477345e-05
7.274534186728383e-05
-7.395416010097858e-05
6.90478552075861e-05
-7.047565901305107e-05
6.557174801158246e-05
-6.722113672303358e-05
6.223094767593776e-05
-6.413822861885822e-05
5.910107193550615e-05
-6.115568682118446e-05
5.6140473999080615e-05
-5.8308060234049985e-05
5.33165149117043e-05
-5.5591316179453215e-05
5.062909952120666e-05
-5.3002371431222495e-05
4.8066042201882e-05
-5.0543992910260203e-05
4.5621245010832616e-05
-4.820755779086708e-05
4.3295600577782437e-05
-4.5987053969322005e-05
4.107932773041883e-05
-4.388005592137478e-05
3.89666588925322e-05
-4.1878488042998777e-05
3.695487366582378e-05
-3.997546288390377e-05
3.503866832677612e-05
-3.816663592620803e-05
3.3213044139622765e-05
-3.644697715332406e-05
3.147419596077254e-05
-3.4812104657258505e-05
2.9817721751488127e-05
-3.325818954807991e-05
2.823966481579833e-05
-3.178132858723336e-05
2.673625783295233e-05
-3.0377961192869978e-05
2.5303681625422946e-05
-2.9044699233240307e-05
2.393843582631285e-05
-2.7778123252567607e-05
2.2637258982028687e-05
-2.6575028057140984e-05
2.1396969005277626e-05
-2.543238604149319e-05
2.021457647659276e-05
-2.43472817828788e-05
1.9087261499949612e-05
-2.3316950850580135e-05
1.801232720478039e-05
-2.233877117441773e-05
1.6987213287403085e-05
-2.141024231676618e-05
1.600947975850418e-05
-2.0528994489273176e-05
1.5076795630302679e-05
-1.9692772990627426e-05
1.4186944796272917e-05
-1.889942988197741e-05
1.3337817097668373e-05
-1.814692437218028e-05
1.2527401457430745e-05
-1.743331548253427e-05
1.175378515887724e-05
-1.6756755528082303e-05
1.1015148285926854e-05
-1.6115487226938253e-05
1.0309758498035125e-05
-1.5507838819192477e-05
9.635967292443651e-06
-1.4932219823776903e-05
8.99220550837064e-06
-1.4387117475519807e-05
8.376979335048064e-06
-1.3871092760838524e-05
7.788866855872024e-06
-1.3382776887112952e-05
7.226514361999975e-06
-1.2920868077023924e-05
6.68863302859409e-06
-1.2484128246689416e-05
6.173995865967757e-06
-1.2071379905912068e-05
5.681434691020377e-06
-1.1681503268374388e-05
5.209837265558043e-06
-1.1313433435692494e-05
4.758144601523569e-06
-1.0966157740615549e-05
4.325348361636748e-06
-1.0638713230144096e-05
3.9104883996482335e-06
-1.0330184258049374e-05
3.5126504180745454e-06
-1.0039700205829831e-05
3.130963732947238e-06
-9.766433315823789e-06
2.764599149322755e-06
-9.509596624157624e-06
2.4127669429069992e-06
-9.26844199618422e-06
2.0747149360404032e-06
-9.042258254896105e-06
1.7497266689396477e-06
-8.830369405804321e-06
1.4371196547630603e-06
-8.632132939887351e-06
1.1362437285270498e-06
-8.446938220063767e-06
8.464794661965482e-07
-8.274204958280337e-06
5.672366802100814e-07
-8.113381743538712e-06
2.9795300686424756e-07
-7.963944661520765e-06
3.8092528070548214e-08
-7.825395974276955e-06
-2.128555073904921e-07
-7.69726286246742e-06
-4.553779235152988e-07
-7.579096230849857e-06
-6.899387832597949e-07
-7.47046956958014e-06
-9.169805075151354e-07
-7.370977878792405e-06
-1.1369249330071487e-06
-7.280236628295325e-06
-1.350174324365387e-06
-7.197880790915754e-06
-1.5571123339068373e-06
-7.1235639013604406e-06
-1.7581049160514655e-06
-7.056957174820925e-06
-1.953501200196864e-06
-6.997748662016402e-06
-2.1436343160105478e-06
-6.9456424497739715e-06
-2.32882218606826e-06
-6.900357893078405e-06
-2.509368271703266e-06
-6.8616288948957285e-06
-2.685562292512999e-06
-6.829203213035238e-06
-2.857680904965051e-06
-6.802841803077095e-06
-3.025988346118955e-06
-6.782318193663845e-06
-3.190737055733661e-06
-6.767417894681612e-06
-3.352168259621491e-06
-6.757937828661304e-06
-3.510512527872382e-06
-6.753685794952979e-06
-3.665990307318381e-06
-6.754479957958438e-06
-3.81881242756787e-06
-6.760148361630676e-06
-3.969180583045522e-06
-6.770528465472884e-06
-4.117287791242756e-06
-6.785466705875806e-06
-4.263318829372581e-06
-6.804818076785145e-06
-4.407450650577619e-06
-6.828445732915919e-06
-4.5498527799584315e-06
-6.856220610904182e-06
-4.690687690676659e-06
-6.888021068792794e-06
-4.830111164114571e-06
-6.9237325457721104e-06
-4.968272630926295e-06
-6.963247235665772e-06
-5.105315497043027e-06
-7.006463777852433e-06
-5.2413774537144695e-06
-7.0532869638629116e-06
-5.376590771606897e-06
-7.103627456877528e-06
-5.51108258420771e-06
-7.157401527826534e-06
-5.644975154234016e-06
-7.214530801905524e-06
-5.7783861299190185e-06
-7.274942018071098e-06
-5.911428786407847e-06
-7.338566801578562e-06
-6.044212259579947e-06
-7.405341449142467e-06
-6.176841766260797e-06
-7.475206718872657e-06
-6.309418811878485e-06
-7.548107638305403e-06
-6.44204139581446e-06
-7.623993317269588e-06
-6.574804198225016e-06
-7.70281677110133e-06
-6.707798764524035e-06
-7.784534753980943e-06
-6.841113678535821e-06
-7.869107598689265e-06
-6.97483472685001e-06
-7.956499066022222e-06
-7.109045058345011e-06
-8.046676200397377e-06
-7.2438253337614965e-06
-8.139609196481344e-06
-7.379253871203639e-06
-8.23527126583715e-06
-7.515406778121642e-06
-8.333638516303324e-06
-7.652358088350832e-06
-8.434689837424252e-06
-7.790179882721706e-06
-8.538406785982928e-06
-7.928942408715446e-06
-8.644773485086033e-06
-8.068714195613854e-06
-8.753776522643945e-06
-8.20956216115781e-06
-8.86540485930433e-06
-8.351551717250636e-06
-8.97964973710114e-06
-8.494746866537966e-06
-9.096504596707838e-06
-8.63921029889067e-06
-9.215964997373594e-06
-8.785003480803188e-06
-9.338028540174792e-06
-8.932186742206458e-06
-9.462694797585797e-06
-9.080819359155896e-06
-9.589965245315486e-06
-9.230959632349975e-06
-9.719843197480635e-06
-9.382664963268963e-06
-9.852333748547326e-06
-9.53599192680954e-06
-9.987443713940086e-06
-9.690996340520203e-06
-1.0125181576550821e-05
-9.847733329525904e-06
-1.0265557436334258e-05
-1.000625739290854e-05
-1.0408582962717107e-05
-1.0166622462602984e-05
-1.055427134825709e-05
-1.0328881961958747e-05
-1.0702637266791007e-05
-1.0493088863236522e-05
-1.0853696833595938e-05
-1.0659295740131705e-05
-1.1007467567645136e-05
-1.0827554820522028e-05
-1.1163968356005857e-05
-1.0997918035179563e-05
-1.1323219421158041e-05
-1.117043706661836e-05
-1.1485242290194489e-05
-1.1345163394948607e-05
-1.165005976536056e-05
-1.152214834130637e-05
-1.1817695897156562e-05
-1.1701443111631835e-05
-1.198817595909321e-05
-1.1883098836383598e-05
-1.2161526424140506e-05
-1.2067166611911054e-05
-1.2337774943887991e-05
-1.2253697537767394e-05
-1.2516950326044163e-05
-1.2442742752992453e-05
-1.2699082518080607e-05
-1.2634353473234272e-05
-1.2884202589179272e-05
-1.2828581024897784e-05
-1.3072342714345875e-05
-1.3025476877925879e-05
-1.3263536160240674e-05
-1.3225092679293449e-05
-1.3457817271265993e-05
-1.3427480283489945e-05
-1.3655221458030303e-05
-1.3632691783345852e-05
-1.3855785188091746e-05
-1.3840779540618894e-05
-1.4059545972461979e-05
-1.405179621108768e-05
-1.4266542361585088e-05
-1.4265794779414224e-05
-1.4476813934969745e-05
-1.448282858033641e-05
-1.4690401294846728e-05
-1.4702951327534011e-05
-1.4907346063333898e-05
-1.4926217142128184e-05
-1.512769087458392e-05
-1.5152680571387488e-05
-1.535147937217578e-05
-1.538239662087805e-05
-1.557875620576731e-05
-1.5615420775047907e-05
-1.580956703111855e-05
-1.5851809022312353e-05
-1.6043958506127207e-05
-1.6091617875976273e-05
-1.628197829247474e-05
-1.6334904402020515e-05
-1.6523675056081405e-05
-1.6581726236643626e-05
-1.6769098464623636e-05
-1.6832141612312633e-05
-1.701829919452196e-05
-1.7086209377894287e-05
-1.7271328928402437e-05
-1.734398901931031e-05
-1.7528240362216945e-05
-1.760554068409685e-05
-1.778908720517314e-05
-1.7870925198845613e-05
-1.805392418784417e-05
-1.8140204092786317e-05
-1.8322807062954178e-05
-1.8413439616412244e-05
-1.8595792614211238e-05
-1.8690694763619634e-05
-1.8872938660599977e-05
-1.897203329210423e-05
-1.915430406350968e-05
-1.925751974079181e-05
-1.9439948732496645e-05
-1.95472194531969e-05
-1.9729933635664887e-05
-1.984119859615996e-05
-2.002432080512595e-05
-2.01395241792926e-05
-2.0323173346811774e-05
-2.0442264074937988e-05
-2.0626555449008988e-05
-2.074948703842741e-05
-2.093453239308818e-05
-2.1061262727328778e-05
-2.1247170561372597e-05
-2.137766172117389e-05
-2.1564537450537158e-05
-2.169875554164369e-05
-2.1886701679112858e-05
-2.202461667054215e-05
-2.2213733002169472e-05
-2.235531857297697e-05
-2.2545702321068173e-05
-2.2690935712898347e-05
-2.2882681695757245e-05
-2.303154357624279e-05
-2.322474435877825e-05
-2.337721868921755e-05
-2.357196472715234e-05
-2.3728038638598167e-05
-2.392441841655643e-05
-2.4084082092162666e-05
-2.4282182254312373e-05
-2.4445428817805592e-05
-2.464533429474662e-05
-2.4812159704521233e-05
-2.5013953832822566e-05
-2.518435678304856e-05
-2.5388121420655968e-05
-2.556210324565142e-05
-2.576791888123488e-05
-2.594548346708872e-05
-2.6153429326145495e-05
-2.6334583025867855e-05
-2.654473717055624e-05
-2.6729488724152803e-05
-2.6941928150716384e-05
-2.7130288610538456e-05
-2.7345089340114967e-05
-2.7537071998852414e-05
-2.7754309167356273e-05
-2.794992949203476e-05
-2.8169677434369215e-05
-2.8368953002788524e-05
-2.8591285334558184e-05
-2.879423577630165e-05
-2.9019225470327224e-05
-2.92258724100148e-05
-2.9453591873353745e-05
-2.9663958879562642e-05
-2.9894480025479363e-05
-3.0108592558576903e-05
-3.034198687216008e-05
-3.055987224057609e-05
-3.079621085036845e-05
-3.1017898168447106e-05
-3.125725190485936e-05
-3.148277204836295e-05
-3.172521151000355e-05
-3.195459708152165e-05
-3.220019269247268e-05
-3.243347798335353e-05
-3.2682300048966165e-05
-3.291952100914703e-05
-3.3171639773240703e-05
-3.3412833979318084e-05
-3.366831967486052e-05
-3.39135263023242e-05
-3.41724492056402e-05
-3.4421709000804655e-05
-3.468413947869634e-05
-3.4937494736818646e-05
-3.520350329626093e-05
-3.5460997838117434e-05
-3.573065517134891e-05
-3.599233432306044e-05
-3.626571135327561e-05
-3.6531621928302714e-05
-3.6808789852417565e-05
-3.707898013334787e-05
-3.736001046590457e-05
-3.763453019103933e-05
-3.791949480328751e-05
-3.8198395151399296e-05
-3.84873663126056e-05
-3.877069989120232e-05
-3.9063750307013556e-05
-3.9351571142831715e-05
-3.964877399274589e-05
-3.994113752052404e-05
-4.024256649612606e-05
-4.053952955219639e-05
-4.084525889126245e-05
-4.1146879706122105e-05
-4.145698422906868e-05
-4.176332242222423e-05
-4.2077877566383017e-05
-4.2388994142074924e-05
-4.270807599482752e-05
-4.30240333392565e-05
-4.3347718671466755e-05
-4.366858054989365e-05
-4.399694684816271e-05
-4.432277840524555e-05
-4.465590390328886e-05
-4.4986771662132473e-05
-4.532473537290622e-05
-4.56607072370461e-05
-4.6003588982296826e-05
-4.6344734237358605e-05
-4.6692614678467935e-05
-4.7039003994865875e-05
-4.739196466299871e-05
-4.77436701006508e-05
-4.81017934257068e-05
-4.845888843827751e-05
-4.882225777829742e-05
-4.918481721866738e-05
-4.9553516887728154e-05
-4.992161701533333e-05
-5.029573231327486e-05
-5.0669450800395804e-05
-5.1049068040489535e-05
-5.1428483980821846e-05
-5.181369051751486e-05
-5.2198884434846856e-05
-5.258976869178906e-05
-5.298082254954887e-05
-5.337747404749875e-05
-5.377447125893145e-05
-5.417698064196836e-05
-5.4580006081163496e-05
-5.4988465146398486e-05
-5.539760516051935e-05
-5.58121068824441e-05
-5.622744930224602e-05
-5.664808786187235e-05
-5.706972201674173e-05
-5.749659282880989e-05
-5.792460955945185e-05
-5.835780929779563e-05
-5.879230097022563e-05
-5.9231927596401467e-05
-5.967298811742315e-05
-6.01191409072329e-05
-6.0566865740099146e-05
-6.1019645311589585e-05
-6.147413148999917e-05
-6.193363982802446e-05
-6.239498597563286e-05
-6.286132646258444e-05
-6.332963280927329e-05
-6.380291024906206e-05
-6.427827864706774e-05
-6.475859929514806e-05
-6.524113324049314e-05
-6.572860483002388e-05
-6.621840947820638e-05
-6.67131412478315e-05
-6.721032343611123e-05
-6.771242615790193e-05
-6.821709442392666e-05
-6.8726680430979e-05
-6.923894503368163e-05
-6.975612824964929e-05
-7.027610119046245e-05
-7.080099715538494e-05
-7.132879219946342e-05
-7.186151810061178e-05
-7.23972508000683e-05
-7.293792549994602e-05
-7.34817132160705e-05
-7.403045728060335e-05
-7.458241920627994e-05
-7.513935493448951e-05
-7.569961211980003e-05
-7.626486357453152e-05
-7.683353894977674e-05
-7.740723198509848e-05
-7.798445038565164e-05
-7.856671267859224e-05
-7.915260087155494e-05
-7.97435619521916e-05
-8.033824866110637e-05
-8.09380399422742e-05
-8.1541655873984e-05
-8.215041068391354e-05
-8.276308855634414e-05
-8.338094216883089e-05
-8.400281673741068e-05
-8.462990640299359e-05
-8.526111448955466e-05
-8.589757946882593e-05
-8.653825999016388e-05
-8.718424158510318e-05
-8.783453558140059e-05
-8.849017716850392e-05
-8.915022783418996e-05
-8.981567489740752e-05
-9.048562761019337e-05
-9.116102777403804e-05
-9.184103012689149e-05
-9.252653319146765e-05
-9.321673502302316e-05
-9.391249299733765e-05
-9.461304642315559e-05
-9.531921356067952e-05
-9.603027300712232e-05
-9.674700584157598e-05
-9.746872808025914e-05
-9.819618546216309e-05
-9.892872964641411e-05
-9.966707278129586e-05
-0.00010041060048447795
-0.00010115999297403711
-0.00010191466822560694
-0.00010267527610634885
-0.00010344126542584787
-0.00010421325720658863
-0.00010499072963680378
-0.00010577427632928746
-0.00010656340346742381
-0.00010735867861646196
-0.00010815963464333466
-0.00010896681435634847
-0.00010977977606734614
-0.00011059903905011911
-0.00011142418589467655
-0.00011225571350667466
-0.00011309322762977558
-0.0001139372039350012
-0.00011478727023123679
-0.00011564388206166364
-0.00011650668823741525
-0.00011737612524594706
-0.0001182518618719508
-0.00011913431657070077
-0.00012002317712874334
-0.00012091884493576547
-0.00012182102585575482
-0.00012273010510917385
-0.00012364580577951757
-0.00012456849777819126
-0.00012549792056206388
-0.00012643442959304633
-0.0001273777798625908
-0.0001283283132360373
-0.00012928579942619113
-0.000130250567516389
-0.00013122240117774615
-0.00013220161747547546
-0.00013318801334404398
-0.00013418189451743206
-0.00013518307055518006
-0.0001361918365185514
-0.00013720801394602813
-0.00013823188793795054
-0.00013926329126918882
-0.0001403024998926465
-0.00014134935700947995
-0.0001424041302634342
-0.0001434666725320297
-0.00014453724384075111
-0.0001456157062336488
-0.00014670231247711695
-0.00014779693373756427
-0.00014889981515181483
-0.00015001083808146903
-0.00015113023795637354
-0.00015225790980918138
-0.0001533940747581019
-0.0001545386439166692
-0.00015569182337894089
-0.00015685353788130914
-0.00015802398199476868
-0.00015920308626127255
-0.0001603910463357813
-0.00016158778348995784
-0.00016279350922078392
-0.0001640081265979758
-0.00016523186990828327
-0.00016646462372747533
-0.00016770664247241305
-0.0001689578011605798
-0.00017021836798621244
-0.00017148821299849473
-0.00017276761683277322
-0.00017405644629054224
-0.00017535499010145678
-0.00017666311032870014
-0.00017798110089788295
-0.00017930881924595144
-0.00018064654424038815
-0.00018199417017206176
-0.00018335189856208975
-0.00018471972945643391
-0.0001860977176453317
-0.0001874860391527589
-0.00018888453418039453
-0.00019029361795214097
-0.00019171287521567947
-0.0001931429898940942
-0.00019458328990594047
-0.00019603470927517298
-0.0001974963652742012
-0.00019896939647978348
-0.0002004527260899947
-0.00020194771759342116
-0.00020345304795660627
-0.00020497036331422664
-0.00020649803810246698
-0.0002080380456778631
-0.00020958841593089826
-0.00021115148984700397
-0.00021272492207111398
-0.00021431142137425538
-0.00021590829934860873
-0.00021751859111466442
-0.00021913927758872558
-0.00022077376742865563
-0.0002224186128028961
-0.00022407769656042676
-0.00022574706846088845
-0.00022743107529874472
-0.0002291253801829168
-0.00023083449740350664
-0.00023255420242021535
-0.00023428846842867034
-0.00023603417273985214
-0.00023779339171032838
-0.0002395660494716376
-0.00024134961277834995
-0.0002431508157003967
-0.00024495755668522187
-0.00024678812348484166
-0.0002486280683691224
-0.00025049025889728634
-0.0002523723857174897
-0.0002542705084355118
-0.0002562122383867077
-0.0002581469057827599
-0.000260152669320517
-0.0002621327366440574
-0.00026419635499033066
-0.0002662233467526133
-0.00026832956817182804
-0.0002704076568778215
-0.0002725393481414389
-0.00027465817307950873
-0.0002767937980116703
-0.0002789490107218964
-0.00028106486199587293
-0.00028324477417546266
-0.00028534249251490295
-0.000287557048798505
-0.0002896459456963687
-0.000291930940834366
-0.0002940009127435712
-0.00029637312492153563
-0.0002984429593964242
-0.00030092674494610884
-0.00030300799842231693
-0.00030562928393850484
-0.00030774616680707555
-0.00031048994324726713
-0.00031266576201194524
-0.0003154872691396504
-0.00031774211317331207
-0.000320605230812206
-0.0003229103545420841
-0.000325828337852223
-0.00032815111216715626
-0.0003311242445636353
-0.00033344528649316765
-0.00033647347146276477
-0.0003387737934330351
-0.0003418591364738831
-0.00034411147230464616
-0.0003472143986752458
-0.0003494567588026437
-0.00035253198591962513
-0.00035476907814061594
-0.00035782974163879946
-0.0003600567828157342
-0.000363068498654329
-0.00036538649887054973
-0.0003683110523466722
-0.0003708713537336262
-0.00037364719649386714
-0.0003767003934222839
-0.00037922493347910413
-0.0003829682180439503
-0.000385002342423383
-0.000389735364466058
-0.00039083964116093904
-0.0003969771879096455
-0.0003964855050310822
-0.00040455734545766816
-0.0004043113625543612
-0.0003784752787395866
-0.0003757784444161083
-0.00033995325386436404
-0.0003402737554646651
-0.00026257822185045757
-0.00026880868862530494
-0.00020646070750361938
-0.0001939738786930767
-0.00015497299314163118
-0.00012442937897999204
-0.00013766855162564498
-6.177684110379722e-05
-0.00012588900453641694
-3.419053403573569e-05
-0.0001853445942915019
-5.358014384720163e-05
-0.00026240469692704726
-0.00015500956721754573
-0.00035161935084885004
-0.00020508300305525917
-0.00036890561508574893
-0.0002234132130435472
-0.00042790379119416605
-0.0003075826628421499
-0.0004434761095546205
-0.0002678953947353249
-0.00040869234291247575
-0.00018679609740023407
-0.000321267693906207
-0.00013047049593641578
-0.0002239461029596452
-7.785921213025087e-05
-0.0001700145938251244
-3.485964402193256e-05
-0.00013462775250892416
4.916952492137346e-06
-9.887887670543543e-05
1.349644922217627e-05
-6.941006859930245e-05
1.755193558600687e-05
-7.768304384092898e-05
-4.38469260098627e-05
-0.00017210574520230143
-0.00023936292729778708
-0.00031253997680807943
-0.0004074158115897064
-0.0004565340893197545
-0.0005330093376707812
-0.0006057173024588691
-0.0007057689917160936
-0.0006827626970047108
-0.0007376685273262074
-0.000546260452427616
-0.0005735519167447134
-0.000272194145657087
-0.00030393664880749155
4.0746028761667885e-05
-0.00013561720467355348
0.00018478857804040544
2.2051260881519874e-06
8.690857983792259e-05
-8.685193744018688e-05
-0.00014836169899325874
-0.00032744280541646686
-0.0008190463076532988
-0.0008355240324022953
-0.0009253964472457756
-0.0010267359770286507
-0.0011374052472401656
-0.0013047851375994472
-0.001363868198083725
-0.0014211767096268813
-0.0014487056750966199
-0.0014506079330449382
-0.0014291875162351472
-0.0013425137677280962
-0.001331273414615784
-0.0012878998685794197
-0.0013022787338001574
-0.0011953520463611614
-0.0012708709150926667
-0.0012343869330403798
-0.0012585942128339562
-0.0012735836907845363
-0.0012783313171440263
-0.0012736979190092982
-0.001228915224253387
-0.001198026161382522
-0.001175503179878789
-0.0011419664973813764
-0.0011285750564527493
-0.0010439726058503354
-0.0011754462820951052
-0.0011071589192700024
-0.0011581652377599656
-0.0010893136470739927
-0.0011681248861672056
-0.000936915517887079
-0.0011687160586964945
-0.0013857597213246223
-0.0012784424991652671
-0.0009389458245358859
-0.0007520957577576342
-0.00236713399773564
-0.00011950149875216825
-0.0024708087707742896
0.000743232161139553
-0.0035797611281018593
0.0035611256787763633
-0.008236417493942199
0.011141063591391793
-0.027386382808425182
0.13487573739478304
0.29359199107096523
0.20776516577829604
0.10739505245888795
0.09044590368992754
0.2690380104173822
-0.001982743550716638
-0.11280988531792042
-0.14259897809622227
-0.14787412946712086
-0.2555936338541091
-0.2608298541745958
-0.22425206148861102
0.009229284853155505
0.10201896550093958
0.09383482391610559
-0.017415837016094268
-0.08055734165502836
0.007126753464825997
0.09525903188871837
0.1423406726757865
0.08673024038060079
0.011192174321569826
-0.010547082672303598
-0.0318669682854204
-0.01016364439889482
0.057459416768845445
0.06306073915649063
0.014958158930629153
-0.034504353943967614
-0.03478378721482053
-0.021176231328377995
-0.03226819800753275
-0.013139628938738691
0.011696647090574622
0.0014903942105815697
-0.03322587063319481
-0.030411041693903497
0.013967948706476944
0.037547663988228445
0.008274605319182005
-0.005240118359991667
0.009228724466713842
0.037586334176939636
0.03075566385036414
0.0057208432048441085
-0.014005968472587373
-0.01984839870115978
-0.009593941100094488
-0.0005001339457978381
0.005411828640335077
-0.0052414174293614205
-0.017317402712707097
-0.026891931585087982
-0.017620555074219342
-0.0008614572733188393
0.01685616256670612
0.012288631027892008
0.0005372182994384613
-0.004788554115259041
-0.006913361652642993
-0.0012036740284223375
0.007727206739714279
0.01788758587789155
0.013369673763049546
-0.0060035099490817565
-0.01764191542709871
-0.010814042186443017
0.0034756373799706614
0.002713818366896322
-0.005086645765158585
-0.010314560577630685
-0.0071333078095783715
-0.006043340862345209
-0.0043062573802973535
-0.0013202635153442372
0.0012884247605380946
0.0001437185883311738
-0.0005058512085797919
0.002904687792068446
0.003539312397230824
-0.00023852458495055175
-0.0033104739106957024
-0.004586203000875751
-0.001971143731755773
0.0001791448825641265
0.002440960562334727
0.0008911031117577421
-0.0016884035411762449
-0.005879462603031978
-0.003772815903216611
0.0005372025114641932
0.005117187845870516
0.005193677720565732
0.0013789704019138492
-0.002738231365097514
-0.0045796763677922216
-0.0002736378085582439
0.004182043774444658
0.004883956213916568
0.003449400147470919
-0.0005721452069150783
-0.0024194208314946997
-0.0021581622278469435
0.0009322899096036448
0.0029236739280893665
0.0005838639258834659
-0.0017639965443556958
-0.003679581363369821
-0.0023912992472725604
-0.0006218008398100389
0.0008449059282260442
0.0001271781117512881
-0.00038796528687772247
0.00036337249741857984
0.0009260527952306451
0.0002990910283228017
0.0002536951548151648
0.0013149703897897868
-0.0012656652012929073
-0.0022364326599158286
-0.0012254640082152133
0.0016689887405001227
0.001550491628377641
0.00023142921023839425
-0.001354291208014925
-0.0003062647001079127
0.0007371501255533911
0.0016365634649643142
0.0003078584521995198
-0.00150114025674983
-0.0019456329261350652
-0.000939694493568125
-9.724267229159288e-05
0.0002556758303754103
1.4521674934192823e-05
0.00011181356782061805
7.2348013143090206e-06
0.0001873815831102674
7.592393951983008e-05
0.00012296673015964045
-5.7353334874202185e-05
9.691611258226367e-06
-6.281053817947061e-05
7.977499706389197e-05
6.9279098237609235e-06
8.6651756560569e-05
-2.3370365817696435e-05
3.358404335390523e-05
-5.716876373288316e-05
2.797477038445019e-05
-3.4065052719121827e-05
4.356659284125079e-05
-3.910373725796179e-05
2.3018385734563298e-05
-4.8412032733927395e-05
2.4157685511639118e-05
-3.9824986681083994e-05
2.5928969989086814e-05
-3.787760715991085e-05
2.5009993277606965e-05
-3.342539759868088e-05
2.759823410499639e-05
-2.9093433008133094e-05
2.6109700882805858e-05
-2.961271325333534e-05
2.3069378319377472e-05
-2.8576490345997956e-05
2.2443868697902378e-05
-2.6722696437780864e-05
2.1365851555067478e-05
-2.5867604968085557e-05
1.973269571299411e-05
-2.5133959271167672e-05
1.8483356651121633e-05
-2.413048716546891e-05
1.7308875821750997e-05
-2.3317691664527892e-05
1.615421999799673e-05
-2.239974072280826e-05
1.5214610923486055e-05
-2.1485497686677882e-05
1.4257184699220012e-05
-2.068305576378513e-05
1.334423894924315e-05
-1.9863759620001486e-05
1.2535211824976357e-05
-1.9075860357919283e-05
1.1725035895398416e-05
-1.8374840957320555e-05
1.093132367223907e-05
-1.770710122589523e-05
1.018110592504928e-05
-1.7073895191452478e-05
9.458612279657913e-06
-1.6479936786508408e-05
8.765885811968036e-06
-1.591650584960736e-05
8.104811300961676e-06
-1.5384778317831856e-05
7.469583894257996e-06
-1.4883763511781833e-05
6.8627947118100885e-06
-1.440799471731126e-05
6.283890326923454e-06
-1.3958333986526373e-05
5.728943027944345e-06
-1.3534666369599633e-05
5.197239401932927e-06
-1.3134723507205739e-05
4.688014610940204e-06
-1.2757879278851836e-05
4.199390876137208e-06
-1.2403382606008856e-05
3.7304464096753046e-06
-1.2070009569959664e-05
3.2801845594889844e-06
-1.1756916220022025e-05
2.8475628741676264e-06
-1.1463133664649683e-05
2.4317983076770208e-06
-1.1187683482464703e-05
2.032024229846113e-06
-1.092979711648102e-05
1.6473560463755622e-06
-1.0688677943198558e-05
1.277044766632941e-06
-1.0463536701797206e-05
9.203413829076855e-07
-1.0253675708263212e-05
5.76505823197905e-07
-1.0058426124629795e-05
2.4485157263060085e-07
-9.877143729513684e-06
-7.528172158311613e-08
-9.709226537135728e-06
-3.845250610098362e-07
-9.554095973507025e-06
-6.834732370086284e-07
-9.411201802746248e-06
-9.726969066933816e-07
-9.28002446233074e-06
-1.2527396973588195e-06
-9.160067582845286e-06
-1.5241171994676543e-06
-9.050859307656406e-06
-1.7873223737556487e-06
-8.951953143684492e-06
-2.042825758531125e-06
-8.862924818538344e-06
-2.291075675893485e-06
-8.78337170924772e-06
-2.5325001959159864e-06
-8.712912158264876e-06
-2.7675078734980675e-06
-8.651184055056172e-06
-2.9964885678271554e-06
-8.597844084007496e-06
-3.219814593261386e-06
-8.552566846250706e-06
-3.437841399959486e-06
-8.515043823566042e-06
-3.650908374583229e-06
-8.484982672571795e-06
-3.859339736533331e-06
-8.462106482597792e-06
-4.063445245046024e-06
-8.446152994468284e-06
-4.263520906208802e-06
-8.436873934729446e-06
-4.459849687044309e-06
-8.434034365665134e-06
-4.652702157980477e-06
-8.437412050351333e-06
-4.842337114140821e-06
-8.446796864442115e-06
-5.029002172326699e-06
-8.461990230153489e-06
-5.212934327306052e-06
-8.482804572375931e-06
-5.394360489024844e-06
-8.509062811122158e-06
-5.573497990844344e-06
-8.54059786846743e-06
-5.750555075338237e-06
-8.577252213393463e-06
-5.925731355415622e-06
-8.618877409308353e-06
-6.099218254116247e-06
-8.665333708287714e-06
-6.271199423954694e-06
-8.716489641554057e-06
-6.441851145892958e-06
-8.772221648535236e-06
-6.611342708403656e-06
-8.832413710535298e-06
-6.779836767002961e-06
-8.896957012930184e-06
-6.947489697259996e-06
-8.965749622287739e-06
-7.114451914894517e-06
-9.038696168710872e-06
-7.280868190365328e-06
-9.115707561054421e-06
-7.446877951720746e-06
-9.196700703767522e-06
-7.61261556314624e-06
-9.281598230570585e-06
-7.778210595957183e-06
-9.370328252745813e-06
-7.943788090143222e-06
-9.462824123581862e-06
-8.109468796653257e-06
-9.559024204847241e-06
-8.275369413142245e-06
-9.658871655457023e-06
-8.44160280580596e-06
-9.762314222720237e-06
-8.608278225084908e-06
-9.869304051774558e-06
-8.775501505376218e-06
-9.979797495229543e-06
-8.943375260702909e-06
-1.0093754943258813e-05
-9.111999068919379e-06
-1.0211140651122518e-05
-9.281469646473548e-06
-1.0331922586600682e-05
-9.451881019466475e-06
-1.0456072275682993e-05
-9.623324679897333e-06
-1.0583564661894069e-05
-9.795889741158134e-06
-1.0714377970654063e-05
-9.969663084192465e-06
-1.0848493583230889e-05
-1.0144729496065243e-05
-1.0985895911797282e-05
-1.0321171801903092e-05
-1.1126572287696807e-05
-1.0499070995408197e-05
-1.1270512851230625e-05
-1.0678506357057163e-05
-1.14177104483178e-05
-1.0859555571675198e-05
-1.1568160532487255e-05
-1.1042294838867141e-05
-1.1721861073860392e-05
-1.1226798980096958e-05
-1.1878812469717694e-05
-1.1413141537955151e-05
-1.2039017462913315e-05
-1.1601394875877195e-05
-1.220248106426266e-05
-1.179163026921164e-05
-1.2369210476939401e-05
-1.1983917994506823e-05
-1.2539215027855408e-05
-1.2178327414743705e-05
-1.2712506101985742e-05
-1.2374927061325398e-05
-1.288909707952918e-05
-1.2573784711379605e-05
-1.3069003278311968e-05
-1.2774967463866408e-05
-1.3252241897824472e-05
-1.2978541810345243e-05
-1.3438831967369064e-05
-1.3184573704510833e-05
-1.3628794298417166e-05
-1.33931286284035e-05
-1.3822151436718557e-05
-1.3604271655868333e-05
-1.4018927621866663e-05
-1.3818067513738166e-05
-1.4219148744387007e-05
-1.4034580641614225e-05
-1.4422842311628045e-05
-1.4253875247260614e-05
-1.4630037407357662e-05
-1.4476015360796648e-05
-1.484076466421171e-05
-1.470106488917172e-05
-1.5055056229103768e-05
-1.4929087664428131e-05
-1.5272945737026655e-05
-1.5160147494501161e-05
-1.5494468283931608e-05
-1.5394308209517975e-05
-1.571966040161011e-05
-1.5631633706872676e-05
-1.594856003598157e-05
-1.5872187995616795e-05
-1.6181206525436604e-05
-1.6116035240213572e-05
-1.641764058313668e-05
-1.6363239799763033e-05
-1.6657904277474163e-05
-1.6613866269543564e-05
-1.6902041018338637e-05
-1.686797951985959e-05
-1.7150095542404348e-05
-1.7125644732963628e-05
-1.7402113898376537e-05
-1.7386927439175248e-05
-1.7658143437584983e-05
-1.7651893554980914e-05
-1.7918232803711652e-05
-1.7920609414582428e-05
-1.8182431922018818e-05
-1.8193141805762994e-05
-1.8450791994093288e-05
-1.8469558001871396e-05
-1.8723365489343655e-05
-1.8749925794678962e-05
-1.9000206141350437e-05
-1.9034313525637114e-05
-1.9281368942870077e-05
-1.9322790116542508e-05
-1.956691014296178e-05
-1.9615425100082476e-05
-1.9856887244218586e-05
-1.9912288648431947e-05
-2.0151359002656966e-05
-2.0213451604205032e-05
-2.045038542659969e-05
-2.0518985506363333e-05
-2.0754027777649536e-05
-2.0828962620265262e-05
-2.1062348572443773e-05
-2.1143455965010483e-05
-2.1375411585511025e-05
-2.1462539339838367e-05
-2.1693281851164136e-05
-2.1786287351429026e-05
-2.2016025669140317e-05
-2.2114775441014106e-05
-2.234371060905364e-05
-2.244807990998319e-05
-2.267640551545895e-05
-2.2786277945576177e-05
-2.3014180514489336e-05
-2.3129447647243955e-05
-2.335710702118922e-05
-2.3477668051817796e-05
-2.3705257747037422e-05
-2.3831019158958907e-05
-2.4058706708328555e-05
-2.4189581955887107e-05
-2.4417529235515323e-05
-2.4553438443028486e-05
-2.4781801982513146e-05
-2.4922671658076517e-05
-2.5151602937353856e-05
-2.5297365701597394e-05
-2.5527011433535557e-05
-2.5677605761359468e-05
-2.590810816079092e-05
-2.606347813702281e-05
-2.629497517839252e-05
-2.6455070264247427e-05
-2.6687695926095028e-05
-2.6852470740638262e-05
-2.7086355239628462e-05
-2.7255769348695762e-05
-2.7491039362916557e-05
-2.7665057081245126e-05
-2.7901835961981268e-05
-2.808042616563955e-05
-2.831883414341574e-05
-2.8501970089599474e-05
-2.8742124464962537e-05
-2.8929783624871935e-05
-2.9171798956345997e-05
-2.9363962853044823e-05
-2.960795113117671e-05
-2.9804605189259303e-05
-3.0050676008747785e-05
-3.025180940837216e-05
-3.050007012630096e-05
-3.070567566801417e-05
-3.0956231561523814e-05
-3.1166305538250956e-05
-3.141925995000215e-05
-3.163380202316434e-05
-3.1889256501978734e-05
-3.2108269587084086e-05
-3.236632402520362e-05
-3.258981418220242e-05
-3.285056694294448e-05
-3.307854327415892e-05
-3.3342091315300814e-05
-3.357456586580102e-05
-3.384100485839467e-05
-3.407799252717479e-05
-3.4347416969683826e-05
-3.458893542029464e-05
-3.486143874639817e-05
-3.510750832657658e-05
-3.538318300921691e-05
-3.5633826673034445e-05
-3.5912764325077246e-05
-3.616800756196354e-05
-3.645029903165555e-05
-3.671016979610645e-05
-3.699590525908325e-05
-3.7260433908636824e-05
-3.754970295691046e-05
-3.781892219052198e-05
-3.811181391650447e-05
-3.83857587193258e-05
-3.868236179861272e-05
-3.896106938851979e-05
-3.926147215754794e-05
-3.954498193615985e-05
-3.9849272468816394e-05
-4.013762597512502e-05
-4.044589215455863e-05
-4.073913302227926e-05
-4.105146261234108e-05
-4.1349636530046974e-05
-4.1666117242031286e-05
-4.196927191543742e-05
-4.2289991474292465e-05
-4.259817659238441e-05
-4.292322279947315e-05
-4.3236490002925704e-05
-4.3565950797481295e-05
-4.388435364924455e-05
-4.42183171669476e-05
-4.454191112456744e-05
-4.4880465755306465e-05
-4.5209308148136396e-05
-4.555254259108743e-05
-4.58866925959491e-05
-4.623469591363925e-05
-4.657421453644131e-05
-4.6927076206697196e-05
-4.727202626254347e-05
-4.7629836229643244e-05
-4.798028232763391e-05
-4.834313105087605e-05
-4.8699139579073264e-05
-4.9067118081691855e-05
-4.942875719501222e-05
-4.980195711003525e-05
-5.0169296718446336e-05
-5.054781033552344e-05
-5.0920922095730806e-05
-5.1304842404374836e-05
-5.16837997115464e-05
-5.207322044550183e-05
-5.2458098427326854e-05
-5.2853114106818236e-05
-5.3243989618422926e-05
-5.36446955922143e-05
-5.4041647213228655e-05
-5.444813969870282e-05
-5.485124773127676e-05
-5.5263623855441105e-05
-5.567297032309628e-05
-5.6091328161372e-05
-5.6506996810972744e-05
-5.693143542729738e-05
-5.7353511728669426e-05
-5.778413121031948e-05
-5.821270236259536e-05
-5.8649603861816176e-05
-5.908475879452639e-05
-5.952804456214747e-05
-5.9969873941918936e-05
-6.04196473665559e-05
-6.0868243602901686e-05
-6.132460924553965e-05
-6.178006649978115e-05
-6.224313013054785e-05
-6.270554432367438e-05
-6.317541295615533e-05
-6.364488177608603e-05
-6.412166370315482e-05
-6.459828661820998e-05
-6.508209144758296e-05
-6.556596971652698e-05
-6.605690840365578e-05
-6.654814508727448e-05
-6.704632997040069e-05
-6.754502994644898e-05
-6.805057478210836e-05
-6.855684475747182e-05
-6.906986475286483e-05
-6.95838132793302e-05
-7.010442512721856e-05
-7.062616261754211e-05
-7.115448452974841e-05
-7.168412327284346e-05
-7.222027501450966e-05
-7.27579291945592e-05
-7.330203211733507e-05
-7.384781783016062e-05
-7.439999490690995e-05
-7.49540301800045e-05
-7.551440603764735e-05
-7.607681084923271e-05
-7.664551180332782e-05
-7.721640810269591e-05
-7.779356219088027e-05
-7.837307391996627e-05
-7.895881093628466e-05
-7.954706405089796e-05
-8.014151557990064e-05
-8.073863807272314e-05
-8.134193752385951e-05
-8.194805944723618e-05
-8.25603420886611e-05
-8.317559557894717e-05
-8.379699857291752e-05
-8.442151787506652e-05
-8.505218031233859e-05
-8.568610180521426e-05
-8.632616473992988e-05
-8.696962696170499e-05
-8.761923344686231e-05
-8.82723771228678e-05
-8.893167224555965e-05
-8.959464031469837e-05
-9.02637712321575e-05
-9.093670887499295e-05
-9.161582485009786e-05
-9.229887951821508e-05
-9.298813195639916e-05
-9.368145340090848e-05
-9.438099588620765e-05
-9.508473618886925e-05
-9.579472452159112e-05
-9.650903812425787e-05
-9.722963035739394e-05
-9.795467409417542e-05
-9.868603057177104e-05
-9.942196370071378e-05
-0.00010016424709535082
-0.00010091123133183061
-0.00010166460668384808
-0.00010242280623249051
-0.0001031874409875642
-0.000103957022577568
-0.00010473308662732448
-0.00010551421954675704
-0.00010630188526754259
-0.00010709474139864041
-0.0001078941836917108
-0.00010869893754667344
-0.00010951033387937029
-0.00011032716263733694
-0.00011115069308348488
-0.00011197977662838478
-0.00011281562391004816
-0.00011365714486702178
-0.000114505494396548
-0.00011535963817315445
-0.00011622067809652446
-0.00011708763291988326
-0.00011796155415774289
-0.00011884151111638843
-0.00011972850741030425
-0.00012062166049439725
-0.00012152192844880718
-0.0001224284745910873
-0.0001233422137193415
-0.0001242623528379316
-0.0001251897656070972
-0.000126123700649138
-0.0001270649925264526
-0.00012801292951129784
-0.00012896830900983544
-0.0001299304570723247
-0.0001309001357988054
-0.00013187670723674547
-0.00013286089993982302
-0.00013385211025817505
-0.00013485103487505343
-0.00013585710283320893
-0.0001368709805405576
-0.00013789212820024868
-0.00013892118346341934
-0.0001399576362363464
-0.00014100209685922378
-0.0001420540835559062
-0.00014311418073280032
-0.00014418193361346438
-0.0001452579019809218
-0.00014634165680509095
-0.00014743373449362655
-0.0001485337305715116
-0.000149642159259837
-0.00015075863950556246
-0.00015188366447448036
-0.0001530168754581075
-0.00015415874564501695
-0.00015530893764697872
-0.00015646790570139719
-0.00015763533276690037
-0.00015881165510766147
-0.0001599965751033809
-0.00016119051197509813
-0.00016239318664377838
-0.00016360500217496837
-0.00016482569719470166
-0.00016605565945746349
-0.0001672946444987184
-0.0001685430255668292
-0.000169800574352087
-0.00017106765036308197
-0.00017234404072679049
-0.00017363009194275997
-0.0001749256058926514
-0.00017623091676301737
-0.00017754584054112833
-0.00017887069976464502
-0.00018020532391249374
-0.00018155002450262253
-0.00018290464392260362
-0.00018426948327214147
-0.00018564439729079092
-0.00018702967723844362
-0.0001884251896731873
-0.00018983121656654834
-0.00019124763579372856
-0.00019267472055779783
-0.00019411235958054072
-0.0001955608177866285
-0.0001970199943055738
-0.00019849014624915494
-0.00019997118273284238
-0.00020146335350892258
-0.00020296657726614413
-0.0002044810968461079
-0.00020600684009876996
-0.00020754404339362728
-0.00020909264335687463
-0.00021065287027618833
-0.0002122246692273761
-0.0002138082647531645
-0.00021540361008699115
-0.00021701092435661047
-0.00021863016864819148
-0.00022026155703838615
-0.00022190505812734462
-0.00022356088133852563
-0.00022522900243001796
-0.0002269096265601278
-0.0002286027363356158
-0.00023030853296960522
-0.00023202700567796167
-0.00023375835196803177
-0.00023550256749350296
-0.00023725984626989804
-0.00023903019016947548
-0.00024081379002349195
-0.0002426106536007572
-0.00024442096894745165
-0.00024624474935049085
-0.0002480821804750733
-0.00024993328081090625
-0.0002517982339416755
-0.0002536770633850494
-0.0002555699508161493
-0.00025747692468534113
-0.00025939816490322127
-0.0002613337047388908
-0.0002632837225411853
-0.0002652482561823471
-0.00026722748276533474
-0.00026922144445921167
-0.0002712303174430041
-0.0002732541479803325
-0.0002752931114602254
-0.0002773472582494737
-0.00027941676295126575
-0.00028150168002148875
-0.0002836021836181198
-0.0002857183313988874
-0.0002878502991450434
-0.00028999814408246826
-0.0002921620486102147
-0.00029434206758560645
-0.0002965383854109981
-0.00029875106647548423
-0.0003009802843593505
-0.0003032261182873367
-0.00030548873621383515
-0.0003077682198533387
-0.0003100647448671815
-0.00031237837952530017
-0.0003147093205728705
-0.00031705761389116656
-0.00031942347541518085
-0.0003218069433011182
-0.0003242082291651672
-0.00032662739857240914
-0.000329064619196489
-0.00033152002372409113
-0.0003339937196443739
-0.00033648588785347144
-0.0003389966316419878
-0.0003415261122223076
-0.0003440744752180149
-0.00034664185284752455
-0.0003492283990459799
-0.00035183427879699415
-0.0003544595628190277
-0.00035710454740560865
-0.00035976913226047776
-0.00036245379715130785
-0.0003651582579494038
-0.0003678831649523948
-0.00037062809416494463
-0.0003733938029615268
-0.00037617980286008167
-0.00037898691317432256
-0.000381814568881727
-0.00038466373200264387
-0.0003875336323762989
-0.0003904255198094779
-0.00039333828021941724
-0.0003962735588566924
-0.00039922983241292317
-0.0004022091406225927
-0.0004052096130989528
-0.0004082335784579305
-0.00041127892564588546
-0.00041434819600487524
-0.0004174390859209804
-0.0004205543205894857
-0.00042369143004491
-0.0004268533419299837
-0.0004300373338778109
-0.00043324666200987637
-0.00043647826754967715
-0.00043973573114366153
-0.000443015677396291
-0.0004463220994523731
-0.0004496509681771052
-0.00045300734993843295
-0.00045638532517457944
-0.0004597933043336444
-0.0004632195989049987
-0.00046668179465664305
-0.000470156369168856
-0.00047366268066223287
-0.00047719584408643625
-0.000480740633853616
-0.0004843227984276002
-0.0004879222103268191
-0.0004915438477469809
-0.0004951971043027167
-0.0004988645589468465
-0.0005025833186177123
-0.0005063115803230758
-0.0005100925250744064
-0.0005139040090599466
-0.0005177381743274442
-0.0005216432147987097
-0.0005255187722392408
-0.0005295141743607702
-0.0005334361164994815
-0.0005374852052826031
-0.0005414775289935138
-0.0005455551358750565
-0.00054960064365205
-0.0005537369970975678
-0.0005578023558712434
-0.0005620224689868984
-0.0005660963763359581
-0.0005704308758673485
-0.000574523828151583
-0.0005789690209278714
-0.0005831155219246744
-0.0005876723976508561
-0.0005918770989059846
-0.0005965353368925924
-0.0006008094562258304
-0.0006055608860226361
-0.0006098931209269397
-0.0006147537630845261
-0.0006191174430959547
-0.0006240981058798535
-0.0006284737908331499
-0.0006335822028521892
-0.0006379625903976324
-0.0006431901689326457
-0.0006476047839973978
-0.0006529228523647376
-0.0006574100233582617
-0.0006628110728310507
-0.000667382894542619
-0.0006728516627829972
-0.0006775256347930532
-0.0006830396825863246
-0.0006877265237194199
-0.0006933731535187131
-0.0006980080860230979
-0.0007037707971234977
-0.0007083217437685203
-0.0007143699546312606
-0.0007186003636431154
-0.0007252815224138682
-0.0007288821440196768
-0.0007368685162774145
-0.0007388325178408627
-0.0007495614678091757
-0.000748390048308671
-0.0007606604793905793
-0.0007938716983371483
-0.0007753365630367576
-0.0008113101603624915
-0.0008264075794710835
-0.0008225902674539876
-0.0008488804391208887
-0.0008661855703497338
-0.0008701837324409907
-0.0008479440588560917
-0.0008183227517663746
-0.0008401960857411968
-0.0007822383165868516
-0.0008388835885432726
-0.0007555743029660535
-0.0008390839026995063
-0.000769161943094775
-0.0008434235680749337
-0.0007948562608279851
-0.0008486431714091296
-0.0008207784144805403
-0.0008866001693142445
-0.0008147415909662403
-0.0009298805037005684
-0.0008378586654576581
-0.0009743486134864542
-0.0008365576384419169
-0.0009824694338162578
-0.0008246875863081662
-0.0009811746384893287
-0.0007727208517304476
-0.000977652446293339
-0.0007458911738376459
-0.0009398479203267203
-0.0007607206706375229
-0.0009013146507940964
-0.0007479389342966205
-0.0008962939821417523
-0.000760786925095913
-0.0009401007142295152
-0.000750274972194821
-0.0009609425378846472
-0.0007624814519774363
-0.0009784241055585524
-0.0007819540313246287
-0.0009244036942522155
-0.0008261933379013655
-0.0009289133010302953
-0.0008338358235111532
-0.0009841439277741698
-0.0009700902072561357
-0.0011290644770118041
-0.001100278274937673
-0.0012643639488400943
-0.0012665057035339544
-0.0013363718296692776
-0.0012817510629564294
-0.0013467017429004968
-0.001212335796650768
-0.0012518894582697615
-0.0010467869741165037
-0.0010427889857240746
-0.000868878789706231
-0.0008786546326748912
-0.000840380508165435
