-0.0016402341583864088
-8.985357149572941e-05
-0.001629374186169447
-4.13345125890422e-05
-0.0016975600351545465
-2.6115872496266374e-05
-0.0018029194736428516
1.8542501559825003e-05
-0.0019484057347540446
-2.609216841105357e-05
-0.0020521042327776226
-2.500139328224271e-05
-0.002226029759957942
-2.401795574113845e-05
-0.00240575114223602
1.4164790905200376e-06
-0.002501090996316014
2.216162839890467e-05
-0.0026043208998026536
0.00012581422276296468
-0.0026662718991716182
0.000289190575583316
-0.002733365280595145
0.0004510788797412297
-0.002833992468666221
0.0005542584983420612
-0.00299326663337235
0.0007528076026424245
-0.003135620215471711
0.0008715376246341471
-0.003199305491329612
0.0010448381784778035
-0.003399809337905426
0.0011783132780534894
-0.003730518999573692
0.0019362973211159917
-0.003838495871478835
0.0011253949545650414
-0.0034537837399137086
0.0021240390909893353
-0.004386301949597459
0.002165415631192051
-0.004435039727492629
0.0038503629369670955
-0.006372275257224856
0.005891329879924792
-0.011671252310230935
0.027289161253526883
0.17794612059631554
0.1859555477549657
0.17066657094970483
0.08468174756145849
0.09204893308915668
0.13125732001845264
0.13671347016109558
0.06645765893854069
-0.14193769543148388
-0.2694482450405934
-0.1912850532971515
-0.1515966636853732
-0.11731502982323498
-0.13156581179019838
-0.06526714929232691
-0.01859466095186047
-0.04378122545173839
0.013733464348747585
0.03176010251901225
0.06476024786591983
0.11335988163586092
0.07387479615455024
0.056761916666809506
0.0726933474280139
0.09368362913463767
0.041288723477862416
-0.01283792347466355
-0.008913484060487501
-0.0066649378142146255
0.00865528096921311
-0.02327263659281293
-0.03904163889112416
-0.027813308197679763
-0.008311051046994226
-0.03627660945838243
-0.04154832355438109
-0.016260568917129993
-0.0043903022827938695
0.008172881176022172
0.0153541053939268
-0.0010352875186916061
-0.011800210738378681
-0.0028586060861045814
0.022670168605202254
0.02835410079243122
0.027304477951216183
0.022449224916314056
0.014865993941462059
0.0053680262320592404
-0.006080390788367805
-0.004430589382433858
0.0014597853434791695
0.005264754612898685
-0.0023626946274974
-0.009435029123351696
-0.00851815600615782
-0.008991682429983336
-0.01258859829092702
-0.01386232623907597
-0.009436522604468214
0.0030020733113242616
0.004224002300436795
-0.0004605802546655466
-0.004092001319501607
-0.007152624811693732
-0.005576811950107504
-0.00636788351783534
-0.005556336878991381
-0.0020018911070763014
0.0010838429484617217
-0.0006598376344555072
-0.002497385547994754
-0.003969991887754714
-0.005174692975367056
-0.002432626944725008
0.005226186767588128
0.006138746267040649
0.003091410393639092
0.0022198870801317214
9.381905730333827e-05
-0.002373255577032097
-0.0023518375654455574
0.00011402981971807464
0.0007485876737571876
0.00034128457535433413
-0.0013857543948145663
-0.00281242441425513
-0.002938901895956139
-0.0035887349346615705
-0.004806288364371117
-0.003271303125927553
-0.0012635821454601744
0.0005066560537425966
-0.00037596561512871887
-0.0006229782093970807
-0.0019661336789379025
-0.0014696458754012943
-0.0006199625512885674
0.0021800679019942978
0.0041626452451491314
0.0034391599264311846
0.001730692410759909
0.0010308982769916752
9.219998159658535e-05
3.421946494091042e-05
-0.0013287546960072882
-0.0001476292031570548
-0.0005078066857673848
-0.000242069805283873
6.63769475436226e-05
-1.8218511397546727e-05
1.1454414765860968e-05
-0.00024376314263058944
-0.00012023168265810349
-0.0002007101316405441
-9.87157299179676e-05
-9.840792823845882e-05
8.072033481060887e-07
-2.8905197776536815e-05
-3.1591303082269815e-05
-3.4884930558145677e-05
1.3252506527920791e-06
-1.0553946663006833e-05
-5.815146099669036e-06
-3.0689807842874766e-06
5.770407490663629e-06
-4.134387451834923e-06
8.791894153698475e-06
-3.1769558805044406e-06
1.1333847897526369e-06
-3.345233029856438e-05
-1.4023824249848223e-05
-3.934892000094487e-05
-1.8054159838408853e-05
-4.151213143763758e-05
-2.6220326598286965e-05
-2.912244303204437e-05
-3.451513193312552e-05
-2.260092263635258e-05
-3.2862651259184315e-05
-2.2476708583295344e-05
-3.234301665021536e-05
-2.4415366119738302e-05
-2.8939853034404414e-05
-2.5595500548710555e-05
-2.691219706552658e-05
-2.5987052801858257e-05
-2.5770566486328812e-05
-2.672137081187291e-05
-2.604115369230593e-05
-2.646344748332731e-05
-2.6376311661069178e-05
-2.6778791721295166e-05
-2.7064128002255317e-05
-2.6741071040872885e-05
-2.7757577657878778e-05
-2.695935963951772e-05
-2.8177959658910875e-05
-2.732638510464624e-05
-2.855762616577138e-05
-2.7842165196126237e-05
-2.8550246366605084e-05
-2.832943278210389e-05
-2.8514558798479377e-05
-2.8830344319758232e-05
-2.8464944384641442e-05
-2.9186890967467394e-05
-2.8648585559926652e-05
-2.9319770926755574e-05
-2.897545014749343e-05
-2.942434099312307e-05
-2.93364693934033e-05
-2.9531015393130956e-05
-2.9656740248013794e-05
-2.971578048550829e-05
-2.9927213411364765e-05
-2.995496025823567e-05
-3.0167285260372775e-05
-3.0232815654747782e-05
-3.0389030877748868e-05
-3.051363014739772e-05
-3.062387063812813e-05
-3.078989999905703e-05
-3.086699301778779e-05
-3.105355770420824e-05
-3.112735923543875e-05
-3.1304238836529666e-05
-3.1398132160122906e-05
-3.155078090274826e-05
-3.167367240107467e-05
-3.1797436389080464e-05
-3.194706062728276e-05
-3.205226882405619e-05
-3.221607247569976e-05
-3.231622302829907e-05
-3.2479805548242015e-05
-3.258944502536158e-05
-3.2741251753735674e-05
-3.286677134586597e-05
-3.3005931457289134e-05
-3.3144452682839706e-05
-3.32758418437433e-05
-3.342099573013218e-05
-3.35515587785969e-05
-3.369717717622645e-05
-3.3831481482455694e-05
-3.397458114806867e-05
-3.4114126713705574e-05
-3.4254513572098315e-05
-3.439831133344204e-05
-3.453777734828975e-05
-3.468383072189571e-05
-3.482426100561678e-05
-3.497088069624298e-05
-3.511372325664156e-05
-3.525992802987728e-05
-3.540566629943952e-05
-3.555148046187405e-05
-3.569975626599748e-05
-3.584581244083545e-05
-3.599585052469956e-05
-3.6143016176468134e-05
-3.6294039518372924e-05
-3.6442965054938334e-05
-3.659452126610627e-05
-3.6745482579858806e-05
-3.689752879183555e-05
-3.7050390244040485e-05
-3.7203227777652726e-05
-3.735763446342772e-05
-3.751164639306749e-05
-3.766726896964627e-05
-3.782273816948351e-05
-3.7979405076095114e-05
-3.813642712332372e-05
-3.8294147611593436e-05
-3.845266990557905e-05
-3.861156097272685e-05
-3.877146615376679e-05
-3.893166774100742e-05
-3.909285480185908e-05
-3.925446237679756e-05
-3.941688833919725e-05
-3.957993698880963e-05
-3.974361698971557e-05
-3.990809104697406e-05
-4.0073078474420166e-05
-4.023893983127791e-05
-4.040529544023958e-05
-4.0572511271837696e-05
-4.0740281167865296e-05
-4.0908840142713274e-05
-4.1078045871438974e-05
-4.1247960731649895e-05
-4.141860330782418e-05
-4.1589902739710104e-05
-4.176197308401047e-05
-4.193468988152472e-05
-4.210818088303241e-05
-4.228234145629145e-05
-4.245725537669123e-05
-4.2632875920180485e-05
-4.28092251193498e-05
-4.2986313384799297e-05
-4.3164116560147e-05
-4.334267683014925e-05
-4.35219538193728e-05
-4.3701991554154045e-05
-4.388275965127664e-05
-4.4064284006775905e-05
-4.424655670681797e-05
-4.442958057069576e-05
-4.4613368498978715e-05
-4.479790698015435e-05
-4.498321966583561e-05
-4.5169288277464685e-05
-4.535613582432735e-05
-4.554374914526741e-05
-4.5732143129007495e-05
-4.592131436898395e-05
-4.611126786559314e-05
-4.63020091728693e-05
-4.649353620290401e-05
-4.6685859360003925e-05
-4.687897417480732e-05
-4.707289125217845e-05
-4.7267607801722614e-05
-4.746313152812929e-05
-4.7659463270512256e-05
-4.785660705118491e-05
-4.805456708859468e-05
-4.82533447747483e-05
-4.8452946131777026e-05
-4.865337172542576e-05
-4.8854627620037406e-05
-4.905671506963817e-05
-4.9259639049046235e-05
-4.9463402184660654e-05
-4.966800812424547e-05
-4.9873460716520464e-05
-5.00797627259182e-05
-5.028691859841226e-05
-5.049493091131233e-05
-5.0703804039573344e-05
-5.091354094018715e-05
-5.11241455002149e-05
-5.133562130062993e-05
-5.1547971669096406e-05
-5.176120073553393e-05
-5.1975311451924285e-05
-5.219030824612608e-05
-5.240619397274825e-05
-5.262297309210749e-05
-5.28406485859076e-05
-5.305922478197802e-05
-5.3278704886521304e-05
-5.349909306662511e-05
-5.372039272280932e-05
-5.394260793431749e-05
-5.416574219763138e-05
-5.4389799614026424e-05
-5.4614783670942405e-05
-5.484069858102989e-05
-5.506754775765673e-05
-5.5295335562628755e-05
-5.552406532356705e-05
-5.5753741543047934e-05
-5.5984367488472674e-05
-5.6215947767410454e-05
-5.6448485626184975e-05
-5.668198574189384e-05
-5.6916451369328045e-05
-5.7151887235420084e-05
-5.7388296612538445e-05
-5.7625684278728005e-05
-5.7864053515328427e-05
-5.810340916749887e-05
-5.8343754505948964e-05
-5.858509446382562e-05
-5.882743228241398e-05
-5.907077299939056e-05
-5.931511981352135e-05
-5.956047787732761e-05
-5.980685034162364e-05
-6.0054242476272925e-05
-6.030265738399829e-05
-6.055210045172979e-05
-6.080257473537541e-05
-6.105408573874275e-05
-6.130663647038883e-05
-6.156023255371488e-05
-6.181487694590726e-05
-6.207057539664164e-05
-6.232733080414624e-05
-6.258514905334886e-05
-6.284403297459294e-05
-6.310398859797237e-05
-6.336501867623299e-05
-6.362712939503567e-05
-6.389032342039589e-05
-6.415460710245709e-05
-6.441998301226639e-05
-6.468645767383521e-05
-6.495403355444022e-05
-6.522271736110718e-05
-6.549251144848014e-05
-6.576342271641776e-05
-6.603545339737784e-05
-6.630861059512974e-05
-6.658289640872886e-05
-6.685831815808033e-05
-6.713487779673653e-05
-6.74125828742933e-05
-6.769143518500884e-05
-6.797144252315658e-05
-6.825260650920916e-05
-6.853493519733004e-05
-6.881843001929275e-05
-6.910309930551264e-05
-6.938894428281566e-05
-6.967597357475732e-05
-6.996418818621113e-05
-7.025359705299439e-05
-7.054420093886567e-05
-7.083600911170153e-05
-7.112902207473794e-05
-7.142324944930728e-05
-7.171869145646426e-05
-7.201535809336234e-05
-7.231324927597363e-05
-7.261237540256116e-05
-7.291273605907552e-05
-7.321434207093868e-05
-7.351719266726815e-05
-7.382129912913472e-05
-7.412666030073519e-05
-7.443328794886771e-05
-7.474118050166344e-05
-7.505035024403734e-05
-7.536079515570351e-05
-7.567252807482751e-05
-7.598554649684407e-05
-7.629986385008017e-05
-7.661547710851799e-05
-7.693240033026724e-05
-7.725062992728488e-05
-7.757018063032396e-05
-7.789104824553611e-05
-7.821324822243278e-05
-7.853677571455914e-05
-7.886164693940781e-05
-7.918785634777057e-05
-7.951542097745998e-05
-7.98443345229648e-05
-8.017461489904631e-05
-8.05062549862224e-05
-8.083927363636105e-05
-8.117366285410399e-05
-8.150944249379552e-05
-8.184660361769923e-05
-8.218516715188112e-05
-8.252512314487035e-05
-8.286649366919408e-05
-8.320926768356704e-05
-8.355346848678831e-05
-8.389908386560252e-05
-8.424613843055245e-05
-8.459461870871827e-05
-8.494455071452606e-05
-8.529591962085255e-05
-8.564875294432128e-05
-8.600303440251368e-05
-8.635879312002032e-05
-8.671601125066991e-05
-8.707471964000408e-05
-8.743489876180663e-05
-8.77965813038254e-05
-8.815974593500491e-05
-8.852442731568293e-05
-8.889060217579788e-05
-8.925830728768753e-05
-8.962751729890055e-05
-8.999827124344187e-05
-9.037054153236842e-05
-9.074436962142138e-05
-9.111972552006435e-05
-9.14966532779434e-05
-9.187512032579614e-05
-9.225517349149143e-05
-9.263677743668458e-05
-9.301998196521721e-05
-9.340474876631116e-05
-9.379113083155324e-05
-9.417908665880492e-05
-9.45686726549072e-05
-9.495984389200351e-05
-9.535266043560198e-05
-9.574707368102675e-05
-9.614314761382386e-05
-9.654082968239136e-05
-9.694018807270693e-05
-9.734116599707104e-05
-9.77438361420141e-05
-9.814813717413592e-05
-9.855414660265888e-05
-9.896179821527746e-05
-9.937117468892631e-05
-9.978220457653218e-05
-0.00010019497609383972
-0.00010060941217516746
-0.00010102560697257737
-0.00010144347739128395
-0.00010186312394515795
-0.00010228445707144678
-0.00010270758410243803
-0.00010313240853504857
-0.00010355904500861622
-0.00010398738957418822
-0.00010441756470472123
-0.00010484945846103038
-0.00010528320171302049
-0.00010571867394995951
-0.00010615601504204274
-0.0001065950952828154
-0.00010703606418956254
-0.00010747878219121413
-0.00010792340914676443
-0.00010836979490234282
-0.00010881811040317152
-0.00010926819414205295
-0.00010972022894939763
-0.00011017404113926928
-0.0001106298262830215
-0.00011108739763016962
-0.00011154696441104312
-0.00011200832586156015
-0.00011247170585561967
-0.00011293688859650714
-0.0001134041136572583
-0.00011387314911732305
-0.00011434425138047801
-0.00011481717123069303
-0.00011529218311690469
-0.00011576901927138136
-0.00011624797348995649
-0.00011672875810641041
-0.00011721168765979606
-0.00011769645314087013
-0.00011818339132810621
-0.0001186721703201857
-0.00011916315074086666
-0.00011965597613587155
-0.000120151032695269
-0.00012064793762988496
-0.00012114710454246003
-0.00012164812239894712
-0.00012215143419376864
-0.00012265659859894695
-0.00012316409012387564
-0.00012367343494969207
-0.00012418514137686743
-0.00012469870073948675
-0.00012521465757032307
-0.0001257324658298295
-0.00012625270890054274
-0.0001267748006597222
-0.0001272993661468741
-0.00012782577625038843
-0.00012835470067718534
-0.00012888546421053072
-0.00012941878445277624
-0.00012995393674060038
-0.00013049169003339842
-0.0001310312666377364
-0.0001315734905822808
-0.00013211752730047516
-0.00013266425987109795
-0.00013321279273341424
-0.0001337640722854517
-0.00013431713755301727
-0.00013487300283059056
-0.00013543063699110892
-0.0001359911271352045
-0.00013655336690073135
-0.0001371185214585919
-0.00013768540376102442
-0.00013825526269468577
-0.00013882682468178455
-0.0001394014283784186
-0.0001399777074088868
-0.00014055709669075472
-0.00014113813032901566
-0.00014172234646445212
-0.00014230817247484198
-0.00014289725718999295
-0.00014348791353059089
-0.00014408190902123579
-0.0001446774338363533
-0.00014527638278070357
-0.00014587681439320313
-0.0001464807599656998
-0.00014708613686901682
-0.00014769512275508603
-0.00014830548360386677
-0.00014891955401405248
-0.0001495349376131618
-0.00015015413730059017
-0.0001507745825955393
-0.00015139895687324217
-0.0001520245029366183
-0.00015265409769375966
-0.00015328478371295787
-0.00015391964543703398
-0.00015455551070110674
-0.00015519568649627612
-0.00015583677037871884
-0.00015648230798916423
-0.0001571286499321414
-0.00015777959776508638
-0.00015843123726113186
-0.0001590876444111645
-0.00015974462098368404
-0.00016040653725962663
-0.00016106889044187052
-0.00016173636639436407
-0.00016240413570627293
-0.00016307722265853882
-0.0001637504475814845
-0.00016442919766091455
-0.00016510791761195393
-0.0001657923837843125
-0.00016647663808625087
-0.00016716687419164638
-0.00016785670204245577
-0.00016855276283480347
-0.00016924820327405708
-0.00016995014446153956
-0.0001706512363334086
-0.0001713591146235981
-0.00017206589653829857
-0.0001727797696845293
-0.00017349227997584885
-0.00017421220682802582
-0.00017493048350783596
-0.00017565652406617278
-0.00017638060477565253
-0.00017711282024771805
-0.00017784274220446444
-0.00017858119506742074
-0.0001793169950088691
-0.00018006174907435574
-0.0001808034631965872
-0.00018155458368122282
-0.00018230224757333755
-0.0001830598011739836
-0.00018381344974733436
-0.0001845775047207545
-0.00018533717213291078
-0.00018610779838227349
-0.00018687351795533837
-0.00018765078712177166
-0.00018842259125461194
-0.00018920657681506083
-0.0001899844968885021
-0.00019077527426150382
-0.00019155934053701623
-0.0001923569871949507
-0.00019314722870561902
-0.00019395182429494468
-0.0001947482687278549
-0.00019555989519855704
-0.00019636256876928807
-0.00019718131051198558
-0.00019799023782889687
-0.00019881618182350535
-0.00019963138574258065
-0.00020046462171589345
-0.00020128612318428958
-0.00020212674377966905
-0.00020295456166860728
-0.00020380266262750896
-0.00020463681355170204
-0.00020549249390730459
-0.00020633299203191933
-0.00020719635431850763
-0.0002080432111516473
-0.00020891436162640234
-0.00020976758579578436
-0.0002106466346777785
-0.00021150623169201914
-0.00021239329341897438
-0.00021325926541095064
-0.00021415445891209564
-0.00021502680436242868
-0.00021593025335295824
-0.0002168089667948224
-0.0002177208000905134
-0.00021860587179233784
-0.00021952622364657982
-0.00022041763927068466
-0.00022134664973582664
-0.000222244389973075
-0.00022318220528781858
-0.00022408624546533824
-0.00022503301847002274
-0.0002259433281293125
-0.00022689921870931262
-0.00022781576115537367
-0.00022878093671979108
-0.0002297036685360207
-0.0002306783045267865
-0.00023160717505416126
-0.00023259145549459222
-0.00023352640627442292
-0.00023452052435611972
-0.00023546148853060308
-0.0002364656472421551
-0.00023741254891234664
-0.0002384269617140898
-0.00023937971525043566
-0.0002404046067968555
-0.00024136311609997103
-0.0002423987230157259
-0.00024336288072311185
-0.00024440945243230485
-0.00024537913906742424
-0.0002464369386853413
-0.0002474120217450653
-0.0002484813270322773
-0.0002494616600075873
-0.00025054276439372375
-0.00025152818571953686
-0.00025262139940038664
-0.0002536117313287642
-0.0002547173824430673
-0.00025571242983515456
-0.0002568308657252051
-0.00025783041475436715
-0.00025896200331875635
-0.00025996582008094003
-0.000261110951224359
-0.0002621187802460983
-0.00026327786743317436
-0.00026428943007262857
-0.0002654629119950725
-0.00026647790472608766
-0.00026766624708915703
-0.0002686843396614352
-0.00026988803710018515
-0.0002709088705651996
-0.0002721284486983484
-0.00027315163329290327
-0.00027438765092566327
-0.0002754127638013616
-0.00027666581528683776
-0.00027769239807524503
-0.0002789631158468405
-0.000279990672048092
-0.00028127972933405837
-0.00028230772151625975
-0.0002836158352508241
-0.0002846436820466285
-0.0002859716159916313
-0.0002869986888756092
-0.0002883472569683535
-0.0002893728768004959
-0.0002907429467449092
-0.00029176638006376946
-0.00029315887717917973
-0.00029417933222678654
-0.0002955952435750391
-0.00029661186603647117
-0.00029805224484623295
-0.0002990641132795358
-0.0003005300836880434
-0.00030153620462675503
-0.0003030289667638039
-0.0003040282694637491
-0.00030554910490392323
-0.00030654043570497525
-0.00030809071332224926
-0.0003090728295948514
-0.0003106540118423261
-0.0003116255754962669
-0.0003132392251381699
-0.0003141987956644019
-0.0003158465829946873
-0.0003167926100051039
-0.00031847632057942557
-0.0003194071358103973
-0.00032112867873561345
-0.0003220424874831138
-0.0003238039043003644
-0.00032469877623016695
-0.0003265022504440304
-0.0003273761097266828
-0.00032922397704418754
-0.00033007459177051255
-0.00033196935107617236
-0.00033279432189892985
-0.00033473864702579856
-0.00033553539498807955
-0.0003375321473313062
-0.000338297900820101
-0.0003403501428555105
-0.00034108192362020557
-0.00034319293338957286
-0.0003438875415568863
-0.0003460608281980887
-0.0003467148261973056
-0.0003489541466177347
-0.0003495638419089217
-0.00035187321869838833
-0.00035243464521518943
-0.0003548183858910498
-0.0003553272841211872
-0.00035779000177136623
-0.00035824179737946327
-0.00036078843283995476
-0.000361178213690032
-0.00036381405936924396
-0.0003641365509130146
-0.0003668672760647536
-0.00036711681575860483
-0.0003699484924728697
-0.000370119003925241
-0.00037305813427379814
-0.00037314309892706125
-0.0003761966464163047
-0.0003761890686290021
-0.0003793644957296909
-0.0003792568622452445
-0.0003825621697315677
-0.0003823464103052273
-0.00038579017529630005
-0.00038545762363354906
-0.0003890490419335362
-0.00038859039141636223
-0.00039233932345178436
-0.0003917445844485259
-0.0003956615946561217
-0.0003949200585779179
-0.000399016453256612
-0.0003981166484389369
-0.0004024045316843259
-0.0004013341558382114
-0.0004058265023467128
-0.00040457234980620274
-0.0004092830744275357
-0.0004078309667828027
-0.0004127749945321814
-0.0004111097097368843
-0.00041630305032559203
-0.0004144082449111003
-0.00041986806822854727
-0.0004177262075168354
-0.0004234709087988514
-0.0004210631960087837
-0.0004271124735609581
-0.0004244187619938184
-0.00043079371870292596
-0.00042779239559940683
-0.00043451566216390884
-0.000431183530205738
-0.0004382793863340078
-0.0004345915416618365
-0.0004420860368982691
-0.00043801575523242487
-0.0004459368240437412
-0.00044145543499932095
-0.0004498330198858662
-0.00044490978934419846
-0.00045377595558049127
-0.00044837797647304513
-0.00045776701815071784
-0.0004518591031010353
-0.0004618076923872659
-0.0004553521583639411
-0.0004658995913155916
-0.0004588560218851487
-0.00047004441699079213
-0.000462369460328636
-0.0004742440359648842
-0.0004658909543826883
-0.0004785008491321269
-0.00046941802770075595
-0.000482819049210989
-0.00047294520957607183
-0.00048720070339348205
-0.00047646812499421254
-0.0004916385438625091
-0.00047998951282437075
-0.0004961234046238238
-0.0004835130862797556
-0.0005006607077137311
-0.0004870368216637951
-0.0005052694803756685
-0.0004905571595674313
-0.0005099564288204119
-0.0004940783947908446
-0.0005147264200505348
-0.0004975873270374002
-0.0005195885397603943
-0.000501069850174684
-0.0005245454940712336
-0.0005045189332242734
-0.000529581051234227
-0.0005079478174143098
-0.0005346831417268601
-0.0005113559985094889
-0.000539857665328561
-0.0005147346805253638
-0.0005451254504370423
-0.0005180643882791906
-0.0005504912578204117
-0.0005213465619385962
-0.000555966896771829
-0.000524569674056388
-0.0005615593204661975
-0.0005277367300384939
-0.0005672806003592995
-0.0005308533088118164
-0.000573115102074987
-0.0005339334984391111
-0.0005790862637093108
-0.0005369631286904352
-0.0005851920942062019
-0.0005399332229718305
-0.0005914557447622478
-0.000542792720947264
-0.0005978967022166257
-0.0005455372096894546
-0.0006045078895211683
-0.0005481669327403573
-0.0006113127531321382
-0.0005506547229792459
-0.0006183546693153399
-0.000552966969160195
-0.0006255537059817128
-0.0005552149650973276
-0.0006328302042306235
-0.0005574146213987116
-0.0006401900884332257
-0.0005596725765616786
-0.0006474234029097412
-0.0005623695380274035
-0.0006539510488732663
-0.0005663904487779375
-0.0006582808929359199
-0.0005743251217147796
-0.0006557749178177117
-0.0005922012544153285
-0.0007078989792198148
-0.0005866205998119878
-0.0007868129241685451
-0.000593617814057805
-0.0008396221006992735
-0.0006064028193218107
-0.0008251983193464131
-0.0006144399388728697
-0.0007950103413793957
-0.0005941482516408532
-0.0007725194342181477
-0.0005693263080323672
-0.0007860929994649396
-0.0005601284681660329
-0.0008034555033092083
-0.0005906318865469204
-0.0008674267350068429
-0.0006046852988636996
-0.0009220192962268552
-0.0006189787190859011
-0.0009762661694035493
-0.0006576795087037881
-0.0009519280958016673
-0.0006790095452931461
-0.001014299385444513
-0.0006821029554936239
-0.0010027716927227602
-0.000665697388825796
-0.0010147059098902546
-0.0006220524802697195
-0.001047657345685871
-0.0005987831944979432
-0.001044094032580931
-0.000594307199753143
-0.0010647272499040767
-0.0005493833502241464
-0.001083615837399331
-0.0005207033120321
-0.001026756788476229
-0.0005383045243719038
-0.001026508325646681
-0.0005423402074182519
-0.0010728920572044653
-0.0005370453183412749
-0.0011266560522735303
-0.0004954060100896703
-0.00120118069380857
-0.0004622152289753857
-0.00122628459230327
-0.0004730585843140678
-0.0012895582534715039
-0.0005000239916206836
-0.0013617864631947016
-0.0005005896781212771
-0.0014682373509628116
-0.0004984790763883848
-0.0015547156420904068
-0.00046256513490269824
-0.0015909970017258662
-0.0004041075605487887
-0.0016099850650368314
-0.00031571521783542444
-0.0016235938514414239
-0.0002311581651495368
0.0015222974719219108
0.0034021931737856365
0.00145415551696634
0.003568159255789939
0.001350246925740808
0.0036788968862765605
0.0012026121306668418
0.003717789239262162
0.0009963992907619174
0.0037437109191218944
0.0010175444056377582
0.003921201149020098
0.000978972783301359
0.004183027544547963
0.0009543241291465876
0.004492734486939841
0.0008972007340832448
0.004700102239313904
0.0007797823777440419
0.004794666559915988
0.0006594553860839493
0.004911616242045598
0.0006424096766761518
0.005267234010918154
0.0004519243408216342
0.005539002486361882
0.0003460359677610546
0.005825712365708993
-7.047586815173948e-05
0.005722172313737813
-0.0002759727163061127
0.006055129218651311
-0.0002858743335713708
0.006030919406969156
-0.00022290960046011683
0.006235615643708271
0.0007919002278935347
0.004527541918678235
0.003075197323710626
0.0004101514888173977
0.01188229946150699
-0.0171858595309671
0.07036641646804251
0.5049500137514877
0.33672260200953785
0.15832781099378274
0.038145770945837223
0.46764571823563317
0.10556587287759309
-0.3381315303030848
-0.20685529736428998
-0.17545004287760071
-0.3601801428865645
-0.41031446922064063
-0.30361583707327533
-0.011284054015494982
0.23616358151697536
0.12034405509853456
-0.034452043539174235
-0.2115592363897344
-0.03690018440425832
0.19482184685228393
0.2548566631406467
0.14962326794796033
-0.01638624699350461
-0.020019710890457405
-0.018289692809022824
-0.032841956115900184
0.09260514538019536
0.13462356040303397
0.020065536901680267
-0.07882326154352444
-0.0690711722298514
-0.034654392561902246
-0.055589659123257855
-0.04169679137523874
0.02605315166261731
0.0024933853719310635
-0.07287485945826755
-0.0644799627564521
0.019538964739807096
0.06622408941665234
0.00699629692039052
-0.02282457401663044
0.009482773398653981
0.06180536851973398
0.06741361535459241
0.018146332473525026
-0.02039065619779179
-0.03458553392384682
-0.005706532324861012
0.02230645879685319
0.02706589793185156
0.0040165668852486505
-0.04011769769010443
-0.07529971672903378
-0.054593142583500676
-0.003509346628032514
0.017737593169209018
0.027581993250817616
-0.004484411289482417
-0.036582694866881926
-0.04409179507124175
-0.013652529847302305
0.03955242847449486
0.06623232958148191
0.05093656230124407
-0.00834949154240942
-0.03591462700466997
-0.020025866834892804
0.016055391005878678
0.02688344661660192
0.010769368435180908
-0.013029701735886065
-0.025159814375524246
-0.02446987134079729
-0.017640367105806354
-0.005514882416866989
0.0012139639512329318
-0.003232443291681061
-0.009456948514260578
-0.006648413658897125
0.00017882229532588346
0.001638445308319845
-0.002052304277042301
-0.00700430269718543
-0.0013127833806600886
0.005783842336298028
0.012264800555220931
0.008167780133643627
0.0005904832672377885
-0.00952034618750779
-0.014306612669981456
-0.0009425168548869152
0.014087755588088651
0.017195254681677263
-0.0016110815144061983
-0.01724983264766609
-0.017839432679030914
-0.007374343536959854
0.008315625398590392
0.012229945112345332
0.008219222090107245
-0.004818975197660654
-0.0136931257071915
-0.011588406070873539
-0.0014880770832101358
0.009933111270183844
0.008365892399105006
-0.003962326382152154
-0.011298697124205438
-0.008941030113366348
-0.0024563559134619228
0.0032109006562796192
0.0030856830082672255
-5.453428035047327e-05
-0.0019133570995406102
-0.0039796332086301876
-0.0009613024626094021
-0.002034509200145301
0.002896876819617297
-0.0010697995476570067
-0.004918373113574702
-0.004098508767100399
-2.178987965201001e-05
0.0016658913267573751
-3.0978393011963333e-06
-0.004323780154193274
-0.0029428481807939563
0.0006705340319797695
0.0010063892764132398
0.0023780180463917992
-0.0028249812994091553
-0.006271815906727395
-0.005523517297402022
-0.0022435625828761117
0.0018658048698514717
0.0020489182378906185
6.0024904253632794e-05
-0.003115081708824737
-0.0036515606569078674
0.0013599618897233534
-0.004007139265735361
0.0012278590069088086
-0.0007562399988204735
4.494488014027045e-05
0.0006037314366509536
0.0004437331611316246
0.0007436556493148373
-8.686163961604311e-05
0.0002447994440271319
-0.0002025400059689535
0.0002446622843814229
6.211910456461241e-05
0.0002154794708086815
0.00016294076413417356
5.3885397825970995e-05
-9.624167393236169e-06
4.1620643765447334e-05
7.522557567275724e-05
2.585610644566423e-05
5.75789509146005e-05
2.1109927590720005e-05
2.8441785340652245e-05
7.498225544508112e-05
3.639348745257181e-05
0.00011192621593851147
8.874903617631536e-06
0.0001094606301999078
-6.022008074715868e-06
0.0001485408883527199
2.372089660916015e-05
0.00010612137708324628
8.125997695658397e-05
6.483791796290696e-05
0.00010480192276759038
6.158604453458596e-05
0.00010595518804353823
6.262212903882078e-05
9.403019508839882e-05
7.066852096962049e-05
8.584016113617678e-05
7.993068672410269e-05
7.945258168386973e-05
8.400278853407393e-05
7.776368276504947e-05
8.317427947448e-05
7.938133376408978e-05
8.379440734584867e-05
8.136405777090509e-05
8.231622246501638e-05
8.431729319848311e-05
8.127073196026458e-05
8.675449131367668e-05
8.150591486828307e-05
8.782634729889195e-05
8.250578640594565e-05
8.777903873643036e-05
8.42918987126051e-05
8.745713259367474e-05
8.663526997240191e-05
8.649950105837738e-05
8.86784943287056e-05
8.640061902000229e-05
8.958720289064213e-05
8.733906559219538e-05
8.984155354162943e-05
8.86066243080211e-05
8.991505019288228e-05
8.988528049731596e-05
9.021138319072468e-05
9.094056190120901e-05
9.078193522243732e-05
9.172097151234366e-05
9.160356219162138e-05
9.234500096314295e-05
9.252077074904468e-05
9.297381061206119e-05
9.342729008880637e-05
9.362752177595988e-05
9.429046347879605e-05
9.436493186966086e-05
9.507799594661061e-05
9.518358621884277e-05
9.5809356426032e-05
9.60462678723053e-05
9.652495407115103e-05
9.691762110145127e-05
9.726136193017806e-05
9.777195493253297e-05
9.803359316616113e-05
9.859307230769771e-05
9.885507263237203e-05
9.938459212912622e-05
9.970813848843925e-05
0.0001001721412406478
0.00010056743067470182
0.00010097503294693652
0.00010141998847069868
0.0001018019035020516
0.0001022631925671146
0.00010264985524811171
0.00010310253670345657
0.00010351165484705628
0.00010394638684552149
0.00010437952403824047
0.0001048008558666453
0.00010524977513570212
0.00010566741670840334
0.00010612219605666943
0.00010654570533569338
0.0001069982867987626
0.00010743348664507145
0.00010788070682372187
0.00010832830549804725
0.00010877166525388179
0.00010922867297739983
0.00010967219449462408
0.00011013431633277292
0.00011058215062441541
0.0001110458528813963
0.00011150078275782693
0.00011196441666967976
0.0001124269893290758
0.00011289111704207433
0.00011336005442278037
0.00011382645657509027
0.00011429991300966613
0.0001147703782802146
0.00011524694208590348
0.00011572250815351445
0.00011620167320035448
0.00011668247481558779
0.00011716453304628279
0.00011765008891831462
0.00011813571934795979
0.00011862539739889203
0.00011911522875935037
0.0001196085900008496
0.00012010297893787518
0.00012059989282539477
0.00012109888629083959
0.00012159949894584255
0.00012210292996539074
0.00012260752549064172
0.00012311516806274778
0.00012362401967532216
0.00012413571490080743
0.0001246489914439354
0.0001251647036201015
0.00012568245045649568
0.00012620225600349006
0.00012672442864911993
0.00012724846490081007
0.00012777499147765712
0.0001283033927867703
0.0001288342296881358
0.00012936708654112151
0.00012990224223052133
0.00013043959369124947
0.00013097912220640226
0.00013152097326325557
0.00013206495039097023
0.00013261129791406693
0.00013315979661385408
0.0001337106498063346
0.00013426372576786939
0.00013481911386075687
0.00013537680411953646
0.00013593677281826882
0.00013649910263069127
0.00013706370533621151
0.00013763069761024574
0.00013819998654532187
0.00013877166918772432
0.00013934569018977418
0.00013992209898227502
0.0001405008908495057
0.00014108206823044067
0.0001416656653309903
0.00014225165698772023
0.00014284009292143051
0.00014343094432807358
0.00014402425486313383
0.00014462000914409155
0.0001452182334149084
0.00014581893107742613
0.00014642211108359263
0.00014702779109218697
0.00014763597029541662
0.00014824667157442985
0.0001488598935071397
0.00014947565608647826
0.00015009396356059336
0.00015071482899322686
0.00015133826404097072
0.00015196427517054757
0.00015259287949186644
0.0001532240799039483
0.00015385789544191715
0.00015449432894554068
0.00015513339830835218
0.00015577510865048567
0.00015641947525654227
0.00015706650611440297
0.00015771621410642814
0.0001583686092605703
0.0001590237032916028
0.00015968150684755184
0.00016034203188364558
0.00016100528843806736
0.0001616712896530979
0.00016234004435384928
0.000163011567125268
0.00016368586563466833
0.0001643629556142038
0.00016504284403018083
0.00016572554723648077
0.00016641107201456292
0.00016709943489753572
0.00016779064281352476
0.000168484712279452
0.00016918165042946573
0.00016988147382690976
0.00017058418966085114
0.0001712898147519891
0.00017199835610815124
0.00017270983103984876
0.0001734242461736896
0.00017414161946834836
0.00017486195706280336
0.00017558527761887198
0.00017631158677904534
0.00017704090388754375
0.0001777732341331053
0.00017850859749254667
0.0001792469987498789
0.0001799884584806006
0.00018073298107714603
0.0001814805877244129
0.0001822312823954725
0.00018298508693440942
0.00018374200482982814
0.00018450205865977887
0.0001852652513525746
0.0001860316062995207
0.00018680112579230225
0.00018757383410691279
0.00018834973283699333
0.00018912884720164065
0.0001899111780425942
0.00019069675157436412
0.000191485567839099
0.0001922776540967618
0.00019307300953844923
0.0001938716625271156
0.00019467361134060165
0.00019547888551557863
0.00019628748234373138
0.00019709943261473912
0.0001979147325508841
0.00019873341428371322
0.00019955547287666894
0.00020038094189698074
0.0002012098151544556
0.00020204212775287592
0.0002028778721475695
0.0002037170850812918
0.00020455975755082848
0.00020540592804915107
0.00020625558600378523
0.00020710877177269015
0.00020796547309452282
0.0002088257323200407
0.00020968953537044057
0.00021055692672377474
0.00021142789034419782
0.00021230247298488492
0.00021318065650322016
0.00021406249008432653
0.00021494795331737388
0.0002158370979882877
0.00021672990124576436
0.00021762641765777843
0.0002185266217471938
0.00021943057105661828
0.00022033823728597108
0.00022124968116028158
0.00022216487134341144
0.00022308387196415258
0.0002240066484231057
0.00022493326849061003
0.0002258636940599499
0.00022679799679892199
0.00022773613483158413
0.00022867818399515197
0.00022962409836288066
0.00023057395823715865
0.0002315277133374833
0.00023248544874533705
0.00023344710950469553
0.00023441278581332547
0.00023538241769149399
0.00023635610081431876
0.0002373337698066324
0.00023831552620968478
0.00023930129885346783
0.00024029119556048264
0.00024128513893802335
0.00024228324353558735
0.0002432854252776076
0.0002442918059186172
0.0002453022942091321
0.00024631701962143926
0.000247335883201567
0.0002483590226892013
0.0002493863308612246
0.00025041795431329783
0.000251453776944327
0.00025249395483827736
0.0002535383623647608
0.0002545871657734372
0.00025564022920492036
0.00025669772980049105
0.00025775952072319697
0.0002588257907857258
0.0002598963813678235
0.0002609714937873986
0.00026205095678075163
0.0002631349850689621
0.000264223393815044
0.0002653164121023954
0.00026641384053651134
0.0002675159235893318
0.00026862244624026516
0.00026973366945671736
0.00027084936145588354
0.000271969800883324
0.00027309473796398634
0.000274224470294037
0.0002753587287993484
0.0002764978313850963
0.00027764148826866543
0.0002787900391242968
0.0002799431719532658
0.00028110124976459634
0.00028226393672354274
0.0002834316208553118
0.00028460394075297837
0.00028578131125468146
0.0002869633435222288
0.0002881504811367247
0.00028934230583262284
0.0002905392920050545
0.0002917409898196494
0.0002929479067046671
0.00029415955896103154
0.0002953764894301275
0.00029659817808757384
0.00029782520573892225
0.0002990570133947876
0.00030029422256324517
0.0003015362324570413
0.0003027837082206202
0.00030403600423307536
0.0003052938324236076
0.00030655649908287397
0.0003078247662974985
0.00030909788877615823
0.00031037668238369774
0.00031166034650393205
0.0003129497546593631
0.0003142440468921542
0.00031554415854452263
0.00031684916601127516
0.0003181600709166732
0.0003194758813892806
0.00032079767012130334
0.0003221243720228483
0.00032345713598601333
0.00032479481839075425
0.0003261386498316088
0.0003274874024634389
0.000328842394484892
0.00033020230771767245
0.0003315685542925467
0.0003329397191479816
0.00033431731513262723
0.000335699823277566
0.0003370888644274733
0.0003384828081736801
0.0003398833911595761
0.0003412888634574708
0.0003427010858793114
0.0003441181803167104
0.000345542140723451
0.0003469709515201017
0.0003484067494263056
0.0003498473714296903
0.0003512951073347866
0.0003527476360118513
0.0003542074114184432
0.00035567194285198323
0.0003571438602890456
0.0003586204911673503
0.000360104654209846
0.00036159348181936946
0.0003630899951121789
0.0003645911173272747
0.00036610008660906514
0.00036761360188083264
0.00036913513400956346
0.0003706611413542612
0.00037219534433450413
0.0003737339433196082
0.00037528092632949355
0.00037683221705902365
0.0003783920904819327
0.00037995617357942935
0.00038152904903408953
0.0003831060256249668
0.0003846920160001724
0.00038628198769319225
0.0003878812071826526
0.00038948427604439204
0.00039109684018313775
0.00039271310871773386
0.00039433913442629004
0.0003959687055469577
0.00039760831116659366
0.00039925128816972397
0.00040090459351381415
0.00040256108004621354
0.00040422820644263856
0.00040589830646882083
0.0004075793768143531
0.0004092631945779232
0.0004109583333891387
0.00041265597337431827
0.0004143653068454725
0.0004160768737372124
0.00041780052980220327
0.000419526128433064
0.0004212642368265473
0.0004230039721306298
0.00042475666446168845
0.00042651064141890297
0.0004282780512400849
0.0004300463748163749
0.00043182863770268925
0.00043361141278516177
0.0004354086664172255
0.00043720599774789166
0.00043901838200167487
0.00044083037409806233
0.0004426580311368269
0.00044448478821608895
0.0004463278625934839
0.0004481694884806729
0.00045002812724615577
0.00045188472528454385
0.00045375907809970376
0.00045563075104618813
0.0004575209703063213
0.0004594078202236245
0.0004613140611885728
0.0004632161893272004
0.00046513861026094196
0.00046705611693355565
0.0004689948792535887
0.0004709278636969832
0.0004728831321340213
0.000474831692362845
0.0004768036351290796
0.00047876786777714567
0.000480756656752624
0.0004827366569044936
0.0004847424678278366
0.0004867383288338434
0.0004887613415115745
0.0004907731547911874
0.0004928135533222876
0.0004948414081539024
0.0004968993811656772
0.0004989433644574958
0.0005010191053617132
0.0005030793014071682
0.0005051730086721147
0.0005072494988875887
0.0005093613763314651
0.0005114542389728501
0.0005135844960737117
0.000515693805933018
0.0005178426581653533
0.0005199684862439715
0.0005221361554356464
0.000524278568594361
0.0005264652833100471
0.0005286243438917568
0.0005308303398430914
0.0005330061052688834
0.0005352316257540399
0.0005374241480875209
0.0005396694444612727
0.0005418787699441518
0.0005441441021232763
0.0005463702706716906
0.000548655907672202
0.0005508989523414946
0.000553205172859586
0.0005554651192645631
0.0005577922122938237
0.0005600690779913191
0.0005624173434877794
0.00056471113730769
0.000567080886899101
0.0005693916082329147
0.0005717831659818222
0.0005741108040169872
0.0005765245072364134
0.0005788690401277336
0.0005813052402536137
0.0005836666342464657
0.0005861256977788211
0.0005885039062577311
0.0005909862157601224
0.0005933811782330002
0.0005958871334117895
0.0005982987744176755
0.0006008287932735331
0.0006032570212130887
0.0006058115412784057
0.0006082562471544182
0.0006108357268162423
0.0006132967828876633
0.0006159017028084595
0.0006183789611444516
0.0006210098257848311
0.0006235031167090917
0.0006261604559560873
0.0006286695863853003
0.0006313539573052779
0.0006338787089614673
0.0006365906976702036
0.0006391308251630772
0.0006418710488373474
0.0006444262776096211
0.0006471953866402257
0.0006497654107625437
0.0006525640910645101
0.0006551485708673926
0.0006579775463522087
0.0006605761058895212
0.0006634361411229141
0.0006660483654499427
0.0006689402684928688
0.000671565700744394
0.0006744903262055848
0.0006771284644642427
0.0006800867167686038
0.0006827370107047704
0.0006857298476013322
0.0006883916948690148
0.0006914201311856464
0.0006940928735561427
0.0006971579852342845
0.0006998409044516366
0.0007029438328628786
0.0007056361461937662
0.0007087781027740013
0.0007114789582400542
0.0007146612294566639
0.0007173697007180121
0.0007205936533952063
0.0007233087342623573
0.0007265758212908133
0.0007292964198391764
0.0007326081862998827
0.0007353331185592435
0.000738691208286592
0.0007414191914692277
0.0007448253540913354
0.0007475549993328118
0.0007510110978185078
0.0007537409023902939
0.0007572489211425349
0.0007599772601004371
0.0007635393136316668
0.0007662644308588211
0.0007698827730990972
0.0007726027717001528
0.0007762798059744425
0.0007789926379687885
0.0007827309276977465
0.000785434382972656
0.0007892366631443565
0.0007919283576053801
0.000795797547073763
0.0007984749099411955
0.0008024141246116986
0.0008050743847957016
0.0008090869517678111
0.0008117271232552701
0.0008158165959863913
0.0008184334621671448
0.0008226036367429863
0.0008251937335862437
0.000829448666174921
0.0008320082641874362
0.0008363522897486837
0.0008388773746324215
0.0008433151269846298
0.0008458013789046505
0.0008503378122058087
0.000852780583574094
0.0008574209953719832
0.0008598152870235352
0.0008645653429405862
0.0008669057785904259
0.000871771538842347
0.0008740523376477472
0.0008790402854866286
0.0008812552326110591
0.0008863723048559058
0.0008885147198989511
0.0008937683396721056
0.0008958310427934455
0.0009012291546118194
0.0009032044302555988
0.0009087555376167107
0.0009106350956539751
0.0009163483013005635
0.0009181232353526036
0.0009240082844746743
0.0009256690272018635
0.0009317363537681977
0.0009332726289274229
0.0009395334054097104
0.0009409341763524275
0.0009474003671235756
0.0009486537815186751
0.0009553382001209944
0.0009564315307242534
0.0009633479011943316
0.000964267482397219
0.0009714305050182283
0.0009721616647766759
0.0009795870865908374
0.0009801140735295948
0.0009878187636948492
0.0009881246694995434
0.00099612669892207
0.000996193376254709
0.0010045121020826207
0.001004320075296358
0.0010129762358941426
0.0010125045994134425
0.001021520422964061
0.0010207467300979598
0.0010301460474757052
0.0010290461991026914
0.0010388545527815958
0.0010374026848240787
0.0010476474440656578
0.0010458158053671426
0.0010565262909378176
0.0010542851208208558
0.0010654927305066594
0.0010628101266931121
0.0010745484875531505
0.001071390233233711
0.0010836953906751727
0.0010800247574585904
0.0010929353726118808
0.0010887129223780979
0.0011022704727520422
0.001097453848238178
0.0011117028467617271
0.001106246561385812
0.0011212347346750353
0.001115090020639135
0.0011308684653401763
0.0011239830751629343
0.0011406065036772182
0.0011329244397965256
0.001150451462399478
0.0011419126957654987
0.0011604061015850304
0.0011509462537815022
0.0011704733817353122
0.0011600233103062113
0.001180656448686306
0.0011691419138932708
0.0011909585954866055
0.0011782999676737045
0.0012013833068185915
0.0011874951831484896
0.0012119342914126423
0.0011967250756498814
0.0012226154394415433
0.0012059869846394863
0.0012334308516998107
0.0012152779767841276
0.0012443849679306658
0.0012245947771188596
0.0012554825914643203
0.0012339338495622216
0.0012667287863147116
0.0012432914076198269
0.0012781289906488701
0.0012526631418234096
0.0012896892549865754
0.0012620439867923067
0.00130141675058554
0.0012714268147071594
0.0013133219983811817
0.001280810833551296
0.0013254080726607187
0.001290209084986366
0.001337669691948009
0.0012996173298544175
0.0013501181012658937
0.001309007283483355
0.0013627783501177684
0.001318361532121856
0.0013756787275627964
0.0013276814710246158
0.0013888412473278275
0.0013369543823913543
0.0014022920006981684
0.0013461858265364657
0.0014159798713876866
0.0013554140565676352
0.001429891974080953
0.0013645973047704384
0.0014440559176292101
0.0013737284319787942
0.0014584748859824245
0.001382810604072168
0.001473173895117202
0.0013917520382299821
0.001488265850381361
0.0014004851528511358
0.0015037422126270678
0.0014090719849250161
0.0015195786652429343
0.0014174906907776072
0.0015357927620230074
0.0014257316715022422
0.0015523730201671266
0.0014338425891792482
0.001569320791635775
0.0014418064981682336
0.0015867310565289006
0.001449537244571874
0.001604664771314883
0.0014570016500849263
0.0016231042739330986
0.0014642129187229583
0.001642008532449685
0.0014711520701817318
0.001661452733714805
0.0014777426906943392
0.0016815232767639823
0.0014840073685781652
0.0017021520326686692
0.0014900405416134604
0.0017232478715973679
0.0014956941252576295
0.0017449757302608455
0.0015007563701214613
0.0017671740066046836
0.0015057095608735057
0.00178957783096109
0.0015105858220131848
0.0018120859488133627
0.0015163328073074
0.0018321773915147988
0.0015276632200936315
0.001845739558739395
0.00143685634167674
0.0019205697314769576
0.0013783123260931937
0.0018992563356747694
0.0014722796854351045
0.0018975747460261844
0.0014792572217348868
0.0018444964117102086
0.001513693031880002
0.0017332865337619796
0.001496174108116484
0.0017157269543838088
0.0012231643134385135
0.001853728093357041
0.0011135398568289379
0.0018631080042491865
0.0011931836132589146
0.0018911397225502904
0.0011699682015872126
0.001892267774614485
0.0012406759264617208
0.001826772311524144
0.0013544471811526154
0.0018261263632679495
0.0013501802801383703
0.0018961106503078626
0.001399912292946562
0.0019416369418514528
0.0014760186617155755
0.001960177782826645
0.001576211428762471
0.0020503904639458254
0.0015609731524050363
0.002096180813408277
0.0015555820015573712
0.002103640092560623
0.001575106941728824
0.0021861201653022746
0.0015833442001785079
0.0022738912653945636
0.0015034306797143421
0.002416182694849292
0.0013493853211567278
0.0025789448427102624
0.0013038133444777389
0.0025482183938166925
0.0012281629516148196
0.0025055092299469395
0.0011578572697128545
0.0025146906049413054
0.001210888230814569
0.0025888167655787886
0.0013421499596907027
0.0027596060637983533
0.0013414864297431883
0.0030215341376298287
0.0014746259145229507
0.0030456707522321796
0.0015022411750153404
0.0032118869427464336
0.0015110646377359885
0.003311404666827722
0.001451794836486553
0.003432011598333895
