-9.506862656743194e-05
-6.707933289857023e-05
-0.00010363199923962438
-0.0001092010282895926
-0.00012398178864245297
-0.00011484164780675723
-0.000117223971227783
-0.0001042343134483201
-0.00010962025243997514
-9.704946232624747e-05
-0.00010342340561343629
-9.057782227244487e-05
-9.792462208801846e-05
-8.742359182468231e-05
-9.487355517555689e-05
-9.097568814417912e-05
-9.39012909131097e-05
-8.973024056314515e-05
-9.149842651464212e-05
-8.471583316377901e-05
-8.173617823509588e-05
-8.374951998043451e-05
-7.331752631366426e-05
-8.421894997834137e-05
-6.66747187904881e-05
-7.982560981660891e-05
-6.386945974342236e-05
-7.52637744314496e-05
-5.759513866067815e-05
-6.231429311589776e-05
-4.7391787861402164e-05
-4.7999753726925544e-05
-4.35579463363109e-05
-3.815089955349558e-05
-3.4541995931986166e-05
-3.560100195583271e-05
-3.0033368968077054e-05
-2.4380614155555276e-05
-2.192800806929634e-05
-2.275338762101732e-05
-1.5710418606925867e-05
-1.3729456113170538e-05
-1.400443545680947e-05
-9.56814414806344e-06
-1.3576442732868602e-05
-5.409675203096276e-06
-1.2028665102000466e-05
-6.034981106045937e-06
-1.0164587663487865e-05
-1.0212375986001559e-05
-1.3340845549717677e-05
-1.0356197034106147e-05
-1.7800716101618107e-05
-1.3672406785329326e-05
-9.732598556002432e-06
-4.569845274777367e-06
-4.390787175397257e-06
6.136803925815902e-06
8.433569837792802e-06
2.0157723495977027e-05
2.1252413841779258e-05
3.674714011241336e-05
4.039302584643432e-05
5.381863761212181e-05
5.318948503459607e-05
6.270491434673983e-05
5.801669645600438e-05
6.262196197177258e-05
6.1440053785883e-05
6.277825701424504e-05
5.8248232383049356e-05
6.05192441313298e-05
6.0928974626752374e-05
5.5987145921217456e-05
6.048476681144652e-05
5.778019569947676e-05
5.928288437898933e-05
5.8735093289903986e-05
5.912895042562035e-05
6.385398962255898e-05
5.918690987598876e-05
5.884148926233997e-05
5.945916178965718e-05
5.652487957798715e-05
5.656605004930471e-05
5.8562095779627e-05
5.9203741473485904e-05
6.321972350025091e-05
6.253960470100961e-05
7.194189614028688e-05
8.126044240586191e-05
8.182944712861517e-05
9.561479599687236e-05
0.00010107570155644101
0.00010812569231767559
0.00011077965990608359
0.00011844643880003827
0.00011563363525346994
0.00011577418868335412
0.00011473750927000443
0.00011527537890798319
0.000112477411572602
0.00011257118721714351
0.00011350922503041982
0.0001115922547490656
0.00011591161520038272
0.00011545749554005443
0.00012124363855116864
0.00011914665154848941
0.00012447001552836213
0.00012498371237658408
0.00012910567025956464
0.0001301475432536608
0.0001353617026636539
0.0001391341568892161
0.00013764017868668875
0.0001406725131389186
0.0001442479369941352
0.00014283239532267422
0.0001475204067412831
0.00014928923895813652
0.00015580541205172514
0.00015338864282473812
0.0001658521108010866
0.00015832442306807696
0.00016755232691316774
0.00016442599741562776
0.0001684017869563011
0.00017259933268463907
0.00016931201052002232
0.00017516360877952323
0.00017938502007613813
0.00017636345498027014
0.0001868895222750858
0.00018306506261468378
0.00018987478292803816
0.00018583724463964164
0.00019531668587553734
0.00019278067914725477
0.00019817216896575628
0.00020087175822728183
0.00019878791700221143
0.0002029791450485237
0.00019643706185289636
0.00020597613002233393
0.0001989005648130888
0.00020688833215506806
0.00020632759816244264
0.00020776606229580173
0.0002086928371747422
0.00021214157986689018
0.00021516933421708004
0.00021908105563426454
0.0002269687963427441
0.0002277118253019003
0.00023736302015447912
0.00023715513358533004
0.00024154246470011045
0.00024235833555081925
0.000240135340740405
0.0002402824133028677
0.00023652942522594807
0.00024150002401050405
0.00023137321813776804
0.0002344585142484356
0.00023378180463154202
0.00023043117962877633
0.00023395104175295692
0.00023478478902820782
0.00023653626751237664
0.00023662755824582998
0.00023887041944724557
0.00023741422361561227
0.00024158237623045516
0.0002410848605541591
0.00024216313015262955
0.00024424267049861
0.00024641107893139645
0.0002481400940632385
0.0002524713189559778
0.0002559597599324936
0.0002557962189994932
0.0002600911233635102
0.00026071616338129843
0.000265221053827774
0.000269388090515443
0.0002721876266439522
0.000274134856446015
0.00027485113919257717
0.0002808009477554326
0.0002758002795010454
0.00028161666508469657
0.0002801858144273915
0.0002811019004761118
0.00028339695064476543
0.0002807277550251278
0.00028233596638025315
0.00027868649434808584
0.000281057922168384
0.0002753740107281238
0.00028277999104883554
0.0002821389938505431
0.0002768369292286845
0.00028066633867442005
0.00027772745902706936
0.000277811123032441
0.0002776763472703337
0.0002764345740525276
0.0002816215676571702
0.00027580710273149094
0.00028426044785177703
0.00028054620423249323
0.0002870988074744439
0.0002877729655456589
0.0002928149649461389
0.00029530264632508904
0.000303780621999952
0.000307881745509323
0.0003131411503453453
0.0003206162143620854
0.0003243050187314315
0.0003273167131814293
0.0003367176508825352
0.00033268722588626425
0.00034219414330132224
0.0003365079160692683
0.00033646930886559314
0.0003154958719909978
0.00029174054591927975
0.00026719818491176256
0.00027117614187073687
0.00027375115679634525
0.00029697382389043576
0.0002779880410779048
0.00028689249466659975
0.00027829996893132154
0.000258525682524555
0.0002286554011646045
0.0002372868569432609
0.0002616407016416463
0.0002924846134472973
0.0002962382596077978
0.0003135859078089928
0.00028415776203419415
0.0003007218513494973
0.0002894999549553443
0.00031750930405595543
0.0003312214848469161
0.00033065220875835074
0.0003134494205666058
0.0002807615437692909
0.0002462896713663755
0.00023772238220845689
0.00022267342461880323
0.0002417564604959325
0.0002337246425913454
0.0002690151433367811
0.00029792720039853796
0.0002860272791265513
0.00023851110530636934
0.00021375917076476992
0.00020677581585793386
0.00017495621419245575
0.00014200667248169893
0.00011584385500452556
0.00012095576384658257
0.0001233920231213557
0.0001029173783636795
7.621519442127522e-05
5.9933888366387164e-05
7.352847126214254e-05
6.996257235176404e-05
9.130959930888407e-05
8.189316891811881e-05
9.373022242549537e-05
3.866699125264618e-05
4.4296642128283553e-05
-1.4985003542968104e-05
-7.790036034119907e-06
-4.879054107561373e-05
1.3288525408225633e-07
-8.144569629493548e-05
-3.754005396218484e-05
-9.900897265282783e-05
-1.8866819009218563e-05
-0.00012116917324993827
6.640928178932101e-06
-6.0154331968540555e-05
7.78069300592916e-05
3.1971486581926955e-05
0.00015668777279540837
9.143383112008064e-05
9.70193097218685e-05
0.00011611724145084958
-0.00012987609253260738
0.002639349581988108
0.027567085448277837
0.04628507291746981
0.06495376986408233
0.04515893791923449
0.017991971891298544
0.004751878086182783
-0.008636153619286713
-0.023263069952878246
-0.03457799097336322
-0.02157622799433534
-0.007700235190104481
-0.00852025241002001
-0.02219289987377481
-0.035617391921018315
-0.02866723329774131
-0.008723896792396997
0.004165901905870715
0.014563137947427668
0.014592818319281116
0.010098510398901604
0.00026635024185921326
0.0009650822308473213
0.005825928785979796
0.014195495781185227
0.01873022955923761
0.012970999589626095
0.0020258125731922897
-0.001289353503784785
0.0008603620894182197
-0.0004655143373121645
-0.0025229779938894656
-0.003197500641574574
0.0009922087499135012
0.004032812437929417
0.003055414845323415
-0.0021745239585361205
-0.0063250634188418055
-0.007717413991890385
-0.005732714656325915
-0.003086548281109525
0.0010032653833751824
0.0014097633329916732
0.0017835547893936812
-0.000812582130738401
-0.0023189778287282924
-0.002220683596052493
-5.5750254553812165e-05
0.00432381672272137
0.006834594424482308
0.006597245601656255
0.004111455194457326
0.0021833885018919734
0.0007891857475855319
0.0003789831181815343
0.0020001971993252174
0.0049686631683935585
0.005596235019486594
0.0031094309722897043
-0.0026532722516427135
-0.005996873811042155
-0.004717817848355021
-0.001640810748410316
0.0008182550282279711
0.0017423824584387347
0.0003422165617557268
-0.0016080314284682455
-0.0030935424534657037
-0.0032019983098974915
-0.002399317112109723
-0.0013842945165711681
8.324562336341985e-06
0.0007233372689118131
0.0010323651745681927
0.0003344220732198147
-0.0002369534299474989
-0.00025697496706864157
0.00013881232961185838
0.000386326811188063
0.0011334483792054951
0.0019750168586842687
0.002379223640160925
0.0014123009849175956
-0.00016727223063547144
-0.0010144454756867765
-0.0008068767598903261
-0.00014929268868442937
0.00044232754409601283
0.0012453381920467378
0.0016303059462287877
0.0005660719288519033
-0.0008976063784679548
-0.0016064169881718853
-0.0011854098119675842
-0.0002882880518877194
0.00023630167933530498
0.00036858414047302425
-0.00011493074641567047
-0.0007632829527879548
-0.0011117956428707693
-0.0006743893869972277
7.493824539472259e-05
0.0004616430231755804
0.0004306837613414725
0.0004173684190607697
0.0002809094898812521
7.745162134672781e-05
-0.00032186054228051784
-0.00035408695122085646
-6.936690332994157e-05
0.00024912051488489695
0.00033128228901914674
0.00011839418322916123
-0.00025309148653849113
-0.0005758203549658319
-0.0007494779241564311
-0.0006676126514859607
-0.0002964903467767062
0.00014548588985767945
-5.054532589695124e-05
-0.0005490862462797625
-0.0010973685039267832
-0.0010815734280916066
-0.0007650034092197983
-0.00017021654666181531
0.0002186608055847111
0.00029844543533318356
0.00024599125711387694
0.00011606085488945092
2.8407338475786374e-05
8.750605173776728e-06
0.00015652216311693118
0.00044130727992472657
0.00043369020096415507
6.903816232626759e-05
-0.00022853193360750229
-0.00031552857181992066
-0.0002725778818486062
-0.00016965395527877793
-8.33625455530936e-05
4.588916614829587e-05
2.3585964722891293e-05
-5.128507128153369e-05
-0.0001917453067778651
-0.0001823880107961612
-0.0001793983551280732
-0.00017477716750101608
-0.0001237790661330988
-9.576461381617596e-05
-1.3111514495046668e-05
-8.984200763259554e-06
2.295358025889592e-05
1.7039615846051358e-05
2.069696104849692e-05
1.898210232968039e-05
1.8375949838482294e-05
1.0451268751245419e-05
6.281915492409315e-06
1.2002240847488625e-05
1.7258327779485862e-05
1.492519193046845e-05
1.2044178680268005e-05
1.1078107742521534e-05
7.356652932719843e-06
-2.770399924966206e-06
-1.062363547918682e-05
-1.0709326612863947e-05
-2.79763433950976e-06
-2.9894984334539153e-07
1.6786566649341529e-06
2.485392412718565e-06
-6.108706938967248e-07
-5.1207614497101545e-06
-1.0648668922478549e-05
-8.36855387066965e-06
-4.920663054690174e-06
-1.0023063969980526e-06
-1.8714516093859784e-06
-2.104928364957614e-06
-4.297020970654822e-06
-6.306320488459952e-06
-5.671386299782249e-06
-3.3247620462833457e-06
-1.3648131610663911e-06
-1.5116733491043859e-06
-2.017391639517262e-06
-2.6803652743847425e-06
-3.427231867222938e-06
-3.630558589407982e-06
-3.3429845791497597e-06
-2.9537238328899244e-06
-3.117192707564015e-06
-3.291318784458757e-06
-3.511923563751288e-06
-3.5422797324618453e-06
-3.6602578656244177e-06
-3.7906397004072723e-06
-3.71082515955519e-06
-3.870413049359515e-06
-4.017326833936419e-06
-4.200326578586758e-06
-4.1019212865255365e-06
-4.186780076122828e-06
-4.229420152789584e-06
-4.24473130217082e-06
-4.2190396094351655e-06
-4.375872390466546e-06
-4.499951203380641e-06
-4.527429709495409e-06
-4.500371064905081e-06
-4.52133121043826e-06
-4.54391060111727e-06
-4.482818192221808e-06
-4.442541363488545e-06
-4.515218387017898e-06
-4.602698301462858e-06
-4.66613344826932e-06
-4.709490599756958e-06
-4.755413187916483e-06
-4.7587041516648304e-06
-4.741710841731859e-06
-4.77239402759205e-06
-4.843744948054477e-06
-4.93315409485471e-06
-4.987016186718678e-06
-5.02513226923414e-06
-5.045112646202767e-06
-5.074749649941772e-06
-5.104523202743388e-06
-5.162276042622641e-06
-5.224494969465835e-06
-5.273909651117196e-06
-5.3106203140102155e-06
-5.354246285657019e-06
-5.397332629944601e-06
-5.438739271265221e-06
-5.487310932513193e-06
-5.5412775133757166e-06
-5.588246227776939e-06
-5.628803476701778e-06
-5.673396205925651e-06
-5.7219497466706265e-06
-5.769705552129096e-06
-5.817754761647999e-06
-5.868134347183577e-06
-5.918798506161613e-06
-5.966807352968208e-06
-6.013261098998154e-06
-6.064192203184115e-06
-6.116861057565317e-06
-6.169300894276354e-06
-6.220808606871963e-06
-6.274244922532384e-06
-6.327090012479372e-06
-6.3795804474126226e-06
-6.4323928486314215e-06
-6.4871302397288534e-06
-6.541996648517395e-06
-6.596904075109036e-06
-6.652501531702456e-06
-6.709384494174488e-06
-6.766392285989726e-06
-6.822908916414338e-06
-6.879885392206816e-06
-6.937853993176459e-06
-6.996181096606351e-06
-7.0551113461371235e-06
-7.115124677191723e-06
-7.1755017714154315e-06
-7.235699101597434e-06
-7.296178756871887e-06
-7.357497550316639e-06
-7.419437013645748e-06
-7.481974303971247e-06
-7.545103041349077e-06
-7.6088219713990254e-06
-7.672841182024986e-06
-7.737301841038957e-06
-7.802322834562191e-06
-7.86812291444849e-06
-7.934473417885103e-06
-8.00130219523194e-06
-8.068680564971313e-06
-8.136680883250163e-06
-8.205145948934138e-06
-8.274161919848917e-06
-8.343880193966986e-06
-8.414247649430725e-06
-8.48512728379819e-06
-8.556553808438443e-06
-8.628610315285939e-06
-8.701274460080663e-06
-8.774531168865112e-06
-8.848428800474939e-06
-8.922995144199108e-06
-8.99817369048189e-06
-9.07394133992139e-06
-9.150336734934911e-06
-9.227407977210207e-06
-9.305122249577018e-06
-9.383481917398235e-06
-9.462510580769448e-06
-9.542216877031956e-06
-9.622577008184245e-06
-9.70361278056068e-06
-9.785338223002287e-06
-9.86775574742454e-06
-9.950855823665487e-06
-1.0034654382044136e-05
-1.0119165818578014e-05
-1.020439583748822e-05
-1.0290339744047753e-05
-1.0377003941936132e-05
-1.046440048565469e-05
-1.0552531901768226e-05
-1.0641399352895732e-05
-1.0731018038929497e-05
-1.0821400039969843e-05
-1.0912541283510655e-05
-1.1004444921166998e-05
-1.109712356826725e-05
-1.1190584723881862e-05
-1.1284830198261668e-05
-1.1379869567429402e-05
-1.147571220843133e-05
-1.1572363240495032e-05
-1.1669825612184656e-05
-1.1768107713883846e-05
-1.1867218049139522e-05
-1.1967164174867646e-05
-1.2067951479776957e-05
-1.2169587878684235e-05
-1.2272081099342794e-05
-1.237543726794027e-05
-1.2479662198820897e-05
-1.2584764976468198e-05
-1.2690754146545195e-05
-1.27976362081576e-05
-1.2905417988313936e-05
-1.3014107605263175e-05
-1.3123712711958152e-05
-1.3234240432889732e-05
-1.3345698771926202e-05
-1.3458096235853947e-05
-1.3571440762708933e-05
-1.3685739601454342e-05
-1.3801000776017948e-05
-1.3917232834977978e-05
-1.4034443988643168e-05
-1.4152642018502078e-05
-1.4271835495934426e-05
-1.4392033058850857e-05
-1.4513242916039783e-05
-1.4635473362921131e-05
-1.475873334918121e-05
-1.4883031575192046e-05
-1.500837657732846e-05
-1.513477711310478e-05
-1.526224223711843e-05
-1.5390780917907867e-05
-1.5520402137163264e-05
-1.5651114992835908e-05
-1.5782928752373855e-05
-1.5915852693628623e-05
-1.604989607223553e-05
-1.61850682993007e-05
-1.6321378987463504e-05
-1.6458837739865905e-05
-1.6597454131607797e-05
-1.6737237936782404e-05
-1.6878199041401427e-05
-1.7020347316011207e-05
-1.7163692713881534e-05
-1.7308245377519523e-05
-1.7454015500427235e-05
-1.7601013304043004e-05
-1.7749249101621934e-05
-1.7898733342798078e-05
-1.804947654527483e-05
-1.8201489300385173e-05
-1.835478229843734e-05
-1.8509366346843806e-05
-1.8665252316160544e-05
-1.882245114741835e-05
-1.8980973893383836e-05
-1.914083172456938e-05
-1.9302035884208053e-05
-1.9464597701025245e-05
-1.9628528615217404e-05
-1.979384016307837e-05
-1.9960543963807448e-05
-2.0128651737805916e-05
-2.0298175315768712e-05
-2.0469126626238964e-05
-2.06415176907651e-05
-2.081536063007784e-05
-2.0990667675071942e-05
-2.1167451159551045e-05
-2.1345723514968267e-05
-2.1525497277272523e-05
-2.17067850965349e-05
-2.1889599725234514e-05
-2.207395401761453e-05
-2.225986094034452e-05
-2.2447333574126746e-05
-2.263638510406217e-05
-2.282702882520419e-05
-2.3019278148249704e-05
-2.3213146597216906e-05
-2.3408647806810734e-05
-2.360579552749837e-05
-2.380460362701154e-05
-2.400508608999788e-05
-2.4207257017251984e-05
-2.441113062830248e-05
-2.4616721263510813e-05
-2.482404338443418e-05
-2.5033111572998876e-05
-2.5243940534297894e-05
-2.5456545098276285e-05
-2.5670940219369364e-05
-2.5887140976692605e-05
-2.6105162577352414e-05
-2.6325020357018374e-05
-2.6546729780249374e-05
-2.677030644099602e-05
-2.6995766065441044e-05
-2.7223124511852807e-05
-2.7452397772335328e-05
-2.7683601972867304e-05
-2.7916753376337885e-05
-2.815186838199364e-05
-2.8388963527529315e-05
-2.8628055489025427e-05
-2.8869161084333315e-05
-2.9112297271836028e-05
-2.9357481153691797e-05
-2.960472997479163e-05
-2.9854061126998593e-05
-3.010549214680822e-05
-3.035904072011108e-05
-3.0614724679820074e-05
-3.087256201131066e-05
-3.1132570849208614e-05
-3.139476948301847e-05
-3.165917635374113e-05
-3.192581006079706e-05
-3.2194689356660694e-05
-3.246583315537105e-05
-3.2739260526619754e-05
-3.301499070482855e-05
-3.329304308157671e-05
-3.357343721694869e-05
-3.385619283048473e-05
-3.414132981341758e-05
-3.44288682179502e-05
-3.471882827277284e-05
-3.501123036842718e-05
-3.5306095076445554e-05
-3.560344313176256e-05
-3.590329545430718e-05
-3.620567312913152e-05
-3.6510597430896435e-05
-3.681808979972938e-05
-3.712817187198191e-05
-3.744086544924712e-05
-3.775619253482479e-05
-3.807417529658533e-05
-3.8394836113044006e-05
-3.87181975253841e-05
-3.904428229072434e-05
-3.937311333149056e-05
-3.9704713792006185e-05
-4.003910697760634e-05
-4.037631642815411e-05
-4.0716365841128436e-05
-4.105927915623936e-05
-4.1405080467184755e-05
-4.175379412499889e-05
-4.210544462649986e-05
-4.24600567368718e-05
-4.2817655363213385e-05
-4.317826569563986e-05
-4.354191305539488e-05
-4.3908623066150134e-05
-4.42784214685864e-05
-4.4651334330551826e-05
-4.502738782037212e-05
-4.540660845365601e-05
-4.5789022830504866e-05
-4.6174657928207285e-05
-4.656354078209198e-05
-4.695569884284243e-05
-4.735115958734879e-05
-4.774995095467119e-05
-4.815210086458247e-05
-4.855763774515737e-05
-4.89665899772894e-05
-4.937898648084887e-05
-4.979485609478423e-05
-5.021422827472423e-05
-5.063713229622687e-05
-5.106359816375938e-05
-5.149365562825896e-05
-5.192733520326356e-05
-5.236466710966818e-05
-5.280568246136553e-05
-5.3250411912527924e-05
-5.369888712776133e-05
-5.415113929132331e-05
-5.460720069796678e-05
-5.506710281951411e-05
-5.553087871425027e-05
-5.599856035742e-05
-5.647018127814471e-05
-5.694577396649428e-05
-5.7425372750765855e-05
-5.7909010424258764e-05
-5.839672200503004e-05
-5.8888540774740955e-05
-5.938450257093886e-05
-5.988464084947208e-05
-6.038899237987422e-05
-6.089759105533301e-05
-6.141047427851579e-05
-6.192767643832444e-05
-6.244923577952526e-05
-6.297518692860871e-05
-6.350556941189323e-05
-6.404041770175363e-05
-6.457977237330935e-05
-6.512366840637825e-05
-6.567214745261231e-05
-6.622524407132039e-05
-6.678300157408017e-05
-6.734545509961393e-05
-6.791264839635337e-05
-6.848461638230951e-05
-6.90614055960893e-05
-6.964304966736271e-05
-7.022959661048535e-05
-7.082108038299997e-05
-7.141755110713621e-05
-7.201904118969368e-05
-7.26256034427645e-05
-7.323726958889215e-05
-7.385409466242594e-05
-7.447610883405274e-05
-7.51033706683855e-05
-7.573590833081481e-05
-7.637378416643016e-05
-7.701702382255588e-05
-7.766569303761317e-05
-7.831981643452739e-05
-7.897946275497937e-05
-7.964465185713205e-05
-8.031545872244834e-05
-8.09918979881465e-05
-8.167405351586319e-05
-8.236193477207263e-05
-8.305563144651623e-05
-8.375514777503356e-05
-8.446057684654337e-05
-8.517191458468738e-05
-8.588927073891188e-05
-8.661261833763594e-05
-8.734210013864696e-05
-8.80776673489904e-05
-8.881946626376085e-05
-8.956745996161917e-05
-9.032178722905774e-05
-9.108238606795336e-05
-9.1849442241411e-05
-9.262287423470491e-05
-9.340286546588486e-05
-9.418931618486941e-05
-9.498248690158163e-05
-9.578219046087664e-05
-9.658868552134405e-05
-9.740187594348972e-05
-9.82219765392246e-05
-9.904881405685525e-05
-9.988275089994956e-05
-0.00010072350785954587
-0.0001015715080822171
-0.00010242638151134674
-0.00010328869402413552
-0.00010415795717301175
-0.00010503476201191987
-0.00010591865278380483
-0.00010681023489606767
-0.00010770894152120329
-0.00010861559562519083
-0.00010952934464925892
-0.00011045135857257345
-0.0001113805281436781
-0.00011231802589778614
-0.00011326269856263315
-0.00011421610458675095
-0.00011517662155606593
-0.00011614595558412453
-0.00011712262596718395
-0.00011810850130374576
-0.00011910132989799489
-0.00012010379568814687
-0.0001211133328702957
-0.00012213263402638462
-0.0001231588897452755
-0.00012419547126714042
-0.00012523885303055205
-0.0001262928546815748
-0.0001273535018731408
-0.00012842526380123977
-0.00012950334400248963
-0.00013059320592965427
-0.00013168890945712618
-0.0001327973046217832
-0.00013391096230075793
-0.00013503806088954715
-0.00013616967343538645
-0.00013731621596146164
-0.00013846608736022535
-0.0001396316692553429
-0.0001408008819727064
-0.00014198668794837327
-0.00014317967019902167
-0.00014438897427995827
-0.0001456042217492016
-0.00014683638753782615
-0.00014806983844840675
-0.00014932669456332344
-0.0001505838296530916
-0.0001518665792032462
-0.00015315888737319204
-0.00015446894569629338
-0.00015578670073583556
-0.000157136732725406
-0.0001584694562678288
-0.00015985057226114538
-0.00016121445533765527
-0.0001626339141845453
-0.00016401900689333196
-0.00016546936368297893
-0.00016690218395954738
-0.00016836448703463425
-0.00016981989037745122
-0.0001713413590452305
-0.0001728106810653029
-0.0001743692484544497
-0.00017586768044767516
-0.00017746353072760693
-0.00017898528048869607
-0.00018060126809660957
-0.00018216419445787736
-0.0001837978751517977
-0.00018537879118177202
-0.00018706316943578358
-0.00018865243017491672
-0.00019039536842059126
-0.00019201031252940036
-0.000193794553969641
-0.0001954766591268833
-0.00019729075116595995
-0.00019889061041790794
-0.00020075957633643464
-0.00020245225587431131
-0.00020435706418536347
-0.00020602117259892145
-0.00020809314044127494
-0.0002097289083695133
-0.00021184285114719142
-0.00021346413907336262
-0.0002157161753161309
-0.0002172756139706873
-0.0002196610016757282
-0.0002212073373113766
-0.00022371947431472475
-0.00022520340578515026
-0.00022786371618372324
-0.00022925522840359436
-0.00023215766450235503
-0.0002334409452093695
-0.00023659077415423308
-0.00023775801995498072
-0.00024117102445632917
-0.00024207736881227496
-0.0002458885673394509
-0.0002465188051619361
-0.00025082603153351565
-0.00025075907028109754
-0.0002561057233920883
-0.0002547893749529755
-0.00026252475379754547
-0.000256958345221165
-0.00026250007569020805
-0.00025325199745876827
-0.0002550991619976427
-0.00025196524801152445
-0.00024983821022451553
-0.0002519990097042053
-0.00024891218976360333
-0.0002415162697245824
-0.00024182595447505673
-0.0002290655908326352
-0.0002230783205107262
-0.00021500967724919602
-0.00020969624745166538
-0.00020507553823172144
-0.00019099349032357903
-0.0001970650465132632
-0.0001847125199392774
-0.00018010069719262518
-0.00017984029471653266
-0.00017515931569114633
-0.0001702356212041809
-0.00016554126570571915
-0.000159201212986034
-0.0001588398928566568
-0.00014701191886787985
-0.00015137478885694777
-0.0001431865453404029
-0.00014194973251651917
-0.00014513562793763235
-0.0001395971983286806
-0.00014632291649653892
-0.00013951524949498104
-0.0001460160686812128
-0.00013619935802174234
-0.00014895848346973412
-0.00032186052284600205
-0.0002988902749641334
-0.000323896436531935
-0.0003549093527220424
-0.0003480914518173058
-0.0003687842469319835
-0.00035325313510108504
-0.00036274039735909025
-0.0003482810449227209
-0.0003446767902889342
-0.00034313840714121413
-0.0003348222142351372
-0.0003440810268325202
-0.0003293001840768091
-0.0003430715564824463
-0.00031756601909493145
-0.000337022622188221
-0.0003109141670174206
-0.00032240238075643106
-0.0003074567666973538
-0.0003331252086474431
-0.0003204115842974294
-0.00034662060803913495
-0.00033999012647795385
-0.000354879844291727
-0.0003557615004532751
-0.00037669403679338915
-0.0003631876645317369
-0.00037780346566687346
-0.0003726346084884361
-0.00035235144935751386
-0.00034847609755612097
-0.0003325162917234006
-0.0003322109979976935
-0.00033811013055135247
-0.00031586793168177877
-0.00033458955540761
-0.00029183149153573767
-0.00030909067591098965
-0.0002726214969374027
-0.00029849157663193514
-0.00025504529837409157
-0.00027173654364180883
-0.00025750171441542833
-0.00025906727016773517
-0.00025855420782792905
-0.0002689495593720186
-0.0002761556922790605
-0.0002743178062414865
-0.0002802880625403715
-0.0002870931116247067
-0.0002953429923605508
-0.00029024491936615384
-0.00029814929199567823
-0.00030074801277311236
-0.00029978059079546613
-0.0002984595070266578
-0.00029571515054428624
-0.00029501022699178226
-0.0002999954633518578
-0.0002669167134117615
-0.0002777984073901595
-0.00024290383104366692
-0.0002362526474225761
-0.00020641096128733822
-0.00019720946684314937
-0.00019385166920227875
-0.0001810127366820586
-0.00018286768516847444
-0.000177733976234231
-0.00018032285763348716
-0.00018727432836731595
-0.000169028495054668
-0.00018611701099668294
-0.0001711642084053233
-0.00018244655669489164
-0.00018025683492417695
-0.00017059187872222491
-0.00017448768880392107
-0.00017761893940078748
-0.0001734039194853447
-0.00017361920449656502
-0.00017000783153702377
-0.00016435965298265207
-0.00015481711867763143
-0.00016449385455753683
-0.0001510304002099789
-0.00015904296596521065
-0.00014517497159607622
-0.00015665918814471993
-0.00013214564849747563
-0.0001449185264708486
-0.00011995067466849155
-0.0001298519818843184
-0.00011082855454179745
-0.00010821359691637894
-9.670713462057206e-05
-0.00010428183008036355
-9.376815350907455e-05
-0.00010001916002809586
-0.00010047004949143884
-0.00010317461035754512
-0.00010586008741968601
-9.438650807192684e-05
-0.00010834513194064365
-0.00010675505574804189
-0.00010385989024598883
-0.00011006610002278275
-0.00011772933193448406
-0.00010698454609639734
-0.00013116994075730538
-9.758026930001883e-05
-0.00012464206481792122
-9.53788798773168e-05
-0.00011870186431509202
-0.00010997149053733597
-0.0001110094671204898
-0.00011310779863905414
-0.00012466381076897305
-0.000108402455234072
-0.00012454164030348494
-9.371067054551445e-05
-0.00011179676062690387
-6.380301824908922e-05
-7.928102381211938e-05
-3.817902485978437e-05
-3.1421474478456155e-05
-1.6016891088474591e-06
1.6285824705682215e-05
3.402752257410663e-05
2.496004271918071e-05
5.536193975140297e-05
3.2417572577446636e-05
6.808242287285855e-05
4.3614309389436386e-05
7.711309716276193e-05
4.378848952734964e-05
8.396053848774615e-05
3.81626698643868e-05
8.211878749732267e-05
4.969814647393827e-05
7.812249740840104e-05
6.24634771163094e-05
8.679195579623558e-05
6.81436538597003e-05
9.212348321259491e-05
7.515582520878651e-05
9.366882065702149e-05
8.541923498793337e-05
0.00010514209544827079
0.00010657649816791083
0.0001278689403401345
0.0001265306143371375
0.00014309322655040556
0.00013940937443656734
0.00016040357781601817
0.00015716748621203856
0.00017425449335337035
0.0001819980781344534
0.00019590377224110687
0.00020523803598248072
0.00020754426766604985
0.00022256184604058072
0.0002147339365706484
0.00022644043229582387
0.0002289446715879181
0.00023179233484399832
0.00023290091031512956
0.00023116821904285148
0.00022527849559647318
0.00023689438815262362
0.00021804157513038346
0.0002339223184280106
0.00021918672261810772
0.00023686954857341804
0.00020174791059513354
0.00021840270729948962
0.00019261013567666122
0.00021031385237293835
0.0001757616483945651
0.000189125451995317
0.00016902114043248627
0.00018181112195596219
0.00017059811461147802
0.00017576290297552328
0.0001802439610185882
0.00017676552202659847
0.0001914366770813057
0.0001758810906247536
0.0001933351687478018
0.00019227718692713428
0.00018876886163497324
0.00019857241588748571
0.0002001486898284546
0.0001844149622924
0.00020857489515841853
0.00017271070941329462
0.00018677469620139386
0.00016813775430198899
0.0001728147667908451
0.00016310346161700054
0.00016158660060652417
0.0001277661532927488
0.00015165996943200392
0.00011463746195419138
0.00012596895592517404
0.00012539407921439408
0.00010002199522653025
0.00011392133670391725
8.856930452811826e-05
0.00011216151746794358
9.708132428302128e-05
0.00011762345874076355
0.00011327071394389766
0.00012150854670029578
0.00013738175718593603
0.00014139307508847918
0.0001464872636904247
0.0001424943933349492
0.00012451847684382257
8.720380123381194e-05
0.00010336793934434036
0.00011957384963690054
0.00013998438329465676
0.00016168577923708974
0.00017877973822291032
0.0001834377760478352
0.00013958801808267203
0.00011802020412565338
0.00013967695883092095
0.00016631826859598436
0.0001924196472356237
0.00022073904194140192
0.00024436036470091606
0.00021032388631775627
0.00019909430403016338
0.00022576205403123523
0.0002530343644579769
0.0002577838166270179
0.0002766100655221893
0.00025710488802856493
0.00023833198394002716
0.00017676182082029996
0.00018803663248405313
0.00020646454832051763
0.00021648628565882548
0.0002254689721514283
0.000295188447191461
0.0003170845361135919
0.00034200208140747115
0.00030181014096928205
0.0003257414285539016
0.00026224607676945575
0.00023361427547786983
0.0001513537985479926
0.0001940152622525687
0.00012566056220906022
0.00018742730082782992
0.00012160978182925537
0.00020518212094776882
8.854419511165148e-05
0.00020889026717562428
9.075205703133374e-05
0.000265504191282609
7.162969249028875e-05
0.00025519935660778086
4.097137103895661e-05
0.0002744293095702467
-4.122297646856442e-05
0.0002376974860882057
-0.00014603202132423303
0.00022429283453872083
-0.00019817881611672468
0.00029274563683488123
-0.00022150446151769578
0.0003239133434209853
-0.00030269678306510563
0.00040601951988412824
-0.00036009640260539354
0.0005731567029651814
-0.000348540459089673
0.0008588983642125339
-0.0005507667388303022
0.0011317005113752015
-0.0010348106116218727
0.0020348133032479414
-0.0032082779665968185
0.022868661474579097
0.061586798703934784
0.08258507420706475
0.0751623439956724
0.0402479061325256
0.0142907306726935
-0.024993202061012482
-0.05044123292709516
-0.04970105736389955
-0.025202542592421336
-0.022397637253311634
-0.019282269835921465
-0.024131239758436826
-0.02847203804066177
-0.029327639496907865
-0.010710098934947768
0.01752671238244367
0.024397632239191017
0.01329792175873603
0.004084565004318053
0.005319726521956211
0.0067725004257000836
0.007839437331398
0.011069259800344892
0.015711769834268655
0.012783967775225722
0.0020097319804639573
-0.006522351017787648
-0.007933580270535246
-0.0031963424943838538
0.003538879188025098
0.0032473875909940554
0.002615653621257039
-0.00017205561435769387
-0.0032245741875796545
-0.0056461669899477845
-0.004472599421564109
0.001746245115316754
0.005318668144356334
0.005705539166840315
0.0032706756005960224
0.0017596880949729081
-0.0040588994751700035
-0.006990410669433113
-0.0030599496309311634
0.005929889733871797
0.007082767956682728
0.002104415008808847
-0.003257584035325948
-0.0037349680454149595
-0.0031876243574593477
-0.0012729800074106536
0.0037686202011085485
0.0060918766934782214
0.004084198767274165
-0.0009906365633730815
-0.003379491881870868
-0.0017210916018160216
0.002266056595403872
0.00644210988082629
0.00696838545633522
0.0032983167667621415
-0.0009743988443641448
-0.0026484616168891938
-0.00189984561108732
-0.00011633695815883609
0.001783473602790598
0.0020586642801644047
-0.00014609123591282893
-0.002552865347009218
-0.0033409361673820102
-0.0028694520102506755
-0.0016786135778699654
-8.034365204045893e-05
0.0018718876001248617
0.002823936675631331
0.00192015661063099
0.0015417552321269775
0.0020665259844116083
0.002465054570679242
0.0025597998781458514
0.0023661447161841733
0.0022791523444968048
0.001599984081081219
1.0035696105427953e-05
-0.0013522209856854355
-0.0016649110825648658
-0.0008726423991170042
-0.00013743624196013482
0.00037271920006517805
0.0006799145431635136
0.0005010356867166509
0.00047066593559814924
0.0007887534097732682
0.001340318658779856
0.0017505098877210606
0.0016343606908127473
0.0011719465176259127
0.0006143195345929633
0.0004635349629442693
0.0007868641915993323
0.001008205620516333
0.0009571508117221829
0.0007154289019242001
0.00030083318479154906
-7.225244505108702e-05
-0.00030184587748833966
-6.494917837592085e-06
0.0005428053906743436
0.0006039846283785045
0.0003145291447215325
0.00011871710148737747
8.813658966817815e-05
-2.0663138113973324e-05
-3.655574315846374e-05
0.0001615850170803964
0.00043709901714887725
0.0004451224939667419
0.00024545597538988263
-5.490670025358977e-06
-1.2106106164133781e-05
-8.236140209847652e-05
-6.341604652755102e-05
-8.929958918610674e-05
-6.957725523052283e-05
-4.218299569071176e-05
-2.0842115214623816e-05
-2.138732363712947e-05
-2.3670655059596832e-05
-2.0938871753716687e-05
-1.6812583306446155e-05
-2.2726840543082035e-05
-3.092105312730082e-05
-2.1565889023819962e-05
-6.072617859908912e-06
-3.4863173035969445e-06
-1.4804667534369214e-05
-1.4809215377981075e-05
-6.400212652168301e-06
-7.601968143396056e-07
-9.466071525504046e-06
-1.6672090480699856e-05
-1.2790929594129569e-05
-4.920371357519077e-06
-7.1413896902306916e-06
-2.1597183343315427e-06
2.109308046867084e-06
1.6738222604942402e-06
-7.725765604880896e-06
-1.3618704244260995e-05
-1.3166449487684217e-05
-9.004839497388106e-06
-6.303421352315042e-06
-5.010478253341316e-06
-3.402975883505101e-06
-6.0875649991119605e-06
-9.676233096173175e-06
-1.032212039888124e-05
-7.705607959953317e-06
-5.043369175537416e-06
-3.141616052969071e-06
-2.939579400702865e-06
-4.056401087133697e-06
-6.077926135945687e-06
-6.822458448519107e-06
-6.108212929760876e-06
-5.013219058166518e-06
-5.027278615320842e-06
-5.061760361203685e-06
-5.418459574270032e-06
-5.4256994299848324e-06
-5.644752205830679e-06
-5.268867150433129e-06
-5.11799329050433e-06
-5.2655721118039065e-06
-5.585789080079443e-06
-5.477106952904285e-06
-5.432065563272813e-06
-5.572363037945185e-06
-5.673245025821178e-06
-5.612114878943218e-06
-5.699278437356898e-06
-5.953205288542407e-06
-6.0732039722555974e-06
-6.082252879062444e-06
-6.100226031695381e-06
-6.2244031492661e-06
-6.276195233088748e-06
-6.209283689712476e-06
-6.185319109833348e-06
-6.311487876758959e-06
-6.399576512501181e-06
-6.457463319561993e-06
-6.533154465784971e-06
-6.651065911238152e-06
-6.671405518434348e-06
-6.663352616482847e-06
-6.681236338728074e-06
-6.7674589305458804e-06
-6.855527314615639e-06
-6.946198046252653e-06
-7.022479471897598e-06
-7.070536762465826e-06
-7.086247641804964e-06
-7.113974666034728e-06
-7.184156820533912e-06
-7.269043619342473e-06
-7.346283890023909e-06
-7.415611087844805e-06
-7.478904458562839e-06
-7.52364975786931e-06
-7.576998537820636e-06
-7.649789492439123e-06
-7.73069055140456e-06
-7.796405960711517e-06
-7.85669507997398e-06
-7.919710523056139e-06
-7.987551745591587e-06
-8.051296557876503e-06
-8.119362367105568e-06
-8.19126599373957e-06
-8.264065319092367e-06
-8.328976358428262e-06
-8.395278202112907e-06
-8.467165888964646e-06
-8.540849141439586e-06
-8.61151537860812e-06
-8.684682287985889e-06
-8.759933484202645e-06
-8.833410257875579e-06
-8.90555741217639e-06
-8.979851542829519e-06
-9.056260226620732e-06
-9.132376687791304e-06
-9.2088013224952e-06
-9.286483072572509e-06
-9.365471032836707e-06
-9.444274558754204e-06
-9.523473636898741e-06
-9.603694299147183e-06
-9.684760622906711e-06
-9.765605753496367e-06
-9.847639272559262e-06
-9.93123317539411e-06
-1.0015604731688273e-05
-1.0099845397969253e-05
-1.0184708417396924e-05
-1.02702184144743e-05
-1.0356403573696834e-05
-1.0443377147433409e-05
-1.0531652315454946e-05
-1.0620818608370085e-05
-1.071033082115794e-05
-1.0800199932980048e-05
-1.0890975669001292e-05
-1.098275418479297e-05
-1.1075259519449128e-05
-1.1168561658114534e-05
-1.126278401223247e-05
-1.1357723539798638e-05
-1.1453185660241223e-05
-1.1549515835347385e-05
-1.164684905269938e-05
-1.1745028971600364e-05
-1.1843925792643815e-05
-1.1943679484413875e-05
-1.2044282207198807e-05
-1.2145698790707996e-05
-1.2247919657323988e-05
-1.2351071799054621e-05
-1.2455149425186934e-05
-1.256009135335308e-05
-1.2665849808382872e-05
-1.2772510527502413e-05
-1.288008633808181e-05
-1.2988549249015605e-05
-1.3097917643169893e-05
-1.3208250584892395e-05
-1.3319514205284606e-05
-1.3431680161141819e-05
-1.3544787693596592e-05
-1.3658868577865499e-05
-1.3773910277206143e-05
-1.3889906644087228e-05
-1.400688445004261e-05
-1.4124854655382627e-05
-1.4243815380169273e-05
-1.4363770776041758e-05
-1.4484746734902353e-05
-1.46067472313096e-05
-1.4729765548937855e-05
-1.4853807865902242e-05
-1.4978903489864512e-05
-1.5105060059991037e-05
-1.5232276772695751e-05
-1.5360562424839383e-05
-1.5489932935963658e-05
-1.5620389844678745e-05
-1.575194018825656e-05
-1.588459936557548e-05
-1.6018382024584935e-05
-1.6153292451609783e-05
-1.6289335853771666e-05
-1.6426523335251594e-05
-1.6564867689476827e-05
-1.6704376976757923e-05
-1.6845059634349168e-05
-1.698692878075611e-05
-1.7129995025277726e-05
-1.72742647770054e-05
-1.741974708559035e-05
-1.7566455643483e-05
-1.771440072247159e-05
-1.7863591241780078e-05
-1.8014038208819877e-05
-1.816575344919778e-05
-1.831874610541364e-05
-1.847302620321097e-05
-1.8628605298270896e-05
-1.878549548800805e-05
-1.8943707304523542e-05
-1.9103251360698386e-05
-1.9264138966961552e-05
-1.9426381868425648e-05
-1.9589990934396332e-05
-1.9754977531137458e-05
-1.992135388499783e-05
-2.0089131928293204e-05
-2.025832277536703e-05
-2.042893822817037e-05
-2.0600990785151662e-05
-2.077449254372232e-05
-2.094945540205136e-05
-2.1125891720281882e-05
-2.1303814119901765e-05
-2.148323498376557e-05
-2.1664166793087576e-05
-2.1846622376451883e-05
-2.203061478016435e-05
-2.2216156812579054e-05
-2.2403261353698295e-05
-2.259194163020848e-05
-2.2782211069859696e-05
-2.29740829491395e-05
-2.3167570717849502e-05
-2.336268808625052e-05
-2.355944880297758e-05
-2.37578665789921e-05
-2.39579553763674e-05
-2.4159729349236222e-05
-2.436320269900188e-05
-2.4568389688623248e-05
-2.4775304754974802e-05
-2.4983962476459766e-05
-2.5194377518965175e-05
-2.540656464970997e-05
-2.5620538806556082e-05
-2.583631508394689e-05
-2.6053908647945734e-05
-2.6273334768224586e-05
-2.6494608886642204e-05
-2.6717746589899978e-05
-2.6942763552380896e-05
-2.7169675595661795e-05
-2.739849870355771e-05
-2.7629248977119347e-05
-2.7861942622492658e-05
-2.809659600401476e-05
-2.8333225638565396e-05
-2.8571848174532387e-05
-2.8812480387707852e-05
-2.905513920448084e-05
-2.9299841698863485e-05
-2.9546605081292693e-05
-2.979544670001336e-05
-3.004638406087789e-05
-3.0299434822458302e-05
-3.0554616781103356e-05
-3.081194787901592e-05
-3.107144621923101e-05
-3.1333130058295784e-05
-3.159701779919108e-05
-3.186312800156321e-05
-3.2131479386188495e-05
-3.2402090829132355e-05
-3.2674981361698304e-05
-3.29501701776348e-05
-3.322767663519626e-05
-3.350752025480716e-05
-3.378972071809935e-05
-3.407429787382981e-05
-3.436127174005115e-05
-3.465066250202091e-05
-3.494249051292959e-05
-3.5236776299836276e-05
-3.553354056377465e-05
-3.5832804178053974e-05
-3.613458819089839e-05
-3.643891382967119e-05
-3.674580250052797e-05
-3.7055275788765336e-05
-3.736735546191398e-05
-3.768206347147377e-05
-3.799942195350885e-05
-3.8319453229812544e-05
-3.8642179810455344e-05
-3.8967624395604334e-05
-3.929580987660573e-05
-3.9626759336966274e-05
-3.996049605485322e-05
-4.029704350476317e-05
-4.063642535877764e-05
-4.097866548785487e-05
-4.1323787964613436e-05
-4.16718170642798e-05
-4.20227772665189e-05
-4.237669325676558e-05
-4.273358992896653e-05
-4.309349238635447e-05
-4.345642594382089e-05
-4.382241612906198e-05
-4.419148868530247e-05
-4.4563669571989935e-05
-4.493898496774453e-05
-4.5317461271084276e-05
-4.569912510365081e-05
-4.608400331057279e-05
-4.647212296358342e-05
-4.686351136168614e-05
-4.725819603476232e-05
-4.7656204743585454e-05
-4.805756548371086e-05
-4.846230648538545e-05
-4.88704562179457e-05
-4.9282043389014705e-05
-4.969709694944058e-05
-5.011564609231148e-05
-5.0537720258450776e-05
-5.096334913455916e-05
-5.13925626595402e-05
-5.182539102204149e-05
-5.226186466756211e-05
-5.270201429521926e-05
-5.3145870865718616e-05
-5.3593465597196865e-05
-5.404482997440393e-05
-5.449999574298796e-05
-5.4958994920535414e-05
-5.5421859789419616e-05
-5.5888622909228136e-05
-5.6359317107804174e-05
-5.683397549616914e-05
-5.7312631456810786e-05
-5.7795318661253876e-05
-5.82820710559491e-05
-5.877292288290065e-05
-5.9267908661626845e-05
-5.976706321422602e-05
-6.027042164365344e-05
-6.077801936168678e-05
-6.128989206369805e-05
-6.180607576195853e-05
-6.232660675408244e-05
-6.285152166289262e-05
-6.33808573986018e-05
-6.39146512052928e-05
-6.445294061532564e-05
-6.499576350402258e-05
-6.554315803740602e-05
-6.609516273417722e-05
-6.665181640282906e-05
-6.721315821637056e-05
-6.777922763664956e-05
-6.835006450367671e-05
-6.892570894111811e-05
-6.950620146673522e-05
-7.009158287995653e-05
-7.068189438918051e-05
-7.127717747627154e-05
-7.187747405403141e-05
-7.248282630010735e-05
-7.309327684173485e-05
-7.370886856067701e-05
-7.432964481696798e-05
-7.49556492076079e-05
-7.55869258340343e-05
-7.622351902070407e-05
-7.686547362815169e-05
-7.75128347151296e-05
-7.816564791509882e-05
-7.882395903378088e-05
-7.948781449482818e-05
-8.015726085787228e-05
-8.083234535326706e-05
-8.151311530703705e-05
-8.219961877594016e-05
-8.289190385622348e-05
-8.359001944660668e-05
-8.42940144241185e-05
-8.50039385474438e-05
-8.57198414878971e-05
-8.644177390375795e-05
-8.716978624671206e-05
-8.790393009686478e-05
-8.86442566936863e-05
-8.939081854413325e-05
-9.014366769494994e-05
-9.090285762239096e-05
-9.166844118152875e-05
-9.244047285855153e-05
-9.321900629097671e-05
-9.400409701553489e-05
-9.479579943882932e-05
-9.559417010458413e-05
-9.639926430542178e-05
-9.721113969869341e-05
-9.802985226822249e-05
-9.885546088872965e-05
-9.968802237764196e-05
-0.00010052759666529312
-0.00010137424123614867
-0.00010222801751247432
-0.00010308898358215267
-0.00010395720211827091
-0.00010483273196798103
-0.00010571563732879319
-0.00010660597737182156
-0.00010750381798062172
-0.00010840921881691886
-0.00010932224744740482
-0.00011024296383247128
-0.00011117143740615716
-0.00011210772856130153
-0.00011305190846946553
-0.00011400403773044574
-0.00011496418973871644
-0.00011593242521652867
-0.0001169088197062935
-0.00011789343361022541
-0.00011888634533245633
-0.00011988761515565119
-0.00012089732359110434
-0.00012191553065085366
-0.00012294232064724272
-0.00012397775185631543
-0.00012502191210203543
-0.00012607485877438548
-0.00012713668406207665
-0.00012820744243842723
-0.00012928723150079456
-0.00013037610382526954
-0.0001314741614620537
-0.00013258145375574988
-0.00013369808986324913
-0.00013482411429658432
-0.00013595964378910596
-0.00013710471704659504
-0.00013825946082160088
-0.00013942390623414487
-0.0001405981900497547
-0.00014178233529511103
-0.00014297649102702065
-0.00014418066993308746
-0.00014539503090527737
-0.0001466195765573397
-0.00014785447964294884
-0.00014909973160012594
-0.00015035553139139074
-0.00015162184675354998
-0.00015289888813557485
-0.00015418660784116158
-0.0001554852306167964
-0.00015679469096899407
-0.00015811525961314978
-0.00015944682651028132
-0.00016078972003224774
-0.00016214375966922467
-0.00016350932966039788
-0.00016488620499640618
-0.0001662747983341604
-0.0001676748387087821
-0.00016908688836083394
-0.0001705105283956814
-0.00017194637331660546
-0.0001733940048777229
-0.00017485406918017266
-0.00017632602554899915
-0.00017781065478812523
-0.0001793074186392407
-0.00018081708726447608
-0.0001823390330689315
-0.00018387419153321452
-0.00018542175231373763
-0.00018698279653880576
-0.00018855637289691998
-0.00019014379551862638
-0.00019174382654250555
-0.00019335807287575169
-0.00019498498786539673
-0.00019662661630019966
-0.00019828080491088432
-0.00019995024359560848
-0.00020163225195174187
-0.0002033300375289428
-0.00020504025049775614
-0.0002067666645708732
-0.0002085056390931683
-0.00021026139633699263
-0.00021202931285471113
-0.00021381492340493292
-0.00021561248177631414
-0.00021742833658515925
-0.00021925572409239663
-0.0002211024730289412
-0.00022296027496726377
-0.0002248381775512083
-0.00022672688166416912
-0.00022863673378888095
-0.0002305565451544863
-0.00023249872084086696
-0.00023445009812778024
-0.00023642522431271745
-0.00023840846378851276
-0.00024041709622365872
-0.0002424328815918927
-0.00024447577551682195
-0.000246524034744722
-0.00024860192115704603
-0.0002506831206018131
-0.00025279705247485836
-0.00025491055081906593
-0.0002570625202813583
-0.00025921127447298283
-0.00026140808331473193
-0.0002636031810343035
-0.00026584136070943894
-0.00026807276468287285
-0.0002703480104712095
-0.0002726182913176046
-0.00027494788457155576
-0.0002772796677127922
-0.00027966801081095235
-0.00028206017828102785
-0.0002844892499733686
-0.0002869294384880346
-0.0002894182383587843
-0.00029188697387831435
-0.00029445793758699223
-0.00029700387118203195
-0.00029963660883866545
-0.00030220422760033304
-0.0003049174740191679
-0.00030749993773962296
-0.0003102822908900185
-0.00031290140188874763
-0.0003157799670252682
-0.0003184389581494402
-0.0003213610665302088
-0.00032406161184063664
-0.0003270074693883587
-0.0003297464199068393
-0.00033274058493049476
-0.00033552801180451454
-0.00033857380901498575
-0.0003413713635467717
-0.00034452383400890047
-0.000347328553396233
-0.00035054228727265506
-0.0003533946771408665
-0.0003567036742435269
-0.00035958309902487355
-0.00036288370029579747
-0.0003657573310705881
-0.0003692819551155928
-0.00037213137144024514
-0.000375769176567521
-0.00037865652015747027
-0.00038248027121825265
-0.00038526036730678835
-0.0003893065448079629
-0.0003920212322500911
-0.0003963254460073474
-0.000398884756865094
-0.0004035935546168951
-0.0004059405898757736
-0.000411038905895807
-0.0004130970007253742
-0.0004187043534628855
-0.00042045575178281083
-0.00042662099804716103
-0.0004279930791866749
-0.0004348942344375439
-0.00043562059538488707
-0.000443309862781742
-0.00044331587011121627
-0.00045203591970670385
-0.0004511279227415574
-0.000460875630737662
-0.0004589836370070586
-0.0004700801487371798
-0.0004673053898297705
-0.0004787092180527648
-0.00046053891742896215
-0.0004712493200317023
-0.00044234888551875117
-0.0004663345658293043
-0.0004412458472032102
-0.0004662701313635951
-0.0004303937595558869
-0.00043771480697073613
-0.00039307174420718377
-0.00040108007272386496
-0.0003713338697628511
-0.0003593174926169175
-0.0003712656548499762
-0.00033967447898893737
-0.0003434000420372565
-0.0003084056836926883
-0.0003140273120046908
-0.00029641620076862647
-0.000308707809235262
-0.0002926644463188895
-0.0003129484070651284
-0.0002874751252840857
-0.0003095696762331569
-0.00028518373306755436
-0.00031140427106967944
-0.0002908143100937164
-0.00034218739825205485
-0.0003190575221340311
-0.00035561615115259424
-0.0003453934854313548
-0.0003745498906538332
-0.00034842225705115687
-0.0003830909389183971
-0.00035964217087232543
-0.00039176018911238363
