0.0002674730296940029
0.0003072503624298699
0.00023181676200017854
0.00023506267789726287
0.0001904921556936641
0.0001912836907259211
0.00018061916247774315
0.00017989429476427023
0.0001764300641487712
0.00018106631731372268
0.00018225455292109332
0.0001900645344786704
0.0001776537152881735
0.00020011445284877087
0.00017547699675413272
0.00020165968579029608
0.0001807201973305631
0.00020366414119390064
0.00018954525457463647
0.000204507973082253
0.00018655625315865435
0.00020749995226520586
0.0001663618897036497
0.00018573141463470655
0.0001517139713653099
0.0001698093134861002
0.00015219898137560224
0.00016530993065846412
0.00015892579269868108
0.00015981709036896294
0.00016305481730662574
0.00016449668752427406
0.0001747882326288754
0.000183906115156398
0.00018262601677850743
0.00020713220085479418
0.0001932232022405886
0.00021827846711521058
0.00021217107489167287
0.0002263399865875251
0.00020304151920126547
0.0001966316983778714
0.00018901605014992975
0.0001586039908110131
0.00015699668127701198
0.00012806918962507657
0.00010399710225621433
9.612451649499635e-05
8.450980384221043e-05
8.050954672373203e-05
7.996014709532682e-05
7.255270053392187e-05
8.052294517965549e-05
8.028094946556982e-05
0.00010896311247264161
0.0001361228106518168
0.00016448182442314576
0.00018003604454193861
0.00020666488672186148
0.0002160169947625139
0.00021834585141526235
0.00022545770834497226
0.00020408062554751866
0.000186392992213781
0.00016595352907661194
0.00012477407622270444
9.715322207942494e-05
7.63358476314355e-05
5.633977819486264e-05
4.905934892447103e-05
4.568595910856848e-05
4.914539254896694e-05
6.811432445582059e-05
7.484012501015426e-05
8.122462364615384e-05
9.738763665377006e-05
0.0001011196748199121
0.00012701651247224813
0.00013376506360534494
0.00013422164930990577
0.00013385861152225999
0.00013074727507348164
0.00011066549212005795
0.00012275304387310848
0.00010083437197128375
0.00011699305629941491
0.00010285878453949055
0.0001253687874614064
0.00011309146159772772
0.0001391254656787903
0.0001254354860016954
0.00015537574286500247
0.00015318920257504064
0.00019441101562338336
0.0002053621900709044
0.00023090163421280273
0.00023588898611403008
0.0002470168535461957
0.00024764667017516495
0.0002564359004558143
0.00023053011216421488
0.00022689900019137732
0.0002095031265877702
0.0001990746860243592
0.00018387037136716102
0.00014750277035305775
0.00015242834485228315
0.00012046250835368006
0.00013511041050097455
0.00011929526912102256
0.00014516548285182503
0.00014690090221383743
0.00017222463571400217
0.00018840338571122096
0.00020915059648628833
0.00023281196495594428
0.0002474443317139113
0.0002634296876425741
0.00026089534036808563
0.00027370719051675817
0.00026366390940156596
0.0002607691381615766
0.0002635726238458156
0.000241615324138388
0.00025624186665242603
0.00023780228387298546
0.0002485296654072723
0.00022803192218833818
0.00023482747260525095
0.0002180147584142131
0.0002314427912764769
0.00021713279500758167
0.000231047788850096
0.00022364336904301093
0.00022548609952681526
0.00021099512526442525
0.00021637134851535149
0.00019744852305329628
0.00020522024468833322
0.00018700565814012575
0.00019226655785126151
0.00017884982035517428
0.0001771138409758355
0.00017522527578064855
0.00014818642136137067
0.0001461631638265495
0.00012610716776955745
0.00012051569099091278
0.0001075952981134811
0.00011670825290919292
0.00010116137038007404
0.00010586737019137578
9.921402277168732e-05
9.400064203434368e-05
8.236686053970916e-05
8.105479434292903e-05
6.763754870495754e-05
6.322778202109901e-05
4.435884709182656e-05
1.5566060339863538e-05
1.0930859364400095e-05
-5.018998885950596e-06
-8.591400314233869e-06
-1.1281439110096648e-05
-1.0219946792787893e-05
-2.5040299777610766e-05
-2.122244775453944e-05
-3.8158965315716084e-05
-3.143508335958395e-05
-5.647371292115497e-05
-4.46754805309541e-05
-6.380759676443098e-05
-5.4663797643293146e-05
-6.304932882601104e-05
-5.5328119830825055e-05
-6.62510915952662e-05
-6.227774151328904e-05
-6.691231407249883e-05
-6.716160795384248e-05
-6.465865034345421e-05
-5.735860302081826e-05
-5.7925778646337306e-05
-3.661991497569644e-05
-4.610801464028291e-05
-4.375261260957308e-05
-3.609003400765673e-05
-4.893208981587549e-05
-4.479102012508733e-05
-5.084692858294427e-05
-5.4420471462078915e-05
-5.182483380804844e-05
-6.47749790909783e-05
-6.268136883217821e-05
-7.428873538963205e-05
-8.047649426540888e-05
-7.56124180222857e-05
-0.00010068535953101877
-9.2272074020031e-05
-0.00011332846687819697
-0.00010988618505872404
-0.00012098586191263197
-0.00013196880934164025
-0.0001330987249432195
-0.00014240222307778045
-0.00013917191008383967
-0.00015077855624262668
-0.00013716471085946152
-0.00015413781909618708
-0.0001459066976070989
-0.000141067420081353
-0.0001368664965062284
-0.00013010281464642215
-0.0001255763068828406
-0.00012245316250037623
-0.00011536458463405966
-0.00011822503424037682
-0.00012019037983453546
-0.00012188809124661206
-0.0001336721759308538
-0.00013934980134071678
-0.00014248778007966997
-0.00015947872705146955
-0.0001586915332442711
-0.00017582616184940456
-0.00018399676192796274
-0.00019832022431971567
-0.00021085052150479795
-0.0002234647834062787
-0.00023167619990281923
-0.00022605182797282367
-0.0002242403061454186
-0.00021539418275357686
-0.00019812417492925602
-0.00017813505167755877
-0.00017554299908273223
-0.0001531938511985173
-0.00016194747118686292
-0.00016629393938908093
-0.00016843976360926983
-0.0001881944378018083
-0.00019014670212490897
-0.00022148024535836343
-0.00021672359820074961
-0.00024658266134584004
-0.0002566728642676039
-0.00028175901350765845
-0.0002929770847191846
-0.0003130010035229296
-0.00031354021786974976
-0.0003455611324591841
-0.0003306225930456209
-0.0003728289506127595
-0.0003518812318284361
-0.00038722215231382887
-0.0003612478560235518
-0.00038423210044997015
-0.00036602107582922095
-0.0004004507290476923
-0.0003772300578804384
-0.00044599946040165634
-0.0004255616664651786
-0.000517702233497551
-0.0004734532816542237
-0.0005395665514162163
-0.0004182135371342827
-0.0004320514317702332
-0.00021955769972354202
-0.00017675626623753053
8.56228722609818e-05
2.3085569471500527e-05
0.00012185877639851598
-0.00016048247155809754
-0.00011970053694275513
-0.00046910450833088013
-0.00030751396760779536
-0.0007187430815390642
-0.0004420247228643048
-0.000969397614721683
-0.0005788523074112638
-0.001200009012664157
-0.0006193462134871605
-0.0013559268312714405
-0.0005314351973970328
-0.0014609229615392544
-0.000316808003911873
-0.0015749042492185547
8.155364931267177e-06
-0.00183421130561976
0.0006120927601001159
-0.0029739748521884287
0.008670980142170867
0.018929824354701797
0.027693280784679274
0.03730634397811382
0.05731176802704058
0.06068090511921082
0.0540706928482827
0.010397556801653988
-0.03890691544980299
-0.05324411629277775
-0.049068463880336324
-0.02530161485626268
-0.015951217577757797
-0.013581279815508586
-0.023000330011466594
-0.02575322186837544
-0.023061560485150016
-0.010091754599092565
0.0026834897193297154
0.015470431383204546
0.017595798742847453
0.01935915456539834
0.013081950724065539
0.01149225144017801
0.012142002351920476
0.01140628535169393
0.00691357251510775
0.00683633476441518
0.008988447474634467
0.008053487057545093
-0.0026980645466016468
-0.010437925117028506
-0.010209387581007572
-0.007231068351503502
-0.004745697650820267
-0.004034452658657891
-0.0004727953912064081
-0.0004967215598788933
-0.0020651746970409696
-0.007181177412206478
-0.0068716972936465216
-0.005241518083540279
-0.0010114173398082134
0.003988565951789973
0.007808865820243972
0.006994287061177782
0.0012359316804074572
-0.002559754932149621
-0.0021880010432942
0.002278125897206022
0.007047061618515767
0.009354507012485032
0.007954808813710423
0.0035213895320907298
-0.0015644771505895754
-0.003392311742942965
-0.0017038877245194265
0.0006098110686065515
0.001237926051811473
0.00044264184830924443
-0.0012030165507566687
-0.0030154621109791868
-0.005296056343535117
-0.005054942542361695
-0.003034061295139702
-0.0005633845682055715
0.0005665223727939618
0.0012781589627985125
0.001643329690049317
0.0011779102588147677
0.0011218248561977188
0.002356695700990773
0.004798836367174953
0.006910014603135943
0.007027059240121111
0.004671890379909763
0.0021468513644224488
-0.0006096844465463748
-0.002818224957428297
-0.004219488130395758
-0.004435612139247301
-0.0036502102721237837
-0.003028023604856948
-0.0031815751782370647
-0.00419298112666963
-0.004727426038820934
-0.004059886898579052
-0.002581194619543512
-0.00023132294953985815
0.0018639451223299898
0.0038461826416907284
0.006115180823939548
0.0055723069408738675
0.0020402605615671707
0.0002211551382792657
0.0001086062358590505
9.014090616460993e-05
0.0021456607351369884
0.002929964236393374
0.001380424145083802
-1.916053838782625e-05
-0.0013043720828710944
-0.0019006186342686796
-0.0015309576420322716
-0.00015540596796962292
0.0009086063551371221
0.0005097272801854698
-0.0006411734833256571
-0.000997715406013484
-0.0010273016584695397
-0.0005923665036649359
-0.00012820474785076204
0.0006452274947103701
0.0013319981901965064
0.0016369933629460562
0.001205223437117551
0.0005663861847861914
-0.00013893261542959789
8.906485896223356e-05
-0.00022261190627991515
-4.298474918065353e-05
-9.625950655515461e-05
-1.5044579679837745e-05
3.272947208178041e-06
-3.200686109005193e-05
-8.703311623729386e-05
-0.00010142447369948347
-9.627559426388013e-05
-8.09963865304637e-05
-5.739170694079204e-05
-4.359577311774722e-05
-1.943385519102111e-05
-8.716516223989082e-06
-9.777841921563212e-06
-1.2131612944927036e-05
-9.502103753078643e-06
1.2791095960152862e-07
6.740054457530207e-06
1.0919551904166704e-05
1.38833324658171e-05
1.4074326299488176e-05
1.2619199549052598e-05
1.0322836652004893e-05
6.3805322837048005e-06
5.25621170721749e-06
3.5531745728088976e-06
2.916180461388397e-06
1.8911512178057868e-06
1.049261909568858e-06
3.214739669619906e-07
-3.2180556543153936e-07
-1.0693036722129719e-06
-1.4950959529364517e-06
-1.5951680018907202e-06
-1.5065428733891412e-06
-1.2956307210958552e-06
-1.1388471740835177e-06
-9.391122724333197e-07
-7.564588239217181e-07
-5.947220632449989e-07
-4.4347873995786904e-07
-3.0790359087080974e-07
-1.593691751410422e-07
-2.4880236090395625e-08
7.188036760836928e-08
1.3785671508414403e-07
1.73363525160603e-07
1.863501005871398e-07
1.857571904392949e-07
1.6706485196350774e-07
1.483860021756026e-07
1.2727161236819715e-07
1.06136820412139e-07
8.342501923964355e-08
6.030589247648554e-08
3.835910660786898e-08
1.995482685886944e-08
4.297785825236266e-09
-7.606016174364644e-09
-1.562023943101499e-08
-2.0346666788093135e-08
-2.2202460035994245e-08
-2.2561925714246404e-08
-2.160236010480764e-08
-1.965417838602977e-08
-1.7060593111111984e-08
-1.406029769135663e-08
-1.0980010583462227e-08
-7.940118775221926e-09
-5.081645300191416e-09
-2.6314989039547248e-09
-6.557826647639038e-10
8.362801109701619e-10
1.8797772391942157e-09
2.570953830686659e-09
2.9300942089305337e-09
3.038373417012935e-09
2.9562331805600695e-09
2.7346298103574085e-09
2.4152140963996493e-09
2.0363912613466373e-09
1.633078921441447e-09
1.2453476650516743e-09
8.919937942572162e-10
5.871065179158252e-10
3.385441682849863e-10
1.4651794708053778e-10
1.011660818051735e-11
-7.846954986831522e-11
-1.2613837237088546e-10
-1.393582796428987e-10
-1.2517581513427772e-10
-9.022968543116391e-11
-4.142533652261651e-11
1.516543330802242e-11
7.49757989525722e-11
1.3391493708207747e-10
1.8904011448122975e-10
2.3857705184527917e-10
2.815320811493018e-10
3.1786056073476385e-10
3.477294244376688e-10
3.716617073237956e-10
3.9045928933146255e-10
4.0502721819881196e-10
4.1631964049120354e-10
4.2528048641824086e-10
4.327634094180091e-10
4.3958667126286696e-10
4.4641308005874056e-10
4.5375613482541086e-10
4.619986120556717e-10
4.713896500788475e-10
4.820907259549603e-10
4.941694625932355e-10
5.076254868112851e-10
5.224167835523111e-10
5.38468184618909e-10
5.556860235898884e-10
5.739670183905164e-10
5.932063739148234e-10
6.133110289161664e-10
6.342015484956743e-10
6.558147753695821e-10
6.781062114819339e-10
7.010482848260943e-10
7.246306875531962e-10
7.488570817864703e-10
7.737425103160637e-10
7.993119457332457e-10
8.255978842876309e-10
8.526385294826229e-10
8.804757653898447e-10
9.09153503322142e-10
9.387166956568386e-10
9.692103586104376e-10
1.0006787754652212e-09
1.0331653146401255e-09
1.0667121409270452e-09
1.1013604622484713e-09
1.1371506240982765e-09
1.1741223748459872e-09
1.2123152577300789e-09
1.2517687548671292e-09
1.292522746601174e-09
1.3346177620086191e-09
1.3780952956479048e-09
1.4229980398227163e-09
1.469370275843443e-09
1.5172577340566776e-09
1.5667081419094148e-09
1.6177707226139662e-09
1.6704968042527413e-09
1.7249396956913084e-09
1.7811546744421068e-09
1.8391991371720373e-09
1.899132555155305e-09
1.961016291571801e-09
2.02491427363791e-09
2.0908922269903714e-09
2.1590178901414667e-09
2.22936170010137e-09
2.3019962374699237e-09
2.3769962514410495e-09
2.4544389942791206e-09
2.5344045527866694e-09
2.6169754741191134e-09
2.7022369586643218e-09
2.7902762012813748e-09
2.881182960506705e-09
2.9750507026990967e-09
3.0719763105383803e-09
3.1720596067760743e-09
3.275403517502681e-09
3.382114071077036e-09
3.4923005762742786e-09
3.6060762103706616e-09
3.7235579005995972e-09
3.844866365649495e-09
3.970126341475968e-09
4.099466407070547e-09
4.2330194467915874e-09
4.3709226387836386e-09
4.513317479622712e-09
4.660350191190254e-09
4.81217188009152e-09
4.968938506803248e-09
5.130810965762317e-09
5.297955427499296e-09
5.470543808491009e-09
5.648753385116795e-09
5.832766977281701e-09
6.022773412543106e-09
6.218967926425263e-09
6.421552091593794e-09
6.630733859211229e-09
6.846727965797419e-09
7.069756304846613e-09
7.300047907149183e-09
7.537839155700825e-09
7.783374070556353e-09
8.03690469854617e-09
8.298691414542164e-09
8.569002928030694e-09
8.848116776790488e-09
9.136319498365998e-09
9.43390690218859e-09
9.741184257624634e-09
1.0058466930347974e-08
1.038608060042719e-08
1.0724361578634805e-08
1.1073657034475336e-08
1.1434325438580435e-08
1.1806736933384055e-08
1.2191273608902833e-08
1.2588329952002361e-08
1.2998313291543492e-08
1.3421644358901311e-08
1.3858757492242382e-08
1.4310101149813152e-08
1.4776138291037024e-08
1.525734698738096e-08
1.5754220798953108e-08
1.626726932245858e-08
1.6797018710810118e-08
1.7344012386485692e-08
1.7908811323095802e-08
1.8491994734570142e-08
1.9094160564627448e-08
1.9715926318595732e-08
2.0357929444211192e-08
2.102082817697742e-08
2.1705302099363005e-08
2.241205291231979e-08
2.3141805111960567e-08
2.389530670522059e-08
2.4673329994393044e-08
2.5476672310957744e-08
2.6306157002503258e-08
2.7162634038931446e-08
2.8046981045959634e-08
2.896010408201923e-08
2.990293870782116e-08
3.087645077120985e-08
3.1881637673402893e-08
3.2919528870976704e-08
3.3991187564511374e-08
3.509771114057925e-08
3.624023286693569e-08
3.741992272532184e-08
3.863798869090454e-08
3.9895677788519615e-08
4.1194277720099995e-08
4.253511770486464e-08
4.391957029057313e-08
4.5349052374505316e-08
4.682502683741834e-08
4.8349003956136736e-08
4.99225430550532e-08
5.154725427540085e-08
5.322479956818254e-08
5.495689511082698e-08
5.67453124801498e-08
5.859188072785196e-08
6.04984880512617e-08
6.246708383954259e-08
6.449968076061323e-08
6.659835684080968e-08
6.87652572721421e-08
7.100259672777106e-08
7.331266159535561e-08
7.569781220189038e-08
7.816048545579782e-08
8.070319727293898e-08
8.332854483858454e-08
8.603920947447899e-08
8.883795912968673e-08
9.172765148623497e-08
9.471123667932277e-08
9.77917602460257e-08
1.0097236621863306e-07
1.042563003473846e-07
1.0764691338403104e-07
1.1114766438561491e-07
1.1476212422338247e-07
1.1849397924717023e-07
1.223470349133622e-07
1.2632521959824589e-07
1.3043258866381093e-07
1.3467332847950236e-07
1.390517606835416e-07
1.435723464070053e-07
1.48239690836785e-07
1.5305854790125147e-07
1.5803382491020625e-07
1.6317058755283692e-07
1.6847406491670575e-07
1.739496548447926e-07
1.7960292926933602e-07
1.8543963978528283e-07
1.9146572348744295e-07
1.9768730878417119e-07
2.041107216488227e-07
2.1074249182718996e-07
2.175893594742566e-07
2.24658281867008e-07
2.3195644030917298e-07
2.3949124724727613e-07
2.472703537260458e-07
2.553016569487726e-07
2.635933083131991e-07
2.7215372131730517e-07
2.809915800835224e-07
2.901158478894536e-07
2.99535776046838e-07
3.092609131534821e-07
3.1930111452690285e-07
3.2966655197168813e-07
3.4036772392340067e-07
3.514154657672554e-07
3.6282096062820787e-07
3.745957503525129e-07
3.867517469082187e-07
3.9930124418069033e-07
4.1225693001196995e-07
4.2563189882154073e-07
4.394396643522618e-07
4.5369417316218005e-07
4.6840981813775495e-07
4.836014528379617e-07
4.992844058332446e-07
5.154744957928947e-07
5.321880470025853e-07
5.494419052509691e-07
5.672534545315966e-07
5.856406338567224e-07
6.046219547771459e-07
6.242165192307803e-07
6.444440384736905e-07
6.653248518662808e-07
6.868799471634879e-07
7.091309801076154e-07
7.321002964445766e-07
7.558109523155693e-07
7.802867378302325e-07
8.055521991184519e-07
8.31632662586998e-07
8.585542587060541e-07
8.863439478774132e-07
9.150295454916912e-07
9.44639750030847e-07
9.752041687906624e-07
1.006753347359765e-06
1.0393187983024146e-06
1.0729330314255235e-06
1.1076295856047615e-06
1.1434430589500957e-06
1.1804091433632175e-06
1.2185646569464858e-06
1.2579475796363438e-06
1.298597088861725e-06
1.340553596517217e-06
1.3838587872161282e-06
1.4285556574844755e-06
1.4746885557545206e-06
1.5223032242981586e-06
1.5714468419608554e-06
1.6221680681486781e-06
1.6745170886282206e-06
1.7285456620326966e-06
1.7843071679517816e-06
1.8418566565908364e-06
1.9012508993129437e-06
1.9625484420306876e-06
2.0258096578408622e-06
2.091096803547482e-06
2.1584740758297423e-06
2.2280076704227344e-06
2.2997658426435197e-06
2.3738189673992802e-06
2.450239606606561e-06
2.529102568660192e-06
2.6104849839693293e-06
2.6944663626820046e-06
2.78112867926005e-06
2.8705564296891946e-06
2.9628367236727595e-06
3.058059343449002e-06
3.1563168412923875e-06
3.2577046034089297e-06
3.362320949558921e-06
3.4702672051082923e-06
3.5816478010045755e-06
3.6965703558086704e-06
3.815145775698699e-06
3.937488345286816e-06
4.063715830660702e-06
4.193949575737044e-06
4.328314614197165e-06
4.466939765860028e-06
4.609957765194447e-06
4.7575053518274235e-06
4.909723418759782e-06
5.066757093903813e-06
5.228755906027359e-06
5.39587386142815e-06
5.568269620294039e-06
5.746106578474394e-06
5.9295530435553995e-06
6.118782330144946e-06
6.313972931702087e-06
6.515308625913794e-06
6.7229786569391464e-06
6.937177827345993e-06
7.158106725197854e-06
7.385971765238534e-06
7.620985500592006e-06
7.863366576949232e-06
8.11334016071071e-06
8.37113778583338e-06
8.63699790974292e-06
8.911165666987625e-06
9.19389353591551e-06
9.48544098432506e-06
9.786075359079997e-06
1.0096071197117449e-05
1.0415711829067642e-05
1.0745287726764228e-05
1.1085099506102217e-05
1.1435454536904454e-05
1.179667157624536e-05
1.216907580481449e-05
1.2553004306012795e-05
1.2948801291716178e-05
1.3356822113839745e-05
1.3777431587121266e-05
1.4211003036220232e-05
1.4657923131759353e-05
1.5118583232823582e-05
1.5593392349205044e-05
1.608276115145919e-05
1.65871202400668e-05
1.710690233437391e-05
1.764255827039216e-05
1.819454603184216e-05
1.8763335031908883e-05
1.9349411775934362e-05
1.9953263318511056e-05
2.0575407770519823e-05
2.1216351950174064e-05
2.187664638403353e-05
2.2556821097572454e-05
2.325745890496985e-05
2.3979116568498054e-05
2.4722408790600787e-05
2.5487921843750675e-05
2.627630253229543e-05
2.708816824115577e-05
2.7924198252201303e-05
2.8785041939393937e-05
2.9671415255496812e-05
3.058399913257674e-05
3.15235592548765e-05
3.2490807090083495e-05
3.348656733852132e-05
3.4511571931665095e-05
3.556670049505704e-05
3.665269304660044e-05
3.7770475368427035e-05
3.892080240782008e-05
4.010462959678227e-05
4.1322737517610455e-05
4.25760896185822e-05
4.3865506561584265e-05
4.519195303030949e-05
4.655628529418021e-05
4.795949903976522e-05
4.940247111601863e-05
5.088625904702297e-05
5.241175139427984e-05
5.398008615658678e-05
5.5592156153934976e-05
5.724918331794686e-05
5.895214134302423e-05
6.070222741763392e-05
6.250070325706744e-05
6.434847585212635e-05
6.624733759309175e-05
6.81983572491058e-05
7.020361215242415e-05
7.226612234928226e-05
7.438569722312206e-05
7.656861649901826e-05
7.880891487651833e-05
8.111686380453701e-05
8.348082802901263e-05
8.591503568686036e-05
8.840600118630444e-05
9.096619774186736e-05
9.358562957823084e-05
9.626858266109154e-05
9.901675804286755e-05
0.00010181959945364987
0.00010469424824014804
0.0001076187718388973
0.00011062070243578637
0.0001136706945509432
0.00011680207040302168
0.00011998295186586176
0.0001232439989302923
0.00012656450764577396
0.00012996554444701802
0.00013343750838562543
0.00013699159906688642
0.00014062751989708517
0.00014434930274144007
0.00014815893580595862
0.00015205757743200736
0.0001560503348444513
0.00016013147501924615
0.0001643075881328444
0.00016857185105616294
0.00017293056848679633
0.00017737901906312258
0.00018193852087478252
0.00018659589901051313
0.0001913914402002722
0.0001962737538726632
0.00020131030982018612
0.00020635744484400327
0.00021158238637038635
0.0002167522344471505
0.00022213084138530807
0.00022738003178116983
0.00023284736620087372
0.00023817707768780173
0.0002436772591454226
0.00024905373470865476
0.0002546215673647211
0.00026007236550941513
0.00026578834842448554
0.0002713589516485206
0.00027728470515626236
0.00028302179452109274
0.00028920080670468307
0.0002952056060492047
0.0003015853854213888
0.0003081349082933867
0.00031435864647136205
0.0003223074050703692
0.00032650543707429634
0.0003407005582307208
0.00034981212018481784
0.0003715846014284652
0.00038668575660844945
0.00040296736531485194
0.0004171150917319518
0.0004051200602749297
0.00042252267408891396
0.00039755069023815606
0.0004176216368896763
0.00036944880862774303
0.0003866928479230794
0.0003424450563468259
0.000332040997067402
0.00029649195727080686
0.0002907283113877554
0.00027251297300488525
0.0002729929821200901
0.00025851385103834985
0.0002668990308973862
0.0002583607691425167
0.00027566989062124074
0.00027189424379986854
0.00030236777648880636
0.00031074078728741657
0.00033731209810144313
0.0003502525018245022
0.000374558446649038
0.00038332130005323145
0.00041678602600399566
0.0003975904230018784
0.0004013962163019173
0.00039899257010211534
0.0003686196615981082
0.000360971600280465
0.0003247324937000666
0.00030195676289069585
0.00027134273929152507
0.0002598435742461598
0.0002443635895791143
0.00023836173761036244
0.00023155979946937622
0.00024108265866594025
0.00023820612791120737
0.00024929263589603247
0.00025681202431408236
0.00026478789297759155
0.0002800452315349219
0.0002804637077568208
0.00029129258172291275
0.0002856489328322402
0.0003038941837406254
0.0002869159329907967
0.0002726300488773258
0.0002640122892908321
0.0002512568615396403
0.00025821528907631807
0.00023904698008609597
0.0002534078942234184
0.00024399540974553855
0.00025021069115824517
0.00024922957496719555
0.00024176293632573417
0.00019871479909256776
0.00021376579448112117
0.00017470277690962105
0.0001418973204022774
0.00013132099753189355
0.00011049139411178021
0.00011264305218727268
9.878484483271456e-05
0.0001056324057344151
0.00010337330250081197
0.00010189214686413264
0.00010324262040820308
0.00010617618472025635
0.00010334035808093675
0.00010706328716309174
0.00011320567825372286
0.0001097896982043127
0.00012889257930126058
0.00010411731004141448
0.00011670869108715761
0.00011040438520068848
0.00011011249852657442
0.00010632289902178996
0.00010765215618252765
0.00010602278582590686
9.933693079975983e-05
0.00010519312664395638
9.899844206326408e-05
0.00010931269846903704
0.00010262819843641401
0.00011756102544382651
0.00010201919121277978
0.00011945933962787982
0.00010075160794601993
0.00011693949683647347
0.00010161231875459743
0.00010797454441673917
9.685773483861736e-05
0.00011323059962728313
8.949386039917265e-05
0.00012004109508748643
7.165411333745605e-05
9.619377718391624e-05
6.801754165472343e-05
8.028405414465341e-05
7.177578733633068e-05
8.171007398369008e-05
7.036087397653746e-05
8.448491544645693e-05
8.257807402643779e-05
8.550145769218592e-05
9.316734187006173e-05
8.574990131587755e-05
0.00010620370027250537
9.261365912623364e-05
0.00010535559029238624
9.871060779786175e-05
0.00010833164557084174
9.884317576688302e-05
0.00010444403420144043
8.178353627828454e-05
7.742829067665971e-05
7.310505864212421e-05
4.923997608991921e-05
4.69225035138547e-05
3.7752274698233534e-05
1.890341068224855e-05
-4.757582859975042e-06
-5.637057196300146e-06
-1.8485491540127716e-05
-9.059816112427484e-06
-3.7233607609967075e-05
-2.8137642348025646e-05
-3.711902958079221e-05
-3.316542057337342e-05
-2.8959036193504687e-05
-1.877119901033313e-05
-1.69565964669606e-05
-9.309521233391506e-06
-9.60804873415665e-06
-5.450922652888604e-06
-6.603780909359032e-06
-2.9197800911977376e-06
-5.449357917822829e-06
-9.365300906087837e-07
-2.536782630113765e-05
-2.5532664006489833e-05
-4.151452683663666e-05
-4.7717353520072934e-05
-5.4284296512543154e-05
-5.175074469230992e-05
-6.45838633544548e-05
-5.560799449754467e-05
-7.303818695516062e-05
-5.919734708885243e-05
-5.239323785891499e-05
-5.853555397904716e-05
-3.5464280817179214e-05
-5.671619068596512e-05
-3.3237445573231395e-05
-5.001685423843829e-05
-4.495007754754584e-05
-4.2233091867988016e-05
-4.279835269395768e-05
-4.097008146832813e-05
-4.11780934945256e-05
-4.027069836510074e-05
-2.8344506640360414e-05
-3.698681644601558e-05
-1.7416928286272873e-05
-1.8422890116309498e-05
-6.3304347905540804e-06
-1.139280044961115e-06
6.378481486280451e-06
1.2956120657254102e-05
1.995484636500822e-05
2.6688185304879703e-05
3.2716011158456256e-05
4.160216854552797e-05
4.2694970471369046e-05
4.45748083871544e-05
4.530487917935081e-05
4.2871975494146225e-05
4.4959264077621764e-05
4.107951180140417e-05
4.431307531231355e-05
3.9706369674567165e-05
4.4636491680475086e-05
3.927614338099022e-05
6.359344216563725e-05
5.004936066992961e-05
7.923550747296869e-05
7.139711307045543e-05
8.127010336224881e-05
8.336504319449872e-05
9.454931784302564e-05
9.141548354630985e-05
0.0001053548488662536
0.00010186776494734836
0.00011031628113828529
0.00012039797727622658
0.00011756897487085499
0.00012878667941662082
0.0001166029548616316
0.0001238898552390203
0.00011693495561897476
0.0001241150191462286
0.00011372889984725086
0.00011871223895003542
0.00011522123703253103
0.00011829078433430725
0.0001179789502909631
0.00012139233007811598
0.00011787301289403485
0.00011388358661722327
0.000111063374932853
0.0001010862296248846
0.00010395863991131301
8.077634867433366e-05
7.740984201971263e-05
7.173580204168563e-05
5.058090458001749e-05
4.599492550181163e-05
4.0178546542063215e-05
1.8685965686535513e-05
1.574148186600223e-05
6.145519106248048e-06
-4.974286268731305e-06
2.4089115728098253e-06
-1.2601110111940287e-05
-2.60149946079008e-06
-1.3809217890210475e-05
-1.088198769838187e-05
-9.114975924348937e-06
-1.6527077836804604e-05
-1.3976892317335327e-05
-1.4734564329524922e-05
-1.909921392480394e-05
-2.398521306484335e-05
-3.036310992615438e-05
-3.94360822309973e-05
-4.473723831923291e-05
-5.6445039345020046e-05
-6.053693377317996e-05
-7.579055821477004e-05
-7.205385921030538e-05
-8.815169073853242e-05
-8.427730773339498e-05
-9.523277690691098e-05
-0.0001035870658920592
-0.0001054658961472351
-0.00011256104479084807
-0.00011097727312447028
-0.00011999648095245281
-0.0001271159847360886
-0.00013278955312707877
-0.00013450352360070447
-0.00014371676518174393
-0.00013403764585809708
-0.0001476993450200319
-0.0001475198774577225
-0.00014880352581448958
-0.00016413841047958693
-0.00016019561829849543
-0.00017793982667440537
-0.0001792879982715714
-0.00018432587887621111
-0.00019600773470169054
-0.0001997707523700219
-0.00020515708058688143
-0.00021310544201655086
-0.00021161069750347017
-0.00022832951062138116
-0.00022811799557059722
-0.00023956022296685287
-0.0002404409129841507
-0.00025232842813235445
-0.00024591483489866037
-0.00025994759026421577
-0.00026816488349072783
-0.0002768661903424082
-0.00028438812228846505
-0.00029645541781393335
-0.000306931478935468
-0.0003093656347134344
-0.0003310395265040031
-0.0003265431132723209
-0.00033586840592788377
-0.0003323348838307084
-0.00034247378742731024
-0.00032202342874438836
-0.0003321278483033249
-0.0003048715279298686
-0.0002976516750768654
-0.0002976527771139676
-0.00029477177006002366
-0.00028795075343916385
-0.0003024607165400652
-0.00029177907299962353
-0.0002976016658153115
-0.0003051417700360489
-0.0003151677980105447
-0.00032598882235372
-0.0003330052233647615
-0.0003585516176575782
-0.00035433879834452986
-0.0003935651313242768
-0.0003918278753650981
-0.0004298525248213451
-0.0004319230951132871
-0.0004596710366941083
-0.00045684378509083714
-0.0004694435690788773
-0.0004585880802379858
-0.00046168218170133306
-0.00046159507828048103
-0.0004740533151988981
-0.0005061065608526647
-0.0005094672620575674
-0.0005414475327687593
-0.0005392277744500677
-0.0005770795728132229
-0.0005851141565521444
-0.0005738689933139749
-0.0005031387722513835
-0.0004339723315536243
-0.0002323225855975915
-6.930957527614284e-05
3.548417402373104e-05
-1.9270802600635363e-05
-7.462876184270104e-05
-0.00025540057077552464
-0.0003072758867030814
-0.0004815363562185258
-0.0004985768362790605
-0.0006407950206878685
-0.0006578813342826735
-0.0008152316738142267
-0.0007899925836567763
-0.000921095910483783
-0.0007829663101991827
-0.0009185372029193704
-0.0007516383802337837
-0.0008989537553198816
-0.0006657974230176445
-0.0009143885078980369
-0.0005206609120310145
-0.0009358488204989914
-0.00023700843293166437
-0.0013775465417270587
0.0020844353695377094
0.021365925603135744
0.031962038843662055
0.04218115710664458
0.08121203840249006
0.07074012144184622
0.0073285235569812476
-0.03474852893885015
-0.04326533718996209
-0.03258094122812924
-0.026290930265549052
-0.019951420829858624
-0.012252876717224255
-0.015353539335044401
-0.024437740764978354
-0.026807090158672456
-0.008809411716940958
0.0126815459960151
0.019809417070878847
0.01272914015232083
0.00857087772257892
0.006686125383652389
0.0034416512497976773
0.004914617324707363
0.009791193321292996
0.013008783077549272
0.010355624818294938
0.0004200465388481735
-0.0034164021474074294
-0.002287747617198688
-0.0007890163411521003
-0.004235297580332366
-0.0019538841780108755
0.00293414390651334
0.0041607947826583416
-0.0038850673582835676
-0.011678078329692136
-0.008748828361251074
-0.0028141837599801856
0.002184107106500411
0.0030305354310917014
0.004767591259161763
0.002590428777082602
-0.002704894032916922
-0.005776920482872747
-0.0015445052216275623
0.00576316391578364
0.008122449876141498
0.00518734772972022
0.00037176630120521403
-0.0005523004462667303
-0.0006649676824955147
0.0015867636803907883
0.005003044190203434
0.00688850442147586
0.004020676598878451
-0.0010980685500657996
-0.0031265596612758224
-0.0018025944108338277
0.0010398401680607858
0.0005911192493562833
-0.0009193541398418554
-0.001597307044517385
-0.0017674887062331542
-0.002781416210483646
-0.003272973549366358
-0.001189458265490933
0.0016409543730113232
0.0027027050929243433
0.0023104514540373063
0.0037469715933597446
0.0056614920393582915
0.005272705823386682
0.0027724618303321047
0.0010018008745504973
0.0007498908437786249
5.913296488459895e-05
-0.0019974704171099368
-0.004506180351374931
-0.005981018418042919
-0.006290200810563309
-0.00551325656881254
-0.003574367354115357
-0.0006166333731690904
0.0018899388080185452
0.0018280581704023294
-0.0005707409203214348
-0.0003444019855573868
0.004607008498678622
0.00838437136351037
0.00764809050375922
0.004545092509885185
0.0005059149256362117
-0.0023497776573144086
-0.0032291903601380976
-0.0003783212498702725
0.0023268966896141186
0.0024522814791895237
0.0006053901595120593
-0.0020653043504803917
-0.0023801621105496535
-0.001055393590325606
0.00040930420219083486
0.0012846377034961228
0.001583497661733311
0.0009182609296098864
-0.0007421057230379907
-0.0009110256937135252
0.00036845755545875645
0.0013297973298703443
0.0013607532011398657
0.001500061894752084
0.0018234771726705677
0.0019588513830552327
0.0010792128916929204
0.00042630488716360036
3.9696705857088295e-05
-0.00019258673374220584
-0.0001920449582710885
-0.0002385050564380559
-0.00022286345518943184
-0.00018022566678712698
-0.00016276935213990816
-0.00018884382499157723
-0.0002125426096338278
-0.00019966775001746212
-0.0001454659612591084
-0.00010456311007608939
-8.064129192785245e-05
-5.08378017861586e-05
-2.256658355425816e-05
-3.9832308384307735e-06
1.5275327511886784e-06
5.895849631034971e-06
1.4501501365613321e-05
2.2720204302289007e-05
2.8336149194364824e-05
2.9968937194003808e-05
2.7779624107808605e-05
2.5575835812789698e-05
2.0919193131594556e-05
1.524149849328235e-05
1.0293517869968674e-05
6.580554998893476e-06
4.212941474387457e-06
1.989520525118218e-06
-6.513343534734605e-08
-1.5088346328179095e-06
-2.4726905704863193e-06
-3.2120184397227397e-06
-3.639327659349526e-06
-3.7482661749538147e-06
-3.4631924969116845e-06
-2.9684510896968485e-06
-2.4521264873749457e-06
-1.9481796820193065e-06
-1.4783858496554442e-06
-1.028048136010983e-06
-6.413776201371957e-07
-3.321697877801315e-07
-6.522075597749702e-08
1.5832909682827404e-07
3.2338819958338994e-07
4.2386974030271963e-07
4.61664805864433e-07
4.6297590214789417e-07
4.3545764825779617e-07
3.855379031964082e-07
3.2478873945813785e-07
2.6083145006393707e-07
2.0029052914001652e-07
1.44423219653039e-07
9.249617434221175e-08
4.690491819446752e-08
9.910727792042037e-09
-1.8440004722231496e-08
-3.845446511679994e-08
-5.130210832367867e-08
-5.7431004567725416e-08
-5.80274185469845e-08
-5.495816369626306e-08
-4.950911892007636e-08
-4.265335930725986e-08
-3.496937503512398e-08
-2.7047409460023003e-08
-1.9512086774136012e-08
-1.2679395262974727e-08
-6.739937915707628e-09
-1.844848554066888e-09
1.9482586845824784e-09
4.619887685746609e-09
6.309636963207815e-09
7.198384262402098e-09
7.434185228137255e-09
7.169131515218433e-09
6.54514910780786e-09
5.6952318540446495e-09
4.730947449115355e-09
3.728452567031745e-09
2.753231433528895e-09
1.8620196573851389e-09
1.0904516119280075e-09
4.5819072288458967e-10
-3.3080818303849596e-11
-3.892429736819178e-10
-6.213004346568816e-10
-7.471691530454641e-10
-7.866952202520427e-10
-7.597033040358022e-10
-6.839610463822525e-10
-5.750523356649363e-10
-4.4761363734470427e-10
-3.1389963057234377e-10
-1.8318466863298695e-10
-6.232263457476434e-11
4.425371683415124e-11
1.338891317151196e-10
2.0575134711221452e-10
2.6055510892841575e-10
2.9981767215398955e-10
3.2556860132077967e-10
3.401138312636833e-10
3.458605956155065e-10
3.452093324060211e-10
3.403258860704486e-10
3.330843279143736e-10
3.250802791017471e-10
3.1757758976822675e-10
3.1151789871633473e-10
3.075180782219876e-10
3.059228027965568e-10
3.0687388448500524e-10
3.103432538080833e-10
3.161782917188334e-10
3.241439581211456e-10
3.3395985093000527e-10
3.453331867155334e-10
3.5797448206110853e-10
3.716131684327901e-10
3.86013160617784e-10
4.009792055413141e-10
4.163606733963588e-10
4.320489100626034e-10
4.47973778379537e-10
4.6410059264612516e-10
4.804237815404268e-10
4.969604253124166e-10
5.137443619661081e-10
5.308212094840914e-10
5.482442904606449e-10
5.660703394065212e-10
5.843563919425213e-10
6.031575934981547e-10
6.225255920090243e-10
6.425078456334101e-10
6.631469751955811e-10
6.844807633150452e-10
7.065428042976607e-10
7.293630371971865e-10
7.529683753674382e-10
7.773835787334288e-10
8.026319216463546e-10
8.287359768159759e-10
8.557181583332754e-10
8.836012334138832e-10
9.124089742204231e-10
9.421662951767176e-10
9.728995383298002e-10
1.0046368092899577e-09
1.0374076651431356e-09
1.0712435778931564e-09
1.1061779025319657e-09
1.142245332038305e-09
1.1794825215800074e-09
1.217927645725831e-09
1.2576201690282784e-09
1.2986015054624635e-09
1.340914314724691e-09
1.3846026145286974e-09
1.4297121032506637e-09
1.4762893561152783e-09
1.524382629511118e-09
1.574042275887715e-09
1.6253194035325928e-09
1.6782667476870558e-09
1.732940213948638e-09
1.7893964273507776e-09
1.8476919179508024e-09
1.9078860436899095e-09
1.970041338218774e-09
2.0342219008166653e-09
2.100493455331389e-09
2.1689240657391667e-09
2.239583943807171e-09
2.312545648844224e-09
2.387883832303422e-09
2.465675568179195e-09
2.5460010710473026e-09
2.6289431980772203e-09
2.7145869976652253e-09
2.8030200637787703e-09
2.8943331857662793e-09
2.9886203419806842e-09
3.0859781667449786e-09
3.1865066187357523e-09
3.290309109135888e-09
3.3974923355415657e-09
3.508166325269361e-09
3.6224444824783843e-09
3.740444125412785e-09
3.862286633799037e-09
3.988097173004577e-09
4.118004702948592e-09
4.252142573186709e-09
4.390648705477089e-09
4.5336653978922e-09
4.681339248884008e-09
4.833821633377477e-09
4.9912692257151605e-09
5.153843746577309e-09
5.32171208196628e-09
5.495046492484668e-09
5.6740249310065325e-09
5.858831050734384e-09
6.049654366379383e-09
6.246690574258484e-09
6.450141946571326e-09
6.660217474860515e-09
6.877132739094207e-09
7.101110122311035e-09
7.332379305985306e-09
7.571177673323102e-09
7.817750230295094e-09
8.072349886204346e-09
8.33523786743142e-09
8.606683885438275e-09
8.886966275725716e-09
9.17637245074869e-09
9.475199163689121e-09
9.783752911535172e-09
1.010235023993179e-08
1.0431317799274617e-08
1.0770992765522737e-08
1.1121723396143664e-08
1.1483869398010247e-08
1.1857802012646065e-08
1.224390447091949e-08
1.2642572624584677e-08
1.3054215141227886e-08
1.3479253921488813e-08
1.3918124537864313e-08
1.4371276724239228e-08
1.4839174908168676e-08
1.5322298539547155e-08
1.582114255701877e-08
1.633621792679861e-08
1.6868052406899744e-08
1.741719094514385e-08
1.798419595270542e-08
1.8569648090158326e-08
1.917414692775496e-08
1.9798311508669245e-08
2.0442780935062133e-08
2.1108215090973395e-08
2.179529534485753e-08
2.25047250389113e-08
2.323723039291889e-08
2.3993561129782327e-08
2.477449114629028e-08
2.5580819883576703e-08
2.6413372623541702e-08
2.727300095709136e-08
2.816058435948688e-08
2.907703091239273e-08
3.0023278088357904e-08
3.100029346657233e-08
3.2009076078595516e-08
3.3050657688362284e-08
3.412610332291326e-08
3.5236512436326566e-08
3.638302002682554e-08
3.756679820885833e-08
3.878905699503804e-08
4.005104504913471e-08
4.135405163750369e-08
4.269940818393998e-08
4.40884891307787e-08
4.5522713195810666e-08
4.700354515156657e-08
4.853249697565551e-08
5.011112978606583e-08
5.174105520595884e-08
5.342393686984248e-08
5.516149241698541e-08
5.6955494967883546e-08
5.880777487031344e-08
6.072022162459414e-08
6.269478584853758e-08
6.473348139988955e-08
6.683838702512337e-08
6.901164871595672e-08
7.125548179623409e-08
7.357217318205468e-08
7.596408363002823e-08
7.843365003746411e-08
8.098338800217268e-08
8.361589439614438e-08
8.633385001536697e-08
8.914002200136398e-08
9.203726676620949e-08
9.502853293152924e-08
9.811686430818631e-08
1.0130540277399763e-07
1.045973913561208e-07
1.0799617775796369e-07
1.1150521765342439e-07
1.1512807801409078e-07
1.1886844061229779e-07
1.2273010582472543e-07
1.2671699633082928e-07
1.3083316124668648e-07
1.3508277995396417e-07
1.3947016622118877e-07
1.4399977281333992e-07
1.486761956371891e-07
1.5350417822490928e-07
1.5848861653622315e-07
1.6363456406738065e-07
1.6894723672443088e-07
1.7443201778409752e-07
1.8009446348847893e-07
1.8594030852005228e-07
1.9197547148231547e-07
1.9820606093478178e-07
2.0463838133359452e-07
2.112789392881868e-07
2.1813445010747737e-07
2.2521184422485269e-07
2.325182740328148e-07
2.4006112103692676e-07
2.478480032068117e-07
2.558867822110341e-07
2.6418557115982094e-07
2.727527427788621e-07
2.815969374502956e-07
2.907270716203704e-07
3.001523466178858e-07
3.0988225777398536e-07
3.199266034583856e-07
3.302954947187464e-07
3.409993651511123e-07
3.520489808457594e-07
3.634554511314225e-07
3.752302394979812e-07
3.8738517429753525e-07
3.9993246034319974e-07
4.128846908257877e-07
4.2625485946121144e-07
4.4005637293668964e-07
4.5430306395283226e-07
4.690092045506536e-07
4.841895196111903e-07
4.998592012979419e-07
5.160339238072242e-07
5.327298573326936e-07
5.499636851610465e-07
5.677526184379861e-07
5.861144124902351e-07
6.050673844893578e-07
6.246304308779246e-07
6.448230446816187e-07
6.656653337212305e-07
6.871780398008676e-07
7.093825603347523e-07
7.323009654867235e-07
7.559560212039491e-07
7.803712088996946e-07
8.055707494242746e-07
8.315796236827561e-07
8.584235973634145e-07
8.861292436515523e-07
9.147239708143674e-07
9.44236044032854e-07
9.746946149749624e-07
1.0061297453026197e-06
1.0385724385356186e-06
1.0720546640704902e-06
1.106609391912216e-06
1.1422706164731697e-06
1.179073395562221e-06
1.2170538733644542e-06
1.2562493231592213e-06
1.2966981698698675e-06
1.338440038109066e-06
1.3815157726901068e-06
1.4259674928701008e-06
1.4718386091923017e-06
1.5191738868643363e-06
1.56801945756167e-06
1.618422891810163e-06
1.6704332055508613e-06
1.7241009431968207e-06
1.7794781779316426e-06
1.8366186061231546e-06
1.8955775403226081e-06
1.9564120165010556e-06
2.019180779696465e-06
2.0839444042553197e-06
2.1507652704896895e-06
2.2197077015943486e-06
2.29083792673438e-06
2.3642242413410785e-06
2.4399369480665716e-06
2.51804855064177e-06
2.598633661777053e-06
2.6817692432463958e-06
2.767534466461413e-06
2.856011015302251e-06
2.947282881248913e-06
3.0414367479664195e-06
3.138561700978884e-06
3.238749714194397e-06
3.342095252593935e-06
3.4486958851486296e-06
3.55865175031677e-06
3.672066331829489e-06
3.7890457454704818e-06
3.90969972792303e-06
4.0341406860469955e-06
4.162484964643359e-06
4.29485158283914e-06
4.431363872006797e-06
4.572147796252663e-06
4.71733407939566e-06
4.867055976897142e-06
5.021452034991705e-06
5.180663164058418e-06
5.344836198008414e-06
5.514120075371821e-06
5.688670424913234e-06
5.868644592427522e-06
6.05420755183674e-06
6.2455254458690715e-06
6.442773177840278e-06
6.646126110003208e-06
6.855769632396064e-06
7.0718888004006695e-06
7.294679936251211e-06
7.524338255388181e-06
7.761071449411718e-06
8.005085126877609e-06
8.256598917858013e-06
8.51582874876022e-06
8.783007125849878e-06
9.0583602175016e-06
9.342134558374174e-06
9.634565910023171e-06
9.935916285586663e-06
1.024642989446269e-05
1.0566386902722148e-05
1.0896038401982805e-05
1.1235685671320432e-05
1.1585585131880223e-05
1.1946061471609104e-05
1.2317376144774152e-05
1.2699879571696857e-05
1.3093837212416843e-05
1.3499627859154682e-05
1.3917520527944704e-05
1.4347924178533889e-05
1.4791112216627972e-05
1.5247524225522934e-05
1.571743850458976e-05
1.620132720121838e-05
1.6699471446192642e-05
1.721238254478346e-05
1.7740337245422374e-05
1.8283894688866193e-05
1.884331927529988e-05
1.9419228205928504e-05
2.001186321845484e-05
2.0621911333933954e-05
2.124957671401865e-05
2.1895627154139242e-05
2.256021672823825e-05
2.3244202657983016e-05
2.394767081454201e-05
2.4671583502523027e-05
2.541594011055825e-05
2.6181840729365045e-05
2.696916295976911e-05
2.777917906183775e-05
2.8611603348985357e-05
2.9467930679851363e-05
3.0347665097710643e-05
3.1252608279216146e-05
3.2181963334850904e-05
3.313794102635339e-05
3.4119345285059106e-05
3.512891653324137e-05
3.616493056701341e-05
3.723081655943993e-05
3.8324128231862365e-05
3.9449226935925775e-05
4.060263185356642e-05
4.179003914025841e-05
4.300641139629046e-05
4.425943630290228e-05
4.554178654537491e-05
4.6863222773713934e-05
4.8214355890397674e-05
4.9605908813957884e-05
5.102808369975855e-05
5.249042814537135e-05
5.3983513750632044e-05
5.551651070745243e-05
5.7081433940898356e-05
5.8686825551037755e-05
6.0323984851550015e-05
6.200085305197781e-05
6.370975277543741e-05
6.545908241344984e-05
6.724039645425223e-05
6.9069122107762e-05
7.092242190108553e-05
7.283562295100929e-05
7.476377176283586e-05
7.676884734027774e-05
7.877423568148289e-05
8.087906114621515e-05
8.296415816643733e-05
8.517773699726704e-05
8.734432995730316e-05
8.967395633250014e-05
9.192617971833046e-05
9.437393956242585e-05
9.671457112755246e-05
9.928876027566748e-05
0.00010171338954678446
0.00010442478491592199
0.00010692232226963867
0.00010978090406578672
0.00011234358942102538
0.00011536470861173652
0.00011796669634003121
0.00012114996563963425
0.00012376941506530634
0.00012711911895224907
0.00012971288396922202
0.00013320970087989236
0.0001357509834012241
0.00013943742586968968
0.00014188712040090958
0.000145800529166514
0.000148108917321128
0.00015228366092087176
0.00015442138405645023
0.00015895786072610274
0.00016089921346157659
0.000165926759273339
0.00016758853935863776
0.0001732490546406059
0.0001745272492541984
0.0001810116993511863
0.0001817317818009414
0.00018926059078093916
0.00018911998099723122
0.00019808320633813635
0.0001965137051058869
0.0002077545953522019
0.000203293318110317
0.0002197380543808367
0.00020547734434024878
0.0002249024595784534
0.00020757914191000884
0.00022515850491899522
0.00019487073317287092
0.0002069181437252126
0.00018552422574755824
0.00020002711020460675
0.0001689882957942648
0.00018366737468318356
0.0001523824787534342
0.00015885269094800407
0.00014645169192661575
0.00014834028258564337
0.00015591675424039505
0.00014928885960520068
0.0001616175907196
0.00015784996951033505
0.0001751243996036988
0.00017679010209135769
0.00018665323923355392
0.00019213519716677254
0.0001964500360123903
0.00020682224147797746
0.00020043938770019298
0.00021512475136612627
0.00021506155341319676
0.00020744838293285044
0.00022649475039421372
0.00019677106657581278
0.0002098228178498957
0.00019057482384252794
0.00019974165933241296
0.00017761984426761042
0.00017363585881059285
0.0001446362372706483
0.00013102156155000793
0.00011478553467554674
0.00011914115510944608
0.00010777312124522862
0.00011989333393720974
0.00011238217797674636
0.0001202228107832357
0.0001258644259950306
0.00012254040718457976
0.00013012563186629147
0.00013240043215854557
0.00013759366391492573
0.00014419757121486563
0.00014700277462326524
0.00015563861434363813
0.0001528382962145702
0.00015540059488032977
0.00016588534760108222
0.00016356978533818513
0.00016316842041183509
0.00016348393526544508
0.00015294045830685743
0.00016178669160666164
0.00015310776680263683
0.0001684728666126012
0.00015063181553501281
