-0.00014446650282686835
-0.00012148813041909627
-0.00013831791234118963
-0.00014549802297203346
-0.000153567693723768
-0.0001614748732041404
-0.00016442861352035376
-0.00017062798122533478
-0.0001728981131992352
-0.0001807096226024807
-0.00018316283502496107
-0.00019171311528985295
-0.00019282594031918012
-0.00019571065530268872
-0.00019714719780811773
-0.00019750609746020724
-0.00019383633012394307
-0.00019532444751612727
-0.00018869513502153357
-0.00018777514520587496
-0.00018249462175085472
-0.00018077248233806226
-0.00017498385530038334
-0.00016927065451000239
-0.00016640838702895687
-0.0001647511314797184
-0.00016091669996768127
-0.0001633297629522361
-0.00016096844808372398
-0.0001591364259047507
-0.00016490398833929028
-0.000159730999604202
-0.00016597576470039606
-0.00016721316027389822
-0.00016965729781095925
-0.00017429305046395122
-0.00017657929335186098
-0.00017659986104177992
-0.0001800433957869899
-0.00018093822730938042
-0.0001816411437603629
-0.0001844822985270343
-0.00018265291263740228
-0.0001831371409760663
-0.00018228736106328192
-0.00017970167291357268
-0.00017838055273263346
-0.0001757121180598246
-0.00017475309668846302
-0.000174000039151143
-0.00017123663995676235
-0.0001711586805582978
-0.00016931169134970657
-0.0001669770707153489
-0.0001660636001392072
-0.0001610131922622814
-0.00016471931216988317
-0.00015903502572104937
-0.00016298518442596364
-0.00015869371155775706
-0.00016359288002535202
-0.0001612718315948366
-0.00016724804025215133
-0.0001674842228472272
-0.00017070593283795743
-0.00017273437656720135
-0.00017757504627264028
-0.00017956777443280884
-0.0001828928031878833
-0.00018616665925874604
-0.00018822644102464882
-0.0001894640213412334
-0.00019383017641087937
-0.00019121964276074417
-0.0001929281704696021
-0.00019594445155313183
-0.0001925670169618933
-0.00019224008160903077
-0.00019047780051225825
-0.00018931454959304376
-0.00018553456741503523
-0.00018866913783636985
-0.00018147548233100525
-0.0001912957183796507
-0.00018108631222296938
-0.00019126165335645457
-0.00018437732708707596
-0.00019074857377543244
-0.00018854502476484787
-0.0001937315157007636
-0.0001904082230535242
-0.0001937687813092441
-0.00018995028474885347
-0.00019544780466364942
-0.00019083209944783033
-0.00019362533147962403
-0.00019574605789179618
-0.00018920276636769044
-0.0002003556192700929
-0.00019359946456287127
-0.0002038346187408615
-0.00020233406971885973
-0.00020996764080937768
-0.00021029329982127196
-0.00021686032225769225
-0.00021863853322261542
-0.00022278520944793277
-0.00022516870207995102
-0.00022407346891151696
-0.0002253539109713749
-0.0002215018981475607
-0.000222094106686853
-0.00022012160771233666
-0.00021911404342664663
-0.0002160824661394444
-0.00021680745987666427
-0.00021420843655847103
-0.00021536108174152638
-0.0002153927877954548
-0.00022018679807471713
-0.00021916838118478626
-0.0002247289838248475
-0.00022523825619791217
-0.0002305577631623586
-0.00022991347099148777
-0.00023557936114756333
-0.00023491490655503725
-0.0002332859944131055
-0.0002369326168837553
-0.0002364626913458186
-0.0002352251557423301
-0.00023809098443727648
-0.00023261536160363203
-0.00024128946028438453
-0.00023352407578661842
-0.0002434308458432912
-0.00023934321407030677
-0.0002469735261673396
-0.00024790603874100665
-0.000253460646226041
-0.00025340790757639455
-0.0002607302073049289
-0.0002606781512962769
-0.0002684115323474663
-0.0002703844726628012
-0.00027646437981223394
-0.00027509785906806064
-0.000284509407854142
-0.0002783265300017511
-0.000291119460226647
-0.00028064260443471604
-0.00029157345302827136
-0.0002880682479011899
-0.0002960180219929692
-0.00029315622644502715
-0.0003018760935020393
-0.00029587057483248055
-0.0003047327655114092
-0.0003034367840314895
-0.00031020323623192996
-0.00030978535209694636
-0.00031805783589688123
-0.0003148563854319118
-0.000325457566570301
-0.0003224335441305983
-0.00033076355211478475
-0.00032630188969102076
-0.0003318116025587466
-0.00032795754556887407
-0.00033002712155838466
-0.0003293168242723197
-0.00033013298980446714
-0.0003292620909020118
-0.00032961273384847674
-0.00033096016240533445
-0.00032992689410881295
-0.00033253518453738425
-0.0003339685995651017
-0.0003390001841405858
-0.0003395171152687293
-0.0003490722597177588
-0.0003481344488449846
-0.0003579089715478186
-0.00035270664201082503
-0.00036406849615341474
-0.00035942865311639524
-0.00036316083033973904
-0.00036300500405766985
-0.0003634562985261999
-0.00036220426163742817
-0.00036430116942317615
-0.0003637585478012088
-0.00036536199779619883
-0.000365492338939293
-0.00036751760003951345
-0.0003699660937498983
-0.0003753573416215264
-0.00037754506498051616
-0.00038196639840414043
-0.0003845801086197958
-0.0003905765240317115
-0.0003899373338501692
-0.00039313553116062966
-0.0003928536309858725
-0.00039362385426247083
-0.0003962353149390756
-0.0003935404078648873
-0.0003984245850873801
-0.00039678205857862983
-0.00040362377255132584
-0.0004057991830277742
-0.00041400755376379457
-0.0004172419785743748
-0.00042578669501156327
-0.0004296944848866481
-0.0004395396041258886
-0.0004400472737922941
-0.00045256444000788335
-0.0004496195569815075
-0.0004620242130980869
-0.00046548701467920327
-0.0004765586264339177
-0.0004751265831293272
-0.00045111020426663747
-0.0004369752527551352
-0.0004596488860005144
-0.0004917374900216082
-0.0005129255967495224
-0.0005183224975356979
-0.0005485323311972214
-0.0005551601327177839
-0.0005723215784485027
-0.0005774406764869574
-0.0005599966232850622
-0.0005599971276978182
-0.0005770998337031351
-0.0005436653985525027
-0.0005322228905192518
-0.0005356115698850882
-0.0005941999846050673
-0.0005987589652865636
-0.0006300221716580478
-0.0005833369436358024
-0.0005796583457597087
-0.0006605730677136685
-0.0006529720087334072
-0.0005612585524004327
-0.0006648107373365678
-0.0006490698729303406
-0.0006420938861282304
-0.0005598105187270474
-0.0005778999294286647
-0.0005444666551038275
-0.0006333851149444725
-0.0005884837518179305
-0.0005984692652769006
-0.0005780114960057072
-0.0007716285870597141
0.0007136388243596341
0.003149487367511136
0.009112065635817321
0.01551490443228588
0.0193970822661375
0.022556292986513668
0.02510426557072349
0.0255067113041587
0.024112875742689187
0.018788838843503596
0.012226104153227332
0.0042115406801162235
-0.006137667305174455
-0.014738121407465917
-0.01866567277341078
-0.018160392149257527
-0.019235751099025186
-0.021998143104242467
-0.020367761617152914
-0.01313868104323729
-0.005258530331965163
0.00031138373598589255
0.008576186942651262
0.014692556248256614
0.012974719014495421
0.007387852564356337
0.002281720843415775
0.0017109961081203775
0.003684219051674679
0.005531239392452392
0.005651820615552267
0.002577513704785483
-0.0015944213947328325
-0.004939772050590507
-0.005443687223357903
-0.004477521344284545
-0.0035454508897676046
-0.0019564918593771826
-0.0013288263239173777
-0.002667895851375379
-0.0034909160447349425
-0.0021594371318323837
-0.0006727620040186452
-0.00025557298010472494
2.999263530064054e-05
0.0005714653645305961
0.0011924466367201811
0.0012341564343533486
0.0007603443279634383
8.789812325910409e-05
-0.00015414816633809662
3.42685369906165e-05
0.0001952405156614571
0.00040412657322692815
0.00010248536858102953
-0.00046765647686046734
-0.0009808722454105185
-0.001595695353305899
-0.0016384462477324452
-0.0008987016331016226
-7.721378531553403e-05
0.00021301313161875733
3.445881851151195e-05
-0.0005294084666065805
-0.0011643137444387547
-0.001172783507167766
-0.000649214865203887
0.00021431211762486263
0.0008555304410178158
0.0009639213462539457
0.0005024236381139639
-0.00021198729194631886
-0.0006255389171992978
-0.00039973562348622084
0.00016502431543058912
0.00048030227726085766
0.00044133171738406436
0.00026856693941424564
-8.196486328800669e-05
-0.00031541230019646105
-0.000339512987118694
-0.00030153590717052915
-9.973292904983073e-05
0.00023038163221991785
0.000483511046723676
0.00042708540319141744
0.00022596167450993266
7.819669291888244e-05
-4.6671502453387e-06
-4.669852959341862e-06
7.814513586598756e-05
0.00016262797651720747
0.0001555698239403686
-3.2867827763698334e-05
-0.0003866787045130861
-0.0006538884219359552
-0.0007503400892907206
-0.0007497627000058397
-0.0006110019672174055
-0.00032572841046703846
-8.75111189811579e-05
-2.7426477976455254e-05
-9.025127317379102e-05
-0.0001998787519927825
-0.00011435352695688628
0.00011741861855388806
0.0003997596271353752
0.0005552703471422881
0.00048256717820306205
0.00018115255662315522
-7.393610558542691e-05
-0.00016341856305729705
-0.00011024267034866076
-1.0196997563189058e-05
6.721274589432274e-05
0.00013161991541246493
0.00016761218982956535
0.00011531940492528662
6.290219797127563e-05
9.119752724791136e-05
0.00014458841333266643
0.00019035204479739623
0.00022759064521642907
0.000266774886042111
0.00022426848485606617
7.941468998531336e-05
-7.344709910052641e-05
-0.0001516949408618535
-0.00012870662251079814
-4.651577774183117e-05
1.6463706419659885e-05
8.051331138942327e-05
0.00014287630864755386
0.00024923306679470157
0.0004352481336702034
0.0005735687164710073
0.0006187596147761068
0.0006080350001493971
0.0005716664689738066
0.0004653212217416948
0.00024557475462754137
-3.768907189382786e-05
-0.0003166139969733096
-0.0004664643380393944
-0.0004738866552734086
-0.0004545124174621331
-0.0004346851257216141
-0.000418898566704459
-0.00038125663486275846
-0.00035340565930906643
-0.00029489218931682046
-0.00016264726213687276
3.247646978777216e-05
0.00020591238543081686
0.0002712110084005963
0.0002518799278422094
0.00014325587769937375
2.901193730508562e-06
-7.980207492017368e-05
-8.872834327047961e-05
-0.00011163943327407186
-0.00016047712698329743
-0.00019646314795859315
-0.00025013162945823717
-0.00029346178994721253
-0.0002579999081910588
-0.0001287662099912837
-3.118889146835365e-06
8.503536450923146e-05
0.00014026686663232203
0.0001979751382669285
0.0002066134462872085
0.00024138734928864824
0.0002481431249333366
0.0002469640515751968
0.00016598533531231866
0.00010881326025113994
3.548519575981168e-05
3.577962348706667e-05
1.791156946332099e-05
4.804352161612501e-05
-5.9812247217814555e-05
-9.665301128958652e-07
-3.5369523804293735e-05
-2.5962123272215484e-05
-2.4218580649745927e-05
-2.515803697147899e-05
-2.629135571270061e-05
-1.6101577139535768e-05
-4.621170762442525e-06
1.2733617904072213e-06
6.183894535533505e-06
4.267691774992058e-06
4.181579278636214e-06
1.5388927248924882e-06
3.0277751199824863e-06
4.565478421332584e-06
5.206413718490958e-06
9.29746689735012e-07
-3.6032436612187814e-06
-7.63984320183021e-06
-8.843169796638734e-06
-9.207436347662936e-06
-5.604240020081226e-06
-4.8801935019200916e-06
-3.5214965714907027e-06
-3.720563001189861e-06
-3.91474908039667e-07
7.203708653216392e-07
4.295460438134257e-06
3.3709073753243013e-06
4.6124787156397024e-06
1.293745859153127e-06
3.3878850987056785e-06
5.207143757521128e-07
9.750492504893713e-07
5.586632762786142e-07
-9.649526053111677e-08
-1.6973132193459973e-06
-1.1679588978678326e-06
-1.816366141347353e-06
-2.4545066420212852e-06
-2.162117438768722e-06
-2.203760476261742e-06
-2.1922893124132483e-06
-1.526986323081164e-06
-1.5749418200576614e-06
-1.3103395633017517e-06
-8.656371549524688e-07
-1.11521648544561e-06
-6.922123011741444e-07
-1.032208851099202e-06
-6.417811325119815e-07
-7.299817750549837e-07
-5.928389684094205e-07
-9.302874669439829e-07
-9.446546763826666e-07
-1.3063370207820525e-06
-1.104548174988815e-06
-1.323965715619723e-06
-1.2077343454353562e-06
-1.3628945716419654e-06
-1.317900359828205e-06
-1.4047175639837235e-06
-1.2549145437064708e-06
-1.292807022731546e-06
-1.1728463529202035e-06
-1.1888813311256937e-06
-1.1942580751546193e-06
-1.22676450152865e-06
-1.187021650212148e-06
-1.2403549701785985e-06
-1.2462584051804723e-06
-1.2361240289194706e-06
-1.2891715499706882e-06
-1.3432241773913216e-06
-1.3471314097726161e-06
-1.3986394363714493e-06
-1.4266509762048764e-06
-1.4220284615314724e-06
-1.476692311548622e-06
-1.4641326121068543e-06
-1.4930058634024496e-06
-1.4832010075010213e-06
-1.5103584123812397e-06
-1.4990162127855836e-06
-1.5348087868793773e-06
-1.5242719976447114e-06
-1.5521703987839651e-06
-1.5436157560303067e-06
-1.569655870309382e-06
-1.5781515433645177e-06
-1.6074682426063096e-06
-1.6183162899747582e-06
-1.6475205378122285e-06
-1.6547675047636227e-06
-1.6824787850398554e-06
-1.6988182211606217e-06
-1.7200729203544374e-06
-1.7401167962598858e-06
-1.7588405323585644e-06
-1.774133402478097e-06
-1.7940616691332367e-06
-1.8093276237259146e-06
-1.8268932646054375e-06
-1.8485012228733729e-06
-1.8651129873170766e-06
-1.884195301814276e-06
-1.9028058169861392e-06
-1.9228325169042774e-06
-1.9406575360729787e-06
-1.9643099714143506e-06
-1.9829910832606213e-06
-2.0057096107121693e-06
-2.025743841671101e-06
-2.048899295638965e-06
-2.0687057677592114e-06
-2.092843819816436e-06
-2.113014431520413e-06
-2.136269110886527e-06
-2.1576402146684173e-06
-2.1809998946434534e-06
-2.2028470823498447e-06
-2.226557505401533e-06
-2.248683215590997e-06
-2.2727009527034087e-06
-2.2954398554054598e-06
-2.3198538764197705e-06
-2.343757210899492e-06
-2.3683152755016988e-06
-2.393029758403555e-06
-2.4180994760652156e-06
-2.4431713758327314e-06
-2.4689061661249356e-06
-2.494755236346904e-06
-2.5207820460365274e-06
-2.5474308103395604e-06
-2.5737908771117716e-06
-2.6007910350700347e-06
-2.6278527313184764e-06
-2.655358588119668e-06
-2.6829161547057683e-06
-2.7111925593168075e-06
-2.739180143143658e-06
-2.7679218005244672e-06
-2.796637484671999e-06
-2.825914314968242e-06
-2.8552731609081003e-06
-2.8852316321356357e-06
-2.915192893898325e-06
-2.9457445453790004e-06
-2.9764153363934313e-06
-3.007563382915735e-06
-3.0388974710427003e-06
-3.0707003471578486e-06
-3.1026989317063615e-06
-3.1351392164335756e-06
-3.1678329103775384e-06
-3.2009329419163915e-06
-3.2343217774878438e-06
-3.2680913854053142e-06
-3.3021925228404126e-06
-3.336654286045812e-06
-3.37147257347294e-06
-3.406659584134622e-06
-3.4422227712646126e-06
-3.478133086964627e-06
-3.5144555685188277e-06
-3.551115639208355e-06
-3.5881940307661044e-06
-3.625639488983543e-06
-3.6634977932668955e-06
-3.701722952638202e-06
-3.740385287449841e-06
-3.779403053192864e-06
-3.818870703048178e-06
-3.858720808969698e-06
-3.899007042009009e-06
-3.939695659997249e-06
-3.9808298982679545e-06
-4.022366047086613e-06
-4.064360851529857e-06
-4.106774573182616e-06
-4.1496443645036395e-06
-4.1929527060780936e-06
-4.236721917153977e-06
-4.280938556774813e-06
-4.325625672337016e-06
-4.37077268279752e-06
-4.416395344452813e-06
-4.462492006512821e-06
-4.509071170853123e-06
-4.5561362724086694e-06
-4.603691802918726e-06
-4.651745072593669e-06
-4.700298402869701e-06
-4.749360146592807e-06
-4.798931442577585e-06
-4.849023286658735e-06
-4.899634131253321e-06
-4.9507769103051915e-06
-5.00245054781896e-06
-5.054666062471612e-06
-5.107423796185648e-06
-5.160735401152976e-06
-5.214599970011831e-06
-5.269030164283411e-06
-5.324025977985495e-06
-5.379597749348585e-06
-5.435747873567767e-06
-5.492485910065501e-06
-5.549814075346017e-06
-5.607742643348973e-06
-5.666274378842979e-06
-5.725417984997624e-06
-5.78517831198753e-06
-5.845562920733067e-06
-5.906577101159565e-06
-5.968228824565437e-06
-6.03052353076298e-06
-6.093468704934061e-06
-6.157070891057905e-06
-6.221336810349596e-06
-6.286273646497782e-06
-6.351888156099129e-06
-6.418187688839953e-06
-6.4851790638770375e-06
-6.552869916219979e-06
-6.6212670307601575e-06
-6.690378387480818e-06
-6.760210756724975e-06
-6.830772371999597e-06
-6.90207018821926e-06
-6.974112446783802e-06
-7.046906418755727e-06
-7.120460457556415e-06
-7.1947819496428664e-06
-7.269879469429155e-06
-7.345760603618952e-06
-7.422433939890217e-06
-7.4999074289891585e-06
-7.5781897070392225e-06
-7.657288929008361e-06
-7.737213916332087e-06
-7.817973027469893e-06
-7.899575156100901e-06
-7.982028984212023e-06
-8.065343479836395e-06
-8.149527553234217e-06
-8.234590362601527e-06
-8.320541009093591e-06
-8.407388794984925e-06
-8.495143087915905e-06
-8.583813316874754e-06
-8.673409083183591e-06
-8.763940012722037e-06
-8.855415898583309e-06
-8.947846565814284e-06
-9.041242029546887e-06
-9.135612299583567e-06
-9.23096761620132e-06
-9.32731819737638e-06
-9.42467449155161e-06
-9.523046941054691e-06
-9.62244620233338e-06
-9.722882946006923e-06
-9.824368047651674e-06
-9.926912402300576e-06
-1.003052711286926e-05
-1.0135223309481458e-05
-1.024101231413536e-05
-1.0347905507442168e-05
-1.0455914436220735e-05
-1.0565050725139615e-05
-1.0675326162851964e-05
-1.0786752619736933e-05
-1.0899342124560268e-05
-1.1013106808317383e-05
-1.1128058941739435e-05
-1.1244210915997222e-05
-1.1361575258333551e-05
-1.1480164619693899e-05
-1.1599991788028001e-05
-1.1721069684642271e-05
-1.1843411360720757e-05
-1.1967030011822985e-05
-1.2091938962587292e-05
-1.2218151684395876e-05
-1.2345681781885266e-05
-1.2474543009924815e-05
-1.2604749257433146e-05
-1.2736314568715526e-05
-1.2869253124458163e-05
-1.3003579262467593e-05
-1.3139307462330414e-05
-1.3276452361662194e-05
-1.3415028744692586e-05
-1.3555051555578628e-05
-1.369653588957154e-05
-1.383949700345952e-05
-1.3983950310332777e-05
-1.4129911385696824e-05
-1.4277395967697039e-05
-1.4426419957364132e-05
-1.457699942398181e-05
-1.4729150601506527e-05
-1.4882889897375432e-05
-1.5038233884926387e-05
-1.519519931737919e-05
-1.5353803114298873e-05
-1.551406238194347e-05
-1.5675994393865266e-05
-1.5839616616190787e-05
-1.6004946683686213e-05
-1.617200243057707e-05
-1.634080185991321e-05
-1.6511363181942885e-05
-1.668370477582692e-05
-1.6857845235740778e-05
-1.7033803324506184e-05
-1.721159802873338e-05
-1.739124850241424e-05
-1.7572774133377966e-05
-1.7756194474548428e-05
-1.7941529323874062e-05
-1.8128798641051797e-05
-1.8318022643390225e-05
-1.8509221704996913e-05
-1.8702416472330633e-05
-1.889762774169766e-05
-1.9094876598697158e-05
-1.929418426951002e-05
-1.949557228938479e-05
-1.969906232199845e-05
-1.9904676363290304e-05
-2.0112436521835253e-05
-2.0322365265858927e-05
-2.0534485156074173e-05
-2.074881914517629e-05
-2.0965390252954477e-05
-2.1184221929596708e-05
-2.1405337660471146e-05
-2.1628761407163112e-05
-2.1854517126593254e-05
-2.2082629306600845e-05
-2.2313122380988523e-05
-2.2546021379923897e-05
-2.2781351218538123e-05
-2.3019137486901195e-05
-2.3259405584752715e-05
-2.3502181681348683e-05
-2.374749166291802e-05
-2.3995362299078504e-05
-2.424581996280777e-05
-2.4498892047701733e-05
-2.4754605411575134e-05
-2.5012988098499327e-05
-2.5274067446525404e-05
-2.5537872180108473e-05
-2.580443010961734e-05
-2.6073770674030607e-05
-2.6345922144095126e-05
-2.6620914712396524e-05
-2.6898777093178135e-05
-2.71795402776115e-05
-2.7463233400707972e-05
-2.7749888304250993e-05
-2.8039534513920423e-05
-2.8332204782981424e-05
-2.862792898843103e-05
-2.892674086666519e-05
-2.922867059543721e-05
-2.953375297868601e-05
-2.9842018431140542e-05
-3.0153502923696823e-05
-3.0468237028253816e-05
-3.078625800066872e-05
-3.1107596470074774e-05
-3.1432291118254035e-05
-3.17603725068416e-05
-3.209188091243066e-05
-3.2426846674682734e-05
-3.2765311866856316e-05
-3.310730641690736e-05
-3.3452874436073034e-05
-3.380204520755351e-05
-3.415486517107389e-05
-3.4511362677589765e-05
-3.487158684702791e-05
-3.523556474453911e-05
-3.56033485942439e-05
-3.597496374333712e-05
-3.635046603181133e-05
-3.672987856061482e-05
-3.711326140415464e-05
-3.7500634772209964e-05
-3.7892063719886554e-05
-3.828756478465239e-05
-3.8687208893193546e-05
-3.909100797784318e-05
-3.949903989408941e-05
-3.991131082480343e-05
-4.032790689779527e-05
-4.074882703690623e-05
-4.11741674087465e-05
-4.1603917793445655e-05
-4.2038186409003596e-05
-4.247695183575681e-05
-4.2920336573340896e-05
-4.336830560103822e-05
-4.3820998471728146e-05
-4.427836342539096e-05
-4.4740560741989824e-05
-4.520751775730634e-05
-4.567942011763794e-05
-4.615616932235431e-05
-4.6637981660888165e-05
-4.712472719181049e-05
-4.761665900281469e-05
-4.8113608914905496e-05
-4.861587445550614e-05
-4.9123240736983717e-05
-4.963605924078991e-05
-5.01540577323945e-05
-5.0677653713063285e-05
-5.120650423766541e-05
-5.174110734736928e-05
-5.228103396905825e-05
-5.282687923298569e-05
-5.337810999539962e-05
-5.3935438299478435e-05
-5.4498204899585e-05
-5.5067263537261736e-05
-5.564180085728681e-05
-5.622284383292094e-05
-5.680939027472682e-05
-5.7402678024805914e-05
-5.8001475797132395e-05
-5.8607275763622674e-05
-5.921857006489865e-05
-5.983715792353688e-05
-6.046119598404829e-05
-6.109285698137828e-05
-6.172988767274917e-05
-6.237491673227792e-05
-6.302519151596533e-05
-6.368389180236414e-05
-6.434766437991136e-05
-6.502035043933618e-05
-6.569787279912825e-05
-6.638487383056951e-05
-6.70763952639117e-05
-6.777805406868573e-05
-6.84838212514992e-05
-6.92004965579693e-05
-6.992074967005182e-05
-7.065282257942234e-05
-7.138779020660627e-05
-7.213566755759644e-05
-7.288556925138166e-05
-7.364966651967878e-05
-7.441477506840174e-05
-7.519533138145536e-05
-7.597594069233969e-05
-7.67731845319718e-05
-7.756931126551137e-05
-7.838410618808477e-05
-7.919550917451732e-05
-8.00285632489517e-05
-8.085534724609376e-05
-8.170704540930182e-05
-8.254977680432586e-05
-8.342056861719728e-05
-8.427986932703436e-05
-8.517073302351817e-05
-8.604623149864832e-05
-8.695856995437297e-05
-8.784974313111158e-05
-8.878466498429862e-05
-8.969131324923319e-05
-9.064959636519715e-05
-9.157134498241761e-05
-9.255404440147866e-05
-9.349061784677914e-05
-9.449859398255784e-05
-9.54494489102749e-05
-9.648550804877417e-05
-9.744831707040882e-05
-9.851574490799496e-05
-9.948907528229743e-05
-0.00010059043644657383
-0.00010157269833273067
-0.00010271055721597564
-0.00010370014894735444
-0.00010487679300455361
-0.00010587006505684651
-0.00010709081381982027
-0.0001080813136122671
-0.0001093527808864506
-0.00011033502075342874
-0.00011166287448674447
-0.0001126316409321295
-0.00011402270796632031
-0.00011497151095946684
-0.00011643736092046331
-0.00011735492186746273
-0.00011891437570694127
-0.00011978278302842374
-0.00012145208591823198
-0.00012225920470652793
-0.00012405156415439922
-0.0001247810661246789
-0.00012672129231964396
-0.0001273416465304816
-0.00012946166544422152
-0.00012993595496965673
-0.00013227405077199424
-0.00013255327321309575
-0.0001351809318956719
-0.00013516095201389952
-0.00013824689764207725
-0.00013765351465102967
-0.00014169783927811595
-0.00013958908345080534
-0.0001434973718154377
-0.00014013315727542014
-0.00014101635548307594
-0.00013915343994071536
-0.00013828040449408158
-0.00013530016878112345
-0.00013509271721942503
-0.00012911873261939002
-0.00013168726071827725
-0.00012471010575888759
-0.00013014640130985778
-0.00012661070877708475
-0.0001316870873930988
-0.0001305905869700902
-0.0001355188602346278
-0.00013405604750826275
-0.00013995886455725625
-0.0001366663707857751
-0.00014230434240465747
-0.00013761228062307286
-0.00014585432858240125
-0.00013828027680129758
-0.0001450329288984148
-0.00014366345121924397
-0.00014868879331087252
-0.00014793821024962277
-0.00015778688744950213
-0.00015913425808111498
-0.00016876835400869602
-0.00017075545604425236
-0.00018197034629551667
-0.00017967047651993307
-0.00018680567586719106
-0.0001856635467773952
-0.0001859291319608352
-0.0001818616940541624
-0.00018403841079411138
-0.0001738313856714324
-0.00017722856220591288
-0.00016652770937200444
-0.00017020538474202815
-0.00016143699803870752
-0.00016755390078922948
-0.00016465880654889308
-0.0001714240091441807
-0.00016773436661882718
-0.00017657968638142222
-0.0001703581367017279
-0.00017702252703590774
-0.0001769644631018237
-0.00018246403530838766
-0.00018099685471410093
-0.00018073285599024908
-0.00018075927889996514
-0.00018004840831310005
-0.00017635242702832268
-0.00017744087473424284
-0.00017284403920523158
-0.00017054481455320094
-0.000170570588313718
-0.00016468590273487673
-0.00016653205964151628
9.270925054879304e-05
0.00012131896444828264
0.0001064117443828734
0.00010139853995484973
9.735324463727268e-05
0.00010459020477526201
7.925563223075616e-05
0.00012160659992723833
8.353621382077895e-05
9.507963143043776e-05
8.272758914073305e-05
0.00010006030770954932
4.6421614296284096e-05
8.95071131149019e-05
4.545552318954997e-05
6.486289474143996e-05
6.23861038079351e-05
8.120711316974649e-05
4.945603423766313e-05
8.32339558349082e-05
5.331833183966859e-05
8.461008380025545e-05
4.521281086743915e-05
7.984801186765718e-05
7.137850658594643e-05
8.350285323071522e-05
4.791112268196835e-05
9.579738525844104e-05
5.486507562099666e-05
9.417357833800685e-05
5.0645838009446545e-05
9.280443229163797e-05
6.558737341017537e-05
8.741469322868167e-05
9.552414981450503e-05
9.78658736567143e-05
0.00012096061076525806
0.00010533130149055795
0.00010655975656261637
0.00012462623921332848
8.335494653924922e-05
0.00010021449026478363
0.00010103308556073812
7.91626971151124e-05
9.494486483617711e-05
8.400232416851155e-05
7.255260836547706e-05
0.00010305059521081156
5.279636022654104e-05
7.948952261882351e-05
6.87627094446198e-05
6.614311008370225e-05
5.365489050554125e-05
8.971421701167172e-05
5.5779426424675785e-05
0.00010005348766097086
7.072391304482801e-05
8.07093583859529e-05
8.877454478078875e-05
6.76465769805627e-05
7.903856406022005e-05
7.58576405825982e-05
7.487171690526736e-05
7.753074156606346e-05
7.984971814065664e-05
7.574120291381476e-05
6.095259010910972e-05
9.75321121049053e-05
5.9745471479104874e-05
8.182483144223969e-05
7.613882223971587e-05
7.179263967805523e-05
5.9917980446541055e-05
9.585202632078777e-05
5.8495217389801515e-05
8.022814915045898e-05
7.331005393921776e-05
7.549335717422413e-05
7.26476669126499e-05
8.644388008636452e-05
5.951530206099826e-05
5.8419442947638134e-05
5.161214331498129e-05
1.5229696466835904e-05
5.6809655948383004e-05
1.1432448392295782e-06
4.540687908279243e-05
-2.214654941873145e-05
2.8491253999444777e-05
-2.0181488802533292e-05
3.421509087959165e-05
-7.001457170074986e-06
3.903009830818669e-05
-1.1940248839347346e-05
3.437774884111795e-05
-1.453501552278573e-05
2.191245976781986e-05
-1.3564856743364194e-05
2.5799841710259558e-08
-2.5165038897331232e-05
-1.8127818320205432e-05
-3.6136935954426613e-05
-1.4881378805164769e-05
-6.85962778054674e-05
-4.558992321898744e-06
-6.430817517751686e-05
-1.5053425460378943e-06
-7.738336346352551e-05
1.1784456296095859e-05
-3.198798310588419e-05
1.200201933995339e-05
-5.397475514855623e-06
5.7112684178133125e-06
-2.6007146625122427e-05
3.653799663679499e-06
-3.669558530150072e-05
-1.0960427567690404e-05
-4.1851192885664875e-05
-2.702589731933962e-05
-4.261446760848112e-05
-4.6887319146901994e-05
-3.0502436730841548e-05
-3.348073248390631e-05
-2.177693957692025e-05
-3.570027495303717e-05
-1.4977008579582217e-05
-4.044178684866836e-05
-9.58433664827584e-06
-4.7557415540494814e-05
2.0663023417506583e-06
-4.370413385263033e-05
8.157622242696276e-06
-3.197583191308274e-05
1.2844727006576428e-05
-2.0132383596437732e-05
-1.3746569852274296e-05
-2.5379792159082202e-05
-4.264590456281641e-05
-5.957466961076878e-05
-4.9095770548794926e-05
-6.367576559833755e-05
-5.761295746095701e-05
-8.3337701067937e-05
-6.291649426788508e-05
-8.494409355477706e-05
-6.485047133187586e-05
-0.00011060467094984734
-5.9432476543328794e-05
-0.00010360874121686583
-6.195998741287164e-05
-0.00010890172196990783
-6.662797820275343e-05
-9.144536708641086e-05
-8.086905234911418e-05
-0.00011003843540614177
-8.351060200932902e-05
-0.00012765434786917365
-8.967957833478053e-05
-0.00011658460983013823
-0.00011357219158015909
-0.00011453806777290797
-0.00013721462346733335
-7.982723088833832e-05
-0.00014589800244463007
-9.029246917100528e-05
-0.0001558714787367436
-6.84866613667375e-05
-0.00013946539969689154
-4.570999123730012e-05
-0.00010226241618842417
-8.617381604316004e-05
-7.829029618337077e-05
-8.159915820272969e-05
-7.584290138357711e-05
-8.17129045645518e-05
-7.895826069730315e-05
-7.825192318973307e-05
-9.391111201472222e-05
-9.173779033408173e-05
-7.774721601812107e-05
-9.283597098849402e-05
-6.990818534067503e-05
-9.129576941303898e-05
-7.986362464838146e-05
-6.097678547343421e-05
-5.705198662357934e-05
-8.381594193192884e-05
-9.585005840871051e-06
-0.00010226781130033155
-3.369191115852671e-05
-9.893407091615545e-05
-4.9941196737254555e-05
-0.00013207611280173785
-2.5595531228841516e-05
-0.00015474382489690056
-4.077845433888162e-06
-0.00016312746170860093
3.439996164608097e-06
-0.0001848385712439085
3.132190711759779e-05
-0.00028868394245963743
0.0001030477324871407
-0.000458181751021992
-0.00016494400967571372
-0.00044751355673110216
3.812437119321487e-05
-0.00048702999507924355
0.00016809964137429819
-0.0003874708466367672
4.403617431803078e-06
-0.00034827957415108063
0.0001256265985976247
-0.0004947608122311681
0.00026593874724345013
-0.0001517498846707934
3.473183521909536e-05
0.00023948819487989986
-0.0005283138731280583
0.001236363425864489
-0.004175084802958214
0.008958932671494333
-0.02836044416762982
0.15570497603198755
0.28987307540719953
0.1342185317212918
-0.02377947078533246
-0.006553836991775313
0.002460010806610135
-0.08929932101884985
-0.06615285116558814
-0.0800854192330113
-0.15854084031669008
-0.10840228991994037
-0.013234629651456987
0.0536447367520057
0.03406166311106152
0.00782025358598317
0.02104910203368615
-0.0352013664172628
-0.05799600243768556
-0.005666641990377196
0.06220401833894901
0.06667384805641458
0.02169183639680935
-0.008630702683161764
0.009756361936777971
0.02840528779461715
0.023611837183630805
0.003710838355166327
-0.01172175028655548
-0.03454731884810271
-0.036821934313451175
-0.018634443248007653
-0.001618279022779872
-0.006734843593098471
-0.029307886562559997
-0.02437385228069913
0.002879553019000583
0.010766515243276667
0.0017549647785805988
-0.0038625845491880462
-0.0026719819839002195
0.004400799870286203
0.010611342297220178
0.012151776195833058
0.006398856117485426
-0.0004348165631489788
-0.008835091073080312
-0.013955821210863587
-0.0036436432082175762
0.01786120701541451
0.026442288192366045
0.012472112579828191
-0.013778340102348916
-0.021047318735205316
-0.009589841036575762
0.00354390000447064
0.010673321511619297
0.007280561588166221
-0.005211043770636385
-0.016940184919200664
-0.01612755662338591
-0.0008862237370990832
0.010710002398353492
0.008160009311608124
0.0003395542849110436
-0.004734301324476369
-0.00532219640216325
-0.003952512014085564
-0.0003641874087905294
0.004306952038491725
0.00477196578460003
0.00020266280136258322
-0.0037554902086221822
-0.002645698224743382
0.0018209041808623094
0.003157474597137125
0.00043720737737063886
-0.001389406569801386
0.0012016524354572771
0.004930091326144039
0.004123283291528909
-0.0005710591930576762
-0.0039899277681005475
-0.00410772607247966
-0.0010064009094410183
0.0026109196533372105
0.004298083590609281
0.0016069139822789899
-0.004365338776245299
-0.00748864184021366
-0.0047625148818770295
0.001009419084712845
0.004204575948049235
0.0028956815908307253
-0.0005238783913546225
-0.0030725941296546612
-0.003157492434624428
-0.00010785299495654778
0.00419877270865003
0.006240724188033155
0.0038081511718904525
-0.0008430405126738684
-0.002982796422706518
-0.0012540903029253847
0.0016357620815751477
0.002252746237464117
0.0006903286105577345
-0.001254568765998291
-0.002309389899325877
-0.00215762917741881
-0.0010840043389056823
-7.816753460175013e-05
0.000549136828715056
-0.00015350051865500996
-0.000315273982571691
-0.0010516515083113394
-0.0005953261686583104
-0.0007806826062326329
-0.0011663844367834518
-0.0015279411307242926
-0.0007896064974338183
-0.00010299688301911357
-0.0003730150812070003
-0.0003642832428629175
-0.0009063634725506827
-0.0014032740184839838
-0.001021793471639638
6.350657738963964e-05
0.0012517229078622153
0.0008500262746307385
-0.00034462129003384745
-0.0014399809767957827
-0.0012897196521094586
-0.0003571637765242646
0.0008205345692338317
0.000893777963986648
0.00028208404838950523
-0.00045461722704600357
-0.0008797661527435059
-0.0005648720940702659
0.0003008739720384322
0.0008754566024981175
0.00046857715141737123
-0.0002749475985912355
-0.0009679544384040702
-0.000795594862882749
-0.0002856253654144421
0.00020324655089851975
0.00019263574464290054
0.00026770363187448047
4.493419703409614e-05
-2.6179663991526795e-05
0.00022348081982111027
0.000463111176413743
0.0004982964778302503
0.00010376069962536732
-3.515205709367997e-05
-0.00023673680402322135
-0.00026027538967723625
-0.0003322268405286167
-0.0004616880769848964
-0.0005948611172746295
-0.0004080012388728407
-0.00024076027040341466
-6.150472538086324e-05
-0.00017793477332819814
-0.00020758900708892677
-0.00031614039606661854
-0.00025443121494603374
3.6134950378619694e-06
0.0003401722383960866
0.00047543852201320643
5.189434219796524e-05
-0.0003411626534933278
-0.00045415518617355024
-0.00016238190388666128
-9.678799460087076e-05
-0.0001214158726682405
8.31700398952235e-05
0.00020526453232566882
-0.00027723375244578937
-0.00023075821614482753
0.000238835096512208
0.0005358224527619475
0.00041219602307931253
0.00040372237636035783
0.00012148521328681806
-4.5256686683731126e-05
-1.877727437918053e-05
0.0002851543679411605
0.00020717494987627103
8.025536321787887e-05
1.4831096957575145e-05
0.00017891849750673765
5.305250446908578e-05
-7.558180596580635e-05
4.912289850499257e-05
-2.0093099965399357e-05
-0.0001983842045762687
-0.00021290722583861184
-1.175716782400188e-05
9.150571962483205e-05
0.00012614930440250563
0.00012598055414210496
0.00018943073081471173
0.0003071982270549627
0.00032370246721175305
0.0003541747677901894
0.00019437837131375382
9.667524897463584e-05
-0.00012109526203519659
2.5730766609494068e-05
-7.104015590824389e-05
-2.0417680323822035e-05
-3.029603119899563e-05
-3.388674600626324e-05
-2.7523609197808932e-05
-2.6452407100526257e-05
-1.3438999796216536e-05
-2.0484776139489445e-06
6.3832513619746e-06
-7.896621737430678e-06
-1.5919181496241994e-06
-2.529548414140491e-06
3.287452989615752e-06
2.1221973488178305e-06
6.419148703831791e-06
5.267548722422198e-06
-1.233349914308039e-06
1.2211488367051005e-06
7.664426945979194e-06
6.031995870015776e-06
1.8883702551132642e-07
-1.4716344435914671e-06
-3.0547775364450953e-06
-6.245912511076289e-06
-4.743635617839359e-06
-5.292395760106926e-06
-2.0584482531209005e-06
-4.6211890598159885e-06
-2.518922406670019e-07
1.35435002473416e-06
1.017711278255654e-05
5.963320733175828e-06
7.534373653300432e-06
4.777853885598596e-06
2.4062654451277555e-06
6.576119409824286e-07
1.6385094423632372e-06
7.227180756230795e-07
7.596053158436196e-07
5.146280576521694e-07
-3.991981881045562e-07
-8.601322386088522e-07
-5.100346415566658e-07
-8.051182948850535e-07
4.0493937696452556e-07
6.492823962627597e-07
-7.612721384699095e-08
5.699674887967195e-07
3.720191132592634e-07
1.3267953119648927e-06
9.207190007893515e-07
1.2595077190894095e-06
1.0494534255561447e-06
1.1864858081682417e-06
8.925616673482149e-07
1.4924831781078403e-06
9.938634169471736e-07
1.122381958409014e-06
8.588610562881849e-07
9.404967461607266e-07
8.037161203570367e-07
8.844078722968505e-07
6.759264520139578e-07
8.315707181849366e-07
7.864516302210842e-07
8.471491307125538e-07
9.953607730144357e-07
1.1653476651046248e-06
1.117593298947863e-06
1.1461285969492164e-06
1.1202393517230824e-06
1.0853735023347403e-06
1.0965687884012163e-06
1.165662734570476e-06
1.1402907981301023e-06
1.1670561488969443e-06
1.134325922264647e-06
1.0727023895965916e-06
1.1308076499820605e-06
1.1044868556655185e-06
1.1530533057345761e-06
1.137464511287446e-06
1.1767607472630396e-06
1.1487220081184092e-06
1.2014821107691575e-06
1.2002711838062885e-06
1.2550796324992987e-06
1.238319507209729e-06
1.2749487517469668e-06
1.279991178949869e-06
1.3058239986760427e-06
1.3058836697584456e-06
1.338998582675621e-06
1.3344510470218599e-06
1.3577623270278998e-06
1.3644170991987354e-06
1.3746527349707332e-06
1.3891552601335492e-06
1.401725827961613e-06
1.4079209307091216e-06
1.4275530744023418e-06
1.4403951127262959e-06
1.4544926914956372e-06
1.4771092586998315e-06
1.4927370082718405e-06
1.508877564454752e-06
1.523027117103829e-06
1.5400484116519003e-06
1.5540203880379027e-06
1.575875195865403e-06
1.589616152884981e-06
1.6089417967115292e-06
1.622569998517196e-06
1.640710034231949e-06
1.6541964075471354e-06
1.6745252487643074e-06
1.6896720270048217e-06
1.708693616865771e-06
1.7246456248160187e-06
1.7437917694414738e-06
1.760511630786684e-06
1.7801826458058688e-06
1.7979480219977063e-06
1.8183676014275711e-06
1.8361187434728595e-06
1.8562748553473075e-06
1.8753901193727107e-06
1.895112318587795e-06
1.9150426270701792e-06
1.935338178130682e-06
1.955206407469503e-06
1.9759155292702144e-06
1.9963735056621485e-06
2.016861051898594e-06
2.03833814147326e-06
2.0591242662781098e-06
2.0806229433374917e-06
2.1022061653031736e-06
2.1243150986189046e-06
2.1462185852043152e-06
2.1691037569610027e-06
2.1913460996809443e-06
2.2144830515197396e-06
2.237367196280312e-06
2.2609157671146687e-06
2.2843977545401747e-06
2.3085265279870553e-06
2.3324218976023887e-06
2.356942455573885e-06
2.3813929952227255e-06
2.4063440716686957e-06
2.4313491555274724e-06
2.4568299246905805e-06
2.482395002216802e-06
2.508359430218509e-06
2.5344496488545134e-06
2.560946338758129e-06
2.5876323864184393e-06
2.614656671753589e-06
2.6419575030454424e-06
2.669538925113233e-06
2.697392323660302e-06
2.7255511611527946e-06
2.7540131913487644e-06
2.7827405017566112e-06
2.811829260799278e-06
2.8411508585674717e-06
2.8708264412801784e-06
2.9007826723062237e-06
2.931076093555654e-06
2.9616403642104437e-06
2.9925897110352675e-06
3.0237853385736875e-06
3.055368354027907e-06
3.08724259317876e-06
3.11947956190006e-06
3.1520249493602857e-06
3.184943473021299e-06
3.21816490372446e-06
3.2517713760732187e-06
3.285700204133217e-06
3.3200046180323245e-06
3.3546537703047066e-06
3.389677335077746e-06
3.4250516841710237e-06
3.460807263307007e-06
3.496925666405772e-06
3.5334290024629025e-06
3.5703090260871307e-06
3.607575744940494e-06
3.645231793697087e-06
3.6832778170467607e-06
3.7217228668743913e-06
3.760568284254633e-06
3.7998213590119107e-06
3.839480715344255e-06
3.879559396488903e-06
3.920049919722957e-06
3.9609686753893e-06
4.002310503683271e-06
4.044087423463783e-06
4.086296645886696e-06
4.12895143269064e-06
4.17204569769106e-06
4.21559486640057e-06
4.2595948634118905e-06
4.304056691081396e-06
4.3489800689919115e-06
4.394375251982813e-06
4.440240974507985e-06
4.4865883946347025e-06
4.533417434312708e-06
4.580736660681742e-06
4.628548832833529e-06
4.676860918268594e-06
4.725676211274251e-06
4.775002098005564e-06
4.824842110067693e-06
4.8752027598094e-06
4.926089049700095e-06
4.977506290544526e-06
5.029460408243088e-06
5.081956561527017e-06
5.135000917551595e-06
5.1885987250718725e-06
5.24275626233478e-06
5.297478656481259e-06
5.352772740956427e-06
5.408643363535555e-06
5.465097698766059e-06
5.522140873175686e-06
5.579779800568968e-06
5.6380200013452626e-06
5.696868497937705e-06
5.756330777808387e-06
5.816414153197414e-06
5.877124320832994e-06
5.938468419110977e-06
6.000452617372418e-06
6.063084003088176e-06
6.126368881639822e-06
6.190314538278392e-06
6.254927473236637e-06
6.3202149271251225e-06
6.386183770867247e-06
6.45284123579348e-06
6.520194391727418e-06
6.588250624660753e-06
6.657017170804303e-06
6.72650149602925e-06
6.796711095528266e-06
6.86765349626917e-06
6.939336404606776e-06
7.0117674970048786e-06
7.084954635891633e-06
7.1589056548328135e-06
7.233628595736108e-06
7.309131428214253e-06
7.385422391197334e-06
7.462509611633833e-06
7.540401495843298e-06
7.619106358002994e-06
7.698632755865763e-06
7.778989197865038e-06
7.860184414835598e-06
7.94222709017777e-06
8.025126143318493e-06
8.108890448329273e-06
8.193529085011731e-06
8.279051143833126e-06
8.365465876403243e-06
8.452782566583522e-06
8.541010663824355e-06
8.630159652378859e-06
8.720239164515704e-06
8.811258901539158e-06
8.903228681685993e-06
8.99615841800077e-06
9.090058134840267e-06
9.184937952747886e-06
9.280808102313763e-06
9.37767892469324e-06
9.475560856501758e-06
9.574464460718706e-06
9.674400392134042e-06
9.775379435006073e-06
9.87741246779851e-06
9.980510502133767e-06
1.0084684642187012e-05
1.0189946133372949e-05
1.0296306312105046e-05
1.0403776658452803e-05
1.0512368748072723e-05
1.0622094301777346e-05
1.0732965138007035e-05
1.0844993223464445e-05
1.0958190623950638e-05
1.1072569558497037e-05
1.1188142345802763e-05
1.1304921460641906e-05
1.1422919480531292e-05
1.1542149142271252e-05
1.1662623286029516e-05
1.1784354918810414e-05
1.1907357147426453e-05
1.2031643253205496e-05
1.2157226616733678e-05
1.2284120799902626e-05
1.2412339461295718e-05
1.2541896451886275e-05
1.267280571178031e-05
1.2805081387207151e-05
1.2938737705863509e-05
1.3073789116406498e-05
1.3210250138907462e-05
1.3348135532752388e-05
1.3487460114085248e-05
1.3628238960981115e-05
1.377048719073369e-05
1.3914220208945116e-05
1.4059453437782407e-05
1.4206202619587022e-05
1.435448348549584e-05
1.4504312124115218e-05
1.4655704579034142e-05
1.4808677296519052e-05
1.496324663425707e-05
1.5119429408179982e-05
1.527724229282183e-05
1.543670248600401e-05
1.5597826980158838e-05
1.576063336941472e-05
1.5925138963406938e-05
1.6091361769010127e-05
1.625931941103779e-05
1.6429030326885197e-05
1.6600512453668554e-05
1.6773784679305348e-05
1.6948865246635327e-05
1.7125773517729466e-05
1.730452803273071e-05
1.7485148654861667e-05
1.76676542086281e-05
1.7852065087951147e-05
1.8038400387343674e-05
1.8226681067845985e-05
1.841692647105639e-05
1.8609158166235477e-05
1.8803395715662023e-05
1.899966134768713e-05
1.919797480521082e-05
1.939835903252106e-05
1.96008339129871e-05
1.9805423180441553e-05
2.0012146795902498e-05
2.0221029359769344e-05
2.0432090846523795e-05
2.064535682180877e-05
2.0860847183579515e-05
2.1078588580971183e-05
2.129860072844561e-05
2.1520911494350562e-05
2.1745540274726964e-05
2.1972516334047877e-05
2.220185858411354e-05
2.24335978828258e-05
2.2667752459494973e-05
2.2904355010205935e-05
2.3143422833649813e-05
2.3384990758724186e-05
2.362907485308364e-05
2.3875712433563123e-05
2.4124917968937343e-05
2.4376731693122322e-05
2.4631166025634865e-05
2.4888264636924173e-05
2.5148037351759717e-05
2.5410531904516975e-05
2.5675754856228916e-05
2.594375876664376e-05
2.62145461213531e-05
2.6488175225297672e-05
2.6764643499991442e-05
2.7044016114485987e-05
2.73262842168491e-05
2.761152120054483e-05
2.7899710468116262e-05
2.8190935286630248e-05
2.848516952546655e-05
2.8782508321969352e-05
2.908291384256731e-05
2.9386495511632546e-05
2.9693201153920684e-05
3.000315743025353e-05
3.031629459459423e-05
3.06327601301698e-05
3.0952462807489595e-05
3.127557526851326e-05
3.16019800434969e-05
3.193188022740747e-05
3.226512628740075e-05
3.260195822920496e-05
3.2942187383581956e-05
3.3286098456105566e-05
3.3633455155357124e-05
3.398459616382212e-05
3.43392275515569e-05
3.4697752861676494e-05
3.505980840811274e-05
3.5425876886812464e-05
3.579550804035954e-05
3.616928246895056e-05
3.654664349827822e-05
3.692829024570205e-05
3.731353782965654e-05
3.77032286231855e-05
3.8096520722284596e-05
3.849443258761772e-05
3.889592911860177e-05
3.930224425073358e-05
3.971210715303573e-05
4.012701323027986e-05
4.05454060164826e-05
4.096909721024855e-05
4.139618331791808e-05
4.182886166595706e-05
4.2264804126462656e-05
4.270667922699235e-05
4.315164091234745e-05
4.360293072361299e-05
4.405707258689495e-05
4.451800601166996e-05
4.498148570991205e-05
4.545230265739071e-05
4.5925276369263105e-05
4.6406227612899966e-05
4.6888846723265885e-05
4.738019953813089e-05
4.78726054145024e-05
4.837464499871132e-05
4.887697122827384e-05
4.9389999257583767e-05
4.99023701381672e-05
5.0426709831920816e-05
5.094923270398678e-05
5.1485235681538615e-05
5.2017995796440695e-05
5.256604802383361e-05
5.3109101252914225e-05
5.366963485871305e-05
5.4222998948145364e-05
5.4796483386918196e-05
5.536015987800305e-05
5.5947100147910376e-05
5.652104552189719e-05
5.712203299670049e-05
5.770611204587244e-05
5.832181538033763e-05
5.8915856927004386e-05
5.954698768579791e-05
6.0150743098131705e-05
6.0798168706925853e-05
6.141119345223857e-05
6.20759999643831e-05
6.269765187138878e-05
6.338112248073196e-05
6.401059101627785e-05
6.47140342542293e-05
6.535115442525036e-05
6.607319994606891e-05
6.672074411736145e-05
6.74629280935242e-05
6.811641636581094e-05
6.88833405351459e-05
6.953779645314753e-05
7.032964277118668e-05
7.098804745058025e-05
7.180631778622035e-05
7.246393296909541e-05
7.331665127275339e-05
7.396738621352429e-05
7.486317108453146e-05
7.550187967116825e-05
7.644659214160706e-05
7.707081195723035e-05
7.806772184361152e-05
7.867212188880296e-05
7.972934720431392e-05
8.030183903173134e-05
8.143131121603713e-05
8.195855023237367e-05
8.317154800663629e-05
8.364062059226615e-05
8.495504942188105e-05
8.534262589606382e-05
8.67895309404553e-05
8.707063182168491e-05
8.86744823289898e-05
8.882881374893381e-05
9.06166840169291e-05
9.06046212996343e-05
9.262505212881484e-05
9.239625456494364e-05
9.469929654877441e-05
9.420792042509549e-05
9.683967594631079e-05
9.603035771369944e-05
9.905146811505598e-05
9.785508729788045e-05
0.00010133823443244841
9.967517056742544e-05
0.00010373783419231432
0.00010142785452590435
0.0001062818444829499
0.0001031504274207005
0.00010895035565926162
0.00010487747692630481
0.00011180677155349703
0.00010645770798609431
0.00011493830421017597
0.00010790928881465213
0.00011822502793342791
0.00010927885435716372
0.00012178211557384796
0.00011028435975565998
0.0001260159112193578
0.00011041250182445002
0.00013168587466390162
0.00010806070654456558
0.0001422185268105421
9.60384829816031e-05
0.0001428265421590894
0.00011441149427758677
0.00013749848653277577
0.00011801004890749347
0.00012214542670879063
7.728236877014941e-05
8.904138043056204e-05
6.643914371524515e-05
4.009119604013396e-05
5.3005013114986024e-05
1.9046630919500584e-05
5.015760191289519e-05
3.7783710594731495e-05
5.0314210150883735e-05
6.937345542998104e-05
6.264154450371357e-05
9.71024800410944e-05
7.357910764488536e-05
0.00010522352280587343
6.983441145921804e-05
9.469679979311362e-05
4.6593492489387846e-05
7.050562237924726e-05
2.583806974148107e-05
3.8137547892730795e-05
1.4086310448902222e-05
2.4634328217395043e-05
1.55840802259586e-05
3.033968100488128e-05
3.4563356930920734e-05
2.4844275971291712e-05
4.796548839652226e-05
1.9726271714103332e-05
6.168423700579195e-05
2.810534109217583e-05
6.84932146377327e-05
4.329511203952181e-05
7.133740763209641e-05
6.555492538201256e-05
6.210887010811399e-05
7.861227647941387e-05
5.00498615536575e-05
6.910918929173748e-05
4.8919527533709557e-05
4.70306384910753e-05
6.245435223439354e-05
2.8320738468809187e-05
3.155915273320376e-05
2.739351309136509e-05
2.813627488933634e-05
2.329968611186823e-05
3.535070165565336e-05
2.1678404845280433e-05
4.485117598454475e-05
4.000843051061513e-05
3.874555019311174e-05
5.379905417459606e-05
5.6997482844987744e-05
6.612511927363865e-05
4.756510276068197e-05
