0.00011040259062099049
0.0002215465330524574
0.0001530639174356092
0.0002023837823412481
0.0001647380013801421
0.00018426658055245793
0.00016647140884779867
0.00018467079995913334
0.00016509298612278752
0.00018879340174953198
0.0001864411756014331
0.00016716876132700522
0.00018217647173184376
0.00017121206693530074
0.00015794351963270683
0.00015812005020192263
0.00013433773998609735
0.00016464799606833824
0.00011420052929644968
0.00016391451941650588
0.00010220040194681664
0.00015666460575324606
0.00010293570769932185
0.00013078500684009432
0.00011278548046948168
0.00011896101674662308
0.00011587717216078841
0.00011058025873310722
0.00012507902473194558
0.00011087895877289855
0.00013167674093104406
0.00013510831433452352
0.00012939229020984648
0.00014111689270953146
0.0001331587984312729
0.0001428651204977067
0.00013266744265480912
0.0001309293238071804
0.00013879408787332594
0.0001307756257159082
0.00013978700880230708
0.0001365893583849641
0.00014371342553496811
0.00013798109575977827
0.0001289777624096093
0.00014743053194303307
0.00012531080676091708
0.00013239254608068225
0.00013437558065861705
0.00013482176337807216
0.00015136519009755585
0.0001191479285423964
0.0001454160940537806
0.00012484431038901574
0.0001201415282831804
0.00011779075153211247
0.00012748388346868597
0.00011478525793656166
0.00015033844538319958
0.00012031963978982119
0.0001541563849569158
0.00012608939243169182
0.0001548047783182352
0.00012542271404123362
0.00015810056922260673
0.00012691454195717561
0.0001601994190864767
0.00011113429160528627
0.0001719328449087896
0.00010687818778816459
0.00015746525388698722
0.00011481472080718613
0.00016129489907474806
0.00012760353675688693
0.00016947374795610158
0.00012878568859470618
0.00017859161688191398
0.00014310209060979784
0.00015949596797428466
0.0001533481253405942
0.00014121864895046482
0.00013734327956806767
0.0001292200963293098
0.00012610492224941327
0.00014960330539319126
0.00012649490624105174
0.00015767802603067332
0.00011866711210221406
0.0001444618437034403
0.00010427804785291397
0.00015012098168258497
0.00010082844000574517
0.000157364241029359
0.00010521452477827602
0.00016528826932829988
0.00012485068226217593
0.00016799463570101148
0.00012685986709770505
0.0001559029909467613
0.00012948583451526078
0.00015581005865484087
0.00011049406993169158
0.00015137909238644706
0.00011532604215317967
0.0001292506426211216
0.00010859464717424036
0.00013975206099205655
8.402534066528362e-05
0.00013387115352559223
9.577833523916086e-05
0.000130197252470835
8.077307033310953e-05
0.000149495696986567
7.55375174662118e-05
0.00013624689820564796
6.785914340644227e-05
0.00012802650626666086
4.2114515503846773e-05
0.00010891292568681818
4.750780275741878e-05
7.537618528489396e-05
3.9006712414879916e-05
7.583074725456149e-05
3.314275173964068e-05
5.0467575060030115e-05
2.8385887268284255e-05
4.1238069481941224e-05
2.3356110031342312e-05
3.648513075569163e-05
4.678865915516445e-05
3.8145810283971655e-05
6.760787144721886e-05
4.535661966257123e-05
8.610649342635094e-05
4.338553643009326e-05
8.965115791673116e-05
2.2520578533271915e-05
9.860999360954926e-05
3.0686730930575984e-05
8.11144147161458e-05
3.897205995987587e-05
4.927234068422692e-05
1.965559760581775e-05
6.17737432309878e-05
2.5338367870051567e-05
4.716087658678024e-05
3.820097920656187e-05
3.331920505937983e-05
3.4462064762494714e-05
2.387812844843253e-05
5.590667629950546e-05
1.449936895740224e-05
8.409744720446788e-05
2.951298084759589e-05
6.55571327355927e-05
3.724926901802982e-05
4.8657256090124846e-05
5.102616510018439e-05
4.4542636874991236e-05
3.543412924468489e-05
5.373323557528547e-05
1.3732041433618956e-05
3.645264976196192e-05
3.3027184701426185e-05
1.1565439948550642e-05
2.6376948213852034e-06
1.3259173923747965e-05
8.44053592710881e-06
2.6378374037867272e-05
5.691740209541268e-06
5.4807205097700846e-05
6.871618642592431e-06
4.925285167457972e-05
3.317987646184417e-05
8.522578486591563e-05
2.910547104003136e-05
3.808937996058352e-05
2.713920648080939e-05
1.710337338112249e-05
-6.7748601246665725e-06
-9.895247455745103e-06
-2.3870273839466673e-05
-8.948304286364765e-06
-2.970918309771006e-05
1.2423919648653955e-05
-2.09298559624732e-05
1.6878722161675278e-05
-2.7162822483190518e-05
3.489059951480462e-05
-9.156961759157088e-06
3.661955278057225e-05
-1.2600065857393067e-05
4.1406679697848694e-05
-1.3596298985235709e-05
6.085248059636841e-05
6.587086215485797e-06
3.278420886482534e-05
-2.467564314345553e-06
9.385272204032635e-07
-4.107158961457654e-05
5.0917625925905386e-05
-4.172189864155757e-05
7.341560898166437e-05
-0.00012294061985418392
0.00011078434456377275
-0.00020727191692678328
-0.00012368792037404733
-0.00013367301569882736
7.67828544761558e-06
-0.00020807943164645711
0.00011010917069397255
-6.188937829040841e-05
-0.00026093174065237466
6.544598153317903e-05
-0.0003850185848599567
0.00011759553243909042
-0.0005443820368029392
0.0008608067155055449
-0.0012499197414882765
0.0020015727316742516
-0.002845852301008201
0.004556562535228072
-0.008409646317226481
0.013952864747889045
-0.029571590470215087
0.09166634139665104
0.2613294193715402
0.12240727440996432
-0.017421822599951488
-0.05317638799601181
-0.01738775416990697
-0.05994684551814451
-0.01713067000981819
0.0012056012732229902
-0.05362635437972894
-0.09887305242589739
-0.014619300973166207
0.04799743151772246
0.03613626874006368
-0.031681581070800297
-0.0904717124346445
-0.08586626194956148
-0.022112969582340845
0.04708212083609253
0.0779243089617837
0.034973470843074075
0.002926811680627726
-0.02722978091418989
-0.031103373099514886
0.013106618340473976
0.04290684894863153
0.020734129912493363
-0.004313136746954229
-0.02007074508992008
-0.03607760352974752
-0.02870738910400624
-0.0004700471365974172
0.01172793151987438
0.010806625036988194
0.01873759962355584
0.009814780938096634
-0.011231231496231071
-0.016184302986743893
-0.012699410867326715
-0.0012649996437969794
0.020576390464785283
0.014106681080577381
-0.005078594951231916
-0.005746945866080575
0.00011794936946712313
-0.0036019781171383004
-0.0046686663538384274
0.0007846771876975965
0.0006232876956849165
-0.001066363697951375
0.0040651570726553095
0.006890659302250463
0.0008208957899791033
-0.010351549152889642
-0.015888523718016447
-0.00905626779154466
0.0036200081277935293
0.008970714924581662
0.005847404940625737
-0.0005131018005217038
-0.008694435825237323
-0.009673925209339507
-0.0034686682299108805
0.006130429663027803
0.009519984828805776
0.0049409753470580214
0.002537901114139339
0.001033491956371659
-0.00332425811903239
-0.005820765745843362
-0.0031725664311231024
0.0024160844499946416
0.004125957130465777
0.0025864497987719386
-0.0012017890425334403
-0.003923242696770064
-0.004428039348270437
-0.002899782292918514
0.0008096111337520858
0.005156690593177603
0.004231343745635573
0.0001524936116597828
-0.0015750612299445244
-0.00044524688039949273
-0.0002478836418992516
0.0002927123991121477
0.0003338683774631226
0.0003123142577294768
0.00018427569717571497
0.00045549171903343233
0.00012791605007926327
-0.0003674085242698305
-0.0013809408901318768
-0.0009197971048471691
0.000998966905803162
0.003296603928382451
0.0026476580202070363
0.0008355243777092514
-0.0009414950950901845
-0.001582290139337437
-0.0018245078213225306
-0.0005848372601832115
0.00067842063669709
0.0013952726438225412
0.00014107874375114587
-0.0009689445227869344
-0.001967417141281262
-0.0017026577848986272
-0.001292932043686773
8.537611596428495e-05
0.0008564133908879393
0.0014674644202828657
0.00011836457912211526
-0.0007509979684082997
-0.0021496154198029985
-0.001972384045747578
-0.000891632087365727
0.0002376500411068766
0.0007625317183504237
0.00021758783209982436
-0.0006306759747416385
-0.0011299457253099126
-0.0008429938981710493
-0.00020626129262461335
0.0001942928137814567
0.00047752778222415236
0.0005718543624138096
0.0008091689263877969
0.0005747004865373413
0.0005070648574719045
0.0001371670057298459
0.00021037624574043188
0.00021667873106443245
0.0006664284704837949
0.0008503313892054523
0.0006228783341695748
2.1067977158932688e-05
-0.0006059286042418453
-0.001011950245686216
-0.0008547683659761887
-0.0006406226193579824
-0.00028107537905170863
-0.00011195933918031626
-5.051337641141419e-05
-0.00032410044180098524
-0.00042970594733603027
-0.0002048611233833589
0.00016609704452563717
0.000611729801946439
0.0010770694889126937
0.0010454309252497388
0.0010786474080557882
0.0006705564502194361
0.0005223283374900815
0.0004986771917107037
0.0008856538480968605
0.0008120566645188651
0.0005264023814667319
0.00013513166035157315
-0.00016215118118552833
-0.00033116105801116093
-0.00041658851514909733
-0.0002503147917597907
-0.00026530248382662614
-6.836662688815788e-05
-0.0001550132287756354
3.241468660035238e-05
1.5222145012365835e-06
-1.9830299769619858e-05
1.4703113088128246e-05
8.642608675960968e-07
-1.1163218385901859e-05
1.7820503173512637e-05
1.245703845844017e-05
-8.055230334986036e-06
-8.733649841255679e-06
-1.1432809934601874e-05
-7.060954047971077e-06
1.4135419460117301e-06
2.4172994820346175e-06
-5.890539660666607e-06
-2.2913130336542437e-05
-2.1958294377488296e-05
-2.077350814903319e-05
2.045136943441018e-06
1.361755033828589e-05
1.9228915475223413e-05
5.9034089833325834e-06
4.509026104461126e-06
4.634330836571548e-06
1.026152545867274e-05
2.163654464937144e-05
2.62315207120756e-05
2.4181591933455893e-05
1.0090827146043614e-05
5.812989932660907e-06
-4.660316768805955e-06
-2.851136838018527e-06
-8.092550787182529e-06
-4.118977086913078e-06
-3.236727954643604e-06
-1.7568892104925663e-06
-2.9530478244886764e-06
2.0595240448171182e-07
-7.997377025935074e-07
1.1057794532021152e-06
2.5778667653388843e-06
3.2059498493961497e-06
2.4440672016721875e-06
4.527283297487234e-06
3.376703755315748e-06
3.4799040455983446e-06
3.992165550201852e-06
2.95984221517676e-06
3.1728657520865193e-06
3.143342084643158e-06
2.5078128474517774e-06
1.836890179833523e-06
1.5252412188183876e-06
1.5963871033634254e-06
2.0363713222769887e-06
2.2851769826814154e-06
2.8398800533383474e-06
2.2807646007318887e-06
2.2118323279667447e-06
2.05593126548265e-06
2.6260609868855974e-06
2.7788808233936808e-06
3.2950699344610286e-06
3.2936484621940814e-06
3.270169206563475e-06
2.8517920785743847e-06
2.822331081594156e-06
2.6513404185847994e-06
2.798121858529719e-06
2.7076369052452724e-06
2.8199219647069595e-06
2.722510426572169e-06
2.7501574618089513e-06
2.711524457050408e-06
2.866275159781981e-06
2.8194716020489314e-06
2.940421841758826e-06
2.978011791974743e-06
2.9793975734546807e-06
3.0830449157423756e-06
3.1322864918047227e-06
3.142223691166384e-06
3.177224216237943e-06
3.230277818310391e-06
3.2141813588450018e-06
3.269857415615001e-06
3.264822024525327e-06
3.2727229889865147e-06
3.256015840613852e-06
3.3101527622094243e-06
3.316939151171497e-06
3.37913511090724e-06
3.381693551875436e-06
3.4252911555883968e-06
3.4263097883147423e-06
3.4581479301209724e-06
3.487477533972586e-06
3.5414385050430122e-06
3.5717166105758214e-06
3.6199650120080813e-06
3.6404406232367487e-06
3.6705875011698347e-06
3.6883041076812666e-06
3.724789926357378e-06
3.7517587484717924e-06
3.787705857792676e-06
3.815083826988865e-06
3.844694688007666e-06
3.872279616361782e-06
3.903472863275425e-06
3.936812700166452e-06
3.9682770298417205e-06
4.001355317588182e-06
4.034901543265696e-06
4.069262365260639e-06
4.100891422550946e-06
4.139672285595041e-06
4.171894017351738e-06
4.207806094008325e-06
4.242736344705592e-06
4.279669999227042e-06
4.312132380162518e-06
4.350308426716862e-06
4.383322739918505e-06
4.420369085355474e-06
4.4552750087755284e-06
4.49322705851511e-06
4.529399238256993e-06
4.567582753394557e-06
4.604052915361815e-06
4.64238573364266e-06
4.679594787467488e-06
4.718551349552512e-06
4.757653710693821e-06
4.797695841265211e-06
4.837269813117156e-06
4.8774512852249835e-06
4.91747617602299e-06
4.95767470432896e-06
4.998960787076765e-06
5.040034101267213e-06
5.081917668743282e-06
5.123550099104016e-06
5.166035757906426e-06
5.208117225081403e-06
5.2513826216006164e-06
5.294299816118852e-06
5.3383603064642115e-06
5.3818744344390505e-06
5.426701704850196e-06
5.471015025764652e-06
5.516515028082091e-06
5.561581161717176e-06
5.607985039840849e-06
5.653757875364457e-06
5.700846528345661e-06
5.74748960008439e-06
5.795280217093623e-06
5.842643763245229e-06
5.891269459657876e-06
5.939397972530959e-06
5.9887815080594494e-06
6.037761347674409e-06
6.087955211014993e-06
6.1377508103086995e-06
6.188764433937282e-06
6.239352264179963e-06
6.291209516178669e-06
6.342644339891231e-06
6.3953835262417665e-06
6.4477077865415355e-06
6.501316781635982e-06
6.5544781929730445e-06
6.608989686477263e-06
6.663001825383879e-06
6.718433742442176e-06
6.7733467183141724e-06
6.8297139508589075e-06
6.88550190021945e-06
6.942827009522078e-06
6.999511017560019e-06
7.057800308354564e-06
7.115405422466407e-06
7.174690591151413e-06
7.233219402541535e-06
7.293512045217356e-06
7.3529813479561375e-06
7.414303601951881e-06
7.474725211477787e-06
7.537098548334429e-06
7.5984930402810645e-06
7.66192740112949e-06
7.724305357567068e-06
7.788826936344874e-06
7.852199972726548e-06
7.917825859778607e-06
7.982213667667278e-06
8.048961217499369e-06
8.114377190394814e-06
8.182270879523745e-06
8.24872925601621e-06
8.317787569134476e-06
8.38530395358817e-06
8.455547884531878e-06
8.524138891803225e-06
8.595591490721265e-06
8.665273217255433e-06
8.737956985182321e-06
8.808742920781535e-06
8.882680100857576e-06
8.954587416412518e-06
9.02980096648009e-06
9.102845509349758e-06
9.179361091123597e-06
9.253557361578089e-06
9.33139851290411e-06
9.40676328804106e-06
9.485955133125621e-06
9.562504082370101e-06
9.643073364887494e-06
9.720822349329076e-06
9.80279505980161e-06
9.8817600321147e-06
9.965163715870806e-06
1.0045360742481158e-05
1.0130223375849637e-05
1.0211668617929127e-05
1.0298018797849564e-05
1.0380728013646111e-05
1.0468595228314563e-05
1.0552584668251933e-05
1.0641998837644878e-05
1.07272845553162e-05
1.081827677507208e-05
1.0904874595733983e-05
1.09974766337284e-05
1.1085402654659943e-05
1.1179646954610558e-05
1.1268917034247697e-05
1.1364837109066196e-05
1.1455467081235876e-05
1.155309731162507e-05
1.1645102924510888e-05
1.174447863939755e-05
1.183787546545265e-05
1.1939032877097748e-05
1.2033836400705048e-05
1.2136812861191918e-05
1.2233038312616707e-05
1.2337872233533271e-05
1.2435534706115524e-05
1.2542265483942111e-05
1.2641379808608612e-05
1.2750048116054176e-05
1.2850628833142805e-05
1.2961276509724609e-05
1.3063337905088687e-05
1.3176008002996737e-05
1.327956398788777e-05
1.3394300910751832e-05
1.3499365034748164e-05
1.3616214529301827e-05
1.3722799923232606e-05
1.3841809156168266e-05
1.3949928479840417e-05
1.4071146089936085e-05
1.4180811510509757e-05
1.4304287687499353e-05
1.4415510795585547e-05
1.4541297348070721e-05
1.4654089132514509e-05
1.4782239536835972e-05
1.4896610322238523e-05
1.5027179825846752e-05
1.514313919898663e-05
1.5276184885296845e-05
1.5393741651904143e-05
1.552932252194653e-05
1.5648484627666204e-05
1.5786661695619732e-05
1.590743615630708e-05
1.6048272534317602e-05
1.6170665358523244e-05
1.6314226360899067e-05
1.6438242472229904e-05
1.6584595712352415e-05
1.6710238863632847e-05
1.685945436260747e-05
1.6986727038278678e-05
1.7138877343653332e-05
1.7267780670764872e-05
1.742294097053864e-05
1.7553474612924387e-05
1.7711722863657014e-05
1.7843884910120737e-05
1.80053019720965e-05
1.813908882484781e-05
1.8303758602595276e-05
1.843916484982493e-05
1.8607174435579337e-05
1.8744192727274483e-05
1.891563256514758e-05
1.9054253467088475e-05
1.92292175056623e-05
1.936942935915325e-05
1.9548015237492024e-05
1.9689803999120407e-05
1.9872113224127924e-05
2.0015462305600124e-05
2.020160044438282e-05
2.0346490530289535e-05
2.0536567415809252e-05
2.0682976288712345e-05
2.0877106234286867e-05
2.102500856683131e-05
2.1223310591967737e-05
2.1372677745910525e-05
2.157527581684649e-05
2.1726075621981674e-05
2.1933098903915732e-05
2.208529542156105e-05
2.2296878543394817e-05
2.2450431818029085e-05
2.26667151550584e-05
2.2821580955923034e-05
2.304271092840645e-05
2.3198840467643497e-05
2.342496984925326e-05
2.3582309488624905e-05
2.381359774064314e-05
2.3972088678954994e-05
2.420870229914528e-05
2.436828024353615e-05
2.4610393133603684e-05
2.477098794681444e-05
2.5018781800870458e-05
2.5180317132187725e-05
2.5433981848587038e-05
2.5596374741152514e-05
2.585610885655679e-05
2.601926933237759e-05
2.6285280477863723e-05
2.6449111095704688e-05
2.6721616481816934e-05
2.6886011873851565e-05
2.716523880083154e-05
2.7330085177371122e-05
2.7616271573785434e-05
2.778144620255857e-05
2.807484119575921e-05
2.8240211848383143e-05
2.85410763659448e-05
2.8706500732974052e-05
2.9015108136599358e-05
2.918043320815399e-05
2.9497069966900186e-05
2.966213137812687e-05
2.998709777572023e-05
3.0151719111566264e-05
3.048532999547736e-05
3.064932205746641e-05
3.099190763026366e-05
3.1155067658834856e-05
3.1506974313169796e-05
3.166908516658018e-05
3.203067636887297e-05
3.219150565145386e-05
3.25631628734788e-05
3.272246201516463e-05
3.3104585719273376e-05
3.3262089002420066e-05
3.365509968398378e-05
3.38105232115778e-05
3.42148624972755e-05
3.436790310064851e-05
3.478403491151416e-05
3.4934368998864804e-05
3.536278077782785e-05
3.551006311086364e-05
3.595126711996438e-05
3.609512952249157e-05
3.654966421499147e-05
3.668971420591697e-05
3.715814567396315e-05
3.729396502093977e-05
3.777688852627588e-05
3.790803171627513e-05
3.8406073309808254e-05
3.853206592946152e-05
3.904588415852735e-05
3.9166221182408635e-05
3.969650890006497e-05
3.981065287962703e-05
4.035813915167119e-05
4.0465518300808034e-05
4.103097042516097e-05
4.11309765863746e-05
4.171520222261702e-05
4.180718873278828e-05
4.241103816449328e-05
4.249431757958992e-05
4.311868608470725e-05
4.3192527784455736e-05
4.3838358159922763e-05
4.3901985808916105e-05
4.457027103329131e-05
4.462285989653789e-05
4.531464593413633e-05
4.535532003790911e-05
4.6071708819896834e-05
4.609953795366162e-05
4.6841690515803114e-05
4.6855687051983175e-05
4.7624826851168714e-05
4.76239423854094e-05
4.84213588199129e-05
4.8404480620860973e-05
4.923153273486691e-05
4.919747998389872e-05
5.0055600390480626e-05
5.0003120207142704e-05
5.0893819233236576e-05
5.082158247717711e-05
5.174645254262672e-05
5.165304936649573e-05
5.261376961584324e-05
5.2497704768568465e-05
5.3496045962211566e-05
5.335573381564512e-05
5.439356350900315e-05
5.4227322797206073e-05
5.530661081322051e-05
5.5112659073586895e-05
5.6235483283663054e-05
5.6011930973342595e-05
5.718048341429166e-05
5.6925327688936087e-05
5.814192102290578e-05
5.785303917033545e-05
5.91201135038133e-05
5.879525599356006e-05
6.0115386098141214e-05
5.975216923271827e-05
6.112807216553191e-05
6.0723970311892433e-05
6.215851349260416e-05
6.1710850817537e-05
6.320706065489644e-05
6.271300224313674e-05
6.427407335794533e-05
6.373061602623622e-05
6.535992047452616e-05
6.476388317530493e-05
6.646498082176877e-05
6.581299444095065e-05
6.758964258379106e-05
6.687813989473675e-05
6.873430507337307e-05
6.795950788517397e-05
6.989937802152649e-05
6.905728620800974e-05
7.108528309247039e-05
7.017165942084633e-05
7.229245315309326e-05
7.130281219693108e-05
7.352133262984893e-05
7.245092538583149e-05
7.477237942855777e-05
7.361618026611235e-05
7.604606207445861e-05
7.479875302166504e-05
7.73428683205589e-05
7.599881580321825e-05
7.8663296432718e-05
7.721654014090535e-05
8.000786411354075e-05
7.84520890914371e-05
8.137710305077351e-05
7.970562605666477e-05
8.277155833016111e-05
8.097730874691555e-05
8.41917912195486e-05
8.226729251078841e-05
8.563838044010804e-05
8.357572101773349e-05
8.711192388023622e-05
8.490273496228855e-05
8.861303411390502e-05
8.624846511113792e-05
9.01423516798222e-05
8.761303020478537e-05
9.170053814904644e-05
8.899654278846313e-05
9.328827335934635e-05
9.039911237083368e-05
9.490626210356977e-05
9.182083153018325e-05
9.655523714158356e-05
9.326179141469737e-05
9.823594040028795e-05
9.472207434582703e-05
9.994915661965158e-05
9.620173366197153e-05
0.00010169570255110772
9.770080391730636e-05
0.0001034764378907349
9.921925656572507e-05
0.0001052923406309856
0.00010075688788870915
0.00010714468081367151
0.00010231324910955877
0.00010903367145544787
0.00010388978196951722
0.00011096056704836277
0.00010548475603933767
0.00011292393473874524
0.00010710006311338212
0.00011492519705439647
0.00010873194407485108
0.0001169669952104057
0.00011038176259625
0.00011904612780474479
0.00011204538219232696
0.00012116694342169084
0.00011372830517394885
0.00012332511731307216
0.00011543065974900289
0.00012553012222151267
0.00011715191190880716
0.00012777441691995845
0.00011889741514036783
0.00013007116944111012
0.00012065377195513658
0.00013242522304591668
0.00012243491197457695
0.0001348318522839073
0.00012423294351186174
0.00013729560355841931
0.00012604724019708
0.00013981005184141655
0.00012788004168431589
0.0001423715979208361
0.0001297376059942715
0.00014497523061329185
0.0001316090544535101
0.00014763737219316192
0.0001334927748810424
0.00015035205427195236
0.0001353985880871125
0.0001531229002728534
0.0001373188473522972
0.00015596934907846107
0.00013924666043786216
0.00015890088819311073
0.00014119998839896787
0.00016189359007060406
0.0001431710107965914
0.00016496575829943653
0.00014514248673842923
0.0001681238590890917
0.00014712782458716725
0.0001713828764205039
0.00014909788001982941
0.00017477047593519526
0.00015099746797094505
0.00017831457222218828
0.0001527654570771995
0.00018213290433930635
0.0001542222787242694
0.00018657504620416858
0.00015489653974569583
0.00019223903426120024
0.00015509576995417963
0.00017970410879392215
0.00014170549200206908
0.00017005292449458873
0.00014163211617021891
0.00015640548826439504
0.00013127605826285065
0.00015158796926494176
0.00011314995279956747
0.00012791683174453438
0.00010428174224187201
0.00011880450505842187
0.00010513712193791817
9.331836480490612e-05
0.00012078510452866286
9.602749782344614e-05
0.00012169257902940052
0.00010795462980702065
0.0001476647201037491
9.887871684136315e-05
0.00014241720255468417
0.0001256272288119444
0.00013268858701717646
0.00012870894961313837
0.00012523471275648827
0.00011250093602202172
0.00010907416678073134
0.00010311444528567169
9.097021579627224e-05
9.593119067793487e-05
9.54361676047729e-05
6.170456351553468e-05
0.00011262849335123533
6.249051197920177e-05
0.00011240113124411522
9.214410630032234e-05
0.00011180596468702924
9.452405153868442e-05
0.00013932357185043716
8.565111610491774e-05
0.00014371900952600374
0.00011013992952329962
0.00015312415051228464
0.00012603450866766378
0.0001592893021564309
0.00010561082589602205
0.00016809340097665815
9.715114047252377e-05
0.0001312154607720753
0.00011039821886588879
0.00012780385093278247
0.00010619493398152913
0.0001229429355575738
9.64732422192423e-05
0.00014456881634422836
9.011670782759916e-05
0.00013435079045044348
0.00010251410669173248
0.0001307570958593496
0.00010147337385155847
0.00016087873382301888
-2.3568090420311723e-05
4.51089412194516e-06
-1.3943691793465115e-05
-1.3315934099953464e-05
-2.013597970903808e-05
-2.076260849890996e-05
-2.277129958942078e-05
-2.0373054319256873e-05
-2.2344601104620142e-05
-1.2810207010954759e-05
-1.9048310216849507e-05
-1.090153413017162e-05
-1.4160985334191145e-05
-1.3892086088808772e-05
-1.3102264205788525e-05
-1.5489791048866263e-05
-1.4289531256773963e-05
-1.5700259610902893e-05
-2.3394281682979384e-05
-2.5647147243225764e-05
-3.2229920605822076e-05
-3.763525745356519e-05
-4.2202531886048226e-05
-4.3376658908984327e-05
-4.9597482219575604e-05
-4.909032164229806e-05
-4.946762332738744e-05
-5.0228886371581595e-05
-5.047526945237883e-05
-4.819002528039392e-05
-4.6397687500557673e-05
-4.3702181003659966e-05
-4.333513074412782e-05
-4.085058470137799e-05
-4.5426909149866686e-05
-4.036577979796684e-05
-4.14317666783131e-05
-3.908976290866874e-05
-3.500337261294448e-05
-3.300851111263513e-05
-2.910021972888168e-05
-2.9633500104741912e-05
-2.5009061239843912e-05
-2.6947576756269064e-05
-2.4538618437294523e-05
-2.8872108277180818e-05
-2.95173163033555e-05
-3.3378160231632485e-05
-3.469237990650625e-05
-4.3686582502848475e-05
-4.1869408247613376e-05
-5.249257857156503e-05
-5.039364063407002e-05
-5.487547638517533e-05
-5.3147308535095406e-05
-5.6399771578014594e-05
-5.678448701683263e-05
-5.824058501426856e-05
-6.269422818146414e-05
-6.094228657193716e-05
-5.8789465303247276e-05
-6.361783780548468e-05
-5.3624573869428594e-05
-5.883855333891968e-05
-5.55330355817681e-05
-5.291954090996731e-05
-5.331540086569169e-05
-5.068838964879801e-05
-4.8897591798238645e-05
-4.711402984304093e-05
-5.207096132920772e-05
-5.2500424824750386e-05
-5.608588354823089e-05
-5.8469122617930836e-05
-6.357744602124392e-05
-6.314928095412886e-05
-6.017058321713217e-05
-6.256771191892506e-05
-5.5973705468614394e-05
-5.86632062813396e-05
-5.760634854353884e-05
-5.1744187920218826e-05
-5.3821704258055504e-05
-4.9286222839094374e-05
-4.94346304064693e-05
-5.118098420108127e-05
-5.541004858339669e-05
-6.177302769377068e-05
-6.8897662748625e-05
-7.84730979498404e-05
-8.071048218680348e-05
-9.259086089843588e-05
-9.134479403577745e-05
-0.00010264411255603027
-9.937858508076362e-05
-0.00010616591761393861
-0.00010134767106713321
-0.00010529313969934501
-0.0001006001398666783
-0.00010090920541426876
-9.612204380778273e-05
-9.837548167398514e-05
-9.300805883361031e-05
-0.00010150784166919872
-9.766712516072128e-05
-0.00011157599293213478
-0.00010869790550812099
-0.00012520485809671742
-0.0001208128240091863
-0.00013452299100708622
-0.00012901475608432755
-0.00014365963542048479
-0.00013690451120124993
-0.00014883034108858253
-0.00013992761414090304
-0.00014433561216876316
-0.0001413113416627579
-0.00014074493828881168
-0.00013803921757110107
-0.00013988514115453686
-0.00013966006436890745
-0.00014266915012436178
-0.00014223562135643012
-0.00014576710436578602
-0.00015052148510217444
-0.0001551775305738006
-0.00015674921841868903
-0.0001673920364270727
-0.00016626672529991183
-0.0001768725953466253
-0.00017278311105368237
-0.0001827085924347554
-0.0001782998639346447
-0.0001831737207984922
-0.00018021033758975822
-0.0001814709460279785
-0.00017842926101575807
-0.00017854830537420915
-0.00017427014645149546
-0.00017664997866374528
-0.00017207302304869288
-0.0001767942403283911
-0.0001765534593594855
-0.00018190553197236796
-0.0001800334237492831
-0.00019078780486700967
-0.00018575262887876928
-0.00019950082185837492
-0.00019749337773954093
-0.00020620819535700926
-0.00021159940453362272
-0.0002179920967668029
-0.00021562148799760645
-0.00022525064602243387
-0.00021734946612392367
-0.00022766985288419616
-0.0002196070103766206
-0.0002261683768837443
-0.00021581283754103822
-0.00022741413657988412
-0.00021257914047647625
-0.0002264196346449355
-0.00022021137294872404
-0.00023404600461840772
-0.00022660923204293956
-0.000251634354068356
-0.00024042193228595736
-0.0002664084620172956
-0.00025604185934587716
-0.0002775536900050676
-0.0002675764045874099
-0.00028458049493607557
-0.00027066875722253885
-0.00028787326464725215
-0.0002665882860154777
-0.000283084880865058
-0.00026390231408043635
-0.00027779535491119457
-0.0002616951966997456
-0.00027917711303670275
-0.0002590560777217698
-0.0002832562231386994
-0.0002665893775413878
-0.00029324237457556163
-0.0002767902158488188
-0.00030354698173721856
-0.00028087649445443285
-0.00031016271548284913
-0.0002847160790327754
-0.00030585285813814313
-0.00028636610248213815
-0.0003092043743416219
-0.00028130873796179586
-0.00030905293196970213
-0.0002765916269256777
-0.00030512655868839564
-0.00027228642074710534
-0.00030487809265893333
-0.0002753932432850774
-0.00030844373229498153
-0.00027612685931487167
-0.00031932158196692584
-0.00028905171619285396
-0.0003335802274155818
-0.00030513417202352876
-0.00035589888126199735
-0.0003212970554348991
-0.00037562874132811844
-0.0003331943174235511
-0.0003913526259523452
-0.0003404516850862532
-0.00040480319647090874
-0.0003473593319365087
-0.0004097722035089491
-0.0003472486456865682
-0.00040495198889393535
-0.0003438492845285702
-0.0004084993460108133
-0.0003436708005299362
-0.0004164880501769906
-0.0003486294426796632
-0.00042372310775867935
-0.0003534940578723075
-0.00043066001041084783
-0.0003622172868672558
-0.00045272287228204
-0.00033588698517053486
-0.0004056624305882766
-0.0003431983020548289
-0.0004663326929748192
-0.0003728920924002135
-0.000519100900116237
-0.00047392745126180057
-0.0005404376978940526
-0.0004771047495711638
-0.0005969397320299435
-0.0004448347198891101
-0.0005623861441313223
-0.0004621281901369317
-0.0005742495897789665
-0.00043487014810012837
-0.0005859216435610385
-0.0005028184296210189
-0.0005383003622736079
-0.00038221709287674207
-0.0004559224252989654
-0.0003913727963372334
-0.00043112097250644083
-0.00033183198102322754
0.00019887759954715322
-0.0008568456303309479
0.01940460014934771
0.0396078248283675
0.03196508445750755
0.018330503641045583
0.01435589581227493
0.010616551122021799
0.0027104675850841645
-0.0003918488651750787
-0.006769673236976993
-0.009286798245769511
-0.011381390469519628
-0.022117256308135012
-0.031291575844094435
-0.0237266359473135
-0.006555384803876468
0.0018301066534929058
0.00444018423234308
0.003721602472384587
0.001172545188487224
0.0015147484860230838
0.005369860022757895
0.008868103915599113
0.010751493294046528
0.010503352755990045
0.008228905328978926
0.005417108456475314
0.0035326384076891214
0.002387989005066253
0.00366915457516297
0.006242084108706129
0.006323996288712649
0.003049462701115433
-0.0021363428598093243
-0.004465589462740839
-0.003046563075867132
-0.0015559731081523451
-0.0022982633263838445
-0.003717812094362568
-0.0049572657332755555
-0.00657220570992746
-0.008228987158295875
-0.0080748819606974
-0.0039253544325836345
0.0018566312609114063
0.004252940323113402
0.0026639156736619186
0.0006494913671593683
-0.00029546992811041776
-0.0005771687168839835
0.00012544787941288355
0.0020027109210727445
0.00298662675860256
0.0019389755581838003
-0.00031790652100368276
-0.0021580371631562244
-0.00229983807827871
-0.0011054360217373758
0.0004071771362055755
0.0015559215300831322
0.0013885960705979478
-0.00022899515288505272
-0.0018402837006020168
-0.002168627623505464
-0.001157895788756314
0.00013287898662761328
0.00032969380648825014
-0.0002721956387661973
-0.0008613952552701375
-0.0011199356387310553
-0.0010152917799746233
-0.0003555179120457579
0.0009532384281581989
0.002039059037775963
0.001887134869194662
0.0007056042397423479
-0.00038934909520631775
-0.0005859110419480999
-0.0002367900282874394
0.00014437151201522453
0.0003914483382344012
0.0002855445791562205
-0.00035120400299257497
-0.0009999727744171402
-0.0011080136843587408
-0.0006125592104968212
2.0521741977471653e-05
0.0003556349500575768
0.0003667175844591158
0.00013277300065153122
-0.0003286718764156749
-0.000883177798411214
-0.0009855798372285138
-0.0005882731074651897
-0.00024164404004925773
-0.00028965887626621035
-0.0004481458757821621
-0.00043852845014363167
-0.0003065918704483519
-0.00016798710054339862
-6.147896322448345e-06
0.00026047612262932444
0.00041244433304463417
0.0001431993062950985
-0.0003588578644479026
-0.0005985300075347227
-0.0005649255685077099
-0.0004996509600363879
-0.00023076717508789993
3.3145580085485284e-05
-3.131926511324198e-05
-0.00027229193565452074
-0.0003302192970238182
-4.985438299123905e-05
0.00032273245465633775
0.0005271985431649247
0.0006359266625268892
0.0004935215161796438
0.00020693445348083083
-2.9112113989417e-06
-6.852960786455874e-05
-0.0001252019822974693
-0.00017046094874562665
-0.00014747692142636778
-0.0002144481267184909
-0.00034504061347635784
-0.0003287840342840962
-0.0001532541445966458
-4.568727493780653e-05
1.6632712516981816e-05
0.00018165829995401623
0.000467565173891904
0.0006689962041042323
0.0006689251994725848
0.0005433537355490905
0.00036249672815548526
0.0001526547910113571
-3.2670258482206075e-05
-0.0001374907200399673
-0.00030045677186472497
-0.0005572565148789644
-0.000840439697744472
-0.0010053298783895097
-0.0010300827440244075
-0.0009024725258173469
-0.0006804348407800063
-0.0005182568955459598
-0.0004210861558115083
-0.00018228865367871772
0.000167379046198811
0.0004477718255635004
0.000537558924531191
0.000525131684111941
0.0004254738288427813
0.00024128273159832597
7.381552815410218e-05
5.5801422779956006e-05
6.318956171810766e-05
2.8054337271922968e-05
-0.00014406228912846664
-0.00027808265313713257
-0.00031403669056021883
-0.0002964167688203673
-0.0002598196595717874
-0.00015733634072758265
-8.30704625865881e-05
-3.0464937099657426e-05
-1.1392253667120714e-05
5.6483811165481865e-05
7.731003098238395e-05
2.2195778551183677e-05
-1.1471066635095119e-05
3.921334148583323e-05
2.0661766956229887e-05
-3.3487865256915636e-05
-8.570295831556064e-05
-0.0001646654096484683
-0.00019679574003115868
-0.00016625124010114962
-0.0001463728629810348
-9.130339157629894e-05
-2.8186955079927808e-05
2.6658600909939458e-05
2.071595423044704e-05
2.8032081149154987e-05
2.4193051820315512e-05
1.3488648020189569e-05
1.9383322235851555e-05
1.7934286031934284e-05
1.2607288371236181e-05
1.394852753760073e-05
1.710238882211275e-05
1.455849802155623e-05
1.4789778498115484e-05
1.1397618787252313e-05
6.460890270579766e-06
-2.6643165661849685e-07
-3.82656174353383e-06
-5.410505375824547e-06
-4.882998241780285e-06
-6.065982191093042e-06
-5.068403939072932e-06
-2.843615799879472e-06
-1.1294682736145143e-06
-1.871458101198654e-06
1.0275009999333039e-07
2.035868903168234e-06
2.4135339112221155e-06
4.274477516168825e-06
5.72174017918936e-06
3.7581596959316565e-06
2.7563420003447806e-06
6.677056329979239e-07
-1.8596333630503273e-06
-3.150953467385278e-06
-2.397326363233189e-06
-2.5295579075756235e-06
-1.2259130405348753e-06
4.288887522991751e-07
3.087279715967449e-07
1.287685763993378e-07
4.4941732219063094e-07
6.221126053102777e-07
7.619251172627655e-07
1.2139318566960992e-06
1.1286286874968001e-06
9.932751603036698e-07
1.1924146687866684e-06
1.3249712796336693e-06
1.105292231208474e-06
1.0782168458435602e-06
8.005526217289688e-07
7.397082344661984e-07
5.045174039313251e-07
4.0476044824508265e-07
3.9166310279240544e-07
4.4665197423579106e-07
4.2156255786716685e-07
4.930017575699368e-07
4.938213114869611e-07
5.072415625269025e-07
5.132309304744174e-07
6.329223000857014e-07
6.692109286385181e-07
7.458062329632309e-07
8.326095841384987e-07
8.571670981660285e-07
8.280397254593718e-07
8.308243523679943e-07
7.565624995377839e-07
6.730073171123787e-07
6.94098512078832e-07
7.032346354845374e-07
7.0396194750465e-07
7.313481586155512e-07
7.428158951511849e-07
7.176824370276985e-07
7.300813461241199e-07
7.496433503294741e-07
7.587877666099824e-07
7.704038552493533e-07
7.976726091967184e-07
7.981162988765568e-07
8.171651078774661e-07
8.255244545473493e-07
8.385677640761452e-07
8.402961983057901e-07
8.460650259011456e-07
8.454802889054311e-07
8.494089495647008e-07
8.461848653409834e-07
8.532774271554673e-07
8.605412306787388e-07
8.683819898283243e-07
8.721820469128984e-07
8.80844947476012e-07
8.845405881580598e-07
8.924142485566854e-07
9.029376418365957e-07
9.113873549783323e-07
9.203630831596256e-07
9.315528066140445e-07
9.424790009868433e-07
9.493837977384096e-07
9.5761332995987e-07
9.646540579286496e-07
9.702096535881566e-07
9.77138512007383e-07
9.8687734101337e-07
9.937938305341665e-07
1.0019628490718887e-06
1.0100867692461584e-06
1.017985673436284e-06
1.0249901403776765e-06
1.0342355986231206e-06
1.0423457317002753e-06
1.0513178992985065e-06
1.0601517280347248e-06
1.0695151531645648e-06
1.078118587851648e-06
1.0874947048520868e-06
1.0966128330414928e-06
1.1060494845873864e-06
1.115057342536123e-06
1.1242235432986263e-06
1.1332490812261202e-06
1.1425274270938937e-06
1.1517385828447348e-06
1.1614096881444437e-06
1.1709315182065484e-06
1.1803622947276576e-06
1.1901351156388994e-06
1.1998267834572964e-06
1.2096173172220745e-06
1.219595091924319e-06
1.2297724172770254e-06
1.2398296262787908e-06
1.2502087856962072e-06
1.260625387975362e-06
1.2710891453426395e-06
1.2814903699214639e-06
1.2921620069568005e-06
1.302727760318814e-06
1.3134887444537276e-06
1.324295238381624e-06
1.3352920042500847e-06
1.3462124183466828e-06
1.3573630625736988e-06
1.3685066782805538e-06
1.3797782504871545e-06
1.3910981600928206e-06
1.4026141364149652e-06
1.4141387150625115e-06
1.4258310621956326e-06
1.437567763261593e-06
1.4494484194390905e-06
1.4613771860926808e-06
1.4734678895621972e-06
1.485610044673621e-06
1.4978872629827364e-06
1.5102142072141417e-06
1.5226868894405224e-06
1.535225106210339e-06
1.547898451641417e-06
1.5606467628066065e-06
1.573539336694715e-06
1.5864873342753734e-06
1.5995846902621788e-06
1.6127561500954433e-06
1.6260679588170586e-06
1.6394487131663504e-06
1.6529945729139048e-06
1.6666006360815147e-06
1.6803662168916516e-06
1.6942022328237703e-06
1.7082005526671938e-06
1.7222572710137458e-06
1.7364891134887431e-06
1.7507793969653377e-06
1.765246352135344e-06
1.7797696694340869e-06
1.7944818682230003e-06
1.8092434779733235e-06
1.8241983256765074e-06
1.8392027190480678e-06
1.8544068113153739e-06
1.869655649316972e-06
1.8851148026056202e-06
1.9006159361495016e-06
1.9163322868577244e-06
1.932087446556162e-06
1.9480671146451426e-06
1.964081160868333e-06
1.9803276502141685e-06
1.996605506629753e-06
2.01312332027349e-06
2.029667839061481e-06
2.046461073578135e-06
2.0632777452863618e-06
2.080351334380785e-06
2.097443768799936e-06
2.114802919677909e-06
2.1321760572874817e-06
2.149824450869895e-06
2.1674826776229154e-06
2.1854262803204706e-06
2.203373753196936e-06
2.2216173844247163e-06
2.239859710663143e-06
2.2584081848611533e-06
2.2769494338113045e-06
2.2958085339639875e-06
2.3146535343664945e-06
2.333828085441336e-06
2.3529818800075645e-06
2.372477495438043e-06
2.3919447161361283e-06
2.41176701734657e-06
2.431552851873877e-06
2.451707265838988e-06
2.4718165863207896e-06
2.4923089897057726e-06
2.5127469636684148e-06
2.5335831149973797e-06
2.5543550191157115e-06
2.575540941950191e-06
2.596651902114403e-06
2.6181936664469957e-06
2.6396491264690206e-06
2.66155288554428e-06
2.6833582073130288e-06
2.7056303130042938e-06
2.7277909705930014e-06
2.750437776081884e-06
2.7729593412057114e-06
2.7959874409903325e-06
2.8188755135083433e-06
2.8422915659284892e-06
2.865551882656227e-06
2.8893626687180607e-06
2.9130009569899032e-06
2.9372134493644618e-06
2.9612355827239025e-06
2.985856823491565e-06
3.010268739063026e-06
3.0353059659227644e-06
3.0601136276559374e-06
3.0855742031206e-06
3.1107837050294094e-06
3.1366751212518363e-06
3.162292593586954e-06
3.1886225314376924e-06
3.2146541839586586e-06
3.241430455238516e-06
3.26788258083301e-06
3.295113168198826e-06
3.3219921120242386e-06
3.3496851639999562e-06
3.3769973585745153e-06
3.4051611911401056e-06
3.43291312834265e-06
3.4615562414322816e-06
3.489754484938481e-06
3.5188855489644554e-06
3.5475367324262297e-06
3.577164612569801e-06
3.6062754297637055e-06
3.636409179423204e-06
3.6659863952656245e-06
3.6966352624043393e-06
3.7266857000360426e-06
3.757859141438586e-06
3.7883896883873108e-06
3.820097365482946e-06
3.851114968485172e-06
3.883366761545738e-06
3.914878422219068e-06
3.947684433396048e-06
3.979697212527929e-06
4.013067773111427e-06
4.045588780990128e-06
4.079534461855943e-06
4.112570859363799e-06
4.147102473748507e-06
4.180661469616661e-06
4.2157900850877804e-06
4.24987892915139e-06
4.285615875386528e-06
4.3202418592906645e-06
4.356598734706302e-06
4.3917691843724786e-06
4.428757868193175e-06
4.464480141281419e-06
4.50211280091396e-06
4.53839428207276e-06
4.576683384834349e-06
4.613531480405467e-06
4.652489803244684e-06
4.6899119358409915e-06
4.7295525761023355e-06
4.767556179032141e-06
4.807892567424874e-06
4.846485078412036e-06
4.887530989443505e-06
4.9267198436169244e-06
4.968489409325563e-06
5.008282031823165e-06
5.050789754821802e-06
5.091193553863945e-06
5.1344543213500266e-06
5.1754766789676235e-06
5.2195057773664864e-06
5.261154040938428e-06
5.305967171072984e-06
5.348248643659553e-06
5.393861937287895e-06
5.43678386742276e-06
5.48321390381472e-06
5.526783474429811e-06
5.574047298074038e-06
5.618271614825018e-06
5.66638675447565e-06
5.711272833264458e-06
5.760257321020014e-06
5.805812074609383e-06
5.85568446688316e-06
5.90191469051495e-06
5.952694089390387e-06
5.999606445665517e-06
6.051312521807058e-06
6.0989135244748785e-06
6.151566540833157e-06
6.199862537230468e-06
6.2534833741292525e-06
6.302480526906157e-06
6.357090708538141e-06
6.406794975906752e-06
6.462416698039836e-06
6.512833812947691e-06
6.569489972008168e-06
6.620625419589965e-06
6.67833964354634e-06
6.730198637598488e-06
6.788995318139299e-06
6.841582775793387e-06
6.9014871024036806e-06
6.954807617240433e-06
7.015845612895651e-06
7.069903426357876e-06
7.132101985207143e-06
7.1869009563483265e-06
7.2502878834229244e-06
7.305831456616433e-06
7.370435509442344e-06
7.426726679996172e-06
7.492577612739325e-06
7.5496188904128e-06
7.616747500338757e-06
7.674540870421416e-06
7.742979046870954e-06
7.80152592904683e-06
7.8713067046736e-06
7.930607909546663e-06
8.0017655145221e-06
8.06182119730001e-06
8.134391116086919e-06
8.195200727832263e-06
8.269219759107164e-06
8.330781994653463e-06
8.40628831483628e-06
8.468601057012295e-06
8.545634287625455e-06
8.608694548142967e-06
8.687295826653816e-06
8.751099683600768e-06
8.83131173781053e-06
8.8958542692888e-06
8.977721496196195e-06
9.04299671027585e-06
9.126565258327647e-06
9.192566019114353e-06
9.277883875226942e-06
9.344601824464718e-06
9.431718905168805e-06
9.499144378161497e-06
9.588112627499331e-06
9.656234566049476e-06
9.747108057539045e-06
9.815913914308313e-06
9.90874895967183e-06
9.978224598535088e-06
1.0073079863271578e-05
1.0143209452400086e-05
1.0240146075849235e-05
1.0310911977220603e-05
1.0409993698728731e-05
1.0481376348934882e-05
1.0582669643309853e-05
1.0654647426264208e-05
1.0758221644771582e-05
1.0830770763270783e-05
1.093669828146522e-05
1.1009792610303809e-05
1.1118148995902134e-05
1.1191759928760647e-05
1.1302624095831581e-05
1.1376720420582952e-05
1.1490174755414065e-05
1.1564722530905562e-05
1.1680853073004323e-05
1.1755815453968224e-05
1.1874711976998044e-05
1.1950049154795027e-05
1.2071805558997681e-05
1.2147474027819524e-05
1.2272188976313297e-05
1.2348141382959916e-05
1.2475918123702843e-05
1.2552103107899346e-05
1.268305030058622e-05
1.2759411826364505e-05
1.2893643131048403e-05
1.2970121655616034e-05
1.3107754982840834e-05
1.318428708592685e-05
1.3325445804606242e-05
1.34019633735683e-05
1.354677644311764e-05
1.3623206825110764e-05
1.3771809367017242e-05
1.3848073909146063e-05
1.4000608657656517e-05
1.4076621729534493e-05
1.4233239372190632e-05
1.430890876777933e-05
1.4469767383015625e-05
1.4544994386072848e-05
1.4710259725463006e-05
1.478493815924136e-05
1.4954784779650301e-05
1.5028801470800851e-05
1.5203411992791211e-05
1.5276647327326095e-05
1.5456213104657085e-05
1.552853948903987e-05
1.5713261485614022e-05
1.5784542379861804e-05
1.5974631692925487e-05
1.604472052640007e-05
1.624039947750467e-05
1.6309138574630553e-05
1.651064179780879e-05
1.6577859904607224e-05
1.678543626491098e-05
1.6850952189324543e-05
1.7064858690036378e-05
1.7128484932930904e-05
1.7348992324421212e-05
1.7410522293962783e-05
1.7637922495204825e-05
1.7697139978456076e-05
1.7931726650040217e-05
1.7988414638971356e-05
1.8230497375982976e-05
1.8284414500295906e-05
1.8534310829123463e-05
1.8585254645936037e-05
1.8843181326740443e-05
1.8891113132701767e-05
1.9157088856579544e-05
1.9201869551819e-05
1.9476248736494714e-05
1.9517976637373007e-05
1.9800587496698283e-05
1.9838094278240917e-05
2.0130975680760128e-05
2.016169537838477e-05
2.046638837851582e-05
2.0489973697016136e-05
2.0806719806954252e-05
2.0821598615200428e-05
2.1152025613081077e-05
2.1158127617313733e-05
2.150063083681659e-05
2.1501171551010305e-05
2.185464582719836e-05
2.184930548705357e-05
2.2215780983728443e-05
2.2202770832886035e-05
2.2581539406180156e-05
2.2559556611937868e-05
2.2951593045642072e-05
2.2918504366764187e-05
2.3327173299629152e-05
2.3281250012029467e-05
2.370923269786167e-05
2.3650452001655958e-05
2.4099770964223697e-05
2.4028499755423528e-05
2.4502481683678028e-05
2.441654284301644e-05
2.4916681099194503e-05
2.4814883115984972e-05
2.5339537127397887e-05
2.5221044698578668e-05
2.5767859605309675e-05
2.563150971273205e-05
2.620172266053052e-05
2.6043932548046726e-05
2.664012919987064e-05
2.645913716920278e-05
2.7082183479623817e-05
2.6880804189303054e-05
2.7535095779435754e-05
2.7312749112182955e-05
2.7994040112741345e-05
2.7760940856972137e-05
2.845711847949133e-05
2.8215265127299835e-05
2.893774266521591e-05
2.8679735663360647e-05
2.9417729578289512e-05
2.918914331828425e-05
2.9883787988611832e-05
2.9723573768658622e-05
3.0344197503952787e-05
3.030611450745013e-05
3.0708520153389875e-05
3.107634666365687e-05
3.085088756627963e-05
3.217531211535894e-05
3.088022455146264e-05
2.8051411119174246e-05
2.288375064531902e-05
1.8535857722107746e-05
1.870634594317994e-05
7.831309757408939e-06
1.8769515237588498e-05
5.881764053010995e-06
1.6968601804764555e-05
9.13862601162678e-06
1.7518595731181214e-05
4.138680545513887e-06
1.0939238813396245e-05
-4.502777624967974e-06
-7.5731620646734355e-06
-2.1723295481515922e-05
-2.419349244894511e-05
-4.089344918701361e-05
-3.8195608642211727e-05
-4.5952061296866186e-05
-3.854452086336578e-05
-3.8901472750867085e-05
-2.7283630411665205e-05
-2.8078998781363636e-05
-1.4840551995856447e-05
-1.7658097080984493e-05
-5.11511642701978e-06
-1.1321538008537781e-05
7.84920262109495e-07
-9.115440447522472e-06
-2.3900444515548663e-06
-1.3997473372458956e-05
-1.1457443387464177e-05
-2.637727774257073e-05
-2.417183557059318e-05
-3.099343590610531e-05
-2.9795967331005792e-05
-3.3893411359723136e-05
-3.158845711606704e-05
-3.47195228277791e-05
-3.625936578136156e-05
-3.2950146417391355e-05
-3.70036252774045e-05
-2.790753569896581e-05
-2.309752080089171e-05
-1.216000221919271e-05
-9.274684102266818e-06
-5.175904809200285e-06
1.021876468742787e-06
8.118418048131762e-07
5.233773211681201e-06
6.958775478235351e-06
4.474511064254157e-06
4.255180927469928e-06
1.4689452514330079e-06
-7.1381474403672595e-06
-1.1462403029757164e-05
-1.8590862310576693e-05
-2.3040050812585093e-05
-2.8642586649849414e-05
-3.13131244163566e-05
-3.6390402798069064e-05
-3.861388213545545e-05
