-2.6859434775274764e-05
6.489579195505506e-07
-1.6950939226042865e-05
-1.1677315315431023e-05
-2.1656696682918817e-05
-3.2405700165552244e-05
-3.703328819957169e-05
-2.397654479124734e-05
-5.789203566201428e-05
-2.9919576045811633e-05
-6.258278407435356e-05
-4.08776096722036e-05
-6.423018761858026e-05
-5.729373244084919e-05
-5.504574493656053e-05
-6.605330253396478e-05
-4.848926658285841e-05
-7.678665065460496e-05
-5.742239630637504e-05
-6.897598572570769e-05
-6.408130676852032e-05
-6.318191994929065e-05
-4.527837229442562e-05
-9.08833884870909e-05
-3.310313697291837e-05
-8.773691940231498e-05
-5.38210840357835e-05
-8.349687489283598e-05
-7.537697918381028e-05
-6.966354730593872e-05
-6.826341626825516e-05
-8.174365181712545e-05
-5.14911101765006e-05
-7.668112220397035e-05
-5.8655834685433306e-05
-7.657978422603265e-05
-4.846931462561591e-05
-7.398593734429056e-05
-4.543321708335357e-05
-5.797944368141398e-05
-6.0257939475360546e-05
-4.509113681527106e-05
-5.005810388569124e-05
-6.248502246516591e-05
-6.470744761519296e-05
-7.458991543158634e-05
-8.661069172564734e-05
-8.510943307445682e-05
-7.911410387768025e-05
-0.00010258931765199411
-8.781170450594938e-05
-9.426202656421883e-05
-9.469838494868441e-05
-9.283970804399713e-05
-9.587345768465017e-05
-9.114127777563901e-05
-0.00010535541411278639
-0.00010685956380156181
-8.712818560388427e-05
-0.00010494449703353671
-9.330858884047959e-05
-0.00010144230102035587
-9.413183628190962e-05
-0.00010936602062288755
-8.521466151123941e-05
-0.00013384936989220832
-0.00010654827211922438
-0.00012441479060595195
-0.00014645038354028193
-0.00011530478510531658
-0.0001339816977489796
-0.00013079547391320188
-0.00012710581362310056
-0.00013032232639646106
-0.00013490772255224249
-0.00015681068115746803
-0.00012681629828566567
-0.00014921082972837953
-0.00013973720429981816
-0.00014419232440674503
-0.0001396838124505346
-0.00015636676229457839
-0.00015498331430042567
-0.00014128705551767968
-0.00015327985048044142
-0.00015517809252722306
-0.0001725282607334153
-0.0001574807779672681
-0.00018406987447875192
-0.00017497339116072478
-0.00017474534406337745
-0.00019001568195578218
-0.00016391427246284442
-0.00018518722528909908
-0.00016352153808964242
-0.00017081676698609276
-0.0001759435283218943
-0.00016771948422576106
-0.00018236306254849349
-0.0001683462105435719
-0.00019515806574963386
-0.00018720570152264411
-0.00021143922858263034
-0.00017125299845028094
-0.00022401254877737903
-0.00018482120865225682
-0.00022568193231494745
-0.00020267301108266596
-0.00022571779127181717
-0.0001993382467298515
-0.00021819881989488363
-0.00021138772551531433
-0.000214790765550408
-0.0002177118491418511
-0.00021321499368877445
-0.00019924998019287037
-0.00021902872967729067
-0.00019688270567636603
-0.00020426217771544908
-0.0002215826932439989
-0.00017708045151062395
-0.0001832502063467212
-0.00019993169526770222
-0.00017427575934969615
-0.0002092241669138539
-0.00017308772300876038
-0.00020347901310882014
-0.00015501231942869137
-0.00021997166769528417
-0.00012653874325732265
-0.00019787052802240626
-0.00014145295800657433
-0.00018142762589598284
-0.0001437789176739698
-0.00018042446045129487
-0.00014448202581068112
-0.00017560397774609468
-0.0001830626024656593
-0.0001721517674601831
-0.00016391347915125889
-0.00018286882150752643
-0.00016204676160701536
-0.00019577839483816972
-0.0001742486362673737
-0.00020414461685064228
-0.00018898923273051707
-0.00020904932398581961
-0.00021284386728195507
-0.00019690897358231785
-0.0002363432919655384
-0.00019991538353722018
-0.00021411842570234974
-0.000198744470723557
-0.0002361130678500802
-0.0001933630719370624
-0.00022716290749081746
-0.00020949560226518084
-0.0002262414718641529
-0.00020397366244511957
-0.00022328074948034575
-0.00021448485750763795
-0.00024049131617906179
-0.00023617840869859388
-0.00022404723320442388
-0.0002264768687439594
-0.0002573468384029165
-0.0002362398466997202
-0.00029249047708026165
-0.0002849773948678545
-0.0003364266693129964
-0.0002824467064331338
-0.00033276975431075347
-0.0002846510673523467
-0.0003201504293744359
-0.0002414718813158542
-0.0003319318921083382
-0.00023340460888517488
-0.0003206530797113643
-0.00027251051355838484
-0.00033415345435247135
-0.0003024338184449887
-0.0003236769247161672
-0.0002876706119132152
-0.00033018641577556177
-0.00030507327741848136
-0.00033163889535829866
-0.00032362077267225045
-0.00040900297939348883
-0.00032755472980172115
-0.00045201889601977747
-0.0003384923750763065
-0.0004985636053593181
-0.00035180380364852054
-0.0005252448514672029
-0.00029392404457220453
-0.0005860690624335572
-0.0002465747844330503
-0.0006619049251707096
-0.00024324899812564976
-0.0007404228683991012
-0.0001519769467864729
-0.0008117516612565596
-8.345244678638477e-05
-0.0008796646268882341
-7.155520529264232e-06
-0.0012712862601464412
0.0004467818748336833
-0.001347120611998274
0.0005827260718060272
-0.0015381871971026
0.0008873425932342644
-0.002167188500904482
0.0014276821462718367
-0.002684978557052569
0.0018882325945804679
-0.0030638657320430822
0.0027944406151325656
-0.003987989347116071
0.0041624444875965495
-0.005805336649216988
0.006605838019638776
-0.011530592708083778
0.017326385661208844
-0.040398573718096964
0.18061721588123061
0.24883764898997462
0.08082961009115203
-0.038237534476322346
-0.044253137577906734
-0.026040838989738847
-0.06741433407713474
-0.018273036158706235
-0.02911734616181899
-0.08167825615530262
-0.09363477141227482
0.01144602897557712
0.06430011065164143
0.03599516947543879
-0.03662471297563606
-0.0753693720618025
-0.05916838142646502
-0.007945822441935004
0.03363681413997183
0.059154370486197975
0.032848356796721885
0.004061422487602185
-0.0358400714575348
-0.020366784340657525
0.031368548460044804
0.03357789260903055
-0.0019426879584934441
-0.007782384642896859
-0.017787551087613027
-0.034488658604375874
-0.026784086927784972
0.002641028936182878
0.02038587297780934
0.015581980678635185
0.0030955257272821148
-0.015951899992618503
-0.008428097464142173
-0.002618630913032577
-0.0018719537794313072
0.011395314836704466
0.019304802389679947
-0.0011224415557221108
-0.014037889360820077
-0.0008935591429238959
0.008443817782111358
-1.4606600183221334e-05
-0.006295025361040314
-0.0042415771886549075
-0.0008784821006693466
-0.0018895357017126024
0.0011479905640341278
0.005922802741370905
0.0006788743787993353
-0.011820331869461978
-0.014937657660817966
-0.0038368104365384915
0.00579866622814512
0.004647227785837911
0.0002779737755803847
-7.834659070717816e-05
-0.0023543238700534912
-0.004361630905912728
-0.0013016390763449137
0.006509342712192138
0.007642459183873809
0.002583486557694907
0.00048585503966827245
-0.0010575778788369967
-0.0040031374393111364
-0.00530748160608886
-0.0018014059883336257
0.0027556234164737878
0.0032323763806249867
-0.0009965842225181584
-0.00432806448765714
-0.003214055964748187
-0.0009490984550063752
-0.00034468806533151375
0.002574088557598983
0.0044451735144637565
0.0016970257986466553
-0.0012795024419822122
-0.0003842502479089391
0.0012200415789819646
0.0008585881695960113
-0.0007091870784546297
-0.0013077907441725808
-0.0009000651282892154
-0.0005006400484524644
-0.0008688737516826962
-0.0006821719481175316
-0.00038000088144722654
-0.0013528775740278519
-0.0011664918231016237
0.0008950670426427368
0.002803721139763737
0.0022291653371634577
0.0011198261991084606
0.00031744760860357097
-0.0002154233420852619
-0.0008333539673755469
-0.0004490241805233508
0.0008111785975984914
0.0011654536151859923
-0.00014146078565479458
-0.0012965958545589763
-0.001820294750956753
-0.0017942975735919587
-0.001599543600547011
-0.0004451968860672146
0.0005136781647610249
0.0007118970774213599
-0.000802425310701274
-0.0011096749427175637
-0.0017775756123039133
-0.0010136202464114783
-0.0008730457182492802
-0.00047563834591704383
-0.00022006619714004885
-0.000648944222413134
-0.0010422573789006515
-0.0012240282771065407
-0.0006440075582563992
-0.0005264202280216106
-0.00046181018586010356
-0.00039521393539216146
0.00012789771224230948
0.0004449086680234065
0.0004575726524173354
0.00029467811186044304
0.00016493029761146074
-9.301236078992187e-05
-0.00016070441614418103
0.00032548506403458935
0.000534962582211514
0.0004241269911270123
1.640769109963323e-05
-0.0003497241251674285
-0.0006686157963613794
-0.0007386376454733064
-0.0006691439753029164
-0.00047240917503879034
-0.0004347701996733808
-0.0005856847849014996
-0.000814398795582759
-0.0006466866831633406
-0.00037151638320519177
-0.0002392995015066781
7.566032187284388e-06
0.0004110353527974315
0.0004453606989258488
0.00044274585139811437
0.00012424376752532404
0.00015826521124882295
0.00022743607769341162
0.000590084432851568
0.00044618519793229266
0.00027307900896137056
6.267971610684917e-05
-0.00010693908352473238
-0.00035256506259066084
-0.0005077303819216346
-0.0005183546521067028
-0.0005811252762178722
-0.0005968699618428336
-0.0004903148382468785
-0.0003877767717622918
-0.00021692810205820384
-0.00019937049543942834
-0.00021196540130824862
-0.000118822092065375
-6.196015533301251e-05
3.2168411603494e-05
1.1990252746931473e-05
7.744421468194771e-05
-0.000175496882581517
-0.0004387399619617334
-0.00013564608564644806
0.00013070742580001632
-0.00015375453132702391
-0.00021743652185399732
-0.0001660343970727929
-0.0001496303295693582
-0.0002850008045860177
-0.00012200266259739035
7.110457857700689e-05
6.131312241752912e-05
6.543305905730287e-06
0.00010399867409505398
0.00012657782095815557
8.283367355655736e-05
0.00021211971835293777
0.0002698582007756795
0.00026256971429306267
9.534406600925514e-05
-2.28026260390316e-05
-0.00025535363983524115
-0.0003900068031829093
-0.0004142483823737765
-0.00025173732915986503
-0.00021775522616638893
-0.00013602489466062477
-0.00010380578597737563
-9.059445675878282e-05
1.9522771689140866e-05
7.233727585134586e-05
8.443993914053783e-05
-1.7069197282388717e-05
6.77428791203946e-05
1.7472381254756184e-05
1.820775561715498e-05
2.599349822401366e-05
1.2876374664558252e-05
-2.1263180841240965e-06
5.631191649578102e-06
1.1855134532011468e-05
2.248942387749772e-06
1.9128243310850184e-07
-3.389777964956498e-07
-2.47649605128972e-06
-7.236843478768449e-06
-6.544779947253609e-06
1.072439559032848e-06
-5.053223586168908e-07
-2.876996078346152e-06
-4.560884099832576e-06
-1.13557942327323e-06
8.370897238687213e-07
9.549295877751342e-06
1.2590679432528983e-05
1.2602103757741676e-05
5.304723567185577e-06
1.0798159730985367e-06
-3.314498119558658e-06
-5.666941405007513e-06
-3.896782270178516e-06
-5.182603044768654e-06
-5.220885571090933e-06
-5.854581392877901e-06
-2.2284477505873423e-06
-4.425386209827247e-06
-1.1203608842467715e-06
2.8260882688184864e-07
-4.576422121745522e-07
-2.314923947476137e-07
1.613974066899947e-06
7.091727960064899e-07
4.0762330212680184e-07
9.193499057600155e-07
9.885998733760005e-07
2.988286899799212e-07
6.432443298362437e-07
-1.7180676340400238e-07
-4.252228205728348e-07
-6.496293116986995e-07
-1.060160987857153e-06
-1.1797603241634619e-06
-1.595412563924932e-06
-1.4147278423113068e-06
-1.311587088868773e-06
-1.4156845477852637e-06
-1.4860323731706376e-06
-1.492418935690465e-06
-1.3114292096013877e-06
-1.008085328868145e-06
-7.997190187400589e-07
-6.83380826604213e-07
-7.917547534068675e-07
-8.515435921075884e-07
-9.857118764293373e-07
-9.926849653287126e-07
-1.1187343525124321e-06
-1.0168440500346772e-06
-1.118214587317735e-06
-1.2003114315583055e-06
-1.2007440920015853e-06
-1.1862744910476472e-06
-1.279514933913027e-06
-1.1920289198152304e-06
-1.1695612631635786e-06
-1.2021394060747438e-06
-1.2165412673723498e-06
-1.1621519705441879e-06
-1.2101141775008113e-06
-1.1826934037228575e-06
-1.1646279777355719e-06
-1.1906838041601938e-06
-1.1890347143079171e-06
-1.2073862063137052e-06
-1.2186044131077666e-06
-1.248346051421973e-06
-1.2682479386879881e-06
-1.2982354194083058e-06
-1.3185169400461787e-06
-1.33642867813146e-06
-1.3478651217166545e-06
-1.3681503754179192e-06
-1.3873882486844418e-06
-1.4050730134063062e-06
-1.4096296490897706e-06
-1.4209653894304208e-06
-1.4181425152373693e-06
-1.4303072298948365e-06
-1.4370240125987873e-06
-1.4522009574834951e-06
-1.4653644873927285e-06
-1.4782397075323761e-06
-1.4917813311541846e-06
-1.5073473093338372e-06
-1.5168321139198595e-06
-1.536145458860865e-06
-1.5542461676626624e-06
-1.569293820160271e-06
-1.584288113513167e-06
-1.6026676309921733e-06
-1.6151970372911095e-06
-1.6312989124550755e-06
-1.6492326915315677e-06
-1.6634579727858347e-06
-1.6792999454127815e-06
-1.6950683722274928e-06
-1.7103872612398222e-06
-1.7253865292469247e-06
-1.7421212701515792e-06
-1.7576620035179933e-06
-1.7742086315487371e-06
-1.7911582331901245e-06
-1.8085830405022239e-06
-1.8257328146366672e-06
-1.843603282196838e-06
-1.8610218285265365e-06
-1.8793751719451736e-06
-1.8970335790074663e-06
-1.9159048877913365e-06
-1.9341977763779423e-06
-1.95278891858058e-06
-1.97130430796286e-06
-1.9899269893925114e-06
-2.008559398574729e-06
-2.027606626955414e-06
-2.0467122417332706e-06
-2.0662649749177164e-06
-2.0858009346510446e-06
-2.105477947738916e-06
-2.1253925521811474e-06
-2.1456075851838258e-06
-2.165849204347518e-06
-2.1866162455335477e-06
-2.2075440470646157e-06
-2.2284271226467737e-06
-2.2497483666269807e-06
-2.2711816209712522e-06
-2.2927837617484656e-06
-2.3146550669113815e-06
-2.3367712846600147e-06
-2.3589549709004194e-06
-2.38144406991407e-06
-2.4040939698817884e-06
-2.4269331373775216e-06
-2.449979853193714e-06
-2.4732987925610665e-06
-2.496770827173051e-06
-2.520531084566274e-06
-2.5444748576413485e-06
-2.5686934207612335e-06
-2.5930985430285553e-06
-2.6177726466370177e-06
-2.6426716530795174e-06
-2.6678154840967336e-06
-2.693195967059084e-06
-2.7188365811265947e-06
-2.74470544988293e-06
-2.7708213465752344e-06
-2.797179632430235e-06
-2.8237857247557764e-06
-2.8506435064517535e-06
-2.877764751253243e-06
-2.905135286881036e-06
-2.9327725724278577e-06
-2.96066660285298e-06
-2.988815764047451e-06
-3.0172491145119117e-06
-3.0459431126771694e-06
-3.074914306097241e-06
-3.1041660760952074e-06
-3.1336949868319443e-06
-3.1634980438283026e-06
-3.1935948987956927e-06
-3.223972243833001e-06
-3.2546401124606834e-06
-3.2856022516637208e-06
-3.316859437130302e-06
-3.3484086888637934e-06
-3.3802635388981134e-06
-3.412416210442522e-06
-3.4448765608584335e-06
-3.477644215436463e-06
-3.5107252405752347e-06
-3.5441189817326274e-06
-3.577831171709946e-06
-3.611863694657267e-06
-3.6462203577471034e-06
-3.6809030611218285e-06
-3.7159164205796002e-06
-3.7512629408387106e-06
-3.7869456910058656e-06
-3.822968249488977e-06
-3.8593338834449174e-06
-3.896044841896575e-06
-3.933105199727203e-06
-3.970518193108368e-06
-4.008286559997675e-06
-4.046415052607553e-06
-4.084905553848016e-06
-4.123762458922355e-06
-4.162988802229808e-06
-4.20258817333092e-06
-4.2425638716800385e-06
-4.282920432945123e-06
-4.3236603722646085e-06
-4.364788087519425e-06
-4.406307103952523e-06
-4.448220944687048e-06
-4.4905332977418836e-06
-4.533248586632309e-06
-4.576369814812066e-06
-4.619901503309189e-06
-4.663847271398392e-06
-4.708211049938291e-06
-4.7529967447392236e-06
-4.798208563606588e-06
-4.843850356224544e-06
-4.889926322127375e-06
-4.936440575496395e-06
-4.9833972835846814e-06
-5.030800629976688e-06
-5.078654876765034e-06
-5.126964331931614e-06
-5.175733307371562e-06
-5.224966164263709e-06
-5.274667357434577e-06
-5.324841338902103e-06
-5.375492553208976e-06
-5.42662563676591e-06
-5.478245067052654e-06
-5.530355537808229e-06
-5.582961688389914e-06
-5.63606825699783e-06
-5.6896799714485245e-06
-5.743801691539545e-06
-5.798438197849359e-06
-5.853594436875482e-06
-5.909275328886061e-06
-5.9654858651590065e-06
-6.022231083067887e-06
-6.079516098681892e-06
-6.137345995625257e-06
-6.195726004215639e-06
-6.2546613316073404e-06
-6.314157261058716e-06
-6.374219132284763e-06
-6.43485233593779e-06
-6.496062288342737e-06
-6.557854493904967e-06
-6.62023448456218e-06
-6.683207845959306e-06
-6.746780226049424e-06
-6.810957323533161e-06
-6.875744891271973e-06
-6.941148734063585e-06
-7.007174716191719e-06
-7.073828753744225e-06
-7.141116822601023e-06
-7.209044948527002e-06
-7.277619227640997e-06
-7.34684579969941e-06
-7.4167308750958485e-06
-7.487280713104079e-06
-7.558501639767226e-06
-7.630400037005332e-06
-7.702982352442286e-06
-7.77625508748697e-06
-7.850224813196543e-06
-7.924898157325207e-06
-8.000281813776015e-06
-8.076382537812443e-06
-8.153207152778602e-06
-8.230762542014579e-06
-8.309055659460783e-06
-8.388093520381341e-06
-8.467883208943656e-06
-8.548431877750074e-06
-8.629746746443342e-06
-8.711835101931893e-06
-8.794704303431559e-06
-8.87836177828515e-06
-8.962815024052208e-06
-9.048071610674854e-06
-9.134139179207382e-06
-9.22102544459165e-06
-9.308738194623457e-06
-9.397285290805159e-06
-9.48667466950414e-06
-9.576914343297762e-06
-9.668012399553609e-06
-9.759977003544391e-06
-9.85281639834972e-06
-9.946538905658423e-06
-1.0041152925448259e-05
-1.0136666937896402e-05
-1.0233089503528837e-05
-1.03304292654368e-05
-1.0428694948091954e-05
-1.0527895359081774e-05
-1.0628039389750515e-05
-1.0729136016247864e-05
-1.0831194299325969e-05
-1.0934223386734228e-05
-1.1038232513142093e-05
-1.114323100135468e-05
-1.1249228262092889e-05
-1.1356233795528636e-05
-1.1464257193043864e-05
-1.1573308136665454e-05
-1.1683396400813395e-05
-1.17945318525714e-05
-1.1906724453128459e-05
-1.2019984258284516e-05
-1.213432142012881e-05
-1.2249746185878478e-05
-1.2366268901612548e-05
-1.248390001085467e-05
-1.260265005743541e-05
-1.2722529684510613e-05
-1.2843549638041907e-05
-1.2965720763592238e-05
-1.3089054012923457e-05
-1.3213560438514807e-05
-1.333925120177164e-05
-1.3466137567132771e-05
-1.3594230909217547e-05
-1.3723542706484126e-05
-1.3854084552031819e-05
-1.3985868143011684e-05
-1.4118905295271503e-05
-1.425320792900267e-05
-1.4388788085766295e-05
-1.452565791336749e-05
-1.4663829684206584e-05
-1.4803315777131955e-05
-1.4944128701058408e-05
-1.5086281069612989e-05
-1.5229785631756115e-05
-1.5374655241522897e-05
-1.5520902893463757e-05
-1.5668541684523665e-05
-1.5817584860280433e-05
-1.5968045764810826e-05
-1.611993790115885e-05
-1.6273274863836795e-05
-1.6428070416026714e-05
-1.6584338414176174e-05
-1.6742092884341423e-05
-1.6901347945715798e-05
-1.7062117890990027e-05
-1.7224417109543665e-05
-1.7388260173816644e-05
-1.7553661738952493e-05
-1.7720636664107867e-05
-1.7889199878278524e-05
-1.805936652808055e-05
-1.8231151825629524e-05
-1.8404571209048454e-05
-1.8579640184423173e-05
-1.875637447837906e-05
-1.8934789895940288e-05
-1.9114902464922867e-05
-1.9296728288972775e-05
-1.9480283712791646e-05
-1.9665585132735974e-05
-1.985264922153493e-05
-2.0041492674104794e-05
-2.0232132492727095e-05
-2.042458568819565e-05
-2.061886958041985e-05
-2.0815001525412158e-05
-2.101299914476773e-05
-2.1212880159027746e-05
-2.1414662492946768e-05
-2.161836423979213e-05
-2.1824003633163364e-05
-2.2031599147646908e-05
-2.224116932091416e-05
-2.2452733044435978e-05
-2.2666309118887784e-05
-2.288191692246394e-05
-2.3099575450609422e-05
-2.331930465677241e-05
-2.3541123653138263e-05
-2.376505306663987e-05
-2.399111203009799e-05
-2.4219321972031305e-05
-2.4449701903258452e-05
-2.4682274250232162e-05
-2.4917057681162966e-05
-2.5154075891792305e-05
-2.539334691301076e-05
-2.5634896070500426e-05
-2.5878740331859035e-05
-2.6124907214696903e-05
-2.6373411982562377e-05
-2.662428491682922e-05
-2.6877539098000148e-05
-2.713320831987761e-05
-2.7391302668012353e-05
-2.765186010209161e-05
-2.791488637234632e-05
-2.8180426465421887e-05
-2.8448477985925237e-05
-2.8719096401533478e-05
-2.8992268508648512e-05
-2.9268062696978514e-05
-2.95464545337838e-05
-2.982752198641889e-05
-3.0111234353302372e-05
-3.0397675884178852e-05
-3.068681002197786e-05
-3.097872906038289e-05
-3.127338566020219e-05
-3.157089121033716e-05
-3.1871171314606646e-05
-3.217437311691155e-05
-3.24803827110383e-05
-3.278939095410988e-05
-3.3101240006501876e-05
-3.341616172895193e-05
-3.373396854661334e-05
-3.405491263707046e-05
-3.4378789107517016e-05
-3.4705876481907344e-05
-3.503593135430118e-05
-3.536928902439573e-05
-3.5705626759151426e-05
-3.604538817774197e-05
-3.638811856701514e-05
-3.673441180136614e-05
-3.7083653810597686e-05
-3.743660423970326e-05
-3.7792482314023416e-05
-3.815221939422209e-05
-3.851485063346917e-05
-3.8881518729572855e-05
-3.9251012056362304e-05
-3.962476647982255e-05
-4.000122897944265e-05
-4.038222363960279e-05
-4.076577494389853e-05
-4.115415919812374e-05
-4.154492870149225e-05
-4.194085675215931e-05
-4.2338955820130563e-05
-4.274261226727455e-05
-4.314813992296434e-05
-4.3559701572956584e-05
-4.397277605224951e-05
-4.439241563782866e-05
-4.4813179745107544e-05
-4.524105991234384e-05
-4.566963235156865e-05
-4.610597443121007e-05
-4.654241979886532e-05
-4.69874353347238e-05
-4.74320210751782e-05
-4.7884833135643595e-05
-4.833859150992661e-05
-4.8801169822261555e-05
-4.926400346640535e-05
-4.973495449750913e-05
-5.020489637008774e-05
-5.068536719594416e-05
-5.116572904561614e-05
-5.1647780453901215e-05
-5.214572521462059e-05
-5.262942791566689e-05
-5.3149245106498116e-05
-5.363176470920628e-05
-5.416671834254656e-05
-5.465897464610836e-05
-5.520423208060221e-05
-5.5702853204961776e-05
-5.625947104456882e-05
-5.6769428659602075e-05
-5.7333921370830205e-05
-5.7843615176968375e-05
-5.8437259697044654e-05
-5.8928725713317554e-05
-5.955703500995141e-05
-6.003221261949976e-05
-6.0695043321732555e-05
-6.115928946698004e-05
-6.184072316465064e-05
-6.23110557089579e-05
-6.301151541356576e-05
-6.347371819853167e-05
-6.42100248507693e-05
-6.464760722854079e-05
-6.544491524312996e-05
-6.583526458638612e-05
-6.671521039421473e-05
-6.704278861874744e-05
-6.802574437446432e-05
-6.826845558071809e-05
-6.937473164467172e-05
-6.950302241482777e-05
-7.078176540445034e-05
-7.073191445311085e-05
-7.225557819471652e-05
-7.193427623663104e-05
-7.380346227718167e-05
-7.314599683353323e-05
-7.541145971456863e-05
-7.434613407062001e-05
-7.70919591374443e-05
-7.547453045918748e-05
-7.893464239088929e-05
-7.645246093590047e-05
-8.091821092950043e-05
-7.739354472323346e-05
-8.306570924785648e-05
-7.814140056744743e-05
-8.552823213260609e-05
-7.853471154463585e-05
-8.843379998820555e-05
-7.828316008596735e-05
-9.248582469658322e-05
-7.562679483417645e-05
-0.0001026287234683546
-9.446111951679112e-05
-0.00011276708744671664
-8.273643808451944e-05
-0.0001079090557908282
-6.0246212142864547e-05
-0.00011635317308761035
-2.968974437585431e-05
-8.901035211467223e-05
-4.3650997319792e-05
-6.503956063546806e-05
-2.089428124866545e-05
-3.1326507986582674e-05
-3.242104188144996e-05
-2.3010066953962494e-05
-3.983513554242471e-05
-2.2535928750938237e-05
-5.758101338134256e-05
-2.6901240188007293e-05
-4.064279137222351e-05
-5.391064391944035e-05
-4.375626715718604e-05
-5.059102535639113e-05
-7.955754706570723e-05
-3.836752658329404e-05
-7.688859622969458e-05
-6.482068921109663e-05
-5.9345242429563656e-05
-7.631143546775823e-05
-4.7539154286226244e-05
-6.757982051890153e-05
-4.823599002066353e-05
-4.526234313010323e-05
-4.273654475510629e-05
-5.820059946269368e-05
-5.2688970821417134e-05
-4.6125975027522205e-05
-4.514177870120503e-05
-3.4466062825738025e-05
-3.537081524548121e-05
-4.648098423898979e-05
-1.948412317339136e-05
-4.279286494908441e-05
-2.1036847827006863e-05
-2.3726290406961455e-05
-1.0897428624624889e-05
-1.9025283684733136e-05
-1.4304227068282285e-05
-1.4802974225419912e-05
-1.9633311311847035e-05
-1.343756217887359e-05
-2.9291557522608458e-05
-3.504468780757329e-05
-3.5895108169692314e-05
-2.9664717533010648e-05
-5.150921570893811e-05
-3.579532118389462e-05
-5.0145126093531804e-05
-6.429472585091757e-05
-4.9563127299185326e-05
-6.559168466783159e-05
-4.5612366049905986e-05
-5.0548669540692614e-05
-5.9511509173981806e-05
-5.398197800951804e-05
-3.505776629179377e-05
-5.010268048279691e-05
-5.925408224287477e-05
-6.853328667922072e-05
-7.641877644290899e-05
-7.722427215388461e-05
-8.053089550359238e-05
-7.863617697442517e-05
-8.195737009698141e-05
-7.854023921958247e-05
-8.172355613876409e-05
-7.574248334580805e-05
-7.496005733228423e-05
-7.229997582634728e-05
-7.527806634914229e-05
-7.005547069720627e-05
-7.243955136838383e-05
-7.259721930403032e-05
-7.560278618494227e-05
-7.561859042341787e-05
-7.792504761399289e-05
-7.86283212471932e-05
-7.708492130100415e-05
-8.010070885384519e-05
-7.480953441240269e-05
-7.722299563801564e-05
-7.14388412015347e-05
-7.435561022623509e-05
-6.822395120009668e-05
-7.479943754997925e-05
-6.810573651874085e-05
-7.209699041186101e-05
-7.524750771917293e-05
-7.700171495903038e-05
-8.092784844294853e-05
-8.347357087496627e-05
-9.266229963559914e-05
-8.858168449704052e-05
-9.759223664566633e-05
-9.526574246888535e-05
-9.931689760710363e-05
-0.00010068641480335549
-9.876305323004836e-05
-9.519031853138156e-05
-9.675594121163748e-05
-9.14341835275342e-05
-9.154758701095702e-05
-8.809220266060403e-05
-9.140371929292621e-05
-8.730677653028378e-05
-9.392787822342958e-05
-9.047837381659774e-05
-9.726011198116697e-05
-9.573924686227217e-05
-0.00010108832914282984
-0.00010088349089852337
-0.00010406960674072972
-0.00010423217915589208
-0.00010553147324082274
-0.00010684194497426045
-0.00010689093213887862
-0.00010579311346394784
-0.00010313599743448198
-0.00010288096985704943
-0.00010192540351150416
-0.00010460774286440267
-9.949975995834782e-05
-0.00010451481508584064
-0.00010360943514475691
-0.0001052539751659509
-0.00010717597834767179
-0.000110494179731194
-0.00011226120270710165
-0.00011542775118849958
-0.00011807922722819198
-0.00012030591587190351
-0.00012063697737561699
-0.00012273249892308225
-0.00012311329995814515
-0.00012435541373646377
-0.00012181093844040045
-0.00012135091023668325
-0.00011811341783729196
-0.00012209267424927108
-0.00012011124661310807
-0.00012139605060744438
-0.00012276145025404234
-0.00012471384152090248
-0.00012751014533053762
-0.0001306734760879388
-0.00013313043563184176
-0.00013605406389968777
-0.00013920356346980897
-0.00014361905069166557
-0.0001452570409779189
-0.00015146394791798096
-0.00015028388715641568
-0.00015829696357214665
-0.0001547373445231853
-0.00016026257346532434
-0.0001586957588552674
-0.00015885202035377158
-0.00015520943431409604
-0.00015814526510526963
-0.00015686668810465664
-0.00015192405143453486
-0.00015551767703760326
-0.00015097554602568254
-0.00015574402156066488
-0.00015539181908618636
-0.0001598875552391191
-0.00016296936167486527
-0.00016577008291031333
-0.00016985712467251887
-0.00016967391356152104
-0.00017713712390947164
-0.00016988736261410858
-0.0001771505071393771
-0.0001717290418435697
-0.00017137508605003803
-0.0001647634459056923
-0.00016501308352413172
-0.00015965762632097166
-0.00015375971501727686
-0.00015669312981501124
-0.00015264018911589978
-0.00015430487476739325
-0.00015368992265467265
-0.00015552756233522003
-0.00015870738910780529
-0.00015864752945138647
-0.00016206172802399115
-0.00016070724781526213
-0.00016061575907955683
-0.00015913045795296052
-0.0001563605711609122
-0.0001547208682565565
-0.0001538976982279198
-0.00015035607424773536
-0.00015159587899571733
-0.0001490014092298997
-0.00014974981307759285
-0.00015063406420599287
-0.0001563859877691107
-0.00015299123734354694
-0.00016351403059721928
-0.0001607331704547021
-0.00016849288856042943
-0.00017012041935350375
-0.00017395630258234914
-0.00017674404931558677
-0.00018042579200096157
-0.00018242791922070203
-0.00018426275351865468
-0.00018844812823772423
-0.0001868417962038395
-0.0001904666773988005
-0.0001901977813737723
-0.0001916560909734793
-0.0001943507023147328
-0.0001906660585672245
-0.0001943606172630675
-0.00018854267661941982
-0.00019466991210345558
-0.00019429861449308158
-0.000196163570286279
-0.00019781701235051276
-0.0002019125822051738
-0.0002011240482944489
-0.00021091729414486794
-0.00020797655547138538
-0.00021664494520900874
-0.00021488023197412755
-0.0002264837159348906
-0.00022435523387436055
-0.00023205537272286814
-0.00023457586922144287
-0.0002393881962995204
-0.00024243145212551518
-0.0002478580842553863
-0.000250546816855736
-0.0002555746187697896
-0.00025643455744443874
-0.00026450139340984484
-0.00026350431639759727
-0.0002756246308361248
-0.0002725958708612765
-0.00028283140081150426
-0.00028136061961701344
-0.00029280635302305605
-0.0002935338011508865
-0.0002979144357947639
-0.00029966990223689974
-0.00030832544546636467
-0.00031071301858048145
-0.000315079430137864
-0.0003205262035948242
-0.00032589176046225835
-0.0003304501519304591
-0.00033316509062227657
-0.0003361252849153031
-0.00034097779458509706
-0.0003376925602138746
-0.00034951853843213893
-0.00034876153631171043
-0.00035168022822505956
-0.0003545829633723241
-0.00035951273067179345
-0.0003630093933616541
-0.00036667149389485486
-0.0003706914993349654
-0.00037910717053536003
-0.00038370839095466113
-0.00038962955727084986
-0.00039501248889032366
-0.000400522880442608
-0.0004098048585212354
-0.0004118113774750536
-0.00041987339648475727
-0.0004214983845232063
-0.00043574539730586374
-0.0004381216972188244
-0.00044396763498904266
-0.00045242269333168597
-0.00041005850559532194
-0.0004092752354045372
-0.00042658977866508543
-0.0004748986525748906
-0.00047702578663248274
-0.0005079446359084574
-0.0005099613668034405
-0.0005250094171059559
-0.0005123445531660408
-0.0005724398587983186
-0.0005462962759716526
-0.0005649665755867238
-0.0004532224541713459
-0.0005129653369810383
-0.00047346935505763614
-0.0005844369725129043
-0.00044344478068524624
-0.0005259523982462129
-0.0004618256236552516
-0.0006109892227658441
-0.0003546987149470076
-0.0004915058648206276
-0.000397546525317435
-0.0006248169658934078
-0.0001840553712885375
-0.0007370850801278227
0.0001365212874529258
-0.001334866652880518
0.008513444241962079
0.025016316111944596
0.025226600349554665
0.01694072230389274
0.012934190518563767
0.011605966176737814
0.005574886312862845
0.002247024259956087
-0.000729942123297705
-0.003880459227499948
-0.005324812136329024
-0.010663630534686741
-0.017988523707652852
-0.01896796578465265
-0.008958458012050658
0.00011089708692707817
0.0024992581986065954
0.0019374813840188129
0.0019457154647141684
0.004030236594874989
0.005877235485614424
0.006919796002790511
0.007903512798392388
0.009983013527141576
0.01076102178711802
0.008117999496593508
0.005128580324496651
0.0047059638068808664
0.004502016737644363
0.0028108612591697725
0.0018542029735014608
0.001538689824527067
-0.003323694408467242
-0.010309377506897753
-0.012666369259257189
-0.010518546105292015
-0.007867010829464723
-0.004840487357134301
-0.001356409494539165
-0.0005792478042615833
-0.0021425586458674838
-0.0023113765077449893
0.0001426392570559057
0.0029998059620760685
0.004777964572514101
0.0050739067889196895
0.0036045226740577937
0.001337980337681828
0.00012171924220972879
0.000273671152383096
0.0008370115378328253
0.0011143345775351708
0.000910539904064163
-2.149213254147041e-05
-0.0016187659407452364
-0.0025947890467857056
-0.002217797534277738
-0.0012498296280995347
-0.000711516228567067
-0.0006759195661094962
-0.0006694235275119958
-0.0009767076707193694
-0.0015976852642716444
-0.0015995037843943719
-0.00040222534364000185
0.0008221667190110079
0.0012273593182771138
0.0010396119823707982
0.0005960063960942687
-2.3010078767532195e-05
-0.0003935228558842306
6.62972237149112e-05
0.0010286187707195115
0.001559675263034039
0.0012766155956040986
0.0006022857631042585
-0.00013042345813745262
-0.0004791835777829899
-0.00034481635238833115
0.00010488641839844984
0.0003897545770235891
0.00018085701325165163
-0.0004044239719198375
-0.0009991792865215118
-0.0011747627246704786
-0.0008453731595955739
-0.0002478430381588028
0.0002921743334021708
0.0004568964289063346
0.00026160286115290397
-1.0395762544814454e-05
-7.942353597611486e-05
5.322267310124625e-05
0.00032378203004254755
0.0005374762286227278
0.0005419983883889093
0.0003721480822349837
5.9551113088616894e-05
-0.0002673702670971149
-0.00044619954475380694
-0.00043830777844160905
-0.00035324354088679845
-0.00031733270212721344
-0.0004141549540268264
-0.0006773334467495173
-0.0008504793372784907
-0.000809519490400559
-0.0006088788579949587
-0.00020972115950393248
0.00026771468051590367
0.00047302978582738924
0.00032783420349847604
0.00015328744990186234
0.0003745190005821667
0.0007129350244969624
0.0009570381721085185
0.0009683076676481916
0.0006944081295070486
0.00024045587750142744
-0.00014955680501903523
-0.00020715490554406945
-0.00010952189511054128
-4.2174278894606146e-05
-9.804975827047157e-05
-0.00020971414226508232
-0.00031637462633668316
-0.0003357907664070753
-0.00012544422335201874
0.00010182901962235626
0.0002471386384380287
0.0003425303678692524
0.00042617915446204764
0.0004076361638474326
0.00035746912476373755
0.0002861554062458528
0.0002161704848976952
9.710193174458602e-05
-5.422506472869562e-05
-0.00015833997250223796
-0.0002188518574997916
-0.00036966560408072314
-0.0005661626822464974
-0.000607462194003448
-0.00042659399970985284
-0.00022178536924970517
-0.00015784144299647
-0.0001173178158091393
-0.0001102613744047696
-6.107371869806518e-05
8.843281222081823e-05
0.00025251055359483225
0.00032703422449663593
0.00029491716349338453
0.00019209110279478568
0.00010391512641679718
6.287571963818384e-05
6.812881349620217e-05
0.00013560500945604287
0.00016930071113606512
6.304631320130721e-05
-8.216103826992446e-05
-0.00019303499019231141
-0.0002083052083491648
-0.00014209522725633754
-4.158027880602208e-05
-2.9815423930974572e-05
-0.00011780252607749436
-0.00021649615138561408
-0.00024264090167462079
-0.0002316110950469723
-0.0002195504625289557
-0.0002103647438975214
-0.00012384494953372174
-1.373213254254087e-05
5.198399500453442e-05
0.00012533139702666478
0.00021408738877399893
0.00025941088643960863
0.00025302571717308636
0.0002658444117769653
0.0002785767157932578
0.00024625840382378275
0.00017926335518241666
9.06188377029818e-05
2.6753111552570207e-06
-9.992868297343689e-05
-0.00020343012446827325
-0.00030431273919029746
-0.0003312206816908752
-0.00035182287592207435
-0.00034639546365213935
-0.0003020460353163098
-0.00020233288377247458
-0.00014049636552730728
-5.189414003042323e-05
-1.6994583141175268e-05
8.403676713942046e-05
1.522536006161638e-05
5.178722717121364e-05
3.846997584917337e-05
2.9166239348665106e-05
2.3908988195509717e-05
2.0689129803008475e-05
1.0459309992987716e-05
4.9213686658704985e-06
1.8543886596760162e-06
-1.4966789132033528e-06
-2.8354013434795404e-06
-6.00515014117194e-06
-5.550743757223862e-06
-3.992403380032595e-06
-3.099385723975213e-06
-2.5085569283606307e-06
3.0271859807249035e-07
2.291857723794383e-06
3.3197397888486818e-06
4.3844368622702975e-06
6.665838023161281e-06
7.439753342319847e-06
8.613418200608461e-06
6.854373383565092e-06
5.524759974190387e-06
2.9940571933308806e-06
8.401102759105197e-07
-3.599710412380297e-06
-4.003284199722572e-06
-7.140130405242461e-06
-6.670788511268529e-06
-8.792758413271725e-06
-4.910900596651147e-06
-4.324347224760759e-06
-2.60963978565276e-06
-9.82464612690577e-07
5.103549596134128e-07
3.0067712802831586e-07
1.2201101368503286e-06
1.8550285983433946e-06
1.6942453889728416e-06
1.8829060883792195e-06
1.872372460098159e-06
1.1648237014287382e-06
1.0960834260154518e-06
4.897975476036986e-07
-1.302646276979678e-07
-2.448352076712407e-07
-9.163736345733821e-07
-9.609435774356252e-07
-1.3756473228088668e-06
-1.3756225393199867e-06
-1.4902090887179185e-06
-1.4046320534251743e-06
-1.3895895873213268e-06
-1.1981130168591203e-06
-1.1640093141534365e-06
-9.483012735652502e-07
-8.830034499364779e-07
-7.141047999250521e-07
-7.765965713675766e-07
-7.07608107562859e-07
-7.914270324933234e-07
-7.689605163243451e-07
-9.393337023217219e-07
-9.711675256987996e-07
-1.0556210767249843e-06
-1.113408844135563e-06
-1.1744425229998242e-06
-1.1327453415511078e-06
-1.1384766163339462e-06
-1.144852833463356e-06
-1.1137753669042348e-06
-1.096775510500331e-06
-1.1109297909933787e-06
-1.0685313324892883e-06
-1.0588863388314267e-06
-1.0599896634674194e-06
-1.0279944129042972e-06
-1.0548056125786549e-06
-1.0523841908334193e-06
-1.0757625143426817e-06
-1.0848221065133635e-06
-1.1197103598734024e-06
-1.131686968373815e-06
-1.1668414963052158e-06
-1.1857194204890727e-06
-1.2139949929238988e-06
-1.229811144838978e-06
-1.2490792124676816e-06
-1.2596911773432335e-06
-1.2766036513232426e-06
-1.2771263799491166e-06
-1.2907011810151425e-06
-1.2916151604844804e-06
-1.3004772134943385e-06
-1.3050774205425943e-06
-1.3136829891444604e-06
-1.3227775298493025e-06
-1.3329584797902534e-06
-1.3436450533497416e-06
-1.3591426442859943e-06
-1.3729946854992907e-06
-1.3869690372470006e-06
-1.4030342972888587e-06
-1.4181857302007696e-06
-1.431711868791823e-06
-1.4468320304314631e-06
-1.4621255586415916e-06
-1.475163862125036e-06
-1.4910722717599113e-06
-1.5041990258659202e-06
-1.5182752870831102e-06
-1.5314887256788937e-06
-1.5461875685898597e-06
-1.5589685223690901e-06
-1.574257009304154e-06
-1.5883474217642724e-06
-1.603274182057573e-06
-1.6182422701821843e-06
-1.6340036961551966e-06
-1.649405817801737e-06
-1.6659083748403826e-06
-1.6817078063747766e-06
-1.6986114544720798e-06
-1.7148306531712372e-06
-1.731615314792561e-06
-1.7482828121670541e-06
-1.7650723221114048e-06
-1.7818357066113267e-06
-1.7987812078737659e-06
-1.8157538277054598e-06
-1.832866592458768e-06
-1.8501214648910738e-06
-1.8674797741911203e-06
-1.885136558684648e-06
-1.9028873784719555e-06
-1.9208616673024328e-06
-1.93912818068157e-06
-1.95757821932056e-06
-1.976122508777448e-06
-1.995078972897107e-06
-2.0140040501309155e-06
-2.033262165027181e-06
-2.052647214538385e-06
-2.072279266761778e-06
-2.0919912374421596e-06
-2.11201134033881e-06
-2.132077318497573e-06
-2.1523812610014082e-06
-2.172848678606299e-06
-2.1935235779823233e-06
-2.2143365421459877e-06
-2.23541444353128e-06
-2.2566265972202162e-06
-2.2780854413515757e-06
-2.2997201920221785e-06
-2.3215925090862895e-06
-2.3436620841796915e-06
-2.3659590521561065e-06
-2.388465956661342e-06
-2.411196594963705e-06
-2.4341419672728687e-06
-2.457302527214238e-06
-2.4806934886227046e-06
-2.5042940263826294e-06
-2.5281255470435053e-06
-2.5521768638219467e-06
-2.5764553081286058e-06
-2.6009623024825708e-06
-2.6257027028165313e-06
-2.6506686251771805e-06
-2.6758853407002445e-06
-2.7013263934533077e-06
-2.727021690792611e-06
-2.7529563925284765e-06
-2.7791421732356223e-06
-2.805572544733247e-06
-2.8322634605383004e-06
-2.8592002468471337e-06
-2.8864007439191746e-06
-2.9138585761986528e-06
-2.9415784198453436e-06
-2.969560500543783e-06
-2.997812439324175e-06
-3.0263277687309336e-06
-3.0551175272257346e-06
-3.084179112011653e-06
-3.113517439121968e-06
-3.1431336238737256e-06
-3.173031993927559e-06
-3.2032138414869065e-06
-3.2336826330458483e-06
-3.26444149711678e-06
-3.295492564234776e-06
-3.3268398471083367e-06
-3.358484704982291e-06
-3.3904314349180982e-06
-3.4226817660649983e-06
-3.4552392905829268e-06
-3.4881063959799215e-06
-3.5212867123970244e-06
-3.554781985367207e-06
-3.5885967807044777e-06
-3.6227323218117124e-06
-3.657193225223198e-06
-3.691981372079916e-06
-3.727100709584911e-06
-3.7625536149158957e-06
-3.7983442498830823e-06
-3.834474714052306e-06
-3.870949265854238e-06
-3.907770570403318e-06
-3.944942130270325e-06
-3.982467254124962e-06
-4.02034952566017e-06
-4.058591868329935e-06
-4.0971983172126934e-06
-4.136171895102172e-06
-4.175516227160431e-06
-4.215234866201302e-06
-4.255331336106222e-06
-4.295809169977441e-06
-4.336672065886253e-06
-4.377923684668265e-06
-4.4195676267300425e-06
-4.461607748435192e-06
-4.5040476897964575e-06
-4.546891362383989e-06
-4.590142522296328e-06
-4.633805124826327e-06
-4.677883022193285e-06
-4.722380236424676e-06
-4.767300669377122e-06
-4.812648458598891e-06
-4.858427553553014e-06
-4.904642164778647e-06
-4.951296352280444e-06
-4.998394361586825e-06
-5.045940353508782e-06
-5.093938654094623e-06
-5.1423934941337605e-06
-5.19130927537259e-06
-5.240690342643575e-06
-5.290541137069452e-06
-5.340866120584961e-06
-5.391669815568377e-06
-5.442956749846157e-06
-5.494731552942801e-06
-5.546998839857386e-06
-5.599763304385761e-06
-5.653029682270634e-06
-5.706802740198521e-06
-5.761087299931025e-06
-5.815888232278362e-06
-5.871210446603678e-06
-5.927058895219267e-06
-5.983438596989551e-06
-6.04035459146916e-06
-6.097811989757272e-06
-6.155815936074766e-06
-6.214371633327348e-06
-6.273484324524224e-06
-6.333159313915584e-06
-6.39340194285616e-06
-6.4542176185858335e-06
-6.51561178437857e-06
-6.577589950146855e-06
-6.640157665248374e-06
-6.703320542065215e-06
-6.767084237998058e-06
-6.8314544726273945e-06
-6.896437011154257e-06
-6.962037681913598e-06
-7.028262362317162e-06
-7.095116989300936e-06
-7.1626075546339185e-06
-7.230740108101063e-06
-7.299520755110514e-06
-7.368955662130216e-06
-7.439051051426549e-06
-7.5098132060154375e-06
-7.581248468701879e-06
-7.65336324145104e-06
-7.726163988320102e-06
-7.799657234540321e-06
-7.873849567230189e-06
-7.948747635896578e-06
-8.024358154674893e-06
-8.10068789944805e-06
-8.17774371255687e-06
-8.255532500098034e-06
-8.334061234547847e-06
-8.41333695418095e-06
-8.493366765053266e-06
-8.574157839625392e-06
-8.655717419833384e-06
-8.738052815428134e-06
-8.821171406558437e-06
-8.90508064280279e-06
-8.989788045267135e-06
-9.07530120607987e-06
-9.16162779010586e-06
-9.248775534509662e-06
-9.33675225062844e-06
-9.425565823714135e-06
-9.515224214187885e-06
-9.605735458130147e-06
-9.69710766816369e-06
-9.789349033985698e-06
-9.882467823294709e-06
-9.976472382281594e-06
-1.0071371136647191e-05
-1.0167172592240791e-05
-1.0263885335704969e-05
-1.0361518035526332e-05
-1.0460079442537948e-05
-1.0559578390852836e-05
-1.0660023798562956e-05
-1.0761424668707074e-05
-1.0863790089768628e-05
-1.0967129236925596e-05
-1.1071451372421295e-05
-1.1176765846762963e-05
-1.1283082099243372e-05
-1.139040965914169e-05
-1.1498758146143498e-05
-1.1608137271724994e-05
-1.1718556839405286e-05
-1.1830026746328243e-05
-1.1942556983331976e-05
-1.2056157636922268e-05
-1.2170838888717755e-05
-1.2286611018153958e-05
-1.2403484401342629e-05
-1.2521469514367202e-05
-1.264057693153766e-05
-1.2760817329270785e-05
-1.2882201484042642e-05
-1.3004740276244438e-05
-1.312844468839662e-05
-1.3253325808976549e-05
-1.3379394830143401e-05
-1.3506663052797064e-05
-1.3635141882259103e-05
-1.376484283652289e-05
-1.3895777537795639e-05
-1.4027957725161987e-05
-1.4161395242396485e-05
-1.4296102053181457e-05
-1.4432090227941858e-05
-1.4569371958371305e-05
-1.4707959546559051e-05
-1.4847865416419667e-05
-1.4989102105390849e-05
-1.5131682275594137e-05
-1.5275618702226094e-05
-1.5420924292542824e-05
-1.5567612062174024e-05
-1.5715695168931013e-05
-1.5865186873821428e-05
-1.6016100588800517e-05
-1.616844982688673e-05
-1.6322248256344664e-05
-1.6477509649594864e-05
-1.663424793531043e-05
-1.679247714888232e-05
-1.695221148755911e-05
-1.7113465249991443e-05
-1.7276252911998407e-05
-1.7440589036786655e-05
-1.7606488387311042e-05
-1.7773965793778997e-05
-1.7943036312081787e-05
-1.811371504668917e-05
-1.828601734982143e-05
-1.8459958605178655e-05
-1.8635554469264312e-05
-1.881282060804798e-05
-1.8991772989496516e-05
-1.9172427567279784e-05
-1.9354800625218105e-05
-1.9538908413028355e-05
-1.972476753317546e-05
-1.9912394534669388e-05
-2.01018063724654e-05
-2.0293019841537542e-05
-2.0486052280041875e-05
-2.0680920752744853e-05
-2.0877643071745577e-05
-2.107623644911574e-05
-2.1276719102373247e-05
-2.1479108603061903e-05
-2.1683423533465287e-05
-2.188968174908051e-05
-2.2097901941676892e-05
-2.230810296733403e-05
-2.252030308523464e-05
-2.27345221836123e-05
-2.2950778346449645e-05
-2.3169092413822683e-05
-2.3389482442502955e-05
-2.3611969361207936e-05
-2.3836572687721146e-05
-2.406331235612743e-05
-2.429220889281684e-05
-2.4523282852590805e-05
-2.4756554364273905e-05
-2.499204598378516e-05
-2.522977533656181e-05
-2.546976968598961e-05
-2.5712042435774377e-05
-2.5956624980741496e-05
-2.620352907539857e-05
-2.64527862918318e-05
-2.6704411136648984e-05
-2.6958432183034282e-05
-2.721486770254312e-05
-2.7473744199523294e-05
-2.7735081666811773e-05
-2.799890819677191e-05
-2.8265239368657763e-05
-2.8534112255237774e-05
-2.8805532517005148e-05
-2.9079546801435155e-05
-2.9356154882205553e-05
-2.963540797591043e-05
-2.9917303059253072e-05
-3.020189424841839e-05
-3.0489178185658095e-05
-3.0779209464670474e-05
-3.10719815153985e-05
-3.136756036078189e-05
-3.1665923520108425e-05
-3.196715600945168e-05
-3.2271215470529606e-05
-3.2578210885444075e-05
-3.288807433971311e-05
-3.3200943397919755e-05
-3.351671759025987e-05
-3.3835579228148075e-05
-3.415737032290634e-05
-3.4482341946831324e-05
-3.4810270245862174e-05
-3.514146180290273e-05
-3.5475653688639116e-05
-3.581317291525421e-05
-3.6153776229010096e-05
-3.649767927847327e-05
-3.684451652810805e-05
-3.719528954921468e-05
-3.7549159972724184e-05
-3.790688418317039e-05
-3.8266906367134086e-05
-3.8632014281016764e-05
-3.899897826840847e-05
-3.937102177546694e-05
-3.974399383119159e-05
-4.012370449169635e-05
-4.050387621099617e-05
-4.088953566198731e-05
-4.1278800112498195e-05
-4.167169835510102e-05
-4.206904599291493e-05
-4.247014021120887e-05
-4.2876207040682966e-05
-4.328551751327646e-05
-4.3697627531263266e-05
-4.4117185970037016e-05
-4.4535988129799196e-05
-4.496450700127867e-05
-4.539248635574432e-05
-4.5827172795298625e-05
-4.626633996384434e-05
-4.670642397348381e-05
-4.715530208687978e-05
-4.760040693583112e-05
-4.805888697143778e-05
-4.8511348930407805e-05
-4.897428081415349e-05
-4.943772815555653e-05
-4.990527567649111e-05
-5.037668695533979e-05
-5.08522533894912e-05
-5.1330852252649906e-05
-5.181441418129591e-05
-5.2300651862726934e-05
-5.279543895042846e-05
-5.3288806604962315e-05
-5.379392565720043e-05
-5.429848952890072e-05
-5.4813316885530855e-05
-5.532949737377744e-05
-5.585084510171975e-05
-5.6384790437631073e-05
-5.6921243169304746e-05
-5.7459241430384026e-05
-5.800981949025961e-05
-5.8566321005964257e-05
-5.911649127829996e-05
-5.9695254361189247e-05
-6.0256135149044435e-05
-6.0836576034210164e-05
-6.141831457163378e-05
-6.201158656165913e-05
-6.260207041721127e-05
-6.320899967273953e-05
-6.381045829496482e-05
-6.444192904364932e-05
-6.498042400676471e-05
-6.577257875040277e-05
-6.601069691296774e-05
-7.120266292794659e-05
-7.669244790210541e-05
-7.835722333881035e-05
-7.965550007425555e-05
-8.65776009786138e-05
-9.051465758215593e-05
-9.069619962959625e-05
-9.621082162248484e-05
-8.994200927915398e-05
-9.437163660178544e-05
-8.633093647880197e-05
-9.411699352447904e-05
-8.513146739340409e-05
-8.728897931562212e-05
-8.19203542538487e-05
-7.772311584894448e-05
-7.221836558598738e-05
-6.892522857197272e-05
-6.301575736359738e-05
-6.528981014167696e-05
-5.866650474002032e-05
-6.3927095770555e-05
-5.5186841632691094e-05
-6.529495154121231e-05
-5.63764016632636e-05
-6.403828339825553e-05
-6.732993066382954e-05
-7.229300837156823e-05
-7.546311253509868e-05
-8.352829118417321e-05
-8.230815565140744e-05
-8.686487617978679e-05
-8.764300641378284e-05
-9.053243336967933e-05
-8.95012453173632e-05
-9.378129735521132e-05
-8.922076583455218e-05
-8.861090621179534e-05
-8.472613185767112e-05
-8.057157533677824e-05
-8.416995710499689e-05
-7.983989254354342e-05
-8.521171337619897e-05
-7.735817752392449e-05
-8.037791917411911e-05
-7.506814006471871e-05
-7.45356137020723e-05
-6.999974648538664e-05
-7.11033437711267e-05
-6.837575527727678e-05
-6.844076328215696e-05
-6.336125893795224e-05
-6.360811892351054e-05
-6.165903220172679e-05
-6.18574483269624e-05
-6.365757807547847e-05
-6.069432737500432e-05
-6.754148175477004e-05
-6.248660854092734e-05
-6.915594090607695e-05
-6.6508909788774e-05
-7.085876461102004e-05
