-0.0024392426911840053
-0.0032055107267613195
-0.002418875335810612
-0.0033891561696807538
-0.00228867195794387
-0.0034907818483971703
-0.002186072785575524
-0.0037987139480370052
-0.002173363452077138
-0.004140683652973242
-0.002076817078638944
-0.004503004555222179
-0.0019118491735029921
-0.004853675124489273
-0.001676223396781315
-0.005247120249462607
-0.001285552564774378
-0.0057239036688893595
-0.0007910198866399657
-0.006302701971322881
-9.555805812240482e-05
-0.00717241131128255
0.0011843999121834542
-0.00796213936987032
0.0020943112733314657
-0.009220927292940346
0.0030182300673285657
-0.010698239915005982
0.004007485182137883
-0.012519373710260927
0.005288837429527633
-0.014521533230146164
0.006995307029892945
-0.01678466440878409
0.01006442133968257
-0.020387923034542302
0.014275013277373346
-0.025409541473751518
0.021549581186118362
-0.03670807068905192
0.04155014607888201
-0.07590681321821746
0.33629536118123804
0.3347695313310534
0.2578113511577092
0.10419678737107652
0.1341951828012303
0.12204054976306583
0.02760591349269728
0.05904024942299535
-0.0369952975285346
-0.09047777498797052
-0.19036710763698117
-0.21952683184393035
-0.15715253980269278
-0.22242030262564566
-0.1222971534129909
-0.04195991900700215
-0.15846276262837217
-0.1685816446669244
-0.06437806614244508
0.09300646477360897
0.1252171713504556
0.10659524356802227
0.07310608072860532
0.056987204563069466
0.0872295740190665
0.05958024472428447
0.060222057733374953
0.06948338402539293
0.060047905578769475
0.0018336212105290461
-0.010478467662216315
-0.013203276774475341
0.0008407990763156168
0.010805654899282218
-0.054739613105270736
-0.08864135654012555
-0.06620911875869456
-0.023961866909687685
-0.03179395730365106
-0.03871629254408565
-0.02942089937870371
-0.029981884198172125
-0.03148123020630886
-0.017873235770476066
0.00423088875803785
0.01658499305691846
0.025108292956569966
0.031062715356963644
0.019396547955162137
0.017921206353909713
0.014117692613760512
0.026304665216537536
0.025958838881034174
0.017015814139605834
0.00824481261268724
0.001595504368524852
-0.004053589777435701
-0.015417493814194425
-0.012636790166471406
-0.006621952513736697
-0.004685520529250193
-0.016682649441089003
-0.019635022120074494
-0.015484365021120675
-0.00929032063477761
-0.003156347270878988
-0.0015782835528119726
-0.0028275246189843725
-0.0005728390681257552
0.004061102385443766
0.007140769796667674
0.005872817532664885
0.005837579534235119
0.006720257350134817
0.005649268864633902
0.007839678137311948
0.008220037449180512
0.006227810763533478
0.002707957412366891
-0.0008941687350683717
-0.0026790761234331993
-0.006414370926056377
-0.007606498142644924
-0.005061231993518536
-0.0046889218269996645
-0.005518207630160065
-0.007842657534345862
-0.00682333113224406
-0.006062960923927619
-0.006160187872158394
-0.00484891475924908
-0.0002880383719591728
0.002645049727748561
0.0011903503837738133
0.0022309946710968934
0.001909374391593292
0.0013219660697254493
0.0012848349161735373
0.0032619858536452858
0.0033494438605341137
0.0012160315661170502
0.0003312936316602258
0.00012790183992415766
-0.0014144339455843776
-0.00313795051589105
-0.004090287998853118
-0.003513195380538075
-0.0025364164262686034
-0.002383082916204799
-0.0020537486511335457
-0.0017608822318199288
-0.0022039952101639594
-0.0021531702627058938
-0.000858498282775747
0.0006511241877805364
0.001572454124283308
0.002175997429535818
0.0019729866780866835
0.0022221104849749814
0.002435983257957145
0.002390232031354849
0.0014710004626187516
0.0008404400769014108
0.0006797185956185296
-0.0006027251548398819
-0.0013006790686598275
-0.002332189221069117
-0.0026923067154346492
-0.003444464158205541
-0.003775870058637395
-0.003469583143636314
-0.0030117573955066846
-0.0027639647591513063
-0.002491145836155965
-0.001683960442880528
-0.0017146128021298835
-0.0015579878187633417
-0.0009388601006295732
0.00020951036884263405
0.00015876466796563147
0.0005600798795813791
0.00045332890160029276
0.0004921259974742826
0.0004416983246568089
0.0003543820276401304
0.0002922254476063645
0.00022069737225804286
0.00017681813961301128
0.00010799241742205667
9.752816957598438e-05
7.789619069299746e-05
3.972842358718675e-05
4.827003549882827e-06
-8.985714454325978e-06
-2.6514321380250155e-05
-3.4826147822800396e-05
-3.2483388057281005e-05
-2.7218877383856563e-05
-3.119574931403289e-05
-2.4550711708575023e-05
-2.827017365025852e-05
-1.8622077531588556e-05
-1.585364626389583e-05
-8.811852882109616e-06
-9.8738030001903e-06
-3.2035726318950433e-06
-2.874262768072641e-06
1.4767163327227776e-06
1.9759056359416535e-06
3.79489490499158e-06
3.3849986574292605e-06
3.144954306734285e-06
3.2034060930566865e-06
2.4545251727737995e-06
2.5311926312857665e-06
1.7391333725174079e-06
1.4459855218572478e-06
8.154336979728644e-07
6.903552011506327e-07
2.2763590916147908e-07
1.591859350037316e-07
-8.484668534197628e-08
-1.5831634228599223e-07
-3.498665036979695e-07
-2.839411464176727e-07
-3.6688406220702907e-07
-2.497548800605505e-07
-3.03154181536462e-07
-2.0549185840196445e-07
-2.3892187611023255e-07
-1.3989455525649595e-07
-1.4269060648005628e-07
-7.642705140802064e-08
-6.936517900693606e-08
-3.531200216434771e-08
-2.944832815923379e-08
-1.3147235126964585e-08
-1.3638437380315838e-09
-3.7243553822549624e-09
4.399646653940881e-09
-6.615393786046052e-09
-2.4788797043685806e-09
-1.3511545606317843e-08
-1.0749011584466894e-08
-2.054772033771579e-08
-1.9898971710848035e-08
-2.760059455335709e-08
-2.799170362632799e-08
-3.310164653144709e-08
-3.2708864308034213e-08
-3.624002688175018e-08
-3.5897177046422674e-08
-3.830924581943798e-08
-3.776482572839801e-08
-3.925373381896691e-08
-3.85776087210004e-08
-3.952514986832467e-08
-3.9242027729527104e-08
-3.983753313623224e-08
-3.9905603541555944e-08
-4.026810559792319e-08
-4.0597437464822035e-08
-4.0907592606571636e-08
-4.152323280093989e-08
-4.186834228511564e-08
-4.262489893035529e-08
-4.303837911512516e-08
-4.3853320464337306e-08
-4.435632144157882e-08
-4.520211085979036e-08
-4.5793085167149944e-08
-4.662622881236936e-08
-4.727874968553283e-08
-4.809246538473814e-08
-4.879146893769452e-08
-4.959952044328482e-08
-5.03341523899227e-08
-5.113717899195118e-08
-5.189795508912711e-08
-5.27045415856138e-08
-5.349087523799385e-08
-5.4309593519315073e-08
-5.512303090599111e-08
-5.5956857830381616e-08
-5.6797507525310764e-08
-5.765109482066665e-08
-5.852042223380917e-08
-5.939792435140888e-08
-6.029625958971891e-08
-6.119989996787416e-08
-6.21266954690578e-08
-6.305879735491338e-08
-6.401420774493002e-08
-6.497633790107475e-08
-6.596063638157883e-08
-6.695356320209588e-08
-6.796710932434336e-08
-6.8991560325804e-08
-7.003524933948957e-08
-7.109183992057636e-08
-7.216665983116738e-08
-7.3255952718395e-08
-7.436293273234244e-08
-7.548568065670475e-08
-7.662597623439311e-08
-7.778304451358173e-08
-7.895778470629056e-08
-8.015011731307004e-08
-8.136042591727621e-08
-8.258906545894479e-08
-8.383610838142916e-08
-8.510214740320345e-08
-8.638709191304689e-08
-8.769165542148183e-08
-8.901568752982605e-08
-9.035994208645218e-08
-9.172428064871743e-08
-9.310942852402276e-08
-9.451531129056265e-08
-9.59425909825666e-08
-9.739128521311577e-08
-9.88619783606759e-08
-1.0035478262412564e-07
-1.0187021092606871e-07
-1.0340846260054395e-07
-1.049699904019015e-07
-1.0655506385662825e-07
-1.081640971609555e-07
-1.0979741203251815e-07
-1.1145539937962344e-07
-1.1313841851269893e-07
-1.148468522296775e-07
-1.1658108603398304e-07
-1.1834150264486247e-07
-1.2012850753744843e-07
-1.2194249066868786e-07
-1.237838712113068e-07
-1.256530505519115e-07
-1.2755046203353354e-07
-1.2947651922346533e-07
-1.3143166580089857e-07
-1.3341633031769412e-07
-1.354309683632756e-07
-1.3747602434980959e-07
-1.395519654095968e-07
-1.4165925047967057e-07
-1.437983588993639e-07
-1.45969766804626e-07
-1.4817396550904395e-07
-1.504114468723174e-07
-1.526827160263527e-07
-1.5498828185244416e-07
-1.5732866300314976e-07
-1.5970438451643615e-07
-1.6211598001135072e-07
-1.645639917273239e-07
-1.670489697309127e-07
-1.6957147182554075e-07
-1.7213206418575672e-07
-1.7473132270706595e-07
-1.7736983106428697e-07
-1.8004818176198083e-07
-1.827669763814323e-07
-1.8552682619669362e-07
-1.883283505684473e-07
-1.9117217913105881e-07
-1.9405895024769693e-07
-1.969893131052291e-07
-1.9996392526267772e-07
-2.029834551866812e-07
-2.0604858106234095e-07
-2.0915999166638355e-07
-2.123183857756744e-07
-2.1552447257731705e-07
-2.1877897253330452e-07
-2.2208261669318932e-07
-2.254361472625035e-07
-2.288403172265405e-07
-2.3229589123991605e-07
-2.3580364600443954e-07
-2.3936436922128695e-07
-2.429788604283844e-07
-2.4664793183901135e-07
-2.5037240766962246e-07
-2.5415312471114074e-07
-2.579909316802794e-07
-2.6188669111602836e-07
-2.658412779256035e-07
-2.6985558068389013e-07
-2.7393050072821554e-07
-2.780669535155803e-07
-2.822658683987434e-07
-2.8652818855629133e-07
-2.908548712446065e-07
-2.952468884057525e-07
-2.997052267485721e-07
-3.042308876286123e-07
-3.0882488751824745e-07
-3.1348825854380703e-07
-3.1822204839347234e-07
-3.2302732007544535e-07
-3.279051531887827e-07
-3.328566433504626e-07
-3.378829030499259e-07
-3.429850610242504e-07
-3.481642635713364e-07
-3.5342167382435875e-07
-3.587584732442253e-07
-3.641758602221487e-07
-3.69675051834055e-07
-3.752572830098677e-07
-3.8092380818217984e-07
-3.866759000335936e-07
-3.9251485049762204e-07
-3.984419712599156e-07
-4.0445859375492165e-07
-4.1056606986454407e-07
-4.167657708365434e-07
-4.2305908944367115e-07
-4.294474395876921e-07
-4.3593225627902837e-07
-4.4251499618438994e-07
-4.4919713778051457e-07
-4.5598018234968216e-07
-4.6286565327487497e-07
-4.6985509740305343e-07
-4.769500848003975e-07
-4.841522092789035e-07
-4.914630886327406e-07
-4.988843647108377e-07
-5.064177048591436e-07
-5.140648014635273e-07
-5.218273719752569e-07
-5.297071601654754e-07
-5.37705936095494e-07
-5.458254967187406e-07
-5.540676655435735e-07
-5.624342942212035e-07
-5.70927261927211e-07
-5.795484767243066e-07
-5.882998752911451e-07
-5.971834230169767e-07
-6.062011156163487e-07
-6.153549787714548e-07
-6.246470687703773e-07
-6.340794727493528e-07
-6.436543094900937e-07
-6.533737299859593e-07
-6.632399173062131e-07
-6.732550878046917e-07
-6.834214909545722e-07
-6.937414107517637e-07
-7.042171652898999e-07
-7.148511075603042e-07
-7.256456261246422e-07
-7.366031460156498e-07
-7.477261286888593e-07
-7.590170724249869e-07
-7.704785136546793e-07
-7.821130269224097e-07
-7.939232257725415e-07
-8.059117628314572e-07
-8.180813313076601e-07
-8.304346649449373e-07
-8.429745385549192e-07
-8.557037688861763e-07
-8.686252152825466e-07
-8.817417804516184e-07
-8.950564107835937e-07
-9.085720967983053e-07
-9.222918746802297e-07
-9.362188263702109e-07
-9.503560804390021e-07
-9.647068122189961e-07
-9.792742452050147e-07
-9.940616520235854e-07
-1.009072354207427e-06
-1.0243097236565211e-06
-1.039777182884876e-06
-1.0554782066802236e-06
-1.0714163217657481e-06
-1.0875951082242943e-06
-1.1040182003852449e-06
-1.1206892875058327e-06
-1.137612114345335e-06
-1.154790482129145e-06
-1.1722282495536113e-06
-1.1899293339071026e-06
-1.2078977113250122e-06
-1.2261374178895723e-06
-1.2446525506637496e-06
-1.2634472691328003e-06
-1.2825257947740587e-06
-1.3018924132600362e-06
-1.3215514746440366e-06
-1.341507395617031e-06
-1.3617646581528392e-06
-1.3823278130382921e-06
-1.4032014791012792e-06
-1.4243903455543605e-06
-1.445899171600984e-06
-1.4677327892162473e-06
-1.4898961019776946e-06
-1.5123940900734628e-06
-1.5352318056341407e-06
-1.5584143798347272e-06
-1.581947018320165e-06
-1.6058350091330276e-06
-1.63008371752843e-06
-1.654698590248388e-06
-1.6796851567454484e-06
-1.70504902965345e-06
-1.7307959070333393e-06
-1.7569315713169414e-06
-1.7834618937782095e-06
-1.8103928345128417e-06
-1.8377304422515818e-06
-1.8654808583290494e-06
-1.893650315829172e-06
-1.9222451430687265e-06
-1.9512717625107517e-06
-1.980736694610647e-06
-2.010646558672693e-06
-2.0410080728105844e-06
-2.0718280571304336e-06
-2.1031134344049254e-06
-2.134871232437421e-06
-2.1671085854639387e-06
-2.1998327343992694e-06
-2.2330510301509475e-06
-2.266770934586035e-06
-2.3010000223862986e-06
-2.33574598194669e-06
-2.3710166184281317e-06
-2.406819854535976e-06
-2.443163733155916e-06
-2.4800564181000264e-06
-2.5175061960621206e-06
-2.5555214795765398e-06
-2.5941108081602507e-06
-2.633282850193503e-06
-2.673046404491272e-06
-2.713410403332086e-06
-2.7543839138219513e-06
-2.795976139638185e-06
-2.838196423405985e-06
-2.8810542492484735e-06
-2.924559244336239e-06
-2.968721181268244e-06
-3.0135499798685655e-06
-3.0590557100074883e-06
-3.105248593572585e-06
-3.152139007062127e-06
-3.19973748312552e-06
-3.248054713994586e-06
-3.297101553133286e-06
-3.3468890178606214e-06
-3.397428291845167e-06
-3.4487307276395013e-06
-3.5008078495372963e-06
-3.553671355396512e-06
-3.607333119774042e-06
-3.6618051968903553e-06
-3.7170998229071883e-06
-3.773229418427282e-06
-3.830206591705354e-06
-3.888044141447944e-06
-3.946755060038262e-06
-4.006352535411428e-06
-4.066849955006169e-06
-4.128260907959244e-06
-4.190599189310418e-06
-4.253878802047695e-06
-4.318113960555953e-06
-4.383319093886895e-06
-4.449508848978698e-06
-4.51669809439087e-06
-4.5849019222818366e-06
-4.654135653377189e-06
-4.724414839823304e-06
-4.795755268280355e-06
-4.868172963714892e-06
-4.9416841933725905e-06
-5.0163054700681255e-06
-5.092053556045664e-06
-5.168945466338306e-06
-5.246998473011286e-06
-5.326230109344715e-06
-5.406658173182088e-06
-5.488300730514817e-06
-5.571176121011226e-06
-5.655302960939565e-06
-5.740700147494407e-06
-5.827386863504688e-06
-5.91538258136199e-06
-6.004707067379898e-06
-6.09538038674935e-06
-6.187422906617657e-06
-6.280855303496431e-06
-6.375698563619581e-06
-6.4719739930919895e-06
-6.569703216776149e-06
-6.668908189157597e-06
-6.769611193303653e-06
-6.871834850345412e-06
-6.975602122925081e-06
-7.080936319715358e-06
-7.187861102561161e-06
-7.296400489507178e-06
-7.406578862015779e-06
-7.518420968714509e-06
-7.631951932760613e-06
-7.74719725734447e-06
-7.864182828835192e-06
-7.982934926180872e-06
-8.103480224631952e-06
-8.225845802256517e-06
-8.350059145963043e-06
-8.476148156787773e-06
-8.604141159073255e-06
-8.73406690366749e-06
-8.865954575595263e-06
-8.999833800652423e-06
-9.135734651980918e-06
-9.273687656940902e-06
-9.413723803750225e-06
-9.555874548632581e-06
-9.700171822930306e-06
-9.846648040035249e-06
-9.995336102648373e-06
-1.0146269410501389e-05
-1.029948186755041e-05
-1.045500789005903e-05
-1.0612882413479213e-05
-1.0773140901111687e-05
-1.0935819351865113e-05
-1.1100954307848021e-05
-1.1268582863208261e-05
-1.1438742672504124e-05
-1.1611471958542473e-05
-1.1786809521335123e-05
-1.1964794746745786e-05
-1.2145467615495668e-05
-1.2328868712052334e-05
-1.2515039233726454e-05
-1.270402099983557e-05
-1.28958564610211e-05
-1.3090588709434986e-05
-1.328826148758988e-05
-1.3488919198550531e-05
-1.3692606915659917e-05
-1.3899370393417269e-05
-1.4109256076905472e-05
-1.4322311112578682e-05
-1.4538583358843547e-05
-1.4758121396925956e-05
-1.4980974541256228e-05
-1.5207192851332497e-05
-1.5436827142267188e-05
-1.5669928996817246e-05
-1.590655077649038e-05
-1.6146745633401462e-05
-1.6390567522245585e-05
-1.6638071212599483e-05
-1.6889312301303437e-05
-1.7144347224151087e-05
-1.7403233269476288e-05
-1.7666028590888043e-05
-1.7932792219888395e-05
-1.8203584079190885e-05
-1.8478464996653156e-05
-1.8757496718635946e-05
-1.9040741923959125e-05
-1.9328264237609537e-05
-1.9620128245519163e-05
-1.991639950887534e-05
-2.0217144579115877e-05
-2.0522431012094536e-05
-2.083232738425277e-05
-2.1146903307210922e-05
-2.1466229444451652e-05
-2.1790377525464063e-05
-2.211942036335027e-05
-2.2453431870974824e-05
-2.2792487077243333e-05
-2.313666214365435e-05
-2.348603438212006e-05
-2.3840682271958997e-05
-2.4200685477262075e-05
-2.4566124865274324e-05
-2.493708252468516e-05
-2.5313641783391357e-05
-2.5695887227545125e-05
-2.608390472044476e-05
-2.6477781422567018e-05
-2.6877605809745217e-05
-2.7283467694617236e-05
-2.769545824534225e-05
-2.8113670007603564e-05
-2.853819692349299e-05
-2.8969134354292882e-05
-2.940657910119901e-05
-2.985062942700541e-05
-3.0301385078735765e-05
-3.075894730918604e-05
-3.122341890040518e-05
-3.169490418560234e-05
-3.2173509074789625e-05
-3.26593410766708e-05
-3.3152509323280034e-05
-3.365312459426023e-05
-3.416129934310044e-05
-3.467714772025166e-05
-3.520078560085611e-05
-3.573233060823059e-05
-3.6271902144141555e-05
-3.681962141173587e-05
-3.7375611445180376e-05
-3.793999713512107e-05
-3.8512905260194375e-05
-3.909446451151252e-05
-3.968480552513326e-05
-4.028406090794299e-05
-4.089236527162691e-05
-4.150985525757129e-05
-4.213666957354344e-05
-4.27729490187444e-05
-4.341883652230947e-05
-4.4074477167436814e-05
-4.4740018232239213e-05
-4.541560921411257e-05
-4.610140187363311e-05
-4.6797550256706634e-05
-4.7504210741981996e-05
-4.8221542062468274e-05
-4.894970535610681e-05
-4.968886418489841e-05
-5.043918459061644e-05
-5.120083511141676e-05
-5.197398684291335e-05
-5.27588134505532e-05
-5.355549123701965e-05
-5.4364199150823216e-05
-5.518511886112832e-05
-5.601843476004016e-05
-5.6864334046068804e-05
-5.772300672016693e-05
-5.859464567980208e-05
-5.9479446704778505e-05
-6.037760856465865e-05
-6.128933299341319e-05
-6.221482481275596e-05
-6.31542918913009e-05
-6.410794528729493e-05
-6.507599918984495e-05
-6.605867108469467e-05
-6.705618167298505e-05
-6.80687550639698e-05
-6.909661866761089e-05
-7.014000342063043e-05
-7.119914364444799e-05
-7.227427731172978e-05
-7.336564586341238e-05
-7.447349452561732e-05
-7.55980720731019e-05
-7.67396312075716e-05
-7.789842825828026e-05
-7.907472363402764e-05
-8.026878144450729e-05
-8.14808700431637e-05
-8.271126155284954e-05
-8.396023251921395e-05
-8.522806331627694e-05
-8.651503893629408e-05
-8.782144824952476e-05
-8.914758495925284e-05
-9.049374668219207e-05
-9.186023610623139e-05
-9.324735985057997e-05
-9.465542987286486e-05
-9.608476205684598e-05
-9.75356779240531e-05
-9.900850289032686e-05
-0.0001005035683496686
-0.00010202120952073777
-0.00010356176799130137
-0.00010512558906206222
-0.00010671302484563275
-0.00010832443100299819
-0.00010996017052451496
-0.00011162060971355383
-0.00011330612280484103
-0.00011501708702574395
-0.00011675388824345008
-0.0001185169148904512
-0.00012030656487512913
-0.00012212323811644672
-0.0001239673449983824
-0.00012583929720211314
-0.00012773951804756728
-0.00012966843124735816
-0.00013162647355272343
-0.00013361408095512482
-0.0001356317041772882
-0.0001376797917246957
-0.0001397588088664144
-0.00014186921683466077
-0.00014401149607273984
-0.00014618612072374824
-0.00014839358709381467
-0.0001506343823735011
-0.00015290901949811938
-0.00015521799878603654
-0.0001575618506558193
-0.0001599410885645572
-0.00016235626137504466
-0.0001648078956159488
-0.0001672965596714788
-0.0001698227929708418
-0.00017238718464739847
-0.0001749902867191691
-0.00017763271048691891
-0.0001803150200639478
-0.00018303785056246003
-0.00018580177748365057
-0.0001886074616597195
-0.00019145548902783699
-0.00019434654835389286
-0.0001972812347416134
-0.00020026026750576912
-0.00020328424921572117
-0.00020635393286688253
-0.000209469926305252
-0.00021263301969230534
-0.00021584382336958504
-0.00021910316901312165
-0.0002224116661574036
-0.00022577019264560685
-0.0002291793526427764
-0.0002326400768793938
-0.0002361529584119659
-0.00023971898937170266
-0.00024333874434105804
-0.00024701328674494455
-0.0002507431645434781
-0.0002545295226970966
-0.00025837287370416326
-0.0002622744555353374
-0.0002662347323241065
-0.0002702550511300939
-0.000274335808095375
-0.00027847848126520745
-0.00028268337502256025
-0.0002869521273002281
-0.00029128492587875946
-0.00029568359304962843
-0.0003001481781868344
-0.00030468071477291825
-0.00030928108279496534
-0.00031395157203131406
-0.0003186918372867964
-0.0003235044860400992
-0.0003283888844804121
-0.0003333480288487058
-0.00033838092940447406
-0.00034349104339584163
-0.00034867694756013975
-0.0003539426485802238
-0.00035928619115049837
-0.0003647122431736905
-0.00037021818061057366
-0.00037580949225286624
-0.00038148270835275345
-0.0003872443398563179
-0.0003930898640484501
-0.0003990270303457356
-0.0004050500379732566
-0.0004111681386774447
-0.0004173739562027747
-0.0004236785780001239
-0.0004300726559339752
-0.0004365695733562932
-0.00044315751162734033
-0.00044985269581153436
-0.00045664025449016957
-0.00046353988990625747
-0.0004705329839248996
-0.00047764347367291283
-0.00048484814075942394
-0.0004921761337950792
-0.0004995985085854582
-0.0005071509156568523
-0.0005147972974061293
-0.0005225811276173417
-0.0005304584464214546
-0.0005384795581133833
-0.0005465916682337278
-0.000554856077997371
-0.0005632083795930895
-0.0005717224310935683
-0.0005803160706627257
-0.0005890872138382721
-0.0005979293302317184
-0.0006069674646196038
-0.0006160708684637225
-0.0006253905767227171
-0.0006347721493644126
-0.0006443854626123663
-0.0006540484259256327
-0.0006639709078497908
-0.0006739129921932568
-0.0006841568410784198
-0.0006943872549764211
-0.0007049483721825209
-0.0007154760305766279
-0.0007263663226612596
-0.0007372011338112947
-0.0007484308339761083
-0.0007595691383835503
-0.0007711444989942163
-0.0007825792200043364
-0.0007945258457182288
-0.0008062592007161424
-0.0008185913092313878
-0.000830645833376301
-0.0008433832194210087
-0.0008557844207427944
-0.000868946667796464
-0.0008816749930699497
-0.0008952956705269924
-0.0009083304542564282
-0.0009224275409010938
-0.0009357571812394706
-0.0009503549799344223
-0.0009639873355041604
-0.0009791398652062022
-0.0009930588747250587
-0.0010088015815206417
-0.0010229511552640627
-0.001039359489288612
-0.0010536928470215778
-0.0010708454521553398
-0.0010852953408133212
-0.0011033027614134271
-0.0011178395342633656
-0.0011367538058211103
-0.0011513000111211748
-0.0011712857082430504
-0.0011856980920384522
-0.0012068841688714482
-0.0012210683078423823
-0.0012435114525818018
-0.0012576236792487029
-0.0012810562237280804
-0.0012959058594718314
-0.001318545888344916
-0.0013381045946294946
-0.0013507891431994105
-0.0013465574482054848
-0.0013646346609132026
-0.0013473850782233232
-0.0013737328437705768
-0.0013469867934324288
-0.0013888787577265443
-0.0013861254161574889
-0.0014195627552359633
-0.0014024126553385799
-0.001484840800959182
-0.0014579017712942743
-0.0015424240338556359
-0.0015011206786552725
-0.0016123179973845797
-0.001558346754515147
-0.0016890097316386021
-0.0016573399023896308
-0.0017368623521085945
-0.001726509221433744
-0.0017814838651071408
-0.0017390624235041202
-0.0018200436364105548
-0.0017203363409636838
-0.0018003269471969716
-0.0017249917590539399
-0.0018191307504461084
-0.0017596371407699873
-0.0018459450587458189
-0.0017747657739758185
-0.001897266470914101
-0.0017909576605257774
-0.0018844187597118096
-0.0018194389979683278
-0.001904377326406883
-0.0018778063424612313
-0.001961986786998585
-0.0019418551596268735
-0.002031567604202658
-0.002012747207651837
-0.0021342657478677085
-0.002060129490909113
-0.0022383757767709886
-0.0021259737798024203
-0.002335713455212829
-0.002163539413170046
-0.0023755762239469277
-0.002176092395641177
-0.0023992936144486207
-0.0021505937345730336
-0.002331982661673695
-0.0020984439983065296
-0.0023392937566660624
-0.002189310314082385
-0.002524087256198751
-0.002310737412029598
-0.0026980160381822466
-0.0024271627132565476
-0.002891266320072052
-0.002512213291537488
-0.002992360521709203
-0.002518209654353676
-0.003090595521099908
-0.002501612018763838
-0.0031684744566914114
-0.0020372094577665017
-0.0022584665033097335
-0.002120157754993151
-0.0023349903008997
-0.002142612091208412
-0.0023780458701495844
-0.0021856818210479285
-0.0024091981839807156
-0.002125208626353274
-0.002427809003759962
-0.002102221794344644
-0.0025222648264165274
-0.002123635613027106
-0.0025959557407957074
-0.0021342653874987837
-0.0027718069562825505
-0.002172727326854317
-0.002962748027800384
-0.0021493519848204273
-0.0031327230077885745
-0.002113694423148115
-0.0033328122181977018
-0.0020629308900141983
-0.003510042992866079
-0.0019213527177494296
-0.003762946258173706
-0.0017644919707591137
-0.004058859731406142
-0.0015121784856685348
-0.0044552684283982414
-0.001184099094812238
-0.004521437039035842
-0.0009770860520831263
-0.005049527075055578
-0.0008789357003101651
-0.005680329600478522
-0.0005719030689585738
-0.006586699663159093
-5.2017564506733256e-05
-0.007294623496885903
0.0006261446712224764
-0.008413726092352629
0.0016336125115638453
-0.00927649980026406
0.003270896636445988
-0.011151682595076156
0.006076554362665023
-0.01429589433224819
0.015091532582698306
-0.025304431191489625
0.06558863823315336
0.2995439185079415
0.195335912745269
0.12497639061943983
0.03912429896546697
0.08441320051633967
0.014300564550827453
-0.028308301053706745
-0.015757470282785985
-0.09264303929452469
-0.08037712123314855
-0.10996591551585976
-0.16395916830065024
-0.16290200064176588
-0.11066913315486666
0.022561939715835744
0.0071904887699921005
0.02293705152611984
0.015420553243196784
0.020478217599517467
0.021165127888117634
0.012388722019925358
0.05068468803186775
0.05048716446339387
0.043944837701088715
0.01837599053852857
0.011605441804160808
0.005886569125989874
-0.010334330609455671
0.003740317862175926
0.026097329394632177
0.02992509155994602
-0.004872558146433926
-0.04580976383715621
-0.03980010294627489
-0.019165153125054707
-0.011411110764900013
-0.01467698584943022
-0.005962607927141789
0.0033112709700416918
-0.008011156577396815
-0.01858224677794197
-0.012061534477375926
0.009736153365275276
0.019141788158326116
0.020428594532031837
0.009384927723336042
0.0017302121490970373
-0.0067538986042616975
-0.0061095370343324535
0.0015089246756267811
0.00900417151775441
0.011095543855992965
0.0036144710712783944
-0.003483228621157578
-0.007411897880630463
-0.003916843143207715
-0.001930436449270344
0.0007689501841547802
0.0038729009900715728
0.00540674516117034
-0.0017467448225007732
-0.012981289332501467
-0.013948057162658279
-0.00679190207387488
0.0004879128476872155
-7.515405824926546e-06
-0.0011958071481211676
-0.0006618962853564579
-0.003067701459524159
-0.004876168526112457
-0.003001655695137037
0.005614172952112559
0.010481259040552865
0.006641604385593969
0.00109830052440956
-0.0020093985391790277
-0.0025026658214997704
-0.0027491197707904765
0.00045181732603756465
0.0035404748864890337
0.00241648842770208
-0.0017294451563598396
-0.005542185631371743
-0.005138392270860626
-0.003356913538804813
-0.0013886903221270507
0.00043597747177764797
0.00038519173606312517
0.0006539089518126296
-0.0013749651901985003
-0.0024992623554955886
-0.002784734109457901
0.00040465906013778134
0.0023658614154381708
0.001396942429442843
-0.0005670280907932368
-0.001376647216218507
-0.0023027287456179203
-0.0030226807767871804
-0.0019318403641753836
0.00014243192237852148
0.0008670715346692963
0.00012028289819400849
-0.0006050821721647379
-0.0011600927570707673
-0.0009855995316263232
-0.0004933662227576605
0.00045805802570719203
0.0017412984060561404
0.001527414069270335
-0.0002801557900097005
-0.0022398098004256816
-0.002561283807529963
-0.0015418284532112878
-0.00027216148123653466
0.0004067727912609268
0.0006153680959118005
0.00038002781203665375
7.276720570045109e-05
-0.00043829446685316885
-0.0002265145965527195
0.0009775712884740237
0.0016051376246015861
0.0015387382035075806
0.0009432938275471442
0.00044446523816771386
0.00011319236251966904
-0.0002003161846325119
-0.00013965439164029465
0.00013310692525836254
-8.723169139791554e-05
-0.000845175480052641
-0.0012953694202838774
-0.0014403988970974014
-0.0013416084364933595
-0.001164031501452477
-0.00046265288959480334
-0.00022512868382869566
2.6909199155182386e-05
-0.000645776284450126
-0.0010118272701088256
-0.0009667574895331852
-0.0008629325868384694
-0.0007132509560798736
-0.0005647286718073724
-0.0004005259345009044
-0.000252296439368419
-0.0004653003290043025
-0.000734116779150158
-0.000982879314290661
-0.0009502005699398176
-0.0007871733366359918
-0.0003596490989553931
-0.0006998356545649355
-0.0009096512469987136
-0.0007706569377865405
-0.0005668325423488095
-0.0006035777164853087
-0.0003197916103352776
-8.60790482405667e-05
3.786310907515295e-05
0.00014388863991650217
0.00015172561311737416
0.00016585666453966394
0.00014316259307956838
0.00011777348445327589
7.740261680647447e-05
6.670035913751264e-05
5.463423825260397e-05
3.880112212593332e-05
3.142474933914732e-05
2.889513420166088e-05
1.1779787069353008e-05
1.0637826857511442e-06
-3.029393639373038e-06
-4.5639535000026175e-06
-8.663964345652603e-06
-7.265414125634005e-06
-1.0016649012696918e-05
-7.879335261697809e-06
-7.522326009127585e-06
-6.526314795817382e-06
-6.488621888169023e-06
-4.5597515262587e-06
-4.010675498628127e-06
-3.1039958786205634e-06
-1.7814147629105828e-06
-8.217521805168172e-07
6.914931722763838e-08
4.018526078618332e-07
9.8389936799303e-07
8.1595209789221e-07
1.0477315754734914e-06
8.820837391005157e-07
8.471414023264803e-07
6.795450548601444e-07
5.885791285343417e-07
3.7111056085342795e-07
3.1552626928083895e-07
2.074328871122847e-07
1.3104634685994626e-07
2.265112934002854e-08
-4.562283473317358e-09
-7.503243517259159e-08
-7.714700039126304e-08
-1.0440965384384427e-07
-9.51619148339489e-08
-1.048048600567602e-07
-9.03316660978053e-08
-8.730592981903576e-08
-7.671238359591073e-08
-6.183277915453988e-08
-5.515039590156881e-08
-4.302200620927288e-08
-3.8375420672578583e-08
-2.7074552870379014e-08
-2.6596478881237007e-08
-1.7698160374669727e-08
-1.8733776533633346e-08
-1.488130404664399e-08
-1.712100820315597e-08
-1.5835598050949543e-08
-1.8290952307560733e-08
-1.8259431322899342e-08
-2.0517647205363365e-08
-2.1541062528553437e-08
-2.3494846725807296e-08
-2.4373303534079224e-08
-2.5978068172636225e-08
-2.6741026377008915e-08
-2.786656449213845e-08
-2.8547349597890428e-08
-2.936554039978433e-08
-2.985823233298858e-08
-3.0385782343175446e-08
-3.083659457024223e-08
-3.11761282193769e-08
-3.1651869316138794e-08
-3.193708746372431e-08
-3.240921823867025e-08
-3.269357205136969e-08
-3.319256867695137e-08
-3.3516742745819854e-08
-3.404216920598993e-08
-3.443853284612456e-08
-3.4977503603876795e-08
-3.543181948046422e-08
-3.5989653357282526e-08
-3.6498239169700146e-08
-3.7072006663083144e-08
-3.76231583588038e-08
-3.820940849106496e-08
-3.878818806641107e-08
-3.938909342020725e-08
-3.999024947819174e-08
-4.060487596201437e-08
-4.1225394170445184e-08
-4.185392098090407e-08
-4.249129502854193e-08
-4.313528910926054e-08
-4.3790724356569666e-08
-4.445139160089758e-08
-4.51255734792988e-08
-4.580458763480235e-08
-4.6498106690516516e-08
-4.719719333434215e-08
-4.79112154450935e-08
-4.863176367641761e-08
-4.93670321991338e-08
-5.01101375099261e-08
-5.086733922922068e-08
-5.1633824402674746e-08
-5.241387577203851e-08
-5.320437944367467e-08
-5.4008014438488086e-08
-5.482309757066147e-08
-5.565108115670623e-08
-5.6491302704263224e-08
-5.734444513596365e-08
-5.8210418522062005e-08
-5.908948390971006e-08
-5.998188155740452e-08
-6.088765954593385e-08
-6.18072227933134e-08
-6.274054030274518e-08
-6.368806877363187e-08
-6.464976081105127e-08
-6.562609391924288e-08
-6.661703257472909e-08
-6.762304567697885e-08
-6.864413269085708e-08
-6.96807339756471e-08
-7.073289299045459e-08
-7.180101794162586e-08
-7.2885201325606e-08
-7.398581323482013e-08
-7.510299791671591e-08
-7.623709050483913e-08
-7.738828028446346e-08
-7.855687566280575e-08
-7.974310376455442e-08
-8.094725473858227e-08
-8.216958470604985e-08
-8.341037500470862e-08
-8.466990278897021e-08
-8.594844826701007e-08
-8.724630395185807e-08
-8.856375410587394e-08
-8.990110273791028e-08
-9.125864172223924e-08
-9.263668405545128e-08
-9.403553115724288e-08
-9.545550489727442e-08
-9.689691764247239e-08
-9.836009926146973e-08
-9.984537263727639e-08
-1.0135307634018286e-07
-1.0288354491418648e-07
-1.0443712577428224e-07
-1.0601416464665761e-07
-1.0761501856418375e-07
-1.092400451179604e-07
-1.1088961097190791e-07
-1.1256408523433467e-07
-1.1426384500720903e-07
-1.1598927158600362e-07
-1.1774075277709616e-07
-1.1951868203821398e-07
-1.213234587360947e-07
-1.2315548839227477e-07
-1.2501518222744008e-07
-1.2690295817760792e-07
-1.2881924017855355e-07
-1.3076445880212846e-07
-1.3273905090231583e-07
-1.3474346026789985e-07
-1.367781367846892e-07
-1.3884353773863317e-07
-1.4094012691645563e-07
-1.4306837555215675e-07
-1.452287613171871e-07
-1.4742176983274704e-07
-1.4964789355240122e-07
-1.519076327010044e-07
-1.542014947513977e-07
-1.5652999490664826e-07
-1.5889365626194085e-07
-1.612930097428123e-07
-1.6372859449880836e-07
-1.6620095742562492e-07
-1.6871065398085501e-07
-1.7125824793523217e-07
-1.7384431148315463e-07
-1.7646942548069826e-07
-1.7913417969719209e-07
-1.818391726636807e-07
-1.845850120672012e-07
-1.8737231468480945e-07
-1.9020170664607898e-07
-1.9307382338929922e-07
-1.9598931015485529e-07
-1.989488219110414e-07
-2.0195302339242643e-07
-2.050025893829416e-07
-2.0809820515307062e-07
-2.1124056578209968e-07
-2.1443037717932406e-07
-2.1766835603506847e-07
-2.2095522960352727e-07
-2.2429173609833566e-07
-2.2767862490604904e-07
-2.3111665723883276e-07
-2.346066050526452e-07
-2.38149252420705e-07
-2.41745394994209e-07
-2.453958407593222e-07
-2.4910140972942687e-07
-2.5286293394048763e-07
-2.5668125860597076e-07
-2.6055724137714724e-07
-2.6449175307964546e-07
-2.684856773580227e-07
-2.725399113586227e-07
-2.7665536584753694e-07
-2.808329650341913e-07
-2.8507364774297563e-07
-2.8937836624994906e-07
-2.937480876498427e-07
-2.9818379346593666e-07
-3.0268648015222173e-07
-3.0725715916934786e-07
-3.118968569474495e-07
-3.166066160154371e-07
-3.2138749410880706e-07
-3.262405652890534e-07
-3.311669196217953e-07
-3.3616766380556006e-07
-3.412439211480933e-07
-3.463968317038088e-07
-3.516275532112166e-07
-3.569372605035509e-07
-3.623271463983578e-07
-3.677984216458874e-07
-3.7335231513509204e-07
-3.789900745146575e-07
-3.847129662077481e-07
-3.9052227572555775e-07
-3.9641930790410007e-07
-4.0240538738776227e-07
-4.0848185903089376e-07
-4.1465008771457597e-07
-4.209114590151414e-07
-4.2726737924884267e-07
-4.337192762386005e-07
-4.4026859918541716e-07
-4.4691681945182096e-07
-4.536654302708665e-07
-4.605159476915588e-07
-4.674699105138014e-07
-4.7452888070646446e-07
-4.816944439980583e-07
-4.889682099450381e-07
-4.963518125052383e-07
-5.038469101654834e-07
-5.114551866452349e-07
-5.191783510748345e-07
-5.270181380715062e-07
-5.349763088045856e-07
-5.430546508615117e-07
-5.512549788827363e-07
-5.59579134871372e-07
-5.680289887951954e-07
-5.766064387451031e-07
-5.853134112618363e-07
-5.941518623677616e-07
-6.031237773848879e-07
-6.12231171609294e-07
-6.214760908850785e-07
-6.308606118818338e-07
-6.403868426969279e-07
-6.500569231168707e-07
-6.59873025417063e-07
-6.698373545568036e-07
-6.79952148727658e-07
-6.902196801735969e-07
-7.006422551095182e-07
-7.112222147991065e-07
-7.219619358941887e-07
-7.32863830885111e-07
-7.439303483861015e-07
-7.551639744120264e-07
-7.665672324113498e-07
-7.781426839235939e-07
-7.898929289987082e-07
-8.018206071888981e-07
-8.1392839770952e-07
-8.262190203459086e-07
-8.386952361078004e-07
-8.5135984743967e-07
-8.642156989133176e-07
-8.772656789265976e-07
-8.905127182202294e-07
-9.039597928411393e-07
-9.17609923535307e-07
-9.31466176230019e-07
-9.45531663530284e-07
-9.59809544187791e-07
-9.743030270122771e-07
-9.89015366395507e-07
-1.0039498676871813e-06
-1.0191098854623812e-06
-1.0344988251764949e-06
-1.0501201439258936e-06
-1.0659773500667265e-06
-1.0820740061142937e-06
-1.09841372756647e-06
-1.1150001849515468e-06
-1.131837104450563e-06
-1.1489282674347848e-06
-1.1662775135385522e-06
-1.183888739339587e-06
-1.201765901519443e-06
-1.2199130154095898e-06
-1.2383341574111369e-06
-1.25703346574098e-06
-1.2760151405236337e-06
-1.2952834457626364e-06
-1.314842709457969e-06
-1.3346973254139624e-06
-1.3548517534641607e-06
-1.3753105207988184e-06
-1.3960782232502224e-06
-1.4171595258266612e-06
-1.4385591639513428e-06
-1.4602819444851228e-06
-1.4823327470613198e-06
-1.5047165250045222e-06
-1.527438306420483e-06
-1.5505031952869897e-06
-1.5739163725142676e-06
-1.5976830974413422e-06
-1.6218087089437414e-06
-1.646298626112666e-06
-1.6711583501505085e-06
-1.6963934652766688e-06
-1.7220096401882328e-06
-1.7480126288924903e-06
-1.7744082723900306e-06
-1.8012024999855894e-06
-1.8284013304017965e-06
-1.8560108732152553e-06
-1.8840373304587765e-06
-1.91248699775437e-06
-1.9413662655995423e-06
-1.9706816212113065e-06
-2.000439649573957e-06
-2.0306470352692008e-06
-2.061310563792381e-06
-2.0924371230838026e-06
-2.1240337050643966e-06
-2.156107407204344e-06
-2.1886654342218037e-06
-2.221715099684496e-06
-2.255263827334597e-06
-2.2893191533798762e-06
-2.3238887274859565e-06
-2.3589803150618135e-06
-2.3946017988171232e-06
-2.4307611803022627e-06
-2.4674665818880635e-06
-2.504726248660563e-06
-2.542548550353921e-06
-2.580941982922077e-06
-2.6199151707036877e-06
-2.6594768681269254e-06
-2.699635961962016e-06
-2.7404014731726226e-06
-2.781782558750317e-06
-2.8237885142219036e-06
-2.8664287753232126e-06
-2.909712920206968e-06
-2.953650671919106e-06
-2.9982519000673613e-06
-3.0435266234890568e-06
-3.0894850121115924e-06
-3.1361373894721323e-06
-3.1834942352051976e-06
-3.2315661869729805e-06
-3.280364043162405e-06
-3.3298987652133436e-06
-3.3801814800972106e-06
-3.4312234827560927e-06
-3.4830362386113756e-06
-3.53563138661599e-06
-3.5890207408391904e-06
-3.643216294379331e-06
-3.6982302208518267e-06
-3.7540748784397303e-06
-3.810762811070744e-06
-3.868306752291507e-06
-3.926719628778242e-06
-3.986014561330859e-06
-4.046204870239e-06
-4.107304074605061e-06
-4.1693259000682645e-06
-4.232284278210302e-06
-4.296193351272914e-06
-4.361067475418517e-06
-4.4269212228375166e-06
-4.4937693866576006e-06
-4.561626982469455e-06
-4.630509253467996e-06
-4.700431672603376e-06
-4.7714099458357265e-06
-4.8434600177635e-06
-4.9165980725782155e-06
-4.99084053958553e-06
-5.066204095431848e-06
-5.1427056692125435e-06
-5.220362445346191e-06
-5.299191867639348e-06
-5.379211643798858e-06
-5.460439748399036e-06
-5.5428944278142385e-06
-5.62659420370263e-06
-5.71155787744697e-06
-5.7978045342978646e-06
-5.885353547913021e-06
-5.97422458434554e-06
-6.064437606558264e-06
-6.15601287901996e-06
-6.2489709725199825e-06
-6.343332767878049e-06
-6.439119461484498e-06
-6.5363525699048235e-06
-6.635053934534634e-06
-6.735245726695836e-06
-6.836950452332696e-06
-6.940190957375812e-06
-7.044990432614309e-06
-7.151372419048481e-06
-7.259360813167666e-06
-7.368979872320871e-06
-7.48025422024688e-06
-7.5932088524632134e-06
-7.707869141730401e-06
-7.824260844228783e-06
-7.94241010487544e-06
-8.062343463446247e-06
-8.184087860469336e-06
-8.307670643410963e-06
-8.43311957245661e-06
-8.56046282727214e-06
-8.689729012837345e-06
-8.820947166069196e-06
-8.954146762289587e-06
-9.089357722189348e-06
-9.22661041817969e-06
-9.36593568103835e-06
-9.507364807443215e-06
-9.650929566509911e-06
-9.796662207090228e-06
-9.944595464771253e-06
-1.0094762569961158e-05
-1.0247197254585508e-05
-1.0401933759799135e-05
-1.0559006844053202e-05
-1.071845179057018e-05
-1.0880304415281371e-05
-1.1044601075091512e-05
-1.1211378675725229e-05
-1.1380674680513242e-05
-1.155252711817089e-05
-1.172697459186575e-05
-1.1904056287556565e-05
-1.2083811982948299e-05
-1.226628205646722e-05
-1.2451507496145714e-05
-1.263952990916738e-05
-1.283039153089936e-05
-1.3024135234589195e-05
-1.3220804540298924e-05
-1.3420443625963374e-05
-1.3623097336399237e-05
-1.3828811193594627e-05
-1.4037631406792846e-05
-1.4249604883277776e-05
-1.4464779238349359e-05
-1.4683202806545898e-05
-1.4904924652182178e-05
-1.5129994580693137e-05
-1.5358463148907773e-05
-1.5590381677944924e-05
-1.5825802263320574e-05
-1.6064777787644065e-05
-1.6307361931312467e-05
-1.6553609186401616e-05
-1.6803574866712848e-05
-1.7057315122639147e-05
-1.7314886950684492e-05
-1.757634820987716e-05
-1.7841757631345025e-05
-1.8111174834653174e-05
-1.8384660337987394e-05
-1.866227557494602e-05
-1.8944082905123698e-05
-1.923014563177673e-05
-1.9520528011847708e-05
-1.98152952750857e-05
-2.0114513633102092e-05
-2.041825030099577e-05
-2.072657350507705e-05
-2.1039552505795495e-05
-2.135725760506234e-05
-2.1679760171308313e-05
-2.2007132645355686e-05
-2.2339448567648213e-05
-2.2676782582694893e-05
-2.301921046931429e-05
-2.3366809142813766e-05
-2.371965668851808e-05
-2.4077832361274964e-05
-2.444141662338189e-05
-2.48104911405204e-05
-2.5185138824290873e-05
-2.5565443823952687e-05
-2.595149157558446e-05
-2.634336878774351e-05
-2.674116349761339e-05
-2.7144965050153488e-05
-2.7554864163554924e-05
-2.797095289941585e-05
-2.839332473885859e-05
-2.882207454191122e-05
-2.9257298637069915e-05
-2.9699094767723797e-05
-3.014756219738368e-05
-3.060280163930575e-05
-3.106491538186552e-05
-3.1534007198083085e-05
-3.201018249452943e-05
-3.249354819562862e-05
-3.298421292196045e-05
-3.3482286844293586e-05
-3.3987881896626986e-05
-3.450111159279071e-05
-3.502209128315465e-05
-3.5550937924227945e-05
-3.608777038895984e-05
-3.6632709178907965e-05
-3.71858767992709e-05
-3.774739740146615e-05
-3.831739723719318e-05
-3.8896004215100343e-05
-3.9483348451168406e-05
-4.00795617207122e-05
-4.068477812752772e-05
-4.129913342532023e-05
-4.192276583281807e-05
-4.2555815196435205e-05
-4.3198423983357146e-05
-4.385073624827931e-05
-4.4512898845289564e-05
-4.518506015528136e-05
-4.5867371564402726e-05
-4.655998589843651e-05
-4.7263059228062855e-05
-4.797674894324144e-05
-4.8701215959449495e-05
-4.9436622350399276e-05
-5.0183134045288734e-05
-5.0940917920219865e-05
-5.171014509697456e-05
-5.249098737112115e-05
-5.3283621247349785e-05
-5.4088223553453135e-05
-5.490497638092201e-05
-5.573406169813596e-05
-5.657566740224654e-05
-5.742998070537011e-05
-5.829719554604443e-05
-5.917750447497367e-05
-6.00711077286065e-05
-6.0978203278852516e-05
-6.189899794074313e-05
-6.283369517526977e-05
-6.378250868751731e-05
-6.474564746526224e-05
-6.572333245283496e-05
-6.671577818347138e-05
-6.772321322450788e-05
-6.874585764147016e-05
-6.978394805615828e-05
-7.083771001717013e-05
-7.190738868773059e-05
-7.299321499570553e-05
-7.409544320965649e-05
-7.521430945820878e-05
-7.635007777484265e-05
-7.750298922516853e-05
-7.867331836874217e-05
-7.986131084658262e-05
-8.106725262708778e-05
-8.229139345178573e-05
-8.353403172800316e-05
-8.479542066504298e-05
-8.607587232681724e-05
-8.737564256421386e-05
-8.869505854634547e-05
-9.003437770274767e-05
-9.139394402782244e-05
-9.277401518079315e-05
-9.417495403904724e-05
-9.559701677937119e-05
-9.704058764721697e-05
-9.85059191716331e-05
-9.99934199645983e-05
-0.00010150333619155286
-0.000103036104459863
-0.00010459196120033093
-0.00010617137536862633
-0.00010777456952909027
-0.00010940205019283793
-0.00011105402093827848
-0.00011273103236330835
-0.00011443326296079316
-0.00011616131493704415
-0.00011791533367382578
-0.00011969598279510074
-0.00012150336572565052
-0.00012333821815351063
-0.00012520058947170973
-0.00012709130099365932
-0.00012901033214609306
-0.00013095860843731754
-0.00013293601947801708
-0.00013494361742658168
-0.00013698117655929105
-0.0001390499034013622
-0.00014114943192289106
-0.00014328115015465942
-0.00014544452661211134
-0.00014764116176122692
-0.00014987032151148847
-0.00015213386555423445
-0.00015443079932605462
-0.000156763308889455
-0.0001591300627194715
-0.00016153365570666827
-0.00016397233806611408
-0.00016644919600588334
-0.00016896198139624045
-0.00017151435494268288
-0.00017410347715103493
-0.00017673369758252374
-0.000179401443701556
-0.0001821119258205873
-0.0001848606394320827
-0.00018765387257406186
-0.00019048596025742555
-0.00019336452226382676
-0.00019628245973970948
-0.0001992490249109267
-0.00020225534949129914
-0.00020531269010678585
-0.00020841000229599425
-0.00021156099679583366
-0.00021475196878613595
-0.0002179996004029477
-0.00022128694748203468
-0.0002246343227494019
-0.00022802081770231705
-0.00023147116736180429
-0.00023495960351843585
-0.00023851630683107122
-0.0002421094700177919
-0.0002457760802880806
-0.0002494767844761651
-0.0002532570187633652
-0.00025706814799540624
-0.00026096588057115554
-0.0002648904011813451
-0.00026890967359349783
-0.00027295053421812107
-0.0002770957203485202
-0.0002812554604561383
-0.00028553214354950075
-0.00028981828572566303
-0.00029423427235272955
-0.00029864976136040593
-0.00030321144355637507
-0.0003077650472412927
-0.0003124825635207314
-0.00031717275486599773
-0.00032205469328612496
-0.00032687134238180017
-0.00033191623116270803
-0.00033685810031261476
-0.0003420666551248795
-0.00034714107559408267
-0.00035251494256516026
-0.0003577356893998385
-0.000363279257473791
-0.00036864500834680764
-0.00037437838965458407
-0.00037987096810242833
-0.00038581997295713904
-0.00039143461107055794
-0.00039761089727707833
-0.000403360906568671
-0.0004097632127468612
-0.0004156570398688651
-0.00042230666206884897
-0.00042833444800574193
-0.0004352540140420587
-0.0004413956146894245
-0.00044860359237311313
-0.0004548402189200494
-0.000462384246227492
-0.00046868221392282715
-0.0004766058803265141
-0.00048291267304326907
-0.0004912843449713959
-0.0004975622594401794
-0.0005064442957720826
-0.0005126454683067692
-0.0005221097153505342
-0.0005281703291081319
-0.0005383060089530366
-0.00054420434582256
-0.0005550600672871468
-0.0005606895013135316
-0.0005723874234358675
-0.0005775941727667626
-0.0005903329806215387
-0.0005948280111516989
-0.0006089678776640247
-0.0006124143985973936
-0.0006282590186235918
-0.0006304581640202799
-0.0006481717337395391
-0.0006489989237320826
-0.0006687991972005487
-0.0006679527178377149
-0.0006902658625835677
-0.0006872316434080815
-0.0007128084831228731
-0.0007059155030033692
-0.0007386557988876621
-0.0007688224898838164
-0.0008136958627320313
-0.0008250972064213205
-0.0008854655479187713
-0.0008803117233827217
-0.0009515350877428476
-0.0008889400985181758
-0.0010224068677816929
-0.0009284250049120084
-0.0010444470746075532
-0.0009754163837917863
-0.0010386871811283536
-0.0010059481795275686
-0.0010243082547358134
-0.0010017406854970889
-0.0010236184077541315
-0.00101687272741334
-0.0010136324827774053
-0.0010205659630851207
-0.00100495424598699
-0.0010269785519080449
-0.0010337074699330213
-0.0010522640454047804
-0.0010741259947554876
-0.0010825316493671077
-0.0011234240084212555
-0.0011471684734975455
-0.001199294164712393
-0.0012055186666670818
-0.0012159407623342283
-0.0012637258375948549
-0.0012731747905633303
-0.0013322349884100646
-0.0013035810010259068
-0.0014013278716988517
-0.0013427965290542495
-0.0014317103500175565
-0.0014133762750148625
-0.0014577917075740028
-0.001469205668419289
-0.0014869216669358416
-0.00148073841756178
-0.001550553065825188
-0.001524080800306759
-0.001573812435531154
-0.0015330071561261895
-0.0016105659428680432
-0.0015841406316563786
-0.0016256512597535074
-0.001598810811006636
-0.0016685437839602593
-0.0016896871290725535
-0.0017044340595217117
-0.0017550511909622535
-0.0017401584367694595
-0.0018104825411384834
-0.0017253711666944133
-0.0018414518422053099
-0.0017168870604626092
-0.0018315172860328063
-0.0018007376974795292
-0.0019656673185114854
-0.0019387896174730967
-0.00213385422631171
