-0.0007889312361977889
-0.0008744622784497578
-0.0008000519325154951
-0.0009583519288860897
-0.000897161492633657
-0.0010114505604341961
-0.0010146748255274102
-0.0009882585867240735
-0.0010254524935970387
-0.001023880247772202
-0.0011753996622132154
-0.0010172538240696375
-0.0011730150880559752
-0.0011132454579221858
-0.0012280670425062127
-0.001104316148192944
-0.001211257452797485
-0.0013712918975609142
-0.0007416506104676559
-0.0015290502618013667
-0.0009805889485533983
-0.001335927874348611
-0.0009979698281980354
-0.0013175242516045747
-0.0009984670467900669
-0.0015942403892259679
-0.0012979854662019188
-0.0008610910908347305
-0.00101648110742748
-0.0014007828056389338
-0.000827539014323819
-0.0017255386039791633
-0.00025726686286929796
-0.0020974043183698294
0.0011798320706618108
-0.004406219461916247
0.010591931232485693
0.046230321346163804
0.052879188425870825
0.07702695841423468
0.10679198682357542
0.10060201199439289
0.08351050952349687
0.10649290200590637
0.037570016916260426
-0.052283143301377455
-0.07634358783883378
-0.058302054427410946
-0.0722361902998153
-0.06505542506574974
-0.06272307466004798
-0.06213582308687223
-0.06698095865006785
-0.041006271669534196
-0.014982135500345604
-0.004627274737855839
0.0029927024458906515
0.016001009354610348
0.03011616637141156
0.03910791145435252
0.04506341936130416
0.04497971110717586
0.024455008612852772
0.0151137545576621
0.015165127792630535
0.02054990414492641
0.014514551197921336
0.00041186276296353613
-0.003720557136223818
-0.005847969858092597
-0.00976054243966339
-0.017095895774107136
-0.007011960416865677
-0.0024563575019829753
-0.007281309442179942
-0.008106784396670095
-0.004296755450537173
-0.008070133214323419
-0.01599598687797812
-0.01270760687838237
-0.0015638460052742817
0.0023431478181130485
0.004416873238187475
0.0026048232471764404
0.0007466766578289276
0.0003552612683515819
0.0054652142947361
0.010699405013801969
0.014252746085793591
0.012694142322869726
0.007701635784391422
0.0033650794894157766
0.0031833966302452833
0.0005560543078804188
-0.00155965948481214
-0.00270983294505954
-0.0034943742875558664
-0.004077076338669677
-0.003468188979658139
-0.004290576087891334
-0.005832560322963173
-0.005735955072520765
-0.005581650098511809
-0.004462079040329277
-0.0022543931677614566
-0.0006480642856708152
-0.003186235106253708
-0.004031429825957422
-0.0029641548993291807
-0.0023260473405513162
-0.0008844172851839011
0.0008012114323858969
0.00350409656983068
0.0030834986748693814
0.0019013196286554927
0.0017424349317696234
0.0021868385571618626
0.0022413536303537086
0.0007980050507699007
-0.00017544939375047032
-0.0008274351462222606
-0.002998670445588397
-0.004807277336096235
-0.0047067528155590194
-0.0034672548488938974
-0.0035983934783011397
-0.003823757797042378
-0.003284746724997483
-0.0024753143634811733
-0.0015527169281668
-0.0005268085766258804
0.0002601917246013711
0.0002780484168248447
-7.673494399549836e-05
0.0004952768350974517
0.0009897515677762818
0.0019207295899101593
0.002008834871313642
0.0017227676861627543
0.0013226082094230213
0.0009266132395616983
0.0001198103951737839
-0.00023485556562992914
-0.0003962086260254148
-0.001121724346721451
-0.0023251243055098314
-0.0024765313876057822
-0.0020602694233135886
-0.0013409760799295424
-0.001208139551589212
-0.001702017902407053
-0.0015813117857701058
-0.0016625003768905573
-0.0013505078466164951
-0.0009943346859710655
4.1006429134076656e-05
0.0009468958165826115
0.0015437407333065236
0.0016153159805010141
0.0017228737269880893
0.0013195904633114808
0.0012157173158840896
0.001092604874227242
0.001049986303199736
0.000376765665394754
-1.6833707684072807e-05
-0.0005248935141969147
-0.001130820293457787
-0.0014175226071478958
-0.0015557524874636316
-0.001752798865110574
-0.0016678594881401015
-0.0014724520662422473
-0.0012713606167754385
-0.0011338537458061627
-0.0006722504454079793
-0.0007380031961929193
-0.0008203051887338939
-0.0008725770905338417
-0.0002621209075000762
0.00010970229650106665
0.00013644735966820108
-5.954276398443814e-05
0.00010351289025843364
-3.2755354227339403e-05
6.400899009886797e-05
6.118645160110565e-05
8.318510320240655e-05
3.102050973617174e-05
6.86008451774112e-05
3.062363876069055e-05
3.796616916040623e-05
-2.1957192952873372e-05
9.562149712134252e-06
-1.2840713967224066e-05
1.897694599887961e-05
-8.662966939316098e-06
9.902278508218008e-06
-1.535746729925514e-05
3.933036700395237e-06
-1.3231721534573675e-05
6.635311366632462e-06
-9.85474672100231e-06
5.895442346578485e-06
-6.610915901113489e-06
6.216046630847156e-06
-6.126672345116392e-06
4.663153276167494e-06
-5.416441739206659e-06
4.671170514999835e-06
-3.958221064510669e-06
4.4550497131640296e-06
-3.483676986122916e-06
3.4856369092269964e-06
-3.186014836587816e-06
3.008589982416907e-06
-2.7137600008832977e-06
2.5901810680067396e-06
-2.34416437641091e-06
2.252235503919539e-06
-2.033037187913094e-06
1.8887300459269088e-06
-1.8007881660639724e-06
1.6039401442239504e-06
-1.545189444920549e-06
1.409778769733284e-06
-1.3190272150471058e-06
1.2098270628238073e-06
-1.1506450747663906e-06
1.036797487923187e-06
-9.917468375677998e-07
8.951399480896811e-07
-8.536617247369496e-07
7.729572797099404e-07
-7.358949226966838e-07
6.653191092316144e-07
-6.37351865913848e-07
5.704035138459022e-07
-5.521006194585294e-07
4.906082722334892e-07
-4.767412630738311e-07
4.216862787989953e-07
-4.1328119738427704e-07
3.611747072811318e-07
-3.586701537324193e-07
3.093568963413512e-07
-3.112471985943486e-07
2.647871071152671e-07
-2.703762108051394e-07
2.2626317617630747e-07
-2.3526390260811356e-07
1.9289242949953583e-07
-2.051204754059937e-07
1.6408901392923718e-07
-1.7908294168455293e-07
1.39267663677267e-07
-1.5669730520220327e-07
1.1774802629026812e-07
-1.3750094952842988e-07
9.911866438024958e-08
-1.210013178378348e-07
8.300367294753136e-08
-1.0683504911334143e-07
6.903890907827273e-08
-9.469201945569872e-08
5.6922169308702524e-08
-8.429859397270263e-08
4.639802986294069e-08
-7.54090272707007e-08
3.72526355340067e-08
-6.781674311641438e-08
2.928969032838912e-08
-6.135005926031795e-08
2.2342507611269706e-08
-5.5854590926560435e-08
1.6271327453649693e-08
-5.119772210316568e-08
1.0953015135904643e-08
-4.72669110398278e-08
6.28109971570175e-09
-4.396480937136514e-08
2.1639887528928335e-09
-4.12071877632788e-08
-1.476890731564283e-09
-3.892128220756084e-08
-4.709612908319026e-09
-3.7044871256842896e-08
-7.593198983967507e-09
-3.552427949520299e-08
-1.0178353956368023e-08
-3.431312505561862e-08
-1.250888490741107e-08
-3.337159059637815e-08
-1.4622714795964331e-08
-3.266543796413314e-08
-1.6552614599514917e-08
-3.216520963033459e-08
-1.8326904046434e-08
-3.1845568110484834e-08
-1.9970079863200485e-08
-3.1684761220870765e-08
-2.1503369461136138e-08
-3.166413027220691e-08
-2.2945161643524864e-08
-3.176766519307796e-08
-2.431139651789052e-08
-3.1981653069758365e-08
-2.5615915964349173e-08
-3.229436704838516e-08
-2.68707526261203e-08
-3.269579268682906e-08
-2.8086380120226936e-08
-3.3177393687404085e-08
-2.9271930027400996e-08
-3.373191199702429e-08
-3.043538119847176e-08
-3.435319549161854e-08
-3.158372124576446e-08
-3.503604807609997e-08
-3.272308508580138e-08
-3.577610050754538e-08
-3.385887611105122e-08
-3.656970007880327e-08
-3.4995869946465965e-08
-3.7413815347534744e-08
-3.613830377329798e-08
-3.8305953627452375e-08
-3.728995563235301e-08
-3.924409078400696e-08
-3.8454208332460056e-08
-4.0226608982426096e-08
-3.963410938112371e-08
-4.125224506415959e-08
-4.083242002741842e-08
-4.232004560222706e-08
-4.205165849465852e-08
-4.342932716672621e-08
-4.329413747156726e-08
-4.457964419273962e-08
-4.4561996263912766e-08
-4.577075909687682e-08
-4.585722859225911e-08
-4.700261847394088e-08
-4.7181707103500625e-08
-4.827533199667361e-08
-4.853720439045202e-08
-4.95891537889725e-08
-4.9925410487402025e-08
-5.0944467208245865e-08
-5.1347949606459514e-08
-5.2341771860648495e-08
-5.280639322601671e-08
-5.378167204438773e-08
-5.430227275260088e-08
-5.526486731286841e-08
-5.5837089051556914e-08
-5.679214407788586e-08
-5.7412322631308996e-08
-5.836436912844828e-08
-5.902944112147739e-08
-5.998248391660436e-08
-6.068990675604184e-08
-6.164749910439428e-08
-6.239518202100485e-08
-6.336049114617336e-08
-6.41467359268808e-08
-6.512259877818234e-08
-6.59460484604571e-08
-6.69350202041482e-08
-6.779461517611939e-08
-6.879901101643497e-08
-6.969395109700065e-08
-7.071588259244092e-08
-7.164559456204224e-08
-7.268700074480075e-08
-7.365111031611241e-08
-7.471378485489799e-08
-7.571209254323124e-08
-7.679770710859735e-08
-7.783016774150892e-08
-7.894029224105059e-08
-8.000699711587151e-08
-8.114311745793606e-08
-8.224427924509664e-08
-8.34078124122093e-08
-8.454375224182208e-08
-8.573605971793361e-08
-8.690719589318768e-08
-8.812959513981205e-08
-8.933643401046844e-08
-9.059020857092104e-08
-9.18333362123964e-08
-9.31197444885225e-08
-9.439981998090458e-08
-9.57201028846345e-08
-9.703785261287214e-08
-9.839324043446249e-08
-9.974945314472808e-08
-1.0114117139323095e-07
-1.0253669422194867e-07
-1.0396596898724865e-07
-1.0540170408289331e-07
-1.068697665871374e-07
-1.0834666817991379e-07
-1.0985475893982456e-07
-1.1137383130538836e-07
-1.1292320389188907e-07
-1.1448549938988285e-07
-1.1607742376405208e-07
-1.1768404143482243e-07
-1.193198069095278e-07
-1.2097189147414192e-07
-1.2265280956828026e-07
-1.24351550552721e-07
-1.2607895746744122e-07
-1.2782558885481542e-07
-1.296008478728376e-07
-1.3139664752862684e-07
-1.3322115099891497e-07
-1.3506744077785432e-07
-1.3694261227618389e-07
-1.388407580361125e-07
-1.4076805449438935e-07
-1.4271946659248982e-07
-1.4470037975786946e-07
-1.4670651302193648e-07
-1.4874257155800784e-07
-1.5080492612822276e-07
-1.5289769703769832e-07
-1.550178188473644e-07
-1.5716890923781184e-07
-1.5934839071017094e-07
-1.6155944951659357e-07
-1.6379993070367218e-07
-1.660726501969594e-07
-1.683758193160318e-07
-1.707119366351536e-07
-1.7307953126440012e-07
-1.7548083012443208e-07
-1.7791463833788353e-07
-1.8038295055021925e-07
-1.828848119174659e-07
-1.854220189202293e-07
-1.8799382579034324e-07
-1.9060186031815817e-07
-1.9324555919125654e-07
-1.9592640683951338e-07
-1.9864399951048488e-07
-2.0139970038739186e-07
-2.041932456106621e-07
-2.0702589598794313e-07
-2.098975105922039e-07
-2.128092644823349e-07
-2.1576112524618676e-07
-2.1875419640472737e-07
-2.2178854150456395e-07
-2.2486520488327298e-07
-2.2798433546339543e-07
-2.3114692914685993e-07
-2.3435321103116788e-07
-2.3760413796528566e-07
-2.4090000352210497e-07
-2.4424173352376177e-07
-2.4762968328087206e-07
-2.5106475480014953e-07
-2.5454735957247676e-07
-2.5807838181140033e-07
-2.6165828425652165e-07
-2.6528793893061805e-07
-2.6896785588670824e-07
-2.726988995486405e-07
-2.7648162385495584e-07
-2.8031688992366174e-07
-2.842052926406609e-07
-2.881476934561873e-07
-2.921447259411278e-07
-2.961972551526401e-07
-3.0030595133317914e-07
-3.0447168606771626e-07
-3.086951647227401e-07
-3.1297726800371713e-07
-3.1731873514646153e-07
-3.2172045831896563e-07
-3.261832095212674e-07
-3.3070789460945896e-07
-3.352953176632978e-07
-3.3994640006099197e-07
-3.4466197739932425e-07
-3.4944298837186194e-07
-3.5429029976441484e-07
-3.5920486926577233e-07
-3.641875945432915e-07
-3.6923945375896827e-07
-3.743613754998709e-07
-3.795543599104112e-07
-3.848193664973687e-07
-3.9015741871983867e-07
-3.95569507229826e-07
-4.0105667993561855e-07
-4.066199589050634e-07
-4.1226041803954505e-07
-4.1797911107428753e-07
-4.2377713883661947e-07
-4.2965558734952246e-07
-4.356155856086565e-07
-4.416582522603213e-07
-4.477847457993664e-07
-4.5399621817661384e-07
-4.6029385815209156e-07
-4.6667885167037126e-07
-4.7315241931931984e-07
-4.797157816508087e-07
-4.863701916808663e-07
-4.931169054460003e-07
-4.99957209855646e-07
-5.068923970215659e-07
-5.139237887697638e-07
-5.210527144469202e-07
-5.282805318419705e-07
-5.356086082032975e-07
-5.430383383887632e-07
-5.505711287675293e-07
-5.582084124394369e-07
-5.659516355493392e-07
-5.738022707561449e-07
-5.817618051657571e-07
-5.89831752030698e-07
-5.980136404675363e-07
-6.063090256674692e-07
-6.147194798201408e-07
-6.232466010673088e-07
-6.318920059046476e-07
-6.406573368491174e-07
-6.495442558987312e-07
-6.585544511015194e-07
-6.676896311893794e-07
-6.769515311277809e-07
-6.863419075608165e-07
-6.958625436988925e-07
-7.055152454570187e-07
-7.153018457435861e-07
-7.252242010404681e-07
-7.352841953027337e-07
-7.454837370869747e-07
-7.558247628571807e-07
-7.663092345473917e-07
-7.769391425074617e-07
-7.877165036425816e-07
-7.986433638727981e-07
-8.097217965227776e-07
-8.209539045685166e-07
-8.32341819346355e-07
-8.438877024952163e-07
-8.555937449222784e-07
-8.674621686105555e-07
-8.794952257897004e-07
-8.916952003827638e-07
-9.040644075967996e-07
-9.166051951649268e-07
-9.293199429924459e-07
-9.42211064350329e-07
-9.55281005663583e-07
-9.68532247597187e-07
-9.8196730487915e-07
-9.955887274870623e-07
-1.0093991004971742e-06
-1.0234010450406623e-06
-1.0375972183884145e-06
-1.0519903149162945e-06
-1.066583066174423e-06
-1.0813782417582254e-06
-1.0963786495118283e-06
-1.1115871364295732e-06
-1.1270065888233094e-06
-1.1426399331368464e-06
-1.1584901363965484e-06
-1.174560206835401e-06
-1.1908531942633749e-06
-1.2073721909295829e-06
-1.224120331891187e-06
-1.2411007957590248e-06
-1.2583168052054082e-06
-1.2757716276682457e-06
-1.2934685757887143e-06
-1.3114110082718382e-06
-1.3296023303568157e-06
-1.3480459945473377e-06
-1.3667455011916359e-06
-1.385704399241858e-06
-1.404926286857535e-06
-1.4244148121185518e-06
-1.4441736736849932e-06
-1.4642066216423335e-06
-1.4845174579449297e-06
-1.5051100373240402e-06
-1.525988267958296e-06
-1.5471561123028984e-06
-1.5686175877836436e-06
-1.5903767674786424e-06
-1.612437781034308e-06
-1.6348048153262858e-06
-1.6574821154065854e-06
-1.6804739850621343e-06
-1.7037847879818133e-06
-1.7274189482452146e-06
-1.7513809513690615e-06
-1.7756753448080467e-06
-1.8003067394456278e-06
-1.8252798101018501e-06
-1.8505992963710645e-06
-1.8762700034325288e-06
-1.9022968034227913e-06
-1.928684635764963e-06
-1.9554385085618093e-06
-1.9825634994489073e-06
-2.0100647564447703e-06
-2.0379474988764306e-06
-2.066217018558943e-06
-2.094878680760975e-06
-2.1239379250165497e-06
-2.1534002664298823e-06
-2.183271296709601e-06
-2.2135566848977646e-06
-2.244262178738342e-06
-2.2753936058072773e-06
-2.306956874511255e-06
-2.3389579751406783e-06
-2.3714029810683636e-06
-2.4042980499847707e-06
-2.4376494248926506e-06
-2.47146343556462e-06
-2.505746499451693e-06
-2.5405051230430696e-06
-2.5757459031036005e-06
-2.611475527968801e-06
-2.6477007786015333e-06
-2.6844285300966922e-06
-2.7216657530127397e-06
-2.759419514479218e-06
-2.797696979613693e-06
-2.8365054130798616e-06
-2.8758521802706334e-06
-2.9157447486653342e-06
-2.9561906893589397e-06
-2.997197678544688e-06
-3.038773498799987e-06
-3.0809260406908164e-06
-3.123663304286067e-06
-3.1669934005786244e-06
-3.2109245530801637e-06
-3.2554650994386395e-06
-3.300623492837572e-06
-3.346408303758064e-06
-3.3928282216298814e-06
-3.4398920563693774e-06
-3.4876087401087923e-06
-3.535987328925742e-06
-3.58503700447529e-06
-3.6347670757287545e-06
-3.6851869808488978e-06
-3.736306288937524e-06
-3.788134701767493e-06
-3.840682055756292e-06
-3.893958323756218e-06
-3.947973616921427e-06
-4.0027381866920234e-06
-4.058262426747007e-06
-4.114556874869851e-06
-4.171632215037427e-06
-4.2294992794319965e-06
-4.288169050565508e-06
-4.347652663178525e-06
-4.4079614065697524e-06
-4.469106726584168e-06
-4.531100227842411e-06
-4.59395367587704e-06
-4.657678999550195e-06
-4.722288293158795e-06
-4.7877938187453496e-06
-4.854208008408449e-06
-4.9215434668013086e-06
-4.9898129733297715e-06
-5.059029484749081e-06
-5.1292061374646125e-06
-5.200356250066791e-06
-5.272493326005277e-06
-5.3456310560849075e-06
-5.419783320867341e-06
-5.494964193544734e-06
-5.5711879425974435e-06
-5.64846903429816e-06
-5.726822135558151e-06
-5.80626211691745e-06
-5.886804055143285e-06
-5.968463235992142e-06
-6.051255157370486e-06
-6.135195532217216e-06
-6.2203002914046216e-06
-6.306585586704754e-06
-6.394067794048133e-06
-6.482763516469351e-06
-6.572689587345848e-06
-6.663863073414373e-06
-6.756301278360672e-06
-6.850021745823868e-06
-6.945042262844437e-06
-7.041380863021733e-06
-7.13905583027318e-06
-7.238085702078424e-06
-7.3384892730942244e-06
-7.440285598740292e-06
-7.543493998660709e-06
-7.648134060557216e-06
-7.754225643782583e-06
-7.86178888324753e-06
-7.970844193100075e-06
-8.081412270660298e-06
-8.193514100453161e-06
-8.307170957966683e-06
-8.422404413912957e-06
-8.53923633812391e-06
-8.65768890391164e-06
-8.77778459216103e-06
-8.899546195390061e-06
-9.022996822596359e-06
-9.148159903017776e-06
-9.27505919125969e-06
-9.403718771056567e-06
-9.534163060484014e-06
-9.666416816348986e-06
-9.800505138551398e-06
-9.936453475803777e-06
-1.007428762879681e-05
-1.0214033757547673e-05
-1.0355718383187774e-05
-1.0499368396838177e-05
-1.0645011060299588e-05
-1.079267401604613e-05
-1.0942385287343331e-05
-1.1094173288808906e-05
-1.1248066826778972e-05
-1.1404095109299357e-05
-1.1562287747920877e-05
-1.1722674766020654e-05
-1.1885286603160149e-05
-1.2050154120507583e-05
-1.2217308608963168e-05
-1.2386781790839178e-05
-1.2558605831900133e-05
-1.2732813340226657e-05
-1.2909437380255028e-05
-1.3088511471245207e-05
-1.3270069600762558e-05
-1.3454146225205972e-05
-1.3640776280922015e-05
-1.3829995186908934e-05
-1.4021838856387693e-05
-1.4216343695953155e-05
-1.4413546624827392e-05
-1.4613485063339732e-05
-1.4816196965063808e-05
-1.5021720794214128e-05
-1.5230095563349851e-05
-1.5441360816301794e-05
-1.565555664610166e-05
-1.5872723714356564e-05
-1.6092903218779494e-05
-1.6316136971771217e-05
-1.6542467311529837e-05
-1.6771937221008598e-05
-1.7004590228712247e-05
-1.72404704996182e-05
-1.7479622807052492e-05
-1.7722092515389573e-05
-1.79679256816943e-05
-1.8217168915084833e-05
-1.8469869562921033e-05
-1.8726075556575153e-05
-1.8985835522145186e-05
-1.924919879164519e-05
-1.9516215285213072e-05
-1.978693575831772e-05
-2.006141152078141e-05
-2.0339694694927637e-05
-2.0621838140390063e-05
-2.0907895253040125e-05
-2.119792060779088e-05
-2.1491968821127003e-05
-2.1790096261282846e-05
-2.2092358842080187e-05
-2.239881466602111e-05
-2.2709521134012072e-05
-2.30245379555729e-05
-2.3343924243771086e-05
-2.366774117851025e-05
-2.3996049809862105e-05
-2.4328912653472464e-05
-2.466639292019021e-05
-2.5008554354420605e-05
-2.5355462480948412e-05
-2.5707182280435855e-05
-2.606378163034054e-05
-2.642532683725398e-05
-2.679188811077269e-05
-2.7163533268041024e-05
-2.7540334682229356e-05
-2.792236202940417e-05
-2.830968958353222e-05
-2.870238920942795e-05
-2.9100536936024074e-05
-2.9504206990905828e-05
-2.991347719235194e-05
-3.0328424058822493e-05
-3.0749127640442324e-05
-3.117566612992036e-05
-3.16081226439586e-05
-3.204657662021749e-05
-3.2491114117939434e-05
-3.294181703196366e-05
-3.3398772210178635e-05
-3.386206714355044e-05
-3.433178615781134e-05
-3.480802520011375e-05
-3.529086498406588e-05
-3.578040858173474e-05
-3.627673772698287e-05
-3.677995480239852e-05
-3.729015319981052e-05
-3.780742302329928e-05
-3.833188002182555e-05
-3.886359468685595e-05
-3.94027064697512e-05
-3.994927707294917e-05
-4.050344574765201e-05
-4.106529237214208e-05
-4.163493458248741e-05
-4.2212486711298836e-05
-4.2798040220393564e-05
-4.339172385407194e-05
-4.3993655031683066e-05
-4.4603894719696924e-05
-4.522268401473096e-05
-4.5849926505427e-05
-4.6486050480761215e-05
-4.713078801415872e-05
-4.778469325605796e-05
-4.8447457841305957e-05
-4.9119602708802925e-05
-4.980093757703393e-05
-5.049179116772801e-05
-5.119225650240396e-05
-5.190231246064215e-05
-5.262245367639795e-05
-5.335226007830276e-05
-5.4092612437392246e-05
-5.48427338501305e-05
-5.560384930764764e-05
-5.6374875902811096e-05
-5.715729683456052e-05
-5.794987800564113e-05
-5.875412402192007e-05
-5.956892049216729e-05
-6.039558735492082e-05
-6.12331899894551e-05
-6.208294311881783e-05
-6.294399867868043e-05
-6.381742355680018e-05
-6.470265000789867e-05
-6.560040751341556e-05
-6.651040040813594e-05
-6.743328837047593e-05
-6.836866154530657e-05
-6.931738596340626e-05
-7.027891659121038e-05
-7.125410490848379e-05
-7.224262564313477e-05
-7.324486183655045e-05
-7.426142904831288e-05
-7.529120084873663e-05
-7.633650984997629e-05
-7.739508808016768e-05
-7.846915478119113e-05
-7.955837993285165e-05
-8.066080480681275e-05
-8.178275403056868e-05
-8.291328795573311e-05
-8.406923212989966e-05
-8.522927487166249e-05
-8.641860637143315e-05
-8.76114031483679e-05
-8.883223776514726e-05
-9.006137294783985e-05
-9.131262586617849e-05
-9.258044969663102e-05
-9.386255408480888e-05
-9.516484287609928e-05
-9.650957322507314e-05
-9.782471201834797e-05
-9.92253594027162e-05
-0.00010055971666871362
-0.00010201882147753031
-0.00010338821509994264
-0.00010487496082052728
-0.00010632457404050912
-0.00010778354513582642
-0.00010935168179682455
-0.00011076329462109049
-0.00011246166743642612
-0.00011385840750711236
-0.00011563039989164427
-0.00011703477038135497
-0.00011891652125320935
-0.00012030962703122087
-0.00012226276657765437
-0.00012374070964962683
-0.00012565871227368226
-0.0001272883909753913
-0.0001291992691059699
-0.00013090417950565344
-0.00013284985280003414
-0.00013463476788625622
-0.00013656985575813006
-0.0001384855986911708
-0.00014042875753373182
-0.00014239439637366664
-0.00014442437090854616
-0.0001464179253880581
-0.00014848590927657803
-0.0001505898005740732
-0.00015268613640606696
-0.00015482568031621215
-0.0001570462374248082
-0.00015919362477129998
-0.00016148422226181956
-0.0001636999163474374
-0.0001660911099912025
-0.00016825943113154022
-0.0001709231166590904
-0.00017289817775075996
-0.0001759888142974734
-0.00017740146976401587
-0.00018176486348301909
-0.00018186515417376655
-0.00018706267200719966
-0.00018721680889070402
-0.00019206724705317802
-0.00019279894987222937
-0.00019733916726287254
-0.00019850990277317363
-0.00020235134228198262
-0.00020438880589024907
-0.00020790551002358953
-0.00020943081121315517
-0.00021539936769944773
-0.0002130447388429056
-0.00022544853247676456
-0.00021453055842811483
-0.0002388927126918028
-0.00021337819440948261
-0.0002392831870975424
-0.0003664180059846983
-0.0002684064780953503
-0.0003872326800294047
-0.0002761565371601787
-0.0004060963842177337
-0.00025705705683907575
-0.00042251630379906355
-0.0002238192633717863
-0.0003803137524892382
-0.00023632389465520526
-0.00030806411488477556
-0.00029046929660792725
-0.0003246567581534775
-0.00031003876650440325
-0.00032257815011490706
-0.00042710146920973274
-0.00035609868647420767
-0.00046055019334990044
-0.0003878774126828137
-0.000461764433482031
-0.000452616206373103
-0.0005373618783496371
-0.00045783993585447316
-0.0005387894160793815
-0.0004677640616094587
-0.000485580354380284
-0.000471855190639412
-0.0005214558226122839
-0.00040590166959249665
-0.0004986138717260122
-0.00041186005853599875
-0.000427052893269306
-0.00047553248010852214
-0.0003990097004366673
-0.00046728609792782505
-0.00047943569444177953
-0.0005404275477964978
-0.0005188748330935966
-0.0005841115661723156
-0.0005671240895478782
-0.0005732599271462552
-0.0006774124005588938
-0.0006247715921972735
-0.0006962954304972485
-0.0006245821670256731
-0.0007332555992937105
-0.0005635861416806581
-0.0007771557733275494
-0.0005690567341520153
-0.0007910132097707287
-0.000529088644781843
-0.0008655574629989407
-0.000521758482217971
-0.0008063021353925601
-0.0006589973443392339
-0.0007296932954262267
-0.0006916031444577156
-0.0007786379914697166
-0.0006444423958827956
-0.0008449559801413896
-0.0006617410372563408
-0.0008411972591043232
-0.0007371793872264047
-0.0008612873994352822
-0.0020029521057218533
-0.0023694285714184857
-0.0021137838621266263
-0.0025812962240586703
-0.0015722539104784004
-0.003761523378399228
0.0008461604303538345
-0.006531997839499237
0.0025718608970006695
-0.006510398543398704
0.0010400364313265667
-0.006456073492640232
-0.0007199328056312986
-0.002522350203937517
-0.004842147928989504
-0.0009665676661989254
-0.0046240397675558
-0.005856866914524198
0.0005790502420233586
-0.009164386927911395
0.010480030585629019
-0.01750259113387158
0.03264163201256614
-0.058681082561664336
0.14984071825772985
0.37578893321660184
0.12048694974082005
0.6954196972412201
0.3187167869064538
0.3692050237270034
-0.6482492825690428
-0.23570461297085368
-0.40605030750697557
-0.25205546585440974
-0.151511296757814
0.05617241303405719
-0.12915540852390522
-0.08934847510310527
-0.22619723239413148
0.020921976056326952
-0.048891326716757874
0.21976604254338028
0.05763884404863619
0.16301458325813517
0.14536060998608605
0.05195189266684945
-0.10839118575852674
-0.019790285859077675
0.019488006479415416
0.16284303273992112
-0.029545451508740092
0.007315089478703308
-0.035673060065925764
-0.0270862462337361
-0.08101378497202118
-0.0816054194727349
0.05798892877971124
0.08326041895969992
-0.009655482282007119
-0.05436683351222948
-0.13042408786008758
-0.02717397324965931
-0.04656276550917156
0.05374950375858745
0.059055051566521535
0.05934413015427974
-0.03487804783550005
-0.05046398192393782
-0.01800840660291121
0.047645326578785376
0.05839575089851064
0.03781630010582138
0.03191028563619326
-0.005315626625442921
-0.018879160508254163
-0.03833381449760119
-0.0055293342862541665
0.04433625953790691
0.024879035586129552
0.004491431816887186
-0.035570652227381296
-0.0249337505529404
-0.028876769749022674
-0.01288573408341807
-0.009125843335030012
0.021701607588483735
0.012997157796519377
0.006509745719026033
-0.022538957787241593
-0.017236349122579007
0.007458329517536137
0.028075785825691885
0.033387763036786214
0.027540223231640855
0.01735790427344138
-0.013490916872023638
-0.040180417103571495
-0.025183214932886548
-0.00029742968831196796
0.012344075286385568
-0.007059698429895333
-0.015649120896826622
-0.025650200995119284
-0.020638489653492607
-0.010984493563692535
0.003182463933543397
0.01460765167913136
0.02061165841704774
0.01679736345655302
0.011025835019349929
0.004660057763568853
-0.00043067060092779767
-0.001223888410343404
0.003987398031092354
0.009724746975040385
0.005827847283824456
-0.0021967002853144667
-0.010202311699294886
-0.009926649846922899
-0.008723035326525599
-0.002827996026325674
0.0009124188208730252
0.0021413901715420626
0.003201662781284598
-0.0015833270676740173
-0.007138222349363316
-0.005497507302659084
0.0016316032904308943
0.010846769275457444
0.007455103506871463
0.001569725640830329
-0.004004537465700647
-0.0029247727949619283
-0.0010854937990119977
0.002184039589943968
0.004591887662430745
0.003747147288523705
8.245015679547444e-05
-0.002198702078465028
-0.0028916880843006
-0.0006724247126614465
-0.0002611981591261001
0.0017457251065903581
0.001074768165084725
0.000728201993346785
-0.0013933327846710048
-0.002628669787332871
-0.0013909315902784437
0.0022938371087062653
0.0021875003141284617
0.001697396178930162
0.0008899389255862483
0.0003460384608563853
-0.0005948044578827106
-0.0016638429883002162
-0.0007701940248976801
0.0011249400051133015
0.003406905991327155
0.0024819905568946184
0.0003764216070230527
-0.0012410918882248489
-0.001737918980624352
0.00030347065490032697
0.0015116918799358476
0.0028285081651294158
0.0017625896744018286
-0.0003110326765013683
-0.0022817595051616273
-0.0018061403927541952
0.0004824709621908975
0.000502460572298157
0.0014349596738498724
0.0016683109814255859
0.0002663412699007229
-0.0006069605637542212
-0.0009143908728520958
0.00010449753669863138
0.0008032189545654098
-0.0010438225551131818
0.0015517058518812027
-0.00113971289926498
0.0008554498204004763
-0.0008786428108988482
0.0005956748787808177
-0.0006596079817170237
0.0005391933866183356
-0.0004416615629873807
0.0005261166433801301
-0.0004682951538937059
0.0003916886373083109
-0.0004165440780356844
0.0003578638244367417
-0.00033542160131025747
0.0003287348116471924
-0.0002887407461055671
0.0002842506948356866
-0.00026810314017845414
0.000246989093277721
-0.00023247095490541584
0.00020835135993048002
-0.00019180950796831436
0.0001819677197541206
-0.00016409184015765167
0.0001539567998137248
-0.0001443649957993483
0.00013236082704359072
-0.0001247265732485538
0.00011559676476220496
-0.00010670320336826221
9.966245954369274e-05
-9.231404440185418e-05
8.566175449200095e-05
-7.98589673873964e-05
7.378140676548607e-05
-6.886120657527796e-05
6.386915335491553e-05
-5.917848463213673e-05
5.5027852703830316e-05
-5.106406875494713e-05
4.731610864274079e-05
-4.408743698869496e-05
4.082332366559709e-05
-3.797856813268449e-05
3.524142182065684e-05
-3.275975388541963e-05
3.037630826382802e-05
-2.8266386062428435e-05
2.6171483218209116e-05
-2.4383343158172668e-05
2.2564683743496808e-05
-2.1022794114271617e-05
1.9457988221097523e-05
-1.813266495589885e-05
1.6768746503517326e-05
-1.5646090166416887e-05
1.4450222748229637e-05
-1.3496189176252348e-05
1.2455632824532768e-05
-1.1642711823961396e-05
1.0734230736835274e-05
-1.0046504986105766e-05
9.248627814554579e-06
-8.670436919850895e-06
7.967764743237879e-06
-7.483198992539429e-06
6.863574643561758e-06
-6.459544191432477e-06
5.911012034904911e-06
-5.577564503418718e-06
5.089181353556743e-06
-4.8171990615649524e-06
4.380550159447305e-06
-4.161587299892234e-06
3.7693178977319395e-06
-3.596543617441668e-06
3.241965577021515e-06
-3.1096014081809058e-06
2.787006040274589e-06
-2.6899324619165466e-06
2.394496637690897e-06
-2.3282731905145985e-06
2.0558054393668337e-06
-2.0166791450009543e-06
1.7634890695059253e-06
-1.7482616955117073e-06
1.511177272700906e-06
-1.517062331769987e-06
1.2933576402579874e-06
-1.3179691562665522e-06
1.105262462481921e-06
-1.1465733039640272e-06
9.42790655656322e-07
-9.990649535614182e-07
8.024088346882683e-07
-8.721605367389192e-07
6.810670460757385e-07
-7.630316466408532e-07
5.761331280521097e-07
-6.692396133310382e-07
4.853390802540478e-07
-5.886799485062873e-07
4.067296991515216e-07
-5.195388874707114e-07
3.386177189674579e-07
-4.602533411351582e-07
2.795480061499548e-07
-4.094753159574263e-07
2.2826594008116662e-07
-3.660425940583967e-07
1.8368939145446683e-07
-3.2895341064553135e-07
1.4488485241886603e-07
-2.973443234753452e-07
1.1104710655532313e-07
-2.7047100639721045e-07
8.148162258233898e-08
-2.476919027615248e-07
5.558920251370891e-08
-2.284541553881133e-07
3.285283771848474e-08
-2.1228135263290024e-07
1.282642807134797e-08
-1.9876299441621073e-07
-4.875004394144875e-09
-1.8754543984413237e-07
-2.0583751938162143e-08
-1.7832409036997593e-07
-3.458668482442652e-08
-1.7083663944464714e-07
-4.713150866103837e-08
-1.6485725107848008e-07
-5.843217331801161e-08
-1.6019156147818563e-07
-6.867353263893643e-08
-1.5667234214364616e-07
-7.801535931357441e-08
-1.5415577843012548e-07
-8.659580617278919e-08
-1.5251825489712156e-07
-9.453440333469752e-08
-1.5165358527649553e-07
-1.0193462639208548e-07
-1.5147062234653272e-07
-1.0888612196049627e-07
-1.5189119892638873e-07
-1.1546662352299175e-07
-1.5284835096262064e-07
-1.2174360551728443e-07
-1.5428479162912095e-07
-1.2777570705275738e-07
-1.561515826542688e-07
-1.336139599120243e-07
-1.5840700565088292e-07
-1.393028533924496e-07
-1.6101557674826593e-07
-1.4488124648796385e-07
-1.6394720433739012e-07
-1.503831574096396e-07
-1.671764566805664e-07
-1.5583844328604648e-07
-1.7068193775639272e-07
-1.6127339057432633e-07
-1.7444574679670744e-07
-1.6671122061228207e-07
-1.784530099717494e-07
-1.7217252611155878e-07
-1.8269147960875334e-07
-1.7767565050588914e-07
-1.8715119068563914e-07
-1.8323701462055753e-07
-1.9182416035787818e-07
-1.8887139611838133e-07
-1.9670413401806988e-07
-1.9459217498528185e-07
-2.017863642955048e-07
-2.004115433230794e-07
-2.0706742135160293e-07
-2.0634068692028905e-07
-2.1254502977703822e-07
-2.123899429241731e-07
-2.1821792883368763e-07
-2.1856893584647685e-07
-2.2408575295459945e-07
-2.2488669626182824e-07
-2.3014892721717316e-07
-2.3135176099690902e-07
-2.3640858081344488e-07
-2.3797226568144877e-07
-2.428664699515086e-07
-2.447560177976473e-07
-2.4952491469945213e-07
-2.5171056661091665e-07
-2.563867411822297e-07
-2.588432592133213e-07
-2.6345523883254587e-07
-2.6616129521705133e-07
-2.70734117962596e-07
-2.7367176819672223e-07
-2.7822747695652834e-07
-2.8138170671962383e-07
-2.8593977228009765e-07
-2.8929810586583553e-07
-2.9387579718917044e-07
-2.9742796325768755e-07
-3.0204066159061557e-07
-3.057783005990227e-07
-3.104397747406601e-07
-3.1435619076564114e-07
-3.1907883170476277e-07
-3.231687775694656e-07
-3.2796380459304553e-07
-3.3222329730124567e-07
-3.3710093258194733e-07
-3.415270932988332e-07
-3.464967157565521e-07
-3.510876344825671e-07
-3.5615791055040717e-07
-3.6091252784620415e-07
-3.660915273306529e-07
-3.7100953497750354e-07
-3.763048286233462e-07
-3.813865813137899e-07
-3.868053265285599e-07
-3.920517681724504e-07
-3.976007841728613e-07
-4.030133849617073e-07
-4.0869921758381663e-07
-4.1427992119855205e-07
-4.2010889929400746e-07
-4.258600739133208e-07
-4.318383570076317e-07
-4.3776275845788576e-07
-4.438963807833836e-07
-4.499971177521038e-07
-4.562920260192758e-07
-4.625725326708733e-07
-4.6903461769012833e-07
-4.754986289842375e-07
-4.821337553020949e-07
-4.887852883255633e-07
-4.955993207532775e-07
-5.024426574808637e-07
-5.094414818416354e-07
-5.164811556551338e-07
-5.236707003091964e-07
-5.30911484428187e-07
-5.382977375546771e-07
-5.457446368845043e-07
-5.533336631937877e-07
-5.60991907129927e-07
-5.68789862424434e-07
-5.766648987700777e-07
-5.846780429082576e-07
-5.927755347069803e-07
-6.010102444361891e-07
-6.093360669463463e-07
-6.177988463340373e-07
-6.263590856580084e-07
-6.350565775426961e-07
-6.4385753025583e-07
-6.527965254951584e-07
-6.618446990112713e-07
-6.710321465282177e-07
-6.803342593453277e-07
-6.897772733257873e-07
-6.993402575539587e-07
-7.090461275780988e-07
-7.188771313424412e-07
-7.288533296571226e-07
-7.389597206693826e-07
-7.492139113291635e-07
-7.596032786990475e-07
-7.701433230190152e-07
-7.808234825500832e-07
-7.916574494178097e-07
-8.026364473646963e-07
-8.137726190422107e-07
-8.250587375136387e-07
-8.365056180332717e-07
-8.481073789836507e-07
-8.598737010064809e-07
-8.717998725704668e-07
-8.838946062962941e-07
-8.961542090131936e-07
-9.085865681421335e-07
-9.211888795700521e-07
-9.339683301528776e-07
-9.469228921363433e-07
-9.600591590096588e-07
-9.733757846911578e-07
-9.868788621433464e-07
-1.0005676426472123e-06
-1.014447798788204e-06
-1.0285191100519592e-06
-1.0427868981060639e-06
-1.0572514089956728e-06
-1.0719176733748476e-06
-1.0867863528213687e-06
-1.101862239709199e-06
-1.1171463653843541e-06
-1.1326433295710814e-06
-1.1483544958418301e-06
-1.1642843112530388e-06
-1.1804344380063336e-06
-1.1968092051076185e-06
-1.2134105471239831e-06
-1.2302427039104225e-06
-1.2473078587309228e-06
-1.264610189372073e-06
-1.2821521071307296e-06
-1.2999377520771238e-06
-1.3179697460341533e-06
-1.3362522121238007e-06
-1.3547879673548452e-06
-1.3735811370610418e-06
-1.3926347243913353e-06
-1.4119528684887472e-06
-1.4315387504917898e-06
-1.4513965374950838e-06
-1.4715295809254042e-06
-1.4919420884274004e-06
-1.5126375746982862e-06
-1.5336203021271144e-06
-1.5548939419213204e-06
-1.5764628209999354e-06
-1.5983307636580069e-06
-1.620502170209849e-06
-1.6429810163320208e-06
-1.6657717830936836e-06
-1.688878596647382e-06
-1.7123060276000301e-06
-1.7360583505349192e-06
-1.7601402331102363e-06
-1.7845560967744319e-06
-1.8093107137327064e-06
-1.8344086534576812e-06
-1.8598547988496472e-06
-1.8856538681450395e-06
-1.9118108607451417e-06
-1.938330645863493e-06
-1.9652183448788923e-06
-1.992478978567018e-06
-2.02011779688524e-06
-2.0481399739240985e-06
-2.0765508944396564e-06
-2.1053558889685443e-06
-2.1345604819629146e-06
-2.1641701625125273e-06
-2.1941905997790827e-06
-2.2246274451781685e-06
-2.255486517819573e-06
-2.2867736347593343e-06
-2.31849477066743e-06
-2.350655911890695e-06
-2.3832631937739657e-06
-2.4163227756203443e-06
-2.4498409584849945e-06
-2.48382407902481e-06
-2.518278609975333e-06
-2.553211068512251e-06
-2.5886281045106596e-06
-2.6245364211363587e-06
-2.6609428510626643e-06
-2.6978542869982025e-06
-2.7352777495215364e-06
-2.7732203274483114e-06
-2.811689234646919e-06
-2.8506917597488635e-06
-2.8902353162926775e-06
-2.930327398592558e-06
-2.970975626036265e-06
-3.012187703299238e-06
-3.0539714606855894e-06
-3.0963348201726304e-06
-3.1392858295779813e-06
-3.182832633202848e-06
-3.226983501879166e-06
-3.271746809368689e-06
-3.3171310569388157e-06
-3.3631448523039134e-06
-3.409796933279141e-06
-3.457096149593608e-06
-3.505051482400809e-06
-3.553672028644428e-06
-3.6029670192547214e-06
-3.6529458068233073e-06
-3.7036178802338227e-06
-3.7549928529889698e-06
-3.8070804781881185e-06
-3.859890639106023e-06
-3.913433361034911e-06
-3.96771880331083e-06
-4.022757270016886e-06
-4.078559205602204e-06
-4.135135201970008e-06
-4.1924959952310825e-06
-4.25065247304339e-06
-4.3096156716344175e-06
-4.369396782952575e-06
-4.430007151169993e-06
-4.491458280206015e-06
-4.5537618320479895e-06
-4.616929632543509e-06
-4.680973668600569e-06
-4.745906095815142e-06
-4.811739237212858e-06
-4.878485587144106e-06
-4.946157813977628e-06
-5.014768758974898e-06
-5.084331447156865e-06
-5.154859077209813e-06
-5.2263650371098e-06
-5.2988628948848204e-06
-5.372366412508857e-06
-5.446889538479431e-06
-5.522446417027035e-06
-5.599051387235841e-06
-5.676718988616505e-06
-5.755463960332476e-06
-5.835301248977845e-06
-5.916246004740791e-06
-5.9983135915469415e-06
-6.0815195839960656e-06
-6.1658797740607105e-06
-6.251410171511859e-06
-6.338127009499102e-06
-6.426046746231366e-06
-6.515186066879258e-06
-6.605561888514688e-06
-6.697191365105139e-06
-6.790091885599709e-06
-6.884281082045196e-06
-6.979776829524158e-06
-7.076597252189069e-06
-7.174760726197729e-06
-7.2742858804797014e-06
-7.375191604722109e-06
-7.477497048644088e-06
-7.581221629874603e-06
-7.686385033438964e-06
-7.793007217054941e-06
-7.90110841745453e-06
-8.010709150563494e-06
-8.121830217492924e-06
-8.234492707315352e-06
-8.348718002381978e-06
-8.464527781303164e-06
-8.581944022655313e-06
-8.70098901032296e-06
-8.821685338342503e-06
-8.944055913608258e-06
-9.068123960149534e-06
-9.193913024758017e-06
-9.321446979909656e-06
-9.450750031481298e-06
-9.581846717871857e-06
-9.714761920470477e-06
-9.849520864509435e-06
-9.98614912630768e-06
-1.0124672635880425e-05
-1.0265117682959051e-05
-1.0407510922726257e-05
-1.0551879379649151e-05
-1.0698250452681555e-05
-1.0846651921462462e-05
-1.0997111950494695e-05
-1.1149659096096071e-05
-1.1304322308984798e-05
-1.1461130942716892e-05
-1.1620114757082987e-05
-1.1781303926014226e-05
-1.194472904052636e-05
-1.2110421117051757e-05
-1.2278411601508444e-05
-1.2448732377554517e-05
-1.2621415768935542e-05
-1.2796494549362214e-05
-1.2974001945893521e-05
-1.3153971648086115e-05
-1.3336437811193165e-05
-1.3521435065582527e-05
-1.3708998521134563e-05
-1.3899163775476305e-05
-1.4091966918994685e-05
-1.4287444543596162e-05
-1.4485633748603676e-05
-1.4686572148273774e-05
-1.4890297878268331e-05
-1.5096849602377362e-05
-1.5306266522054947e-05
-1.5518588381828458e-05
-1.5733855478244823e-05
-1.5952108665547114e-05
-1.6173389366087735e-05
-1.639773957646577e-05
-1.66252018751939e-05
-1.68558194315225e-05
-1.708963601422639e-05
-1.7326695999003673e-05
-1.756704437628001e-05
-1.7810726761157054e-05
-1.8057789402250958e-05
-1.830827918846529e-05
-1.8562243660325385e-05
-1.881973101596206e-05
-1.9080790124933024e-05
-1.9345470531468672e-05
-1.9613822469540502e-05
-1.9885896868373964e-05
-2.016174536496708e-05
-2.0441420312041576e-05
-2.0724974787976642e-05
-2.1012462607979154e-05
-2.1303938333518113e-05
-2.1599457283113144e-05
-2.1899075543266224e-05
-2.220284997684683e-05
-2.2510838237565974e-05
-2.2823098777246793e-05
-2.313969085931768e-05
-2.3460674568262315e-05
-2.378611082324352e-05
-2.4116061388639097e-05
-2.445058888433657e-05
-2.4789756799422497e-05
-2.5133629504299048e-05
-2.5482272261566005e-05
-2.5835751239490414e-05
-2.6194133523289214e-05
-2.6557487130116596e-05
-2.6925881020036565e-05
-2.729938510937966e-05
-2.7678070284630277e-05
-2.8062008415576995e-05
-2.8451272369178077e-05
-2.8845936022851458e-05
-2.9246074278295426e-05
-2.9651763077298944e-05
-3.006307941453971e-05
-3.048010135307298e-05
-3.0902908038210565e-05
-3.1331579713592345e-05
-3.176619773564461e-05
-3.2206844589700216e-05
-3.265360390428156e-05
-3.310656046995753e-05
-3.356580025135763e-05
-3.403141040751097e-05
-3.450347930421759e-05
-3.4982096535097866e-05
-3.546735293601035e-05
-3.5959340601909645e-05
-3.6458152907089614e-05
-3.69638845181138e-05
-3.747663141887947e-05
-3.799649092021853e-05
-3.8523561686820695e-05
-3.905794374891962e-05
-3.9599738526625676e-05
-4.014904884500634e-05
-4.070597895728398e-05
-4.1270634560735056e-05
-4.1843122821806286e-05
-4.2423552389561864e-05
-4.3012033424578685e-05
-4.36086776110841e-05
-4.4213598186368256e-05
-4.482690995629649e-05
-4.5448729319185355e-05
-4.607917429049857e-05
-4.671836451882816e-05
-4.736642131649148e-05
-4.802346767545577e-05
-4.8689628294928435e-05
-4.936502960614197e-05
-5.00497997875566e-05
-5.074406880563407e-05
-5.1447968418376886e-05
-5.216163222100949e-05
-5.288519565902253e-05
-5.361879604811356e-05
-5.436257263281819e-05
-5.511666654876702e-05
-5.5881220942282294e-05
-5.665638088862097e-05
-5.7442293521282905e-05
-5.823910799907916e-05
-5.904697551777018e-05
-5.9866049461612756e-05
-6.069648519120281e-05
-6.153844042012591e-05
-6.239207483832259e-05
-6.325755052580988e-05
-6.413503172808034e-05
-6.502468491472444e-05
-6.592667907623882e-05
-6.684118518834414e-05
-6.776837705297712e-05
-6.870843043332885e-05
-6.966152384409998e-05
-7.062783823074304e-05
-7.160755673117235e-05
-7.26008657252902e-05
-7.360795317654247e-05
-7.46290107580083e-05
-7.566423189438187e-05
-7.67138130698022e-05
-7.777795395068324e-05
-7.885685549363484e-05
-7.995072395511658e-05
-8.105976511531613e-05
-8.218419136144222e-05
-8.332421439289175e-05
-8.448005183629188e-05
-8.565192235954503e-05
-8.684004853192493e-05
-8.804465604109028e-05
-8.926597322199783e-05
-9.050423197651519e-05
-9.175966755856156e-05
-9.303251760582262e-05
-9.432302456550273e-05
-9.563143251102319e-05
-9.695799027323098e-05
-9.830294972673669e-05
-9.966656525152787e-05
-0.00010104909726219025
-0.0001024508060305088
-0.00010387195983974887
-0.000105312826396484
-0.00010677368067497418
-0.00010825479899977553
-0.00010975646290552416
-0.00011127895724293252
-0.00011282257118937688
-0.00011438759683114486
-0.00011597433351567886
-0.00011758307783148961
-0.00011921414235641341
-0.00012086782695320737
-0.00012254445630998983
-0.00012424433917284348
-0.00012596780270139715
-0.00012771517835539407
-0.00012948678131273245
-0.00013128297714951683
-0.00013310406756359032
-0.00013495043971031655
-0.0001368224116894243
-0.00013872034841270477
-0.0001406446354195387
-0.0001425955698054189
-0.00014457363433481585
-0.00014657905757524273
-0.00014861237576307322
-0.0001506738481816942
-0.00015276392759244945
-0.00015488304255247692
-0.0001570314592973204
-0.0001592098087257628
-0.0001614182454267683
-0.00016365739799444862
-0.0001659276485624409
-0.00016822918372059472
-0.00017056305767986377
-0.0001729287037137504
-0.00017532789945799818
-0.0001777596324241532
-0.0001802257205524183
-0.00018272564719963992
-0.00018526030619808558
-0.00018783039526212684
-0.00019043562487198687
-0.0001930776364922242
-0.00019575569113831676
-0.00019847133441765704
-0.00020122447387667885
-0.0002040157595276271
-0.00020684591075157538
-0.0002097152942589608
-0.00021262423907963588
-0.00021557414643484565
-0.0002185640596428101
-0.00022159656269638483
-0.00022466999316741098
-0.00022778714656518655
-0.00023094655647863265
-0.00023415073528968995
-0.00023739843287498411
-0.00024069215929122824
-0.00024403058519338063
-0.00024741636961643195
-0.00025084801127752527
-0.00025432850110414717
-0.0002578558960981411
-0.0002614338081233737
-0.00026505952552931093
-0.0002687377147723587
-0.00027246464732701457
-0.00027624502178083554
-0.0002800775919988825
-0.00028396164313643755
-0.00028790285392781077
-0.0002918953095425699
-0.0002959444783116266
-0.0003000533759399659
-0.0003042080795220213
-0.00030844159177211895
-0.0003127019856355536
-0.0003170619505152687
-0.0003214384256082161
-0.00032591593282448186
-0.0003304263389527867
-0.00033501223778593025
-0.0003396669493707182
-0.00034436331154310824
-0.00034917151140650884
-0.00035399280453448463
-0.0003588968538844199
-0.00036394649439900804
-0.0003688811366749198
-0.0003741871416958265
-0.0003791670863703238
-0.0003846584425309576
-0.00038981277056557035
-0.0003953316924549579
-0.0004008883708532373
-0.0004062144353836699
-0.0004122614268025211
-0.00041750084545272233
-0.00042377276390750604
-0.0004293265743923023
-0.00043545301834400766
-0.000441518303221653
-0.000447587807645401
-0.0004538370473593579
-0.00046027750454401945
-0.00046641984800400505
-0.00047332346413471427
-0.0004794233420714822
-0.0004866478359426263
-0.0004928988511886922
-0.000500228520901436
-0.0005068358220826524
-0.0005142259624355786
-0.0005210127532638941
-0.0005287516534338839
-0.0005355573474691633
-0.0005435631306438538
-0.000550682069566601
-0.0005587336460322641
-0.0005661367047255384
-0.0005744558172631519
-0.0005818772207829854
-0.0005907885346790303
-0.0005980008328340634
-0.000607535606917696
-0.0006145946832007126
-0.0006247891471537082
-0.0006316315005892061
-0.0006424633538052223
-0.0006493211059483998
-0.0006610196095197282
-0.000665938263937738
-0.0006821025080996614
-0.0006824528691912438
-0.0007021120595438997
-0.0007025993199376006
-0.0007192247820034848
-0.0007252576981929843
-0.000736610805127381
-0.000747874088570963
-0.0007561390630588622
-0.0007669582248082855
-0.0007825533749810812
-0.0007807300794082893
-0.0008127800320922607
-0.0007954868676049564
-0.0008436608834582254
-0.0008003944885540604
-0.000962818136548544
-0.0008279314934310326
-0.0008518945543108704
-0.0011190981317683417
-0.0007661496250087278
-0.0012841771757044276
-0.0008123881403782895
-0.0011496653301250291
-0.0009141875731572425
-0.0010742000842866887
-0.001133410783489986
-0.0009087291220494752
-0.001104250940156005
-0.0011426803654725481
-0.0008872367076262107
-0.0013701216017666625
-0.0009223883683441639
-0.0013612338718724751
-0.001136750605582255
-0.0013804698227025498
-0.0012024183201752381
-0.001447604841116036
-0.0012835569766692931
-0.0015144755462904213
-0.001229664658911809
-0.0014576835538591074
-0.0012682914910412627
-0.0015474473134343102
-0.0012414568694703552
-0.0015430864866911604
-0.001278151309943576
-0.0015763241263842907
-0.0011013210698430642
-0.0019008988842045549
-0.0008261430751431015
-0.0020670210536256374
-0.0007259658488437543
-0.002168346591741574
-0.0010256753055050694
-0.001975286735411051
-0.0013799540050549106
-0.0019162168693865334
-0.0015326417231491841
-0.0020138592645224246
-0.001355074126674377
-0.002308867454890725
-0.0012914856910403796
-0.002408168533557369
-0.0013095866217086305
-0.0023166220084697847
-0.0014154296462957124
-0.0023626552409138466
-0.0016601618513010369
-0.0021092590253807917
-0.001810684558809797
-0.0021281290101994588
-0.0018208993828723458
-0.002094014204458969
-0.0020004517339529265
-0.0021232892532863576
-0.0019494993485963674
-0.002155217591700051
-0.0019963105819787857
-0.0022137513330979
