-4.599529953311143e-05
-2.524824821332068e-05
-5.293303208330543e-05
-5.633368606122171e-05
-6.127223510163967e-05
-6.423763683171841e-05
-4.409910169885387e-05
-8.176251391247348e-05
-4.4055560251659285e-05
-6.575343306529786e-05
-6.920914644600854e-05
-5.866126967001434e-05
-6.245134701649501e-05
-5.392440395020088e-05
-5.090865600561854e-05
-5.071591521690189e-05
-5.17491457247201e-05
-4.339610614199866e-05
-4.058097828505105e-05
-4.1918794155839886e-05
-3.89157639029178e-05
-4.52270693737459e-05
-3.3770832549651964e-05
-3.575989840246243e-05
-2.8512784060320915e-05
-4.914273153202369e-05
-5.367907975222381e-05
-5.639069549352336e-05
-6.488213896064214e-05
-4.702336949751005e-05
-8.476406259427674e-05
-4.3447739793186054e-05
-8.430806419692559e-05
-3.719604660122882e-05
-9.063767275894601e-05
-6.618153842133168e-05
-8.871833497154711e-05
-9.53840802154227e-05
-9.546700852770115e-05
-9.517460179601152e-05
-0.00011833540205439448
-9.677366407879169e-05
-0.00013692815937268446
-0.0001082002488224397
-0.00012732278742086473
-0.00011166972007470966
-0.00012422933345565041
-0.0001133083638735811
-0.00011588753734955961
-0.00010237364044300573
-0.00011244415629052651
-9.838539784481196e-05
-0.00012515305260007607
-0.0001282774326810894
-0.00011885168124389073
-0.0001514192250657956
-0.00013035727510231742
-0.00014192458882523518
-0.00013661184910023337
-0.0001330490572700915
-0.0001268340343658548
-0.00012314188732647006
-0.00011449295561323648
-0.00012078952326184805
-0.00011101864921338601
-0.00013967938882526905
-0.00012211667120044225
-0.00013347182813883184
-0.00012651094075651504
-0.0001370294119408754
-0.00011515802414431694
-0.00015517975909111296
-0.00012415935607180376
-0.00015190454788875066
-0.0001477548433900067
-0.00017642391381294945
-0.0001594595332015641
-0.00018364291091394684
-0.00016415475311487636
-0.0001977680930532659
-0.00019179957964010608
-0.00020362800512833815
-0.0002038299680110873
-0.0001930669794379718
-0.0002226242860402098
-0.00020053050222435225
-0.00021865168335737822
-0.00022781977491088647
-0.00021319235338917682
-0.00023001912960276622
-0.00021765616965155793
-0.0002315595574621679
-0.00021575986845522038
-0.0002532724178033872
-0.0002164956061116417
-0.0002478659241811165
-0.0002447103253573552
-0.0002471142588889512
-0.0002715119875070947
-0.0002578326428095488
-0.00027577386165430085
-0.00026688695990079495
-0.0002677688549152853
-0.0002710119381428171
-0.0002618798934149118
-0.00026107800140529405
-0.00026343412888689004
-0.0002543514774479854
-0.00025621817491530073
-0.0002456228527765079
-0.0002594218586372565
-0.00023137154289232156
-0.00024922735372165524
-0.00022627035992540335
-0.00023780822578516796
-0.00022183765650171834
-0.00022779223484529394
-0.00022607686521725423
-0.00022308034143144322
-0.00021998469836178382
-0.00022636693871829044
-0.00022388202802398776
-0.00023189843571684143
-0.0002302468668996206
-0.00023950883353349856
-0.00023072455494696237
-0.00022867005308370198
-0.0002555042127485739
-0.00022682248643348746
-0.00028809161745263614
-0.00027438579871513736
-0.00029908687482682345
-0.00027631219833992914
-0.0002882598721938263
-0.000262063769086338
-0.00025821399680280656
-0.00025402960473909774
-0.00023243062764591421
-0.0002336615212084923
-0.00020851701476008204
-0.00022177549361067806
-0.00019437708129622138
-0.00022667671473729022
-0.0002208712395681069
-0.00025040730751885393
-0.00024327349096077194
-0.0002722086175843601
-0.0003007034456913771
-0.0003116848693155356
-0.00033202997967527614
-0.0003550785526833388
-0.00034305206344427007
-0.0003520710328300692
-0.0003245392708359213
-0.0003251799463922587
-0.0003009582603110855
-0.0003111622967781979
-0.00028262778749567016
-0.0002840444673400589
-0.00029699395969990484
-0.00027597518152014226
-0.00032191089026809987
-0.0002927025663679397
-0.00033629212614604416
-0.00029611190266468274
-0.0003453861344945512
-0.0003363114429840699
-0.0003692122264685352
-0.00029000665561252113
-0.00036198303288782177
-0.0002097889093291781
-0.0003891296172404791
-0.00017501715629605723
-0.00048282225131900775
4.112669209742364e-05
-0.0005693377318506689
5.067776423340074e-06
-0.0005931138801097437
0.00033815335120221043
-0.0007775616732085338
0.000662495271667917
-0.001267564169499609
0.0013256979084685263
-0.002096307102732813
0.004379453237899161
-0.005855302296099096
0.07225783814589526
0.09730621121493169
0.07525323042236524
0.04125001827746658
0.020343502108571818
0.010194130523500794
-0.011410142062339784
-0.005836925709756242
-0.017119443779911838
-0.02779815484713541
-0.0641822611847511
-0.06359166948455565
-0.05484302837113002
-0.045572524628323716
-0.028394877349476468
-0.01656952586693544
-0.008623450173329654
0.00310732638927253
0.01868674893389458
0.026577981970568487
0.022419630222981143
0.024099310277779007
0.017421678103272387
0.013398263614811744
0.013091726539817718
0.017055313775589498
0.01717041242636147
0.012688720128289713
0.003508293393001725
-0.0062200251276856005
-0.009827972135510139
-0.009185050190876193
-0.00010845804957516897
0.0019156655609952173
-0.0075691005605404305
-0.014583540812275492
-0.016389086935964407
-0.010707871624804166
-0.007708458107652475
-0.00037263970226120445
0.0052086868674355935
0.003349687085728121
-0.0025576222252852296
-0.0037499415285989026
0.0028287621530623613
0.00696919146875776
0.008317800812299048
0.008543514042922695
0.008367355990038503
0.006237693087784605
0.003726011658794758
0.004842300734636438
0.004875192858080133
0.0036684237661310246
0.0016325171773361154
0.0005671133175114434
-0.0002601849041388737
-0.0018990889849493744
-0.003459662860889011
-0.004214799989616424
-0.004524086733981721
-0.004894905085703279
-0.004095061613577328
-0.0020424751821990867
-0.0004328347289795786
0.0004420265260525234
0.0010243916317773617
0.0009891855882967105
0.001665563644269698
0.002525355141923343
0.004041666308867384
0.0054885455634813285
0.005928373733046245
0.004056437996448252
0.0013219592100552537
0.0002011185817953889
-0.00018528482793115261
-4.619252906010293e-06
0.0003696087235110475
0.00019213043705775722
-0.001026362549181225
-0.002913228680208617
-0.003494391128486342
-0.0026494670679661912
-0.0013518578036912014
-0.0006344049302935138
-6.039522415581772e-05
0.0005537710981832801
0.0010345971421841663
0.0010792534687896944
0.0013602587751665295
0.0017555420754499342
0.0017353371835202931
0.0017329002593705063
0.0020895614256487985
0.0020453484573439134
0.0016364833258094415
0.0012277458219938963
0.0011654349110251571
0.000898205079744211
0.00039330645497650195
6.388269025462057e-05
0.00013616993900399587
0.00026878926627225887
6.0242594788657844e-05
-0.00030841555115460517
-6.66491853378488e-05
-0.0004083009531087147
-0.00014577188944092992
-0.00030640994144354085
-0.00011634553118460835
-0.0002534360550778174
-8.855780737912792e-05
-0.00015989444411487405
-4.56186141926686e-05
-0.00011213522512900438
-3.16391316152007e-05
-6.915169006122392e-05
-9.454974846272494e-06
-4.200462615204684e-05
1.2716628686098133e-05
-1.1176946597357359e-05
2.7704759459086254e-05
-5.655567179097334e-06
2.370915565544818e-05
-1.8036926948889528e-06
2.4333659340424786e-05
3.015932259753753e-06
2.4808870382736503e-05
5.313489078286504e-06
1.7195998004339774e-05
4.3004783719649206e-07
1.4512631129918834e-05
1.3885027972976739e-07
7.668310271992732e-06
6.38082702121047e-07
2.7191387608586914e-06
2.5411551449021352e-08
2.5687317641021057e-07
-4.016789222072159e-08
-1.5661084702984357e-06
-8.118518058826407e-07
-2.702243441383631e-06
-1.0796182686881664e-06
-2.6979307769679425e-06
-8.860811382497289e-07
-2.3425484706298197e-06
-7.441914877540437e-07
-2.175054453302204e-06
-6.957172375698928e-07
-1.933711984099251e-06
-3.648804806450842e-07
-1.6470167711678078e-06
-1.9011677611022182e-07
-1.4794555657478628e-06
-6.080963138805143e-08
-1.3550168729377018e-06
-3.7036368891445876e-09
-1.2062967887269647e-06
-3.547887646344894e-08
-1.1710603597318521e-06
-6.837158305603207e-08
-1.104039915992422e-06
-1.5420328343873288e-07
-1.0263305118248314e-06
-2.7578542608755127e-07
-9.826088038588867e-07
-3.9574518530084766e-07
-9.396346459452588e-07
-4.90813804107968e-07
-9.041410796179961e-07
-5.725746349653104e-07
-8.868473727103481e-07
-6.398679768213631e-07
-8.755357425967506e-07
-6.899530481174548e-07
-8.681753618692103e-07
-7.293880439263501e-07
-8.656519513599355e-07
-7.636552291595371e-07
-8.629394510894948e-07
-7.915815448474744e-07
-8.625236910255451e-07
-8.177029650208449e-07
-8.643232705681214e-07
-8.419256618980855e-07
-8.685836248925876e-07
-8.626389427773959e-07
-8.752257294354767e-07
-8.827642381318808e-07
-8.844836792303891e-07
-9.018335921961215e-07
-8.962654608445086e-07
-9.192980779879067e-07
-9.100741841412685e-07
-9.360415195586169e-07
-9.256569020931957e-07
-9.524088831502388e-07
-9.423923953525784e-07
-9.685435549355601e-07
-9.598512815911804e-07
-9.848266121179636e-07
-9.778705509753225e-07
-1.0013429878901912e-06
-9.961966204558264e-07
-1.0181366352460686e-06
-1.0147477916637291e-06
-1.0352737475273176e-06
-1.0335967009044618e-06
-1.0527470715772414e-06
-1.0526793184098664e-06
-1.0705367047402936e-06
-1.0720209858836776e-06
-1.08866065896904e-06
-1.0916477635415772e-06
-1.1071641261315644e-06
-1.1115311349130794e-06
-1.1260514133238842e-06
-1.1316833558786988e-06
-1.145341540732643e-06
-1.1521126165270031e-06
-1.1650566218120498e-06
-1.172815020805729e-06
-1.1852010017145365e-06
-1.1938018007273142e-06
-1.2057800847124967e-06
-1.215089514898865e-06
-1.2267925682367127e-06
-1.2366923627667617e-06
-1.24823085800788e-06
-1.2586275787741119e-06
-1.2700928011801177e-06
-1.2809124429563162e-06
-1.292375541952977e-06
-1.3035613298312268e-06
-1.3150768289484733e-06
-1.326586424507587e-06
-1.3381988376718793e-06
-1.3499996872681707e-06
-1.3617443203298336e-06
-1.373811264959333e-06
-1.3857172116524822e-06
-1.398030620038151e-06
-1.410122477668566e-06
-1.4226678892423122e-06
-1.4349651514883697e-06
-1.4477325868507014e-06
-1.4602507904334401e-06
-1.4732341212119608e-06
-1.4859854937266802e-06
-1.4991820767077153e-06
-1.5121756543666641e-06
-1.5255856701685817e-06
-1.5388280749456746e-06
-1.5524539597482252e-06
-1.5659500881519536e-06
-1.5797959073979642e-06
-1.5935494619987237e-06
-1.607620256681777e-06
-1.6216342888248497e-06
-1.6359357238582544e-06
-1.6502129959209896e-06
-1.6647510504834862e-06
-1.679294274815218e-06
-1.694075025855321e-06
-1.7088869938169417e-06
-1.723916565587666e-06
-1.7390002212173093e-06
-1.7542847280858052e-06
-1.7696431926774933e-06
-1.7851887229687006e-06
-1.800825297767995e-06
-1.8166379182373558e-06
-1.8325561098085852e-06
-1.8486418428519114e-06
-1.8648453745096199e-06
-1.8812101894377046e-06
-1.8977030081135816e-06
-1.9143528198363848e-06
-1.931139106112743e-06
-1.9480797736259534e-06
-1.965163940269277e-06
-1.9824012685409464e-06
-1.9997879510271583e-06
-2.017327711514505e-06
-2.0350217612306247e-06
-2.0528697044050644e-06
-2.070876167448827e-06
-2.0890380444425046e-06
-2.1073621467623517e-06
-2.1258437275208032e-06
-2.1444908611367155e-06
-2.1632979540313606e-06
-2.182273662391346e-06
-2.201412126022316e-06
-2.220722094721083e-06
-2.240197852339471e-06
-2.259847901678441e-06
-2.2796669507165138e-06
-2.2996630301332647e-06
-2.3198314495666153e-06
-2.3401796341886356e-06
-2.360703592744611e-06
-2.3814100801047508e-06
-2.402295842103509e-06
-2.4233669502702595e-06
-2.4446208807132896e-06
-2.4660630461060417e-06
-2.487691616304122e-06
-2.5095113936784476e-06
-2.531521185799657e-06
-2.55372524782282e-06
-2.576122958709615e-06
-2.5987180956752736e-06
-2.6215105396048286e-06
-2.6445036608577276e-06
-2.6676977742397896e-06
-2.6910959100430828e-06
-2.7146987523441954e-06
-2.738509054456201e-06
-2.762527811614949e-06
-2.7867575559906673e-06
-2.811199542296336e-06
-2.835856131538803e-06
-2.860728792512609e-06
-2.885819757575945e-06
-2.9111306710954987e-06
-2.9366636738962083e-06
-2.9624205533465044e-06
-2.988403389331696e-06
-3.0146140852313095e-06
-3.041054685767701e-06
-3.0677271884190893e-06
-3.094633623381283e-06
-3.1217760648030507e-06
-3.1491565452670717e-06
-3.1767772019640256e-06
-3.204640082709043e-06
-3.2327473775996263e-06
-3.2611011599652327e-06
-3.2897036652941797e-06
-3.3185569996866467e-06
-3.347663439044621e-06
-3.3770251279528513e-06
-3.4066443791178145e-06
-3.4365233795808844e-06
-3.4666644769659467e-06
-3.4970699036048066e-06
-3.5277420411186774e-06
-3.558683169036311e-06
-3.589895702727885e-06
-3.6213819702137168e-06
-3.653144421178901e-06
-3.68518543269916e-06
-3.7175074896146003e-06
-3.750113018797076e-06
-3.7830045413682995e-06
-3.816184534048299e-06
-3.849655555618385e-06
-3.883420132835453e-06
-3.9174808634830755e-06
-3.9518403244753856e-06
-3.986501154333532e-06
-4.021465980009388e-06
-4.056737482106392e-06
-4.092318337937527e-06
-4.128211271489261e-06
-4.1644190107982765e-06
-4.200944324885859e-06
-4.237789992326228e-06
-4.274958828417156e-06
-4.312453662921962e-06
-4.3502773592191395e-06
-4.388432798340189e-06
-4.426922892625631e-06
-4.465750575170757e-06
-4.5049188086686464e-06
-4.54443057852403e-06
-4.5842888986336624e-06
-4.624496808189695e-06
-4.665057373631613e-06
-4.705973688061104e-06
-4.747248871337669e-06
-4.788886071612393e-06
-4.83088846323297e-06
-4.873259250076604e-06
-4.916001662541112e-06
-4.959118960829876e-06
-5.002614432282401e-06
-5.046491394411278e-06
-5.0907531925277905e-06
-5.135403202636288e-06
-5.180444829020869e-06
-5.22588150714395e-06
-5.271716701216005e-06
-5.317953907144155e-06
-5.364596650292864e-06
-5.411648488246046e-06
-5.459113008435051e-06
-5.5069938309987906e-06
-5.555294606769017e-06
-5.604019019489186e-06
-5.653170784375135e-06
-5.702753650028676e-06
-5.752771397279964e-06
-5.803227840645844e-06
-5.85412682760193e-06
-5.905472239844619e-06
-5.957267992655205e-06
-6.009518036078298e-06
-6.06222635436888e-06
-6.115396967200652e-06
-6.169033929135002e-06
-6.223141330531179e-06
-6.2777232973516535e-06
-6.332783992084258e-06
-6.38832761347326e-06
-6.444358397168681e-06
-6.5008806160357624e-06
-6.557898580368776e-06
-6.615416638207838e-06
-6.673439175757835e-06
-6.731970617728593e-06
-6.79101542767438e-06
-6.850578108183358e-06
-6.9106632014964735e-06
-6.9712752895062836e-06
-7.032418994408935e-06
-7.094098978899082e-06
-7.156319946582747e-06
-7.219086642278902e-06
-7.282403852476962e-06
-7.34627640569104e-06
-7.4107091726863125e-06
-7.475707066951259e-06
-7.541275045166629e-06
-7.607418107429941e-06
-7.67414129770111e-06
-7.741449704128129e-06
-7.809348459536527e-06
-7.87784274177515e-06
-7.946937774055751e-06
-8.016638825561737e-06
-8.0869512114733e-06
-8.157880293778176e-06
-8.229431481284518e-06
-8.301610230334987e-06
-8.374422045154479e-06
-8.447872478390718e-06
-8.521967131113091e-06
-8.596711653655748e-06
-8.672111745951401e-06
-8.748173157800644e-06
-8.824901689589689e-06
-8.902303192385122e-06
-8.980383568849187e-06
-9.059148773054344e-06
-9.138604811689561e-06
-9.218757743892574e-06
-9.299613681930163e-06
-9.381178791758834e-06
-9.46345929350793e-06
-9.546461461173384e-06
-9.630191625301965e-06
-9.71465617030726e-06
-9.79986153777095e-06
-9.885814224325835e-06
-9.972520785234207e-06
-1.0059987832787201e-05
-1.0148222036680632e-05
-1.0237230125861343e-05
-1.0327018887647859e-05
-1.0417595169631385e-05
-1.0508965878214264e-05
-1.0601137981681605e-05
-1.069411850878692e-05
-1.078791455036746e-05
-1.088253325876078e-05
-1.0977981849483695e-05
-1.1074267601472566e-05
-1.1171397856916424e-05
-1.12693800230958e-05
-1.136822157185131e-05
-1.1467930040612236e-05
-1.1568513033125085e-05
-1.1669978219471842e-05
-1.1772333337331745e-05
-1.1875586192070583e-05
-1.197974465766319e-05
-1.2084816677050762e-05
-1.2190810262761017e-05
-1.2297733497557608e-05
-1.2405594535316676e-05
-1.2514401601306446e-05
-1.2624162992926481e-05
-1.2734887080575395e-05
-1.2846582307835935e-05
-1.2959257192237392e-05
-1.3072920326117303e-05
-1.3187580377229953e-05
-1.3303246089558746e-05
-1.3419926283425696e-05
-1.3537629856726121e-05
-1.3656365785315577e-05
-1.3776143123789457e-05
-1.3896971005971569e-05
-1.4018858646053348e-05
-1.4141815339021408e-05
-1.4265850461401565e-05
-1.4390973471834476e-05
-1.4517193911872586e-05
-1.4644521406942433e-05
-1.4772965666830923e-05
-1.4902536486359474e-05
-1.5033243746447739e-05
-1.5165097414608641e-05
-1.5298107545732263e-05
-1.5432284282963175e-05
-1.556763785831583e-05
-1.5704178593685912e-05
-1.584191690142192e-05
-1.598086328514093e-05
-1.6121028340670973e-05
-1.626242275676315e-05
-1.640505731586618e-05
-1.6548942895076163e-05
-1.66940904667897e-05
-1.6840511099749066e-05
-1.6988215959777737e-05
-1.7137216310492815e-05
-1.7287523514383264e-05
-1.7439149033627623e-05
-1.7592104430866166e-05
-1.7746401370314496e-05
-1.7902051618343476e-05
-1.8059067044487974e-05
-1.8217459622598287e-05
-1.8377241431229152e-05
-1.853842465514375e-05
-1.8701021585937772e-05
-1.8865044622907653e-05
-1.90305062741506e-05
-1.9197419157516733e-05
-1.9365796001338115e-05
-1.9535649645947072e-05
-1.970699304394268e-05
-1.9879839261648883e-05
-2.005420148006162e-05
-2.0230092995674083e-05
-2.0407527221671332e-05
-2.0586517688940282e-05
-2.0767078046855585e-05
-2.0949222064633316e-05
-2.1132963632377656e-05
-2.131831676179365e-05
-2.1505295587681723e-05
-2.1693914368651796e-05
-2.188418748824434e-05
-2.2076129456881626e-05
-2.226975491070697e-05
-2.2465078616125487e-05
-2.266211546767113e-05
-2.2860880491870584e-05
-2.306138884557835e-05
-2.3263655818946604e-05
-2.346769683691304e-05
-2.367352745893329e-05
-2.3881163381585303e-05
-2.4090620438534155e-05
-2.430191460308143e-05
-2.451506198749144e-05
-2.473007884637793e-05
-2.4946981576300575e-05
-2.516578671808603e-05
-2.5386510957323832e-05
-2.5609171126086288e-05
-2.5833784204089478e-05
-2.606036731982777e-05
-2.6288937752173402e-05
-2.6519512931676213e-05
-2.6752110441361626e-05
-2.698674801881074e-05
-2.7223443556982207e-05
-2.746221510588169e-05
-2.7703080873751722e-05
-2.7946059228645473e-05
-2.8191168699591624e-05
-2.8438427978213186e-05
-2.868785592008186e-05
-2.893947154605775e-05
-2.9193294043991687e-05
-2.944934276971205e-05
-2.9707637249261083e-05
-2.996819717959189e-05
-3.0231042430744603e-05
-3.0496193046620438e-05
-3.076366924711926e-05
-3.103349142953175e-05
-3.130568017014324e-05
-3.1580256225383e-05
-3.18572405341289e-05
-3.213665421850239e-05
-3.2418518586340415e-05
-3.2702855131706995e-05
-3.2989685537998525e-05
-3.327903167803714e-05
-3.3570915617169884e-05
-3.3865359613685295e-05
-3.416238612151249e-05
-3.44620177915462e-05
-3.476427747264616e-05
-3.506918821545845e-05
-3.537677327054248e-05
-3.568705609550125e-05
-3.60000603497391e-05
-3.631580990469559e-05
-3.663432883633123e-05
-3.6955641436560525e-05
-3.727977220630008e-05
-3.760674586394822e-05
-3.793658734460798e-05
-3.826932179928216e-05
-3.860497460579735e-05
-3.894357135426907e-05
-3.9285137874119254e-05
-3.962970020214736e-05
-3.9977284626824565e-05
-4.0327917639860524e-05
-4.068162599703924e-05
-4.1038436652188334e-05
-4.139837683824778e-05
-4.176147397606377e-05
-4.2127755788216826e-05
-4.249725016611597e-05
-4.286998533597564e-05
-4.324598966300077e-05
-4.3625291889581776e-05
-4.400792086187502e-05
-4.439390584655466e-05
-4.4783276182580774e-05
-4.517606166435669e-05
-4.5572292138689016e-05
-4.5971997930854174e-05
-4.6375209408882625e-05
-4.678195743805394e-05
-4.7192272912708645e-05
-4.760618725605133e-05
-4.802373188561495e-05
-4.844493880564946e-05
-4.8869839954730765e-05
-4.929846793434722e-05
-4.9730855215812664e-05
-5.016703499918437e-05
-5.060704031113403e-05
-5.105090494301502e-05
-5.1498662507115656e-05
-5.1950347374519167e-05
-5.240599377082404e-05
-5.286563664788288e-05
-5.332931086571985e-05
-5.379705188602278e-05
-5.42688957498004e-05
-5.474487736707029e-05
-5.522503500440725e-05
-5.570940209091886e-05
-5.619801940103322e-05
-5.6690919718970986e-05
-5.718814512029654e-05
-5.7689729467151054e-05
-5.819571386911013e-05
-5.870613665854337e-05
-5.922103456877919e-05
-5.974045286898847e-05
-6.02644207463557e-05
-6.0792993970919945e-05
-6.132619150442734e-05
-6.186408106820251e-05
-6.24066716665133e-05
-6.295404026846973e-05
-6.350619054813089e-05
-6.40632055733876e-05
-6.462508447762136e-05
-6.519191565417941e-05
-6.576369316630803e-05
-6.634051491873104e-05
-6.692236211813351e-05
-6.750935242468618e-05
-6.810144339850272e-05
-6.869878234345438e-05
-6.930129925347662e-05
-6.990916719739963e-05
-7.052229714822164e-05
-7.11408744004921e-05
-7.176481030835794e-05
-7.239427915756508e-05
-7.30292126112943e-05
-7.366976444492918e-05
-7.431588576637055e-05
-7.496772355025601e-05
-7.562522223637487e-05
-7.628855050938199e-05
-7.69576215789694e-05
-7.763264297026232e-05
-7.83134921951284e-05
-7.900040030673489e-05
-7.96932531131958e-05
-8.039223208515522e-05
-8.109732303682865e-05
-8.180856787973201e-05
-8.252611495731393e-05
-8.324982475379144e-05
-8.398007287408767e-05
-8.471641668846212e-05
-8.545967203980581e-05
-8.620874987151815e-05
-8.696547859009348e-05
-8.77270933179866e-05
-8.849836851206473e-05
-8.927122246203423e-05
-9.005597226132472e-05
-9.084335164784275e-05
-9.1638778159311e-05
-9.244652460193129e-05
-9.32521444544931e-05
-9.408051180317277e-05
-9.489622948006613e-05
-9.574640241278483e-05
-9.657102819625266e-05
-9.7438138327477e-05
-9.827378949677298e-05
-9.915839216467312e-05
-0.00010000910495653642
-0.00010090808253942547
-0.00010177779061360114
-0.00010268711616550299
-0.00010357662542830372
-0.00010450092360610443
-0.00010539969006645883
-0.00010634378082189489
-0.00010725145457004444
-0.0001082193772277112
-0.00010913337072576477
-0.00011012764925500234
-0.00011105262380498702
-0.00011206289312982885
-0.00011301343056579876
-0.00011402113033555613
-0.00011500549735592843
-0.00011601434013408602
-0.00011702860498624727
-0.00011804053328567113
-0.0001190784380708147
-0.00012011665417369082
-0.0001211558015563234
-0.000122229783972025
-0.00012326608971282004
-0.0001243533021188047
-0.0001254287278903642
-0.00012649026535827357
-0.00012763679548686693
-0.00012864763057596397
-0.0001298942423795695
-0.00013082161182725673
-0.00013218669150233075
-0.0001330434986780944
-0.00013449874729583186
-0.00013528808043957978
-0.00013696654089015014
-0.00013745450315827672
-0.00013961245810644504
-0.00013958732425701538
-0.00014229887958473394
-0.00014182565854953537
-0.00014457590633441472
-0.00014550760583925833
-0.00014198928466792858
-0.00017010699182136001
-0.00013583339669600387
-0.00019118232826765592
-0.00014068910336753832
-0.00017836469764128575
-0.00014683216597640835
-0.00017559210494318372
-0.0001429310755819218
-0.00016747374519156857
-0.00016676690072633298
-0.00016958526918939114
-0.00017541674572029505
-0.00016731551037222118
-0.00016842013824943064
-0.00015759480675107257
-0.0001645546341294419
-0.00016192209234518673
-0.00014991743602249758
-0.00018368808810230214
-0.00014995927225190848
-0.00017462624763753048
-0.00015724623457877962
-0.00016605705264987995
-0.00014874439186261015
-0.0001634973464828753
-0.00015425169909128876
-0.00014908167236807427
-0.00017910044303678463
-0.00014106979805316084
-0.0001640891860539964
-0.00012016686403010612
-0.00017490342537814294
-0.00012067616307088872
-0.00015515991122294149
-0.00011058692788462471
-0.00013551750380797443
-0.00011322570770211967
-0.00012565612673887176
-0.0001074783489239465
-0.00012414747553318617
-0.00010739392462125164
-0.00014049510468860322
-0.00013740294868965535
-0.00015191309677697716
-0.00014052246457987302
-0.00014733717661824766
-0.00013549508691308547
-0.00012786329746738103
-0.00012348742754232013
-0.00011646117164117157
-0.00011149899547575076
-0.00010857376488240017
-9.549082255241664e-05
-8.597431419306673e-05
-9.206688968811639e-05
-7.951673276218835e-05
-7.03156415030557e-05
-7.948308023373349e-05
-6.245980710858315e-05
-6.938897638395922e-05
-5.7573354366299745e-05
-6.0738557153512955e-05
-0.00011796640254075957
-8.340860670899852e-05
-0.0001366448839464016
-9.6256574086595e-05
-0.00014548657715665272
-0.00011262291248496779
-0.00014770004936645793
-0.00011980693014698274
-0.00015775443980589425
-0.0001309988309282316
-0.000157266091532349
-0.00013834517648602713
-0.00015601796853407737
-0.0001430767823654828
-0.0001604069305690814
-0.00013273230514262275
-0.00018674371755648457
-0.00014649964552582552
-0.00021935915688352649
-0.00015963623197026515
-0.00024943755017335536
-0.00017834483157648761
-0.0002572158703563205
-0.0001954247883029593
-0.00025057342357631825
-0.00020851393818747867
-0.00027404421239677376
-0.000231779865986782
-0.0002852894415439892
-0.0002544992772308692
-0.00029679900010928014
-0.00026390548956954906
-0.00030508104905755914
-0.00028040630992274895
-0.00031303893657416476
-0.00029992216841260915
-0.00031548069692546144
-0.0003163973506572627
-0.0003205641076585078
-0.0003208780057548681
-0.0003250759358705747
-0.0003212415052831475
-0.0003372665376077421
-0.00032681808877085665
-0.0003429631852985395
-0.000326389294793249
-0.00033407181320626764
-0.00032896750311736043
-0.0003343758886503363
-0.0003345761480733462
-0.0003325616480751474
-0.0003211362581614771
-0.0003242396937303554
-0.0003149477062579651
-0.00031410053431035604
-0.00031708735148195944
-0.0003183388266344461
-0.0003194842775874827
-0.0003373861222638043
-0.00032063774452116523
-0.00034273088813951865
-0.00033235185105016094
-0.0003370266971965307
-0.00034037704850777657
-0.0003320901673175479
-0.0003458490779811966
-0.00032796536034021984
-0.0003534336657288217
-0.0003149076373718363
-0.0003616401873862316
-0.0003251684227051001
-0.00036378150976259464
-0.00033281566521560675
-0.00034567402784151677
-0.0003377607649381636
-0.0003460204422124405
-0.00034602138991166476
-0.0003426009352322152
-0.0003505089561075885
-0.0003507405963753237
-0.00034663805304428156
-0.00035700785178815537
-0.0003528409658440384
-0.000362483219669105
-0.0003598751398546045
-0.00037103380732642034
-0.00036026327075845005
-0.00036561439132853305
-0.00036679146399432294
-0.00036238736011427205
-0.00036112334108351455
-0.0003653849879769165
-0.00036738564029665
-0.00036356281891944967
-0.0003638539772585158
-0.00036812867580826445
-0.00036834994479914947
-0.00037594219732614564
-0.00036719906447156754
-0.00038045314866631537
-0.0003740092968883846
-0.0003880489536576054
-0.0003735935627535095
-0.00039357632884424597
-0.0003745164936978071
-0.0003855047423029453
-0.0003820285024794006
-0.0003835277353862428
-0.00036907032761079926
-0.0003795481661258809
-0.00035268316517072596
-0.0003796571726159773
-0.0003487758697495293
-0.0003837986712213284
-0.0003419695064969994
-0.00037367409233721996
-0.0003485452838626033
-0.0003926348432855615
-0.0003856480654200235
-0.00040106907244783375
-0.0003825693275375528
-0.0003977265820220631
-0.00037950272914263807
-0.00037264503601023473
-0.00034294654027663745
-0.00034021995499443
-0.00030420431304875226
-0.000317160847862356
-0.0002895686361947523
-0.0002768819238296915
-0.0002924200399265811
-0.0002841214033554599
-0.0003119544971775795
-0.0003036143448711397
-0.00034268519505712623
-0.00033285307934712916
-0.00039981655332723017
-0.00038436786736856704
-0.0004398631457828157
-0.0003968435764695209
-0.0004537578281374692
-0.0003958263501918498
-0.00041945507517838555
-0.000387080805747503
-0.0003861969931837743
-0.0003663502836792257
-0.0003731090704737494
-0.000357188464365843
-0.00036522921438585
-0.00034626481160988237
-0.00035866952908296444
-0.00033978703342665405
-0.00037853745023457843
-0.00033672830933146404
-0.0003813525940868978
-0.0004260896961826341
-0.0002818174777041747
-0.0004391076419237922
-0.0002009129260657922
-0.00046910593614604614
-7.369731861323615e-05
-0.0006499308389188175
-9.333472312832393e-05
-0.0005985302347452635
8.485110338241647e-06
-0.0009093687360034743
0.0005628852848763135
-0.0012687230455814256
0.0012074167500283593
-0.002173097636640243
0.0024877776900829093
-0.004189553351229361
0.005710761419784128
-0.011395784885039322
0.04200447376572494
0.18632555806164924
0.06906753992038613
0.04850239246031482
0.04385379165543351
0.051981233399922076
0.008674696250567611
-0.0046804043804475805
-0.024383352382204182
-0.04770940544838628
-0.0532835306592563
-0.0588525073964009
-0.054216094775611706
-0.036688715576764605
-0.04779669625557117
-0.05961418297753948
-0.029800709402704247
-0.022100269899256973
-0.01462163145499329
0.0036845165717682028
0.021641199009027202
0.018840915956737526
0.014015447964250503
0.02280336211686754
0.029572086949118212
0.024526509333964455
0.020146196346708216
0.019450891424387353
0.01343997603614228
0.006387262918758326
0.013257390916665593
0.011476738074009955
-0.013074696596614113
-0.025173191317261527
-0.021358602447463883
-0.008925122916977463
-0.010376500844060199
-0.010187751636212395
-0.009016930922910504
-0.010164144433770554
-0.014505111416241265
-0.006638745864040902
0.0065661747364560525
0.011612362621974456
0.010055621352890717
0.0034992254117548575
0.0017624795138710156
0.001480721291288057
0.004692499089689394
0.008592222113131147
0.00847975341816167
0.004584372322080852
-0.00013757956744509604
-0.002811301700452244
-0.0015707410160086615
0.00011675573877373097
0.00020649690441533827
-0.002861476241190133
-0.004790093712824686
-0.003120068063881754
-0.0012143123980935078
-0.0015746839112887512
-0.0023860749688696826
-0.0015224781834306327
2.7280235924304476e-05
0.0005888461283039413
0.00104687990402614
0.002030179882971785
0.0011438917954558153
2.52757728457665e-05
-0.0007869853926021118
0.001754946951014689
0.0039526662789103805
0.004485282065697254
0.0033300656191665896
0.0019059314211846195
0.0015786908256507387
0.0025341206099187283
0.0047277042942506006
0.00569577607252501
0.00442038534443443
0.0012578653942694
-0.002178747628358061
-0.0035881246088929676
-0.002398909148813135
-0.00029860331072019826
-3.447780306565894e-05
-0.0016211406850091515
-0.0027843848392571503
-0.002380803664531987
-0.001336900595566919
0.00044971095079611965
0.0020865306202283657
0.002065120614409824
0.0010683410501883032
0.0002852636305976959
0.000236464625163421
0.00048275700810074674
0.0010407879539533296
0.001200745163336863
0.0008067051638197912
0.0002150224087331446
-0.00013421025427299893
-0.00023872356229112264
-7.972923126032486e-05
5.174515506735437e-05
0.00021712265973714327
0.0003408799437600092
0.00021762939055071655
0.00019240784587777257
0.0003026562138967448
8.157281757308868e-05
-9.464890594776333e-05
0.00026263612650260045
0.0012553832791296323
0.0015706340225579724
0.0013447253911007696
0.000747480941929801
0.0005097222352872542
0.00045422971925857523
0.0007612712731367322
0.001217407717679191
0.0014031461005859936
0.0008877277483526796
0.0001579156843706543
-0.00017155923329853587
0.00013287815528590827
0.0006781412569525924
0.0011077887113753022
0.0011249573174886176
0.000850657959482477
0.000524166778502314
0.0004921165617128331
0.0007996552638439699
0.0011603926995269146
0.001200623841790901
0.0009597007541393837
0.0006627242728277955
0.0004524448160526058
0.00044761619072574625
0.00043272496328424973
0.0004245549614421588
0.0002817873535522664
4.772267994093476e-05
-1.7632585864279897e-05
-1.1104365147672631e-05
-0.00011703317868941082
-0.0001317590689209658
-7.589487463701035e-05
-6.090932939800415e-05
-0.00014611762946423234
4.904135717067985e-05
3.911912419516869e-05
4.2138420965932843e-07
-0.00012972707873399724
-0.00012100052865865289
-0.0001342047068368592
-1.688606163167505e-05
-1.0187108832924487e-05
2.1966552534599237e-05
9.625691489316412e-06
-0.00010339784897773867
-4.6069161484674735e-05
8.832434507126093e-05
0.00030927307857136
0.00029566680009718597
0.00014585257731614077
7.504614269642591e-05
0.00012565668782099897
0.00021721614092948607
0.000340750970254846
0.00032879906157711695
0.0002999434214858974
4.371317667391521e-05
-0.0003731555008112083
-0.0004065424189943957
-0.0002951031832986999
-0.0001863945708900699
-0.00032599611611829787
-0.00031474831883865546
-0.0002528055459251837
-0.00011945138250686167
-3.5197047447684137e-06
-1.665878606907305e-05
3.267824636391466e-05
-1.5903033641299165e-05
2.7172538140186712e-05
9.271324961850004e-06
4.166500383689356e-05
1.8803209890452853e-05
3.197513152319539e-05
1.2999907543750737e-05
1.851984822526069e-05
9.430837524686264e-06
1.9255113799566265e-05
1.5529787165404277e-05
1.616080622492827e-05
3.431961481462076e-06
3.6456633333722087e-06
-7.744947159349282e-07
2.880708139342547e-06
-4.648496913194078e-07
2.042876870167465e-06
-4.382026079424034e-06
-1.909847277192442e-06
-4.85540702891904e-06
-1.6954125768749162e-07
-3.833165742109235e-06
-1.0561209639698907e-06
-5.137468050575404e-06
-2.6321705168415706e-06
-4.5513165906676265e-06
-2.583064096387949e-06
-3.2621379047865996e-06
-2.567339471766213e-06
-2.937134200786469e-06
-2.704789436504875e-06
-2.4594374766178027e-06
-2.2957152032584646e-06
-1.9838645385980168e-06
-2.100487623514616e-06
-1.982745362759817e-06
-2.1546785292418603e-06
-2.018161969485377e-06
-2.027997528966614e-06
-1.901941819511046e-06
-2.0294214095450602e-06
-2.003944751089969e-06
-2.1347119897909605e-06
-2.069126295194846e-06
-2.1749335923401168e-06
-2.0778843985873237e-06
-2.246020270436695e-06
-2.1666815077164737e-06
-2.350446925009421e-06
-2.230706024272192e-06
-2.4038355066999487e-06
-2.268763837935908e-06
-2.455949283014801e-06
-2.3331515447867627e-06
-2.5073398523202986e-06
-2.395967718617025e-06
-2.5365529972017523e-06
-2.4483342510049e-06
-2.566542328687657e-06
-2.508180944705451e-06
-2.6034980044710576e-06
-2.5625440344854573e-06
-2.6361738620233566e-06
-2.610319438869796e-06
-2.6726497617891637e-06
-2.6601691509366707e-06
-2.7154301313455026e-06
-2.7094491326281874e-06
-2.757477398899642e-06
-2.7574734259859556e-06
-2.802007876573625e-06
-2.8079384111669853e-06
-2.84923160107e-06
-2.859448467157095e-06
-2.8966893302630713e-06
-2.911181133647984e-06
-2.9456031654701725e-06
-2.9644247300063134e-06
-2.9962800754273784e-06
-3.018403795931185e-06
-3.0477775283220543e-06
-3.072766605532757e-06
-3.1005836061666694e-06
-3.1279554927256432e-06
-3.1548717961704144e-06
-3.183737009399175e-06
-3.210214023886956e-06
-3.240058823538545e-06
-3.2667010366678765e-06
-3.297281638048311e-06
-3.3243577970997525e-06
-3.3553917534190087e-06
-3.383003474006813e-06
-3.4144128807174403e-06
-3.4426694211569468e-06
-3.4744992347466967e-06
-3.5034131288208363e-06
-3.5356374727565877e-06
-3.5651936750863552e-06
-3.5978307779172577e-06
-3.628058397349117e-06
-3.661134978809452e-06
-3.692052210125347e-06
-3.7255531816792788e-06
-3.757170672565014e-06
-3.7910967656660144e-06
-3.823439750403213e-06
-3.857804318163952e-06
-3.890884304451163e-06
-3.925693134468333e-06
-3.959510535301637e-06
-3.994782492441071e-06
-4.029338092523011e-06
-4.065102307628822e-06
-4.100388747739177e-06
-4.136673327242665e-06
-4.172678877424057e-06
-4.209514524828193e-06
-4.2462323067600505e-06
-4.283649268967636e-06
-4.321074003662656e-06
-4.359097814521785e-06
-4.397226892822908e-06
-4.435880361449661e-06
-4.474716202259376e-06
-4.51402012481357e-06
-4.553567263500599e-06
-4.593539798028577e-06
-4.633804299660579e-06
-4.674462666106303e-06
-4.715452429268445e-06
-4.756813552682016e-06
-4.798537139102474e-06
-4.840617268279657e-06
-4.883083813848576e-06
-4.925898959621618e-06
-4.969118579158963e-06
-5.01268456490529e-06
-5.05666807311844e-06
-5.1010002579237525e-06
-5.1457591857288486e-06
-5.1908726326170275e-06
-5.2364193752180534e-06
-5.282328916298326e-06
-5.3286765742329724e-06
-5.375396790175317e-06
-5.422559050273498e-06
-5.470104466854031e-06
-5.518095560566157e-06
-5.566480763847915e-06
-5.615315335956992e-06
-5.664555024021824e-06
-5.7142480459557166e-06
-5.764357126128631e-06
-5.814923884017449e-06
-5.86591751352578e-06
-5.917373572399663e-06
-5.969267162487157e-06
-6.0216283566010605e-06
-6.074437591733909e-06
-6.12772004027456e-06
-6.1814608847297545e-06
-6.235680990040288e-06
-6.290369687773757e-06
-6.34554413541066e-06
-6.401197221721005e-06
-6.457342986780005e-06
-6.513977299281307e-06
-6.571111643365263e-06
-6.628744328497551e-06
-6.686884801340373e-06
-6.745533325103539e-06
-6.804697767805488e-06
-6.864379923718063e-06
-6.924586471955367e-06
-6.985320385404989e-06
-7.046587475915706e-06
-7.10839160959981e-06
-7.1707379876687245e-06
-7.23363114460315e-06
-7.297075872262867e-06
-7.361077198039139e-06
-7.425639662631841e-06
-7.490768650878106e-06
-7.5564685717975264e-06
-7.622745066231302e-06
-7.689602504541782e-06
-7.757046705371254e-06
-7.825082069735096e-06
-7.893714537129071e-06
-7.96294859208531e-06
-8.032790252868664e-06
-8.103244124485052e-06
-8.174316276399554e-06
-8.246011460930297e-06
-8.318335780904611e-06
-8.391294150265717e-06
-8.464892697954565e-06
-8.539136508452078e-06
-8.614031734052712e-06
-8.689583632599122e-06
-8.765798383257063e-06
-8.842681414759322e-06
-8.920238940042607e-06
-8.998476555133345e-06
-9.077400514713064e-06
-9.157016577453285e-06
-9.237331048088878e-06
-9.318349842402275e-06
-9.400079324652795e-06
-9.482525562808566e-06
-9.565694989113508e-06
-9.649593818758666e-06
-9.734228560519197e-06
-9.819605572415125e-06
-9.9057314479051e-06
-9.992612684229748e-06
-1.008025596641748e-05
-1.0168667928058851e-05
-1.0257855352546665e-05
-1.0347825007798257e-05
-1.0438583781210422e-05
-1.0530138573124027e-05
-1.062249638108994e-05
-1.0715664236974135e-05
-1.0809649252942178e-05
-1.0904458591773337e-05
-1.1000099485200239e-05
-1.1096579227101982e-05
-1.11939051724054e-05
-1.1292084747222464e-05
-1.139112543310783e-05
-1.1491034788927465e-05
-1.1591820426849482e-05
-1.169349003968354e-05
-1.179605137317948e-05
-1.1899512256190593e-05
-1.2003880570694066e-05
-1.2109164283259362e-05
-1.2215371415128895e-05
-1.232251007292378e-05
-1.243058841948725e-05
-1.2539614703715063e-05
-1.2649597233329733e-05
-1.2760544401177289e-05
-1.2872464662378285e-05
-1.2985366557174288e-05
-1.3099258690143503e-05
-1.3214149751066439e-05
-1.3330048497223865e-05
-1.3446963770793023e-05
-1.3564904483801286e-05
-1.3683879633598766e-05
-1.3803898289887065e-05
-1.3924969607809235e-05
-1.4047102817669183e-05
-1.4170307235264798e-05
-1.4294592254091075e-05
-1.4419967353496025e-05
-1.454644209310547e-05
-1.4674026118525964e-05
-1.4802729158139099e-05
-1.4932561027863108e-05
-1.5063531627395807e-05
-1.5195650944664456e-05
-1.5328929054810297e-05
-1.54633761215669e-05
-1.559900239744014e-05
-1.57358182251587e-05
-1.5873834037893777e-05
-1.6013060360630825e-05
-1.6153507810287397e-05
-1.629518709764157e-05
-1.6438109026436446e-05
-1.6582284495630407e-05
-1.6727724500562643e-05
-1.6874440130854127e-05
-1.702244257559271e-05
-1.717174312220967e-05
-1.7322353154020304e-05
-1.7474284157606112e-05
-1.7627547717248142e-05
-1.778215552341958e-05
-1.7938119363925702e-05
-1.8095451133052338e-05
-1.8254162828836238e-05
-1.8414266554125604e-05
-1.857577451833491e-05
-1.873869903734431e-05
-1.8903052535754818e-05
-1.9068847547175984e-05
-1.9236096714499002e-05
-1.9404812791490328e-05
-1.957500864487649e-05
-1.9746697253041366e-05
-1.991989170871591e-05
-2.0094605219367604e-05
-2.0270851108454717e-05
-2.0448642816124818e-05
-2.0627993900340553e-05
-2.080891803802574e-05
-2.099142902637251e-05
-2.1175540783391083e-05
-2.136126734882257e-05
-2.154862288599518e-05
-2.173762168218697e-05
-2.192827815024259e-05
-2.2120606829210686e-05
-2.2314622385771125e-05
-2.2510339615165823e-05
-2.2707773442452633e-05
-2.2906938923482963e-05
-2.3107851246514976e-05
-2.3310525732580725e-05
-2.351497783723228e-05
-2.3721223151764237e-05
-2.3929277404056026e-05
-2.4139156459746777e-05
-2.43508763240552e-05
-2.456445314225048e-05
-2.477990320142332e-05
-2.499724293134151e-05
-2.521648890573241e-05
-2.54376578443002e-05
-2.5660766612547797e-05
-2.58858322246076e-05
-2.6112871843684063e-05
-2.6341902783243165e-05
-2.6572942508729797e-05
-2.6806008638918452e-05
-2.7041118946840442e-05
-2.7278291361818724e-05
-2.7517543970132733e-05
-2.7758895016680466e-05
-2.8002362906540817e-05
-2.8247966206040864e-05
-2.8495723644474114e-05
-2.8745654115456404e-05
-2.8997776678170786e-05
-2.9252110559079697e-05
-2.950867515312712e-05
-2.9767490025429943e-05
-3.0028574913011814e-05
-3.0291949725479682e-05
-3.055763454738866e-05
-3.0825649639418056e-05
-3.1096015439822586e-05
-3.136875256623279e-05
-3.164388181732406e-05
-3.192142417357893e-05
-3.220140080011785e-05
-3.248383304751967e-05
-3.276874245324284e-05
-3.305615074434415e-05
-3.3346079837883336e-05
-3.363855184319018e-05
-3.3933589063885224e-05
-3.4231213998842536e-05
-3.453144934440454e-05
-3.483431799618415e-05
-3.513984304997098e-05
-3.5448047804942286e-05
-3.575895576408451e-05
-3.607259063670475e-05
-3.6388976340050085e-05
-3.670813700109047e-05
-3.703009695825866e-05
-3.735488076390091e-05
-3.768251318553772e-05
-3.801301920754955e-05
-3.83464240340972e-05
-3.8682753089385727e-05
-3.902203202206891e-05
-3.936428670444755e-05
-3.9709543235427096e-05
-4.005782794550862e-05
-4.040916739272114e-05
-4.076358837156412e-05
-4.112111790664341e-05
-4.148178326459707e-05
-4.1845611948680846e-05
-4.2212631703520244e-05
-4.2582870517535816e-05
-4.2956356624589804e-05
-4.333311850556257e-05
-4.371318489199247e-05
-4.4096584767041273e-05
-4.4483347368247936e-05
-4.487350218919308e-05
-4.526707898238838e-05
-4.5664107761495746e-05
-4.606461880274056e-05
-4.6468642649120906e-05
-4.687621011036661e-05
-4.7287352266672344e-05
-4.770210047132803e-05
-4.812048635222566e-05
-4.8542541814514204e-05
-4.8968299043518826e-05
-4.9397790506867066e-05
-4.983104895655091e-05
-5.026810743191516e-05
-5.0708999262810684e-05
-5.1153758070319696e-05
-5.16024177710816e-05
-5.2055012579314396e-05
-5.251157700896089e-05
-5.297214587661833e-05
-5.343675430440867e-05
-5.3905437722869595e-05
-5.437823187257203e-05
-5.485517280829846e-05
-5.533629690069019e-05
-5.5821640839153397e-05
-5.631124163519479e-05
-5.6805136624992186e-05
-5.730336347189969e-05
-5.780596017002939e-05
-5.831296504651387e-05
-5.882441676447001e-05
-5.9340354326246035e-05
-5.986081707630596e-05
-6.0385844704357444e-05
-6.09154772478616e-05
-6.144975509579989e-05
-6.198871899116523e-05
-6.25324100341412e-05
-6.308086968597674e-05
-6.36341397710731e-05
-6.419226248067776e-05
-6.475528037635657e-05
-6.532323639273015e-05
-6.589617384117737e-05
-6.647413641263652e-05
-6.705716818170785e-05
-6.764531360911705e-05
-6.823861754581047e-05
-6.883712523570286e-05
-6.94408823204142e-05
-7.004993484078208e-05
-7.066432924245948e-05
-7.128411237791125e-05
-7.190933151091154e-05
-7.254003431955572e-05
-7.317626889999233e-05
-7.381808377092477e-05
-7.446552787532251e-05
-7.51186505874241e-05
-7.577750171146053e-05
-7.644213149225038e-05
-7.711259061077291e-05
-7.77889301971943e-05
-7.847120182514155e-05
-7.91594575253469e-05
-7.985374978019936e-05
-8.055413153655562e-05
-8.126065620089114e-05
-8.197337765299909e-05
-8.269235024113242e-05
-8.341762879409504e-05
-8.41492686169691e-05
-8.488732550606683e-05
-8.563185573914108e-05
-8.638291609655482e-05
-8.714056384817527e-05
-8.790485677317148e-05
-8.867585315156033e-05
-8.945361177731368e-05
-9.023819196124971e-05
-9.102965352750453e-05
-9.182805683469967e-05
-9.26334627587435e-05
-9.344593272034817e-05
-9.426552867046402e-05
-9.509231310492368e-05
-9.592634907366546e-05
-9.676770016530962e-05
-9.76164305486367e-05
-9.847260492390139e-05
-9.933628859511157e-05
-0.00010020754740127508
-0.00010108644779427758
-0.00010197305677858964
-0.00010286744197075337
-0.0001037696715601201
-0.00010467981434992071
-0.00010559793976039171
-0.00010652411760563203
-0.00010745841871112084
-0.00010840091402841961
-0.00010935167586249503
-0.00011031077632281568
-0.0001112782892268337
-0.0001122542880059238
-0.00011323884745666896
-0.00011423204266629555
-0.00011523394875662899
-0.00011624464348507658
-0.00011726420137624528
-0.00011829270357018658
-0.0001193302235617099
-0.00012037684553015506
-0.00012143264346188044
-0.00012249770277011213
-0.00012357209952298855
-0.00012465591909682446
-0.00012574924106596225
-0.00012685214988381244
-0.00012796472905148666
-0.00012908706248960264
-0.0001302192372417989
-0.00013136133797473596
-0.0001325134533339148
-0.000133675670553718
-0.00013484807750703976
-0.00013603076531319615
-0.00013722382025576924
-0.0001384273359517534
-0.0001396414016760876
-0.0001408661080409962
-0.00014210155233625177
-0.00014334781750823325
-0.00014460501172858936
-0.00014587321267573589
-0.0001471525313257692
-0.0001484430521812058
-0.0001497448763722372
-0.00015105811018119308
-0.00015238283253588697
-0.0001537191769433524
-0.00015506720278529382
-0.00015642705605070986
-0.0001577987997792088
-0.00015918256830828661
-0.0001605784495702159
-0.00016198654849661383
-0.00016340699550762005
-0.0001648398535911984
-0.0001662852945547833
-0.0001677433363566489
-0.00016921422173196699
-0.00017069784101764337
-0.00017219469360110496
-0.00017370414006804503
-0.00017522771814115434
-0.00017676490924976336
-0.0001783156968587964
-0.0001798807488218691
-0.00018145835496497187
-0.0001830508749969707
-0.00018465304394848025
-0.0001862725545795473
-0.00018789982194925757
-0.0001895472723776198
-0.00019120079293904896
-0.00019287384187935842
-0.0001945555966311375
-0.0001962520841247813
-0.00019796472037031488
-0.00019968535918439537
-0.00020142774778203116
-0.0002031769335049132
-0.0002049484724599718
-0.0002067281575017594
-0.00020852917245721327
-0.00021034132803718862
-0.00021217143654188214
-0.0002140149599787317
-0.00021587257656680974
-0.00021774554061214003
-0.00021962886327074973
-0.00022152695787574334
-0.00022343628712016822
-0.00022535788967831906
-0.00022729844024416964
-0.0002292427784202878
-0.0002312080755865416
-0.0002331820852490881
-0.00023516754640236356
-0.00023718224891135952
-0.00023918318202368694
-0.00024124292449806265
-0.00024327185743824213
-0.00024536870530082223
-0.00024743564455054993
-0.0002495533338729198
-0.000251671586010352
-0.0002537969022979691
-0.00025597330917054507
-0.00025812115897118034
-0.0002603374252031522
-0.0002625188759860543
-0.0002647709155824997
-0.00026697006104045703
-0.0002692558355175635
-0.0002714600470341117
-0.00027382172655420053
-0.0002760060957587287
-0.00027842851670144644
-0.00028076589297800305
-0.0002826892889033827
-0.00028716189865683376
-0.00027964972679232086
-0.00028170061235720137
-0.00027339030384972835
-0.0002738769788046306
-0.00026442723908098333
-0.0002731899728322146
-0.00026952717689148137
-0.0002678711591783471
-0.0002686280391263723
-0.0002507276454784696
-0.00026925939701912785
-0.00024465891086233676
-0.00026777177724444175
-0.0002538634297561079
-0.0002597013366724086
-0.0002633671613050238
-0.00024741320383494516
-0.00025598579239218607
-0.0002438852092288349
-0.0002391034406113348
-0.0002277920582012524
-0.0002208184642953975
-0.00020829944941168393
-0.00020561968276171526
-0.00017201719589640766
-0.0001818687278849092
-0.0001516212495465262
-0.00016576496082367328
-0.00014761842100380842
-0.00015063582644582186
-0.00013061536359081536
-0.0001511492341966182
-0.00012629831767401213
-0.00015184229456733568
-0.00013565279926204825
-0.00015471231858759683
-0.00014653634373976794
-0.00015334537640471392
-0.00014269145823608996
-0.00015770806461744285
-0.0001371884039891837
-0.0001596374371265149
-0.00013569268413628937
-0.00014861311919871898
-0.00014075218528229248
-0.00014203287092188327
-0.0001333747271248873
-0.0001424269077551797
-0.00013473061207316375
-0.00014600185388499384
-0.00013027708524119446
-0.00014644470498219892
-0.00013598570626058567
-0.00013980096184385444
-0.00013094946424569597
-0.00013133415592791306
-0.00012221218146895202
-0.0001203606251627956
-0.00012126200784292354
-0.00012187161431158366
-0.00012298449254533446
-0.00012772249445620095
