0.0003976071185440212
0.00038888302121482257
0.0003971914763913838
0.00032560821204050193
0.00034711127937612666
0.00029268102169092427
0.00029357915321180606
0.0002599256715847076
0.000246302742907251
0.00024595792410005276
0.0002438106426228076
0.000265202250554996
0.0002577278010374886
0.00029394681520314317
0.0002810581452265706
0.0003052744912583437
0.00030204766813034397
0.00030835861706167466
0.0003246481481267155
0.0003155609030563785
0.0003348598626862597
0.0003332157813373028
0.00034944776396754094
0.00035340564394199944
0.00037986342050178956
0.00038054875239845656
0.0004117683148386664
0.00040910687668996044
0.00044462237719373153
0.00043445339679809266
0.000447634578030771
0.0004175531681524507
0.0004337923175226953
0.00038618159401674327
0.00038875066027979936
0.0003728570120129193
0.00037564078847550147
0.00034970760972767535
0.0004042301898179103
0.0003590542838853906
0.0004345604129615729
0.0003597331872984539
0.0004373616285849953
0.00036354801029307536
0.00042147615756741317
0.00036168812420834476
0.000384370493792766
0.0003292373106102616
0.0003555648237395279
0.00032605861379663955
0.0003550728387374466
0.00035391639069685943
0.00039630508343049717
0.00038528903739986427
0.0004268197244673864
0.0004264733682188706
0.0004408002480382411
0.00043113833619000944
0.0004215654046303017
0.0004114929098531534
0.00039582009564817895
0.00036874359974253535
0.0003582105780162069
0.00033964082740782145
0.0003237646622618463
0.00034717297271324695
0.00032995879640982165
0.00038048046432947124
0.000349934343564221
0.0004088258975715834
0.0003756487721428356
0.0004284088940971682
0.00037365323915454805
0.0004157724253794426
0.00033020230534835764
0.00037017337808821797
0.0002851844069976017
0.000312823807188994
0.0002333476265144479
0.0002595693821234718
0.0001955540322456152
0.00023024714245257008
0.00019928271360750258
0.00024524620091624465
0.0002265706575888967
0.0002967941858670897
0.0002710554642869759
0.0003223000683512143
0.00029492321489883375
0.0003460430701982748
0.0002859395539680864
0.00032747789104386896
0.0002596014288826152
0.0002863886378349878
0.00023803428939237828
0.0002473661397949049
0.00021212789820300232
0.00022559288970970998
0.0001942103510733454
0.000236104572578694
0.0002060684624161373
0.0002575477698337735
0.00022505450867286542
0.00029511192626441204
0.000248992082087172
0.0003350102020113251
0.0002556536140296034
0.00036037456316399125
0.00025542797558505243
0.0003565756239651822
0.0002523407784631713
0.0003107240319795374
0.00021957051238931434
0.00029031483550952085
0.00017319571915492632
0.0002758371171143326
0.00016674412977614645
0.00028634475588382863
0.0001919615034440443
0.0003210207712849352
0.00020666552269162672
0.00035473179929859666
0.0001996356607795631
0.0003521563217008016
0.0001797218377867565
0.00033719847098779003
0.00016204356326896376
0.0003338674662231901
0.000133848080904288
0.00033907932410364285
0.00011729008490263308
0.00036429789286189886
0.00011869736858819029
0.00042511568783000584
9.478495165705724e-05
0.0004707211466456183
4.532919905038228e-05
0.000489037564858479
-1.5523401851396574e-05
0.0004921083371397045
-8.08666191035444e-05
0.0005386789149331026
-0.00012965201476999074
0.0006207011394299949
-0.00017711341140695016
0.0006763278218338927
-0.00023763587027713368
0.0007789792062862267
-0.00028566292718247815
0.0008999800664549991
-0.0003783874079590997
0.0009912538131490248
-0.0004799766671323348
0.0011046431266281602
-0.0006268115398301894
0.0012683372411457252
-0.0008082377658507475
0.0014752196665091459
-0.001005053781755429
0.0017287310151446944
-0.0012388421328564665
0.002039268331366022
-0.0014728721386271983
0.0023950412581906
-0.0018061161967823927
0.0027286169820583046
-0.002224633220254139
0.0031607268947465936
-0.002736377463093063
0.0035683842684026404
-0.0031816734504409444
0.004043857143557008
-0.003868270463551941
0.004797323099932434
-0.004636951522629906
0.005847514039181685
-0.0059969448923155085
0.007668788506886147
-0.00831146918646924
0.011723421714925304
-0.016781159483573456
0.0583294623548405
0.10469254690369806
0.07319100363796467
0.020974048807559348
0.011218563249656501
0.046359746751410455
0.07154987214739904
0.044600333101676756
-0.003234805281186003
-0.04923265281335056
-0.1404785779182354
-0.08783694790922882
-0.05493318759935908
-0.008307079696450118
-0.043324821780730896
-0.04543856889938244
-0.021738466439776397
0.001499602975002695
0.008545980268021003
-0.009704542432718604
0.06417888288003268
0.08567016014563078
0.05235120430143618
0.014447709526224586
-0.013024467150053738
0.00503809356732177
0.0030236185783447645
0.006109362026776473
-0.0016435709015406798
-0.018882365966670665
-0.018750404222620705
-0.04016218010329885
-0.020605059054553457
-0.014218973564032619
-0.010711151689868852
-0.023114175339764072
-0.024235904769571555
-0.013359542796368126
0.003631366409343179
0.017057460207465833
0.008543900485561026
-0.0068806916755031885
-0.01469783275946681
-0.002048850425292327
0.01649816937224034
0.021388841481900345
0.016715888425301743
0.0015917433239769358
-0.0007999648952016896
-0.0003614746586527387
-0.0022273984379609976
0.0029764126266294674
0.0031551522226038187
0.002356585077435956
-0.0029846469991509418
-0.008745367363278602
-0.009793751099153479
-0.009191818057062184
-0.007579786552891061
-0.002623399372483747
0.0031272445832849927
0.002979093760340343
-0.0022414197851344142
-0.003706747276318395
-0.0029077488114807428
0.0013302583039093694
0.005196337065616586
0.005478838511863801
0.0023058777816709055
-0.0009005946458925384
-0.0015374199878975747
-0.00021782890698841706
0.0026183789523157464
-0.0001926742549018684
-0.003106848587398976
-0.00225943114645241
-0.0005798883641719975
0.0007610607833791227
-0.0004446248276922688
-0.0013982259250139909
-0.003459039572659481
-0.003380573303041477
-0.0016360108914453724
0.0008963623149667113
0.0019304843454652774
0.0004745095169683048
-0.0013467973258762802
-0.0020432534156235973
-0.001074196381570505
-0.0003332845230170226
0.0002099010443502589
0.0010801426551384202
0.0010006532333183063
0.0006336076815949235
-0.0006215025823229847
-0.0015032849242568953
-0.001434803202328965
-0.00047646333974296824
0.00014501334834720036
0.00034790068317919307
5.349180370654505e-05
-0.0012041679899352934
-0.0021294747854475526
-0.0019515921068631215
-0.0007319521963352798
0.0004765469420076974
0.0007094169525479266
1.4937775222746805e-05
-0.00012541924703540763
0.00041957507592672773
0.0010971621238040634
0.0012237165989533174
0.0008630465387315775
0.0005432491137975694
0.0003661653278881428
6.406227174448882e-06
-0.0003644509499205388
-0.0003589866924517868
-0.0005535855983080954
-0.000773191381423355
-0.0009161727208250397
-0.0005790289478903535
-0.00022421490093840648
-6.44974976975602e-05
-0.0001446097717102252
-0.00021155879218630162
-7.797906139696818e-05
-0.00019376845468839585
-0.00032868035270501605
-5.3186814432202656e-05
0.00019200294199467837
0.00031481124798183636
1.9864674084035198e-05
-0.00026780496998607265
-0.0005169520706452574
-0.0004416178310401714
6.072692056286464e-05
0.00040241769919185954
0.0005751156536202137
0.000519102973304382
0.0003173377189038609
0.00016331237764793168
0.00020260987288075669
0.00019811915431340935
8.990413835949056e-05
-9.141129479968532e-05
-0.0003183793816568317
-0.00043559780726661404
-0.0004746820216585436
-0.0004992370850615546
-0.0005028374829765571
-0.0005011135811595646
-0.0004921631933342396
-0.0004791009336574995
-0.00046744518216022726
-0.0004631939440107003
-0.00046327565214499954
-0.00046446046574848913
-0.0004634159721818741
-0.0004609217300135249
-0.00045712337959557224
-0.00045211366414970363
-0.00044659396675694176
-0.00044036989128201035
-0.00043400923857923185
-0.0004277541697495315
-0.0004219038524536224
-0.0004162816504303746
-0.00041086951474624813
-0.00040552989733202375
-0.00040024807429176303
-0.0003949915924118798
-0.00038975426746623744
-0.00038454420399494025
-0.0003793549267087524
-0.00037422181174394647
-0.0003691485411391061
-0.00036415410264747336
-0.00035923158880489623
-0.0003543851095522115
-0.0003496064518600802
-0.0003448950059223631
-0.0003402466875382336
-0.0003356594997295073
-0.00033113219672304046
-0.0003266635181884449
-0.00032225417630869736
-0.00031790328352773105
-0.00031361135033275206
-0.00030937729098644414
-0.00030520088501797844
-0.00030108100217349047
-0.0002970170194601003
-0.0002930079454091204
-0.000289052993491537
-0.00028515136647332736
-0.0002813023000113263
-0.0002775051366867929
-0.00027375915455337546
-0.00027006373516491947
-0.0002664181760735591
-0.0002628218492554957
-0.0002592740709151664
-0.00025577420229266825
-0.00025232158189614164
-0.00024891557298453156
-0.00024555554024801213
-0.00024224086041842305
-0.0002389709223963311
-0.000235745120082636
-0.0002325628613313722
-0.00022942355681418138
-0.00022632662972183482
-0.000223271506794398
-0.00022025762521017575
-0.00021728442735692788
-0.000214351364418984
-0.00021145789417043444
-0.0002086034820807189
-0.00020578760087421535
-0.00020300973028071763
-0.00020026935737004224
-0.00019756597585097782
-0.00019489908656898734
-0.00019226819683999073
-0.00018967282082830354
-0.00018711247908488444
-0.0001845866987336742
-0.00018209501320785824
-0.00017963696227471477
-0.00017721209190225067
-0.0001748199541871367
-0.0001724601072863432
-0.0001701321153065454
-0.00016783554825690203
-0.00016556998193481494
-0.00016333499787779174
-0.0001611301832599778
-0.00015895513083584377
-0.00015680943885139424
-0.00015469271097904935
-0.0001526045562395493
-0.00015054458893166127
-0.0001485124285609362
-0.00014650769976884534
-0.00014453003226415245
-0.00014257906075373927
-0.0001406544248761307
-0.0001387557691334611
-0.0001368827428272387
-0.000135034999992536
-0.00013321219933491734
-0.0001314140041665743
-0.0001296400823446278
-0.0001278901062096643
-0.00012616375252558047
-0.00012446070241945318
-0.00012278064132255004
-0.00012112325891234545
-0.00011948824905547921
-0.00011787530975095105
-0.00011628414307454215
-0.00011471445512325606
-0.00011316595596197031
-0.00011163835956864114
-0.00011013138378260798
-0.0001086447502519454
-0.00010717818438214831
-0.00010573141528528963
-0.0001043041757303085
-0.00010289620209272027
-0.00010150723430773362
-0.00010013701582025877
-9.878529353855267e-05
-9.745181778756848e-05
-9.613634226214471e-05
-9.483862398240381e-05
-9.355842324805953e-05
-9.229550359422063e-05
-9.104963174860097e-05
-8.982057758822758e-05
-8.8608114094737e-05
-8.74120173145204e-05
-8.623206631842932e-05
-8.506804316001558e-05
-8.391973283339966e-05
-8.278692323450507e-05
-8.166940512301015e-05
-8.056697208379043e-05
-7.94794204874601e-05
-7.84065494535477e-05
-7.734816081448324e-05
-7.630405907570865e-05
-7.527405138109389e-05
-7.425794747895805e-05
-7.325555968671585e-05
-7.226670285463287e-05
-7.129119433139369e-05
-7.032885393128943e-05
-6.937950390179918e-05
-6.844296889063438e-05
-6.751907590993853e-05
-6.66076543077318e-05
-6.570853573713097e-05
-6.482155412353042e-05
-6.394654563326778e-05
-6.308334864408011e-05
-6.223180371562318e-05
-6.13917535599486e-05
-6.0563043012319776e-05
-5.974551900258164e-05
-5.8939030526634754e-05
-5.814342861912563e-05
-5.7358566324830376e-05
-5.658429867242299e-05
-5.58204826479634e-05
-5.5066977168069514e-05
-5.432364305356951e-05
-5.3590343003383455e-05
-5.286694157073793e-05
-5.215330513649409e-05
-5.1449301885963284e-05
-5.075480178353073e-05
-5.006967654892474e-05
-4.939379963315495e-05
-4.872704619541327e-05
-4.806929308042915e-05
-4.742041879549842e-05
-4.678030348784618e-05
-4.614882892229556e-05
-4.552587845970407e-05
-4.491133703566415e-05
-4.430509113889766e-05
-4.370702879015825e-05
-4.3117039521919226e-05
-4.25350143579074e-05
-4.196084579304114e-05
-4.1394427773113526e-05
-4.083565567573064e-05
-4.028442629055103e-05
-3.974063780067764e-05
-3.9204189763154476e-05
-3.867498309151644e-05
-3.8152920036631634e-05
-3.763790416866047e-05
-3.712984035950158e-05
-3.6628634765231726e-05
-3.613419480860553e-05
-3.564642916223563e-05
-3.5165247731302655e-05
-3.469056163735726e-05
-3.422228320159676e-05
-3.376032592889767e-05
-3.330460449144513e-05
-3.2855034713312665e-05
-3.241153355527341e-05
-3.197401909835101e-05
-3.154241052989715e-05
-3.111662812771356e-05
-3.0696593246322054e-05
-3.0282228301105552e-05
-2.9873456755346087e-05
-2.9470203105304684e-05
-2.9072392866525237e-05
-2.867995255965999e-05
-2.8292809697698287e-05
-2.7910892771287475e-05
-2.7534131237669337e-05
-2.7162455505285585e-05
-2.6795796922467842e-05
-2.643408776372974e-05
-2.6077261218153547e-05
-2.572525137701159e-05
-2.5377993220734727e-05
-2.5035422607685073e-05
-2.4697476261857816e-05
-2.436409176177854e-05
-2.403520752801598e-05
-2.3710762812913504e-05
-2.339069768849421e-05
-2.3074953036351567e-05
-2.2763470535045557e-05
-2.2456192651098927e-05
-2.2153062627381433e-05
-2.185402447322619e-05
-2.1559022953668474e-05
-2.126800357908428e-05
-2.0980912596087084e-05
-2.0697696976039344e-05
-2.0418304406368015e-05
-2.0142683280510417e-05
-1.9870782689208355e-05
-1.9602552410100877e-05
-1.9337942898365764e-05
-1.9076905278437023e-05
-1.8819391333801515e-05
-1.856535350002993e-05
-1.8314744853648013e-05
-1.8067519104955068e-05
-1.782363058916523e-05
-1.7583034257948418e-05
-1.734568567122164e-05
-1.7111540988368028e-05
-1.6880556960774797e-05
-1.6652690923467557e-05
-1.642790078765395e-05
-1.620614503285633e-05
-1.5987382698420447e-05
-1.577157337730444e-05
-1.5558677207128932e-05
-1.5348654864527666e-05
-1.5141467556175454e-05
-1.4937077012982887e-05
-1.4735445481961528e-05
-1.4536535719969902e-05
-1.4340310986506784e-05
-1.4146735037273055e-05
-1.3955772116910079e-05
-1.3767386953266012e-05
-1.3581544749358718e-05
-1.339821117886191e-05
-1.3217352377923436e-05
-1.3038934940929112e-05
-1.2862925912111617e-05
-1.268929278146441e-05
-1.2518003476864756e-05
-1.2349026360290618e-05
-1.2182330219342972e-05
-1.2017884264512257e-05
-1.1855658120414435e-05
-1.169562182329052e-05
-1.1537745812008297e-05
-1.1382000926462947e-05
-1.1228358398090497e-05
-1.1076789849031124e-05
-1.092726728173773e-05
-1.0779763079591688e-05
-1.0634249995538871e-05
-1.0490701153927388e-05
-1.034909003809126e-05
-1.0209390493060884e-05
-1.0071576713015402e-05
-9.935623244846606e-06
-9.80150497425288e-06
-9.669197130976004e-06
-9.538675273785635e-06
-9.409915297104213e-06
-9.282893414412218e-06
-9.157586167499177e-06
-9.033970407062303e-06
-8.912023304117125e-06
-8.791722329614489e-06
-8.67304526737053e-06
-8.55597019205033e-06
-8.440475483891159e-06
-8.326539804555562e-06
-8.214142114889396e-06
-8.10326164764905e-06
-7.993877929334675e-06
-7.885970748147214e-06
-7.779520180632287e-06
-7.674506556070427e-06
-7.570910486185832e-06
-7.468712826626343e-06
-7.367894711255698e-06
-7.268437506068319e-06
-7.170322852895189e-06
-7.073532614786495e-06
-6.978048930229782e-06
-6.883854145462172e-06
-6.790930879474748e-06
-6.699261949349715e-06
-6.6088304437672345e-06
-6.519619636533567e-06
-6.431613074438865e-06
-6.34479447529735e-06
-6.259147832309811e-06
-6.17465729371277e-06
-6.091307286685334e-06
-6.00908238057784e-06
-5.9279674255228825e-06
-5.847947398681167e-06
-5.7690075618414035e-06
-5.69113328919218e-06
-5.6143102456270445e-06
-5.538524188081654e-06
-5.463761174728701e-06
-5.390007335055985e-06
-5.3172491130743156e-06
-5.245472997389623e-06
-5.174665808028165e-06
-5.1048143824907485e-06
-5.035905908503345e-06
-4.967927561821386e-06
-4.900866888973756e-06
-4.834711393104582e-06
-4.769448973696716e-06
-4.705067447952256e-06
-4.641555061764345e-06
-4.578899935302151e-06
-4.517090655799271e-06
-4.456115634377195e-06
-4.3959637936259906e-06
-4.3366238234859985e-06
-4.27808497782743e-06
-4.220336213070497e-06
-4.1633671110132e-06
-4.107166882063229e-06
-4.051725432626437e-06
-3.997032213311821e-06
-3.943077453477835e-06
-3.8898508303159e-06
-3.837342896717555e-06
-3.7855435405347027e-06
-3.7344436388253577e-06
-3.68403327439832e-06
-3.63430365081345e-06
-3.5852450286973786e-06
-3.536848942109483e-06
-3.4891058112232476e-06
-3.4420075068353076e-06
-3.3955445878502966e-06
-3.3497092698231423e-06
-3.304492228572986e-06
-3.2598860351118475e-06
-3.215881457183274e-06
-3.1724714349319616e-06
-3.1296468010373613e-06
-3.0874008818664728e-06
-3.045724544162862e-06
-3.0046115205044008e-06
-2.964052677962084e-06
-2.924042180451475e-06
-2.8845708568286943e-06
-2.8456333322803007e-06
-2.8072203537335937e-06
-2.7693270429713854e-06
-2.731944015648812e-06
-2.695066932424596e-06
-2.6586862221531036e-06
-2.622798133869518e-06
-2.5873928446327674e-06
-2.552467250677669e-06
-2.5180112047315517e-06
-2.484022318748058e-06
-2.4504900375558678e-06
-2.4174127680590997e-06
-2.3847794515903173e-06
-2.3525893843856505e-06
-2.3208308933138876e-06
-2.2895042737049783e-06
-2.2585971111892603e-06
-2.2281108266815515e-06
-2.1980321194678062e-06
-2.168363684408852e-06
-2.139091166008405e-06
-2.1102187052132737e-06
-2.0817306974922276e-06
-2.053632930541869e-06
-2.025908327958105e-06
-1.9985645549822073e-06
-1.9715828069201e-06
-1.9449728960782412e-06
-1.9187139909542005e-06
-1.892818362167828e-06
-1.8672628084945991e-06
-1.8420624233630827e-06
-1.817191238337977e-06
-1.7926675870056676e-06
-1.7684622760708035e-06
-1.7445973650818004e-06
-1.7210399061403422e-06
-1.6978162489978028e-06
-1.6748890786507731e-06
-1.6522896875593041e-06
-1.6299756826273094e-06
-1.6079840553290172e-06
-1.5862665168346786e-06
-1.5648666327309785e-06
-1.5437292700849758e-06
-1.5229055800125655e-06
-1.5023324916981417e-06
-1.482069915105359e-06
-1.4620455736315187e-06
-1.4423294915230861e-06
-1.422838720744143e-06
-1.4036549736170904e-06
-1.3846829334277985e-06
-1.3660178199782812e-06
-1.3475499845722202e-06
-1.3293902600431404e-06
-1.3114123957492108e-06
-1.2937452748592714e-06
-1.2762434179745038e-06
-1.2590565794988809e-06
-1.2420170110380175e-06
-1.2252986035723046e-06
-1.2087078209267277e-06
-1.1924464727208935e-06
-1.176291162752847e-06
-1.1604759943915216e-06
-1.1447429986440971e-06
-1.1293636385010337e-06
-1.1140399183836788e-06
-1.099086523830375e-06
-1.0841591214078277e-06
-1.0696224034415836e-06
-1.0550783961099392e-06
-1.0409496496577427e-06
-1.0267761007642755e-06
-1.0130472431922805e-06
-9.99231144815536e-07
-9.85894760630366e-07
-9.724229684157345e-07
-9.594723651077785e-07
-9.463315274507158e-07
-9.337607981211703e-07
-9.209372720649848e-07
-9.087413701065663e-07
-8.962211306957988e-07
-8.843959537867263e-07
-8.721644882293128e-07
-8.607069749057977e-07
-8.487491625170859e-07
-8.376574052246103e-07
-8.259573788539621e-07
-8.152307574631982e-07
-8.037717424509358e-07
-7.934110829400584e-07
-7.821752098843143e-07
-7.721829748267087e-07
-7.61151061692833e-07
-7.515315733046951e-07
-7.406828738676374e-07
-7.314425715890943e-07
-7.207544884377162e-07
-7.119022234155798e-07
-7.01349980601661e-07
-6.928973526870025e-07
-6.824536265574374e-07
-6.744153681159746e-07
-6.640498671579755e-07
-6.564442830863694e-07
-6.461232619041357e-07
-6.38972744115146e-07
-6.286584397799345e-07
-6.219900715021248e-07
-6.11640035052028e-07
-6.05486309504695e-07
-5.950526098346374e-07
-5.894522860797405e-07
-5.788805744061376e-07
-5.738796732268625e-07
-5.631080949473552e-07
-5.587610531175569e-07
-5.477189903152491e-07
-5.440900030621865e-07
-5.32696623218123e-07
-5.298611635493056e-07
-5.180238189768718e-07
-5.160702791009997e-07
-5.036828278556782e-07
-5.027141959414172e-07
-4.896553584179258e-07
-4.897908001642859e-07
-4.759224553397591e-07
-4.772997759697022e-07
-4.624642224492284e-07
-4.6524545425539413e-07
-4.49260670545501e-07
-4.536393821297918e-07
-4.3629307530310135e-07
-4.424995363842832e-07
-4.235423524444684e-07
-4.318478633927314e-07
-4.109849405468241e-07
-4.217059336938944e-07
-3.9859038004214087e-07
-4.1208980802601505e-07
-3.8632042911358744e-07
-4.0301054782861806e-07
-3.741274753289378e-07
-3.944779808397192e-07
-3.619569783918676e-07
-3.865059773930195e-07
-3.4975352282060317e-07
-3.791215613373894e-07
-3.374585440553673e-07
-3.723681363415089e-07
-3.2500216488764826e-07
-3.6629915805912704e-07
-3.1230258393764865e-07
-3.6097554850290405e-07
-2.9926635871746314e-07
-3.5646868434303924e-07
-2.8578969923117974e-07
-3.528607750375237e-07
-2.717627795240443e-07
-3.5024017222638065e-07
-2.5706885681394884e-07
-3.487018539259472e-07
-2.415829965431854e-07
-3.4834955155594455e-07
-2.2517309607866798e-07
-3.493016372119184e-07
-2.076811972742676e-07
-3.5170870921197306e-07
-1.8889808494314264e-07
-3.5576206633761154e-07
-1.6857008994231037e-07
-3.616805768630327e-07
-1.4640619037942226e-07
-3.6972099158030444e-07
-1.2202303625169497e-07
-3.8025514711992336e-07
-9.491455179932518e-08
-3.9378999648259964e-07
-6.450144755655129e-08
-4.108876909178472e-07
-3.024003815683653e-08
-4.3186685754327634e-07
7.701381567355985e-09
-4.5481837624146795e-07
4.3750121016597737e-08
-4.827753767728789e-07
6.71089890377159e-08
-5.315910834672319e-07
7.374114138678476e-08
-6.103072441051129e-07
6.986262118525944e-08
-7.118965597524107e-07
7.074998118321318e-08
-8.231451952352316e-07
1.0255088149935948e-07
-9.311856805309772e-07
1.8109095342627225e-07
-1.0243496329333593e-06
3.071004398808681e-07
-1.1043497244580874e-06
4.742302431817616e-07
-1.1874297892132662e-06
6.617167546360569e-07
-1.2965819076559814e-06
8.516961663071194e-07
-1.433428761144222e-06
1.0614096344885564e-06
-1.596885306913258e-06
1.3181438549583307e-06
-1.7901836541990888e-06
1.6345669565648172e-06
-2.0222989531704756e-06
2.023713252355497e-06
-2.304936862728682e-06
2.496830105430721e-06
-2.6507632398603477e-06
3.067389713947165e-06
-3.0702835350102315e-06
3.7481292865632857e-06
-3.5680622557391012e-06
4.54917038958009e-06
-4.1462996928592715e-06
5.436428182539169e-06
-4.793071136788469e-06
6.440417686449256e-06
-5.536356893458955e-06
7.610113131891188e-06
-6.453326119717508e-06
9.024637778757704e-06
-7.530179819341225e-06
1.0630277245838454e-05
-8.771180350331323e-06
1.2526622279831296e-05
-1.0484818493740832e-05
1.5036425653037512e-05
-1.3169006465645235e-05
1.894038180919131e-05
-1.7833860948501758e-05
2.604638772603753e-05
-2.7626258086482086e-05
4.3139183579045826e-05
-5.500192643970213e-05
-2.141904480305293e-05
-9.91187739831634e-05
-0.00010011723663119233
-0.00013000110356729876
-0.00012476672966356037
-0.0001161988049224762
-7.860148692361864e-05
-5.888334137364726e-05
-5.431662992264573e-06
3.5000890477877074e-05
8.215114732189972e-05
9.854307439999559e-05
0.0001307555533155783
0.00010719624829380288
0.00011426039569665175
6.47628942347357e-05
7.259104279733176e-05
2.543205296523705e-05
1.999439741851277e-05
2.06451508878323e-06
4.864393597644534e-06
2.841016586615098e-05
3.395690313730997e-05
7.153714740689549e-05
7.167920304674365e-05
0.0001326529419229362
0.00012106414603012532
0.00017847038585373527
0.00016494846556703378
0.00020519971586118932
0.00019763888770242262
0.0002135150468829757
0.00022569560263137009
0.00022797110447676436
0.0002500701829204349
0.0002459725256870524
0.00027653224814143146
0.000244891835592753
0.00024324097102476042
0.00023039440923825627
0.0002143357390054523
0.00018652105723354439
0.00019195648461747133
0.00015857632280252408
0.00017989434325595873
0.0001592195147343275
0.00016182860729403064
0.00018303833347436122
0.00019512251921507422
0.00021493695605309419
0.00022830373046542465
0.00022573257947617058
0.0002591339195630617
0.00024929966799834997
0.00029577237278921695
0.00027070340211236924
0.0003270901561380711
0.0003220944797793882
0.0003658077113316426
0.0003540709569224352
0.0003775505484868067
0.0003657613577497235
0.00020914496737302693
0.00022388179135791506
0.0002075872863778468
0.00021071959609034272
0.0001838819960258524
0.00020234652204520516
0.00019453026731174657
0.00021881600157036557
0.00022143197089518523
0.0002398329358828356
0.00025665303825562986
0.0002588609235157794
0.0002842908923207218
0.00027666290432993754
0.00030630303723283515
0.00029137962934189856
0.00031321041782458414
0.00030149034387086794
0.0003142247457990706
0.0002841347782471456
0.00033256831558607154
0.0002677790119642793
0.0003335565747393836
0.00025698757303320875
0.0003180096426098689
0.00026748649018932917
0.00029544670226662917
0.00028233420600198866
0.00029191703681964655
0.00029210373295386854
0.00029438670979852854
0.00030253969870978843
0.00031101887350418065
0.00031792684308366343
0.00032995972352784577
0.00033568737559296524
0.00036321882369613496
0.00035720486830924576
0.00038699934746042676
0.00038728920520555076
0.00039821242299174233
0.0003992505329926651
0.0004131186091132558
0.00040145859746021264
0.0004167878805995966
0.00037657681269205747
0.0004068200634628757
0.00034259083505841975
0.0004009464980591804
0.00032505819789627644
0.0003789680212270126
0.00032427964052756763
0.000355782300873925
0.00033537414524914354
0.00036546815526245955
0.00033378222027105213
0.0003508126005719378
0.00031556819101097647
0.0003331163307974446
0.0002856993180414542
0.0003239708194042412
0.00027317992572543383
0.00031072109932115885
0.00027106723221647093
0.00029495726159605145
0.0002941101601809308
0.00030053614396152316
0.0003038909070466134
0.0003068798440110949
0.00031092074818522483
0.00032572803846006473
0.0003043042683455433
0.00031958133408748965
0.00030544829439646895
0.00029460702751250064
0.0002917411129276868
0.00027142728835431815
0.00027404471138953775
0.00024605735984468296
0.0002613414988332462
0.00024735562418367306
0.0002644789291674219
0.0002671441086701295
0.0002630263550917626
0.00025783663443221835
0.0002770760827163941
0.00024940487443237433
0.0002501595328597108
0.00022344673742770058
0.0002338920282469913
0.00018916910936154818
0.00021774256639227015
0.00018406744503792274
0.00018615110006151567
0.00017166321360902607
0.00017114497716538764
0.00017693120425430755
0.0001776778288899084
0.0001921935161430688
0.00015944816541909373
0.0002176367499431733
0.00016081048733462486
0.0002391358988521182
0.00016645543088571668
0.00023442677162774746
0.00017130795883972373
0.00021622043220449278
0.00015614020184326127
0.00020395053630763716
0.0001592884783641795
0.00020816581079989056
0.00018039442518487207
0.00022527714505958182
0.00019162797480964423
0.00023572951555884784
0.00017476422537363685
0.00025910062968498776
0.0001578572238658347
0.00025966271924044793
0.00016414583446686202
0.0002686560119953521
0.00019590154963055988
0.00028411123573022536
0.00021441339475252244
0.00031070616874138285
0.00021091089846802602
0.0003408069542015146
0.00021737720061571972
0.0003460239803133588
0.00020468902249477078
0.00035125471340961964
0.00019490232006889034
0.0003577547183280641
0.0001464732780333148
0.00035434552844835815
0.00013278786087417348
0.00037143323627320186
0.00012483104833013498
0.00038768020238162383
0.00013227962870666348
0.00038947873408442255
9.810431560641357e-05
0.0004125142212800186
6.436805375803638e-05
0.0004701337627721192
2.542766261527127e-05
0.0005355717312992756
1.6838103019078515e-06
0.0006040661094077817
-4.862190390816996e-05
0.0006552579280784095
-0.00010218117773066951
0.0007643533622089699
-0.00018926873360920033
0.0008191982448942511
-0.0002844413246774885
0.0009366294845351887
-0.00026511543064543436
0.0009668790928364336
-0.00043288496780939374
0.0010601821494635472
-0.0004866762327533143
0.0012643507154869605
-0.0008451986729799161
0.0013089403508348486
-0.0008630773470935351
0.0014184459968716338
-0.0011192040940832388
0.001687100043177881
-0.001332240424228231
0.002519559675170123
-0.002644758738565528
0.003908868576251368
-0.00461029821534096
0.007716228277350917
-0.014855714484729336
0.08058770297320114
0.20402402123958965
0.08279869294490846
0.018949055439525013
-0.004237460471327503
0.11247747552402443
0.03024066926681592
-0.08824838421961717
-0.054703429016732794
-0.0560867000837672
-0.0821750496091059
-0.13664798390409638
-0.1277991825382394
-0.059325432594007174
0.0446376390262966
0.0412240500212297
0.00903729906926575
-0.041529884083532885
0.016179686224111277
0.11216833980299648
0.0924499285822993
0.00456808607150701
-0.022718503945595166
0.013890294686715099
0.018724863152270427
-0.006974191323800547
0.010084043803516676
0.01573605509452425
-0.027613267987860797
-0.05706340413820048
-0.043590553114547306
-0.009273774661428555
-0.018088137816811144
-0.03139266657807507
-0.028707013132525085
-0.026789635373946106
-0.037784642334580974
-0.021812999646171734
0.024336121493306433
0.044519228618007826
0.015534495335827823
-0.01958098620643818
-0.007514950358203888
0.021836434394220595
0.03693614965617904
0.02218558401006772
0.00346330424383745
-0.005553383738602043
-0.0032148680220486264
0.001116134093130649
-0.0007369545426627055
-0.002413845357396498
-0.0038910787402643204
-0.00898084065387983
-0.015871044292694043
-0.011525296835348364
-0.0005909837606762392
0.0029027769633316134
-0.00549602050108461
-0.009667208212881515
-0.0036301069496807066
0.0012848714727769492
0.0035388255661630355
0.0050192182070644565
0.003691664419228023
-0.0028991458109214425
-0.007823124717551515
0.0005347294584150915
0.012259822132943635
0.01169558928167265
-0.0011548055383012634
-0.009756597637974412
-0.004489054171833844
0.0027905434892223305
0.004230704378452464
0.0010999325802681097
-0.0018878672176134781
-0.004664686033922922
-0.007984610881452895
-0.006542287625139221
3.055301800469073e-05
0.004185425414937474
0.0020085384036238876
-0.004126256422838603
-0.005692186220113629
-0.0021264714228342654
0.0022405037291070634
0.0032695958000946825
0.0015065775261283738
-2.3914666647300556e-05
-0.0017408091087987216
-0.0019158170658460053
0.00034040241440191633
0.00358175596675204
0.003200487272036379
-0.0005266562196579148
-0.0022697609985059563
0.00011708193564069264
0.002081973407051647
0.000980663367553839
-0.0019426449437416641
-0.0030132330286158937
-0.0021208732864533746
-0.0011580643401247512
-0.0004665859028421159
-0.00016912402046455446
-0.0008473736140658709
-0.0022295333221079763
-0.0026156340308816648
-0.001170788364581171
0.0010823967848427383
0.0014743232736355231
0.00018298275782100163
-0.0012210757150822927
-0.0013731145401904446
-0.0006935173032507535
8.672252842690977e-05
0.0006165879172563473
0.00048623979916028815
-0.0005432953866582216
-0.0017440691627397204
-0.0014070281951057387
0.00016972183956575184
0.0013774679742156715
0.0007604119616219137
-0.00045072249262460395
-0.0005661631273223064
6.10974087505889e-05
0.0006578920649343519
0.0007764395911948419
0.0008591771980833022
0.0004923699480247263
5.3189441845039216e-05
-0.0003931875394922236
-4.959240141024949e-05
0.00036124514657594154
4.763838214600106e-05
-0.0006812028023389028
-0.0010622285508199145
-0.0006608208385355299
-0.0001955749030816894
-4.4846775397252344e-05
-6.903353905280459e-06
6.161640422192851e-05
1.2736225465024426e-05
0.00013437832219996733
0.00035367555686969046
0.0006588402168535117
0.0007362842740212365
0.0001211013422875492
-0.0002920508073050712
-9.257953538693332e-05
0.00034874759086254547
0.0004979429283323595
0.00020726415583755464
3.801519985944038e-05
-0.00018944956823868566
-0.00024873176334882716
-9.242505199242614e-05
0.00033525211704248624
0.000378545923131331
0.00011378149522769769
-0.00017439775038271058
-6.94788335372596e-05
0.0003010421770852506
0.0005049472390255324
0.0004659726959455315
0.00032554617397126916
0.00011022282325105466
4.5486739422023574e-05
-0.00011608515472951862
4.9515194234221564e-05
0.00011837540060755623
0.00026045587690272896
-0.0002976981626240301
-6.980516451780805e-05
-0.00027833409581305214
-0.00022816394703570992
-0.0002676956620731742
-0.0002547882641637789
-0.0002710798495994079
-0.0002662394985287627
-0.00023880166285246982
-0.00024860664639434583
-0.00023249173942306768
-0.00024832567221652743
-0.00023386927284189734
-0.0002450834456515812
-0.00023524795168042853
-0.00023801152041623332
-0.00023339310617509447
-0.00023167431841107167
-0.00022802226377444806
-0.0002241634972587822
-0.00022182702475755794
-0.0002177382619159016
-0.0002158489647658033
-0.00021215243225138763
-0.0002101074285778149
-0.00020679648236988923
-0.0002044882688763735
-0.0002015411651711905
-0.00019897201585721697
-0.0001962371141665531
-0.00019357443210574893
-0.00019098674224590773
-0.00018834671351318846
-0.00018586137083824623
-0.00018329563207505016
-0.00018087214685911178
-0.00017839577049795656
-0.0001760206579457762
-0.00017362795492036808
-0.00017129813697250984
-0.00016898046778277153
-0.00016670117571565102
-0.0001644515046353552
-0.00016222862286176511
-0.00016004170262926503
-0.00015787771278764123
-0.00015574968250588097
-0.00015364471595579306
-0.00015157291996742179
-0.0001495255388400581
-0.00014750824023166347
-0.0001455165521586086
-0.00014355255661267714
-0.0001416147301115459
-0.00013970300431651603
-0.00013781733852359223
-0.00013595676776644508
-0.00013412171043298106
-0.00013231106344007882
-0.00013052517830785615
-0.00012876315171394498
-0.0001270250953183761
-0.0001253103732197758
-0.0001236188725378064
-0.00012195016501354933
-0.00012030399272524961
-0.00011868004811828137
-0.00011707800726848205
-0.00011549761395894816
-0.00011393853187751209
-0.00011240051610345635
-0.00011088324469136074
-0.0001093864678844672
-0.00010790988607972285
-0.0001064532425248486
-0.00010501625806531094
-0.00010359867266885074
-0.0001022002225660003
-0.00010082064910973593
-9.945969924456406e-05
-9.811711918950868e-05
-9.679266353602957e-05
-9.548608523626996e-05
-9.419714500749458e-05
-9.292560313623952e-05
-9.167122595415923e-05
-9.04337809519979e-05
-8.921304005226303e-05
-8.800877753089914e-05
-8.682077101595295e-05
-8.564880112308824e-05
-8.449265126348696e-05
-8.335210803109804e-05
-8.222696061013432e-05
-8.111700130964371e-05
-8.002202499852529e-05
-7.894182951049752e-05
-7.787621526203579e-05
-7.682498546523174e-05
-7.578794592483186e-05
-7.476490510106328e-05
-7.375567402718563e-05
-7.276006628557756e-05
-7.17778979855782e-05
-7.080898770311732e-05
-6.985315648065519e-05
-6.891022776108987e-05
-6.798002738218748e-05
-6.706238352058671e-05
-6.615712668391256e-05
-6.526408966374539e-05
-6.438310750808782e-05
-6.351401748820183e-05
-6.265665907704968e-05
-6.181087391491106e-05
-6.097650577612684e-05
-6.015340054505943e-05
-5.934140618667617e-05
-5.854037271977946e-05
-5.7750152185841045e-05
-5.6970598624020733e-05
-5.620156804226543e-05
-5.544291839370641e-05
-5.469450955036912e-05
-5.3956203275043956e-05
-5.322786319531469e-05
-5.2509354778563794e-05
-5.180054530979272e-05
-5.11013038677615e-05
-5.0411501296250755e-05
-4.973101018118074e-05
-4.9059704830015755e-05
-4.83974612470452e-05
-4.7744157109603656e-05
-4.709967174603845e-05
-4.646388611501904e-05
-4.583668278168297e-05
-4.5217945895267126e-05
-4.4607561168645815e-05
-4.400541585912205e-05
-4.341139874527045e-05
-4.282540010667652e-05
-4.2247311703708625e-05
-4.167702675873688e-05
-4.111443993532111e-05
-4.0559447317726767e-05
-4.001194639344845e-05
-3.947183603474394e-05
-3.893901647923458e-05
-3.841338931010838e-05
-3.789485743853734e-05
-3.738332508678154e-05
-3.6878697770938125e-05
-3.638088228187039e-05
-3.588978666863234e-05
-3.5405320221187366e-05
-3.492739345421185e-05
-3.4455918090347074e-05
-3.3990807043873595e-05
-3.3531974404606794e-05
-3.307933542199225e-05
-3.263280648984154e-05
-3.2192305130063475e-05
-3.1757749977854547e-05
-3.132906076691529e-05
-3.090615831504492e-05
-3.0488964508442254e-05
-3.007740228714681e-05
-2.967139563205077e-05
-2.9270869550085063e-05
-2.8875750060532493e-05
-2.84859641812381e-05
-2.810143991526507e-05
-2.772210623781785e-05
-2.7347893082274035e-05
-2.6978731327953693e-05
-2.6614552787149605e-05
-2.6255290193350942e-05
-2.590087718784529e-05
-2.5551248306928146e-05
-2.520633897059839e-05
-2.4866085471323123e-05
-2.4530424961321108e-05
-2.4199295441182508e-05
-2.3872635748028418e-05
-2.3550385545173698e-05
-2.3232485309974482e-05
-2.291887632331407e-05
-2.2609500658924298e-05
-2.2304301172114275e-05
-2.2003221490197533e-05
-2.170620600108579e-05
-2.141319984301672e-05
-2.112414889510547e-05
-2.0838999767250953e-05
-2.055769978963855e-05
-2.0280197003766655e-05
-2.0006440151840686e-05
-1.9736378669795406e-05
-1.9469962673832617e-05
-1.9207142954541848e-05
-1.894787096687117e-05
-1.8692098821444005e-05
-1.8439779275028923e-05
-1.819086572056746e-05
-1.7945312182210616e-05
-1.770307330438039e-05
-1.7464104343745417e-05
-1.7228361159512444e-05
-1.6995800208141133e-05
-1.6766378533481153e-05
-1.6540053759567985e-05
-1.6316784082414065e-05
-1.609652826168068e-05
-1.5879245614327e-05
-1.566489600588421e-05
-1.545343984487801e-05
-1.5244838072928064e-05
-1.5039052158986294e-05
-1.483604409308005e-05
-1.4635776377938309e-05
-1.4438212022241606e-05
-1.4243314533637456e-05
-1.4051047912728545e-05
-1.3861376646795345e-05
-1.3674265701751377e-05
-1.348968051627375e-05
-1.330758699591211e-05
-1.3127951506343048e-05
-1.2950740867202944e-05
-1.2775922346051558e-05
-1.2603463652724668e-05
-1.2433332932601472e-05
-1.2265498760598813e-05
-1.2099930135922067e-05
-1.1936596476968555e-05
-1.177546761488811e-05
-1.1616513787574652e-05
-1.1459705634434686e-05
-1.1305014191625821e-05
-1.1152410886530262e-05
-1.1001867531865639e-05
-1.085335632084784e-05
-1.0706849821988688e-05
-1.0562320974571776e-05
-1.0419743082887767e-05
-1.0279089811272108e-05
-1.0140335179587056e-05
-1.0003453558758658e-05
-9.868419665844943e-06
-9.735208558814723e-06
-9.603795632187584e-06
-9.474156612824093e-06
-9.346267554929412e-06
-9.220104836811863e-06
-9.095645154907884e-06
-8.972865520336955e-06
-8.851743254423923e-06
-8.73225598494339e-06
-8.614381641635343e-06
-8.498098451892186e-06
-8.383384937125894e-06
-8.270219909013817e-06
-8.158582464701266e-06
-8.048451983949693e-06
-7.939808124326496e-06
-7.832630818533628e-06
-7.726900269954966e-06
-7.622596949502351e-06
-7.519701591106778e-06
-7.41819518914702e-06
-7.3180589942531675e-06
-7.219274510568776e-06
-7.1218234915914475e-06
-7.0256879377353365e-06
-6.930850091410937e-06
-6.837292435181094e-06
-6.744997688113482e-06
-6.653948802897976e-06
-6.564128961725549e-06
-6.475521574070536e-06
-6.388110273172938e-06
-6.301878914016876e-06
-6.216811568034858e-06
-6.132892523600872e-06
-6.050106278739781e-06
-5.968437543295291e-06
-5.887871231918199e-06
-5.808392463143956e-06
-5.729986556426286e-06
-5.652639030588664e-06
-5.576335596948765e-06
-5.501062163209923e-06
-5.426804822754948e-06
-5.353549865114312e-06
-5.281283754119152e-06
-5.209993144317785e-06
-5.139664865852836e-06
-5.0702859312058e-06
-5.001843523586187e-06
-4.934325001226456e-06
-4.8677178918681366e-06
-4.80200989575743e-06
-4.737188872961696e-06
-4.6732428527115335e-06
-4.610160020611682e-06
-4.54792872768896e-06
-4.486537476288747e-06
-4.425974931167385e-06
-4.366229901030713e-06
-4.307291355262681e-06
-4.249148401142198e-06
-4.191790306777365e-06
-4.135206470514785e-06
-4.079386447199395e-06
-4.024319919433637e-06
-3.969996724117428e-06
-3.916406818241781e-06
-3.863540312541589e-06
-3.8113874318521925e-06
-3.7599385548149644e-06
-3.7091841661022643e-06
-3.6591149034296395e-06
-3.609721505084965e-06
-3.5609948623473967e-06
-3.512925958988768e-06
-3.4655059332868235e-06
-3.4187260085199447e-06
-3.372577563620703e-06
-3.3270520530545925e-06
-3.2821410900540416e-06
-3.237836355361387e-06
-3.194129691982831e-06
-3.1510129986234018e-06
-3.1084783411973113e-06
-3.066517830746518e-06
-3.0251237517148546e-06
-2.984288420662933e-06
-2.944004335474204e-06
-2.9042640116647145e-06
-2.8650601559335187e-06
-2.826385476362679e-06
-2.788232883771608e-06
-2.7505952723896887e-06
-2.7134657531926315e-06
-2.6768374004407236e-06
-2.640703521636714e-06
-2.6050573636807878e-06
-2.5698924269665357e-06
-2.5352021253421952e-06
-2.5009801489020433e-06
-2.4672200716821524e-06
-2.4339157705284553e-06
-2.401060972616678e-06
-2.3686497399979037e-06
-2.3366759451925317e-06
-2.305133833814879e-06
-2.2740174171163863e-06
-2.24332112258932e-06
-2.2130390920234964e-06
-2.183165934523286e-06
-2.1536959144211054e-06
-2.1246238227972877e-06
-2.095944037617094e-06
-2.0676515326742938e-06
-2.0397407904972076e-06
-2.0122069692386432e-06
-1.9850446457310433e-06
-1.958249166040052e-06
-1.9318151900883304e-06
-1.905738255722142e-06
-1.8800130938845944e-06
-1.8546354391829611e-06
-1.829600081458549e-06
-1.80490295869154e-06
-1.7805389040791847e-06
-1.7565040684999408e-06
-1.7327933117591149e-06
-1.709403008076909e-06
-1.6863280263889127e-06
-1.6635649766865834e-06
-1.641108716214125e-06
-1.618956106287997e-06
-1.5971019691665006e-06
-1.5755434371614524e-06
-1.5542752703852272e-06
-1.5332948919747312e-06
-1.5125969741611395e-06
-1.4921792569008458e-06
-1.4720362884563729e-06
-1.4521661536737044e-06
-1.4325632390309317e-06
-1.4132260171832896e-06
-1.3941486637172353e-06
-1.3753300777763836e-06
-1.3567641759848524e-06
-1.3384503345158054e-06
-1.3203821532885816e-06
-1.3025595402124581e-06
-1.2849757120957236e-06
-1.2676311764333844e-06
-1.2505186900643728e-06
-1.233639438995033e-06
-1.2169856288813102e-06
-1.2005592125634377e-06
-1.184351746761432e-06
-1.1683660578109753e-06
-1.1525929327891628e-06
-1.1370361915343202e-06
-1.121685716318991e-06
-1.1065464653008117e-06
-1.091607258709294e-06
-1.076874355543725e-06
-1.0623353327703653e-06
-1.0479979416796016e-06
-1.0338483065371051e-06
-1.0198958910168608e-06
-1.0061251263459269e-06
-9.925474453215035e-07
-9.791453047984858e-07
-9.659324026745075e-07
-9.528889002002189e-07
-9.400311043231656e-07
-9.273365060874939e-07
-9.148244196511158e-07
-9.024692346863705e-07
-8.90293732932969e-07
-8.782687032406482e-07
-8.664209283987733e-07
-8.54717019358386e-07
-8.431883781022799e-07
-8.317967696170464e-07
-8.205789294095205e-07
-8.094910042603064e-07
-7.985758912090572e-07
-7.877832255640807e-07
-7.771630232164366e-07
-7.666573753305206e-07
-7.563245242120592e-07
-7.46097822001187e-07
-7.360450202332971e-07
-7.260893487141297e-07
-7.163095537147989e-07
-7.06617142097628e-07
-6.971035745345524e-07
-6.876667799965343e-07
-6.784129263186223e-07
-6.692242198496267e-07
-6.602238406444626e-07
-6.512757888581721e-07
-6.425229235706813e-07
-6.338081702169382e-07
-6.252971482825168e-07
-6.16808393468643e-07
-6.085338466242738e-07
-6.002638231923652e-07
-5.922207014699005e-07
-5.841621465831406e-07
-5.763457392351633e-07
-5.684913647241354e-07
-5.608973255278281e-07
-5.532397813270973e-07
-5.458641583993683e-07
-5.383959930070625e-07
-5.312352616322364e-07
-5.239488776922346e-07
-5.169999792494634e-07
-5.098875849667787e-07
-5.031479686683563e-07
-4.962015206359566e-07
-4.896691957649926e-07
-4.828803376122695e-07
-4.765539313122914e-07
-4.6991391865810334e-07
-4.637927481397283e-07
-4.5729236364624483e-07
-4.5137652084949187e-07
-4.4500597397181905e-07
-4.392964274407265e-07
-4.330452338637339e-07
-4.275439497280348e-07
-4.214007976069238e-07
-4.161108746961878e-07
-4.1006346879896016e-07
-4.049892986870973e-07
-3.9902419275011924e-07
-3.941716312447219e-07
-3.8827402679218054e-07
-3.836506002104917e-07
-3.778041370704893e-07
-3.734192597793645e-07
-3.676057799299401e-07
-3.634709808946618e-07
-3.5767030154981727e-07
-3.5379944600226476e-07
-3.479891282458236e-07
-3.443986832073198e-07
-3.385535582902527e-07
-3.352633168914737e-07
-3.293544061019893e-07
-3.2638875080773233e-07
-3.203820498932919e-07
-3.177705807169695e-07
-3.1162635875416067e-07
-3.094038220213813e-07
-3.0307635134202426e-07
-3.0128275669769056e-07
-2.947206555747872e-07
-2.9340099737262815e-07
-2.865480454219277e-07
-2.8575284958740066e-07
-2.7854772236511616e-07
-2.783351689445053e-07
-2.707096417621513e-07
-2.7114759163328946e-07
-2.6302441947714935e-07
-2.641934716646156e-07
-2.5548232477604245e-07
-2.5747891632872145e-07
-2.48071035589088e-07
-2.510097643166828e-07
-2.4077434172451416e-07
-2.447905939332489e-07
-2.3357283401707375e-07
-2.388246564876892e-07
-2.2644414092898475e-07
-2.331140778006821e-07
-2.1936382387302555e-07
-2.2766284147289484e-07
-2.123043204753719e-07
-2.2247652396029105e-07
-2.052359220627853e-07
-2.1756435641256955e-07
-1.9812814434222448e-07
-2.1293870219006583e-07
-1.9094454662554883e-07
-2.0861813544020835e-07
-1.8363933815268574e-07
-2.0462993861880552e-07
-1.7615909311125e-07
-2.010069853272678e-07
-1.6844875405652715e-07
-1.9778623855382094e-07
-1.604517738534872e-07
-1.950161982733345e-07
-1.5209082244657668e-07
-1.9276916545578836e-07
-1.432774654286595e-07
-1.911229277218199e-07
-1.3392719748531428e-07
-1.9011965825998156e-07
-1.240240460196251e-07
-1.8961565132410443e-07
-1.1398604220615519e-07
-1.8839410545069932e-07
-1.0412462252099995e-07
-1.8727518093659403e-07
-9.260287740941076e-08
-1.8785202927495016e-07
-7.578179031860762e-08
-1.8729023063023594e-07
-5.063765378900451e-08
-1.851140632113627e-07
-1.723347354601798e-08
-1.8037679884338976e-07
2.1883679329084515e-08
-1.7454086359395844e-07
5.9523782868495175e-08
-1.7251737748660801e-07
9.333776204657664e-08
-1.775252504672203e-07
1.1859776825191815e-07
-1.9064825868112022e-07
1.370216340068034e-07
-2.1149094902537255e-07
1.5591986107595557e-07
-2.290101686065987e-07
1.8573718114377777e-07
-2.4227959417539647e-07
2.2965621647970196e-07
-2.4646730204839974e-07
2.925215964377705e-07
-2.43724563852931e-07
3.673786294421626e-07
-2.3360568467103353e-07
4.544564099668468e-07
-2.2338602306189192e-07
5.541304400977101e-07
-2.2291518394807353e-07
6.63042861517819e-07
-2.2849984995757943e-07
7.90805665806094e-07
-2.3398421632577155e-07
9.260078663755715e-07
-2.467908341314412e-07
1.095575659261147e-06
-2.7155603179659926e-07
1.2901260431816795e-06
-3.41001197117169e-07
1.5302994986667734e-06
-4.096177873345701e-07
1.7726018757295223e-06
-5.182617428011772e-07
2.1039397403018953e-06
-7.170353603699192e-07
2.5710202097468937e-06
-1.1179425978783547e-06
3.4195753059137503e-06
-1.962670258870425e-06
5.041662446574925e-06
-4.26908437246062e-06
9.615015154962932e-06
4.436019858362807e-06
-8.00309858013052e-06
6.85315312867231e-06
1.1456891555065933e-05
2.630273252278068e-05
1.7374687363119236e-05
2.6436465962789745e-05
4.6525621687114934e-05
2.3758344904489326e-05
4.356522774231369e-05
1.2642561393401159e-05
3.2982430578463486e-05
-6.305466380106912e-06
9.523234974517596e-06
-2.9631393388985573e-05
-2.094212623012957e-06
-5.029205956314539e-05
-6.238147837866722e-06
-4.1420051356752747e-05
2.0425029587414463e-05
-2.7488107459034935e-05
4.9142770936541234e-05
1.8489806695227333e-06
8.272705038059075e-05
2.8640369996542705e-05
0.00010823372206884201
4.047637189538928e-05
0.00010954075431122057
4.1880432364589144e-05
9.338871686346699e-05
4.8692328360033256e-05
6.23608710389806e-05
2.750265256837905e-05
4.28777422103183e-05
5.0560742917002714e-05
5.206139525845433e-05
6.800482894445359e-05
6.620375650129154e-05
8.36609224711654e-05
7.536097932987984e-05
7.099886967675342e-05
7.138037333979136e-05
7.94442690307769e-05
8.684102696598342e-05
0.00010115586894417358
0.00010830575506823374
0.00011526963614264806
0.00013707932646472658
0.00013403823912191268
0.00016680557292100392
0.00014864957834811267
0.00018738523812457478
0.00017702262162864557
0.00019500789707995342
0.0002070675060793064
0.00020839918795358047
0.00022180594368557027
0.00021402053585229818
0.00020775629339233703
0.00020380796531419048
0.00018674057857762918
0.00019117222424907746
