0.0003982169850367111
0.0004076241543891246
0.0003986808821021875
0.0003766493168447469
0.0003728577005696843
0.00035564617099627025
0.0003612165462724029
0.00035116096211313774
0.0003613959516465863
0.00035593449311543837
0.0003627644023028648
0.00035890833130974663
0.00036857286485048046
0.0003715913644985486
0.00037505355870406823
0.0003756821938830066
0.00038017339081971555
0.0003761676734388152
0.0003807334487033027
0.000374595130985095
0.0003755140160754565
0.0003725258813843061
0.00037565252124244865
0.0003743560870604153
0.00037763612934578776
0.00037911879290750795
0.00038939196540469125
0.00038485961563811664
0.0003992061549957689
0.000401377589902629
0.0004099265866999704
0.0004153285918308856
0.00041706228340680535
0.00042053650070152923
0.0004172197649799574
0.0004200053761822081
0.000410964044499566
0.0004142911704133481
0.000407113369000961
0.0004099563438417041
0.0004083807993623089
0.00041106823020396754
0.00040889290842638056
0.00042393469950072736
0.00042667721105243484
0.00044273264910403185
0.0004554329021788634
0.00047404577944908273
0.0004865110432271182
0.0004912667555272874
0.0004950351835636786
0.0004987317836953181
0.0004965082186533411
0.0004968706782985622
0.0004934392647889605
0.00048063398511737743
0.00047515918910220976
0.000464236211026327
0.00045592630946662507
0.0004433411588328287
0.0004407090209143876
0.00042816834932905357
0.0004384618898878996
0.00042344218546052205
0.00044324349508186077
0.00043215562256425214
0.0004483674486832433
0.00044934531629557814
0.00046351315038667396
0.0004602944573724995
0.0004706722403923914
0.00046477286665594413
0.0004692252793261308
0.0004599997753020023
0.00046582081414310545
0.0004554405227758431
0.00044961818698171195
0.00044329834574810095
0.0004359489459630453
0.0004335247874453182
0.0004325761204802515
0.0004296628646855647
0.00043250980874848217
0.0004373213382436505
0.0004397094106160796
0.0004520297469252591
0.00045138513837365585
0.00045354047347022955
0.00046150436295762387
0.0004566290877876328
0.00045872436353490404
0.0004578563908501657
0.0004465161757273414
0.00045132268309044227
0.0004359891816927454
0.0004362998081878721
0.00042482072694143095
0.00042063212327665163
0.0004230626690804823
0.000419750292815269
0.0004282657404497689
0.0004266727885583531
0.0004295355962714161
0.00043314934153520243
0.00043282012660661044
0.00043185715249484293
0.0004319892882791779
0.00043117003383467425
0.00042190357026191847
0.00042021187154106044
0.0004093882303349141
0.0004008159436832999
0.00039136646583073654
0.00038215893916864255
0.00036808873912865523
0.0003682591927925003
0.0003535510697939723
0.0003544212856396451
0.0003424702011944146
0.00035340219376385636
0.0003425527561863594
0.0003503926068985705
0.0003467684029149133
0.00035518483693451717
0.00034707116386366446
0.0003568348305640883
0.0003503664776736377
0.00035697492668271063
0.00034920780110510937
0.00035771381069594723
0.0003443874503589774
0.0003521391917917646
0.0003453035061318062
0.00034680089816311986
0.0003418978727379935
0.00034277502552908495
0.0003401498771421045
0.00034380755069525276
0.00034773442387119264
0.0003557360149233356
0.00035661928281451434
0.0003710610451824905
0.000372795878362839
0.00038875808230820805
0.00039020344498313
0.0004032810301442425
0.00040706046465613507
0.000411758912443084
0.00041615647900166574
0.00041495125888905255
0.0004143009892713784
0.0004096806124677117
0.0004111937053613118
0.00040362665043660646
0.00040679730330077797
0.0004051822113861454
0.0004042647713099292
0.00040689103969560584
0.0004063174530053083
0.00041478190822479233
0.0004105982049083174
0.00041817615461977524
0.0004096173838258506
0.00041864948352020786
0.00042013567673398355
0.00042185572316816517
0.0004209236519291919
0.00042639950453416726
0.0004213753712306563
0.00042533468479543534
0.0004251540277500844
0.0004271795839542027
0.0004281030775780967
0.00042834923247675536
0.0004250442943833123
0.0004285453996418226
0.0004230551797641985
0.0004221433424269289
0.000417377565432047
0.0004092879756968251
0.000397705692062757
0.00038729609493516295
0.00037998528077118766
0.0003777254740564002
0.0003753217935229036
0.0003673481504887588
0.0003561421426831301
0.00035654044039716657
0.0003560873990841657
0.0003606726386176503
0.0003550899977195841
0.0003618157651263903
0.000354872585377169
0.00035502357661786337
0.00033753805050415865
0.00033800535537750124
0.0003323062135628049
0.00033357534559098586
0.0003347007948373835
0.0003183399503978515
0.00031374335894874714
0.0002947963341128428
0.0002912319053456257
0.0003082552024115145
0.0003183747305932454
0.0003137232723938347
0.0003079532553987523
0.00029046508794794076
0.0002868347263622217
0.00027585167540550146
0.00025971985116405823
0.0002503711937602073
0.000220852304651515
0.00020825327340444883
0.00016960986338817257
0.00015612236409545183
0.00014800508026306853
0.00013799162574773072
0.0001267708719442845
0.00012170980221648821
0.00011090335733549442
9.775835630297127e-05
9.92380529832761e-05
0.00012582735392901344
0.00013414199129996654
0.0001409369361338763
0.00011657804865553917
0.00014855412135437757
0.00017139204864944773
5.835340356661104e-05
0.00019284692695758793
3.1135294067792855e-05
0.00018660383123679725
9.348151414755143e-06
0.0001926156684609809
-0.00016914333977519004
0.0003468342644448347
-0.0003834197582549518
0.0005526216586352481
-0.000805650460850341
0.001216448996989277
-0.0026600199848148282
0.02044896923269675
0.04900395047189751
0.03894743525739849
0.024044983058114037
0.016966837383523996
0.023131054504534933
0.0374997062897963
0.03085029394829243
0.0023004614317043695
-0.009260183959412508
-0.038560663264148934
-0.045517283115448046
-0.0396674243222182
-0.02275164343858167
-0.020265693356424697
-0.024796541025577892
-0.03113142736197276
-0.017829415010770337
-0.01866427568867179
-0.009091903875006354
0.022566537830931058
0.04105240103137589
0.03369158348722969
0.024005448022265362
-0.0025833445879762896
0.001765139317713642
0.011439285952779488
0.02018977769927396
0.017198431903406163
0.0068909987811335985
-0.0027437356863308643
-0.01707277366454235
-0.014371617000631795
-0.006619485229896256
-0.005030389658280501
-0.0054601604575605905
-0.009509377944680032
-0.010778367854505345
-0.007922728852203726
-0.0014285026702086311
0.0036432906275441976
0.0017735152170637542
-0.0013187587587800396
0.0010585183775403384
0.007600562244656113
0.01042667697044596
0.008658286626691967
0.002478023506893307
0.0013576343707752284
0.0019212449119960936
-3.982271748038485e-05
0.0030648324180024703
0.0028522043748178635
0.0030559157751855895
-0.000856728516235883
-0.0025426414085946434
-0.0022255665804200575
-0.0019922407587214326
-0.0007760707835200257
0.0016134491417562063
0.0032982727262693377
0.0015910566367879925
-0.0015373794242897957
-0.003229329806317848
-0.0032452854578839344
-0.001080343700679427
0.0015043836369105883
0.0028119815749581218
0.002145848696525334
-0.0006007829201881403
-0.00176369696186289
-0.0004138722398774764
0.0023098509433687993
0.00285372640907941
0.0019964556408121684
0.0012620889161151592
0.00039969545398621693
1.235936605511502e-05
-0.00026872243957696466
-0.0004166566752225348
-0.0004749257364469276
-0.0005536392527623205
7.241280116624038e-05
0.0007132024063036388
0.0009889119038207252
0.0003927839489036146
3.665957097762968e-06
0.000545160307479659
0.001374356612169022
0.0019571835166788194
0.0020855451614039565
0.00233234814040405
0.0016974491594880835
0.0005307451971839759
-0.0005560880011736145
-0.0012298275270335992
-0.001761547904461977
-0.002029350451068539
-0.001715756841115599
-0.001278784902728516
-0.0011440039010250248
-0.0017320632115784664
-0.002098070231836591
-0.001705561925146077
-0.0006985361021114657
0.00022023479248532628
0.0009862309827719715
0.0014165124415008636
0.001662681738261753
0.0016641228687325957
0.0015210512062236602
0.00128661229383654
0.001032425488051209
0.0007183513805554336
0.0010975789643066789
0.0015441782069579768
0.0015697903141496552
0.0012625053151456732
0.0007817158547533589
0.00094051589076937
0.001621589091324931
0.0020779352753338225
0.0018288445495994719
0.0011367462500185394
0.000686121886733093
0.00044569511756030087
-0.00017754821012514564
-0.0010000446671900622
-0.001633789793191886
-0.0018825061521904208
-0.0018938509153013598
-0.0017960002323895306
-0.001274859792228594
-0.0004865025621614869
8.02754474416949e-05
0.00010168532309480376
-8.030116866589064e-05
-0.0001653761825346558
0.0002378705348883627
0.0011738699364589721
0.0017576493856182604
0.0018201107645007758
0.0009748800049599284
-0.0003081933325366941
-0.0010617247597688806
-0.0010316137182116093
-0.0004440349400119068
1.8898914805604845e-05
5.3865210056535236e-05
-0.0001204431515028149
-0.0006806580085500686
-0.001127402962269907
-0.001089821556344123
-0.0005870540850799741
-7.796571521635347e-05
2.258509644026633e-05
8.618159295417626e-05
9.005847319901191e-05
0.00013737517790876288
0.00018053813904720528
0.0007471733317201464
0.0012331365730414118
0.0021548004061991803
0.0025240511117627573
0.0018497316959413038
0.001028949035519237
0.0009703681363367111
0.0008741843068499732
0.0007650116054093987
-7.2396917598846545e-06
-0.0006382590300832411
-0.00031470611818210987
-0.00029616857148412313
-0.0008707448308992247
-0.000983637180669496
-0.0002605109380127788
-0.00018053313100514464
-0.0005467675640010183
-0.0012021701872282414
-0.0004235270311986876
0.0005351522706942611
0.0007811760715456185
0.00037907421613374347
-0.0005723898237698129
-0.0006954605946289359
-0.0012642144398866486
-0.0017117747842825928
-0.0007348084445882103
0.0005230295700501164
0.000497529273966969
-0.0002131510013164457
-0.000546721048266575
0.00038966525213373477
0.0005017402951889873
0.0004990145949796897
0.0010891871068868827
0.0009640816275675362
0.00041329014737302196
-0.0003172186918661688
-0.0004515778128671529
-0.0002849185254045054
-0.000558667593838834
-0.0013412916846125657
-0.0012158382203387825
-0.0014750647215207523
-0.001737247865746379
-0.0015332026652707697
-0.001221483013295765
-0.0008239228672506087
-0.00048465837429206653
-0.0006518974671346389
-0.00038983007811792345
0.0007772932352472829
0.0015337164072190103
0.0008234708622240543
0.0003228652474065029
0.000852757536184806
0.00037512745134008743
0.00025505439516543206
1.2414828461266718e-06
-0.0003621024244923101
-0.0008306388711380296
-0.0021753812382354167
-0.0011423357817309352
0.0013200723130687715
0.0022034843392432996
0.0010045613728903017
0.0002827270455670597
0.000930006876864463
0.0011206474486861124
0.0010589419956493016
-0.0002706247942660346
-0.00013454701838116952
-0.0020940877313556016
-0.003124467430881333
-0.0027447693268970413
-0.001793774168004695
-0.0018208946946753949
-0.0010875792903028635
-0.0005851485932645006
0.0008044500815291178
0.0009667401815327843
0.000719724658601322
0.0011645115650642125
0.0024536382259178445
0.002881246477892451
0.00158283301173339
-5.4405427716435124e-05
-0.0009242636735591284
-0.00100809910519832
-0.0006418790804394425
-0.00015270205685201374
-6.0700637846456396e-05
-0.0005037826343337211
-0.0008990944663403331
-0.0008199562991785416
-8.440615915850639e-05
0.000996670292653549
0.0012365928128221125
0.0011854293185622408
0.0007719533720295579
0.0007591120111667888
0.0008724736345803866
0.0009245315975318196
0.0008582644125339038
0.0006138752666536549
0.0004207887094001831
0.0004460930647174591
0.00033874350449271146
2.774161913936485e-05
-5.56733762322348e-05
0.0002917638183289404
0.0005192224135526164
0.0005061517756677394
0.00015033810272062562
7.179040405879038e-05
0.0001862540358118976
0.0005307834446796067
0.0009628877678395466
0.0012445030339564753
0.0006615367537366865
-3.7592444068027225e-05
4.4103542884823204e-05
0.0004881006394181903
0.000800822563689561
0.00019636059870448602
-9.384413986726392e-05
-0.00017213809013298133
-0.0005214972533248044
-0.0004772114144557315
-0.0003249098020136794
-6.271696800934888e-05
-1.194787006559547e-05
8.786110538636717e-05
-0.00021917592544741602
0.00018964349021662427
1.4590098162630511e-05
4.633524756319528e-05
3.88745249721352e-05
4.3086155642837066e-05
2.1708635251695488e-05
0.00012111568445181823
8.209605786590351e-05
9.050959070520552e-05
3.419313715330186e-05
4.505039920278198e-05
1.6663389056381498e-05
5.8028279143276643e-05
4.264126446109056e-05
6.184435351082752e-05
2.1521007430982193e-05
2.075394405562272e-05
1.3751493413792677e-05
5.9095627108913086e-05
4.5912862919409055e-05
6.129357329568252e-05
3.815666031437569e-05
5.253666961959187e-05
4.128039661886821e-05
5.7373000742131394e-05
6.254346888308679e-05
7.365870013890355e-05
5.168942293084773e-05
4.901870372084338e-05
4.24822102545734e-05
3.837808410247736e-05
4.2028531069083185e-05
4.227679055562644e-05
4.689374801375928e-05
5.287087833899252e-05
4.599720041460742e-05
4.612585412982649e-05
5.2179487301227544e-05
5.183934122402389e-05
5.144744300187524e-05
5.4274444800044225e-05
5.2977753986437905e-05
5.549609230262118e-05
5.7007945255577836e-05
5.763832573432769e-05
5.612323631982373e-05
5.730907734138727e-05
5.523133396954737e-05
5.863204034454298e-05
5.6544172588089984e-05
5.837681114224022e-05
5.665315055147064e-05
5.824410210400226e-05
5.600281533978729e-05
5.8243502379541916e-05
5.7303132699932074e-05
5.939360401305922e-05
5.83671604992063e-05
5.8839031389683804e-05
5.9216019049562936e-05
6.031702853784018e-05
6.005733380465186e-05
6.192035692190656e-05
6.132904558427208e-05
6.21041811264114e-05
6.155749020118705e-05
6.239636579681031e-05
6.223215864824337e-05
6.345660167511808e-05
6.303405536173213e-05
6.404475294520756e-05
6.390829864417119e-05
6.456578068615975e-05
6.456503329828138e-05
6.55180175808867e-05
6.541124972562302e-05
6.614651740832945e-05
6.628638330080856e-05
6.691730137138791e-05
6.721178524086218e-05
6.77654726570499e-05
6.80106996514838e-05
6.853985739766226e-05
6.883793580501961e-05
6.931070150705909e-05
6.972466120785817e-05
7.015813248726767e-05
7.051172291391527e-05
7.09701896240895e-05
7.13087511835323e-05
7.179224909668714e-05
7.213881583562027e-05
7.2619723588831e-05
7.302886093661117e-05
7.346575893275644e-05
7.38428330373178e-05
7.435320428071754e-05
7.475231668319072e-05
7.524746979011693e-05
7.567050042423776e-05
7.614014103939949e-05
7.655578444353721e-05
7.704374793624554e-05
7.746046825009886e-05
7.796464747290979e-05
7.840130736630859e-05
7.8880575945555e-05
7.932937231970583e-05
7.982033338285374e-05
8.026549466206664e-05
8.076468647781612e-05
8.122461131289675e-05
8.172057546919126e-05
8.218851155296575e-05
8.269073263722585e-05
8.316402995474598e-05
8.367746010933672e-05
8.415156233297829e-05
8.466928636136385e-05
8.515448230648375e-05
8.567307547125731e-05
8.616742027216755e-05
8.669236507550485e-05
8.719308277924218e-05
8.772164370943322e-05
8.822859907878233e-05
8.876104005692249e-05
8.927873503563976e-05
8.981403445550037e-05
9.033918124850681e-05
9.088099632678333e-05
9.141175721472984e-05
9.1958270612436e-05
9.249934843574432e-05
9.305074064876087e-05
9.359912206566268e-05
9.415632187108206e-05
9.471052921992485e-05
9.527468393772672e-05
9.583635242430303e-05
9.640606166611411e-05
9.69755524753707e-05
9.75518492667372e-05
9.812729670223715e-05
9.871062691820822e-05
9.929331245125158e-05
9.988290447215465e-05
0.00010047316912115188
0.00010106933547711393
0.00010166683087972162
0.00010226991983893722
0.0001028744907393076
0.00010348480914735403
0.00010409684502441462
0.00010471397667231213
0.00010533350822938641
0.00010595792948728906
0.00010658485508400345
0.00010721674923217553
0.00010785114380816596
0.00010849045143350118
0.0001091324890087105
0.00010977920165908966
0.0001104289642517572
0.00011108345135306581
0.00011174081817360106
0.00011240306186925989
0.00011306831838750952
0.00011373832016329735
0.00011441155585323014
0.00011508952651033739
0.00011577075296398342
0.00011645677487968919
0.00011714611271767384
0.0001178401939440507
0.00011853783869725677
0.00011924010308009004
0.00011994605720320258
0.00012065666761892913
0.00012137102429922615
0.00012209002140517716
0.00012281291480379525
0.00012354041551667283
0.00012427193247244777
0.0001250080524728051
0.00012574826782792994
0.00012649312106373942
0.00012724214817286445
0.0001279958231508295
0.00012875377852175683
0.00012951638800102756
0.0001302833533639656
0.00013105501695251734
0.0001318311023764514
0.00013261192633292053
0.000133397245980487
0.00013418732746683785
0.0001349819912461154
0.00013578145153122383
0.00013658555759927388
0.00013739451205925534
0.00013820818118714657
0.00013902673251030328
0.00013985007743252037
0.00014067834691983594
0.00014151147565130912
0.00014234958421271526
0.00014319261231723494
0.00014404067370846012
0.00014489372196286611
0.00014575185279598493
0.00014661503727044455
0.00014748336323461785
0.00014835680246739927
0.0001492354426571598
0.00015011926041221598
0.00015100833621416502
0.00015190265532858543
0.0001528022921145223
0.00015370723642984738
0.00015461756052636503
0.00015553325590614503
0.00015645439300592326
0.00015738096857040307
0.000158313047110328
0.0001592506312598288
0.00016019378205842875
0.0001611425051312662
0.00016209685961010405
0.00016305685436569274
0.00016402254528648588
0.000164993945838467
0.00016597110825618787
0.00016695404916299006
0.0001679428199419103
0.00016893743849210469
0.0001699379549737973
0.00017094439024505775
0.00017195679213657944
0.00017297518405606088
0.00017399961284491998
0.00017503010334710936
0.00017606670186711337
0.00017710943492604825
0.00017815834757551122
0.00017921346852805588
0.00018027484184161054
0.00018134249764147005
0.00018241647970713114
0.00018349681940426493
0.00018458355991802762
0.00018567673417191387
0.00018677638476253698
0.00018788254596668538
0.00018899526012079292
0.00019011456249941328
0.00019124049541445834
0.0001923730951305209
0.0001935124038268505
0.00019465845880509342
0.00019581130228014297
0.00019697097231640434
0.0001981375113864793
0.00019931095824452915
0.00020049135559858174
0.00020167874297780754
0.00020287316328065138
0.0002040746567722156
0.00020528326668376395
0.00020649903387661133
0.00020772200197194466
0.00020895221249619971
0.00021018970938243935
0.00021143453484361155
0.00021268673318777407
0.0002139463472391037
0.00021521342174372898
0.00021648800013388317
0.00021777012757486403
0.00021905984814461386
0.00022035720742814434
0.00022166225012057103
0.0002229750222871446
0.00022429556921310656
0.00022562393745019851
0.0002269601729020642
0.0002283043225898354
0.00022965643305349753
0.00023101655178914098
0.00023238472596682005
0.00023376100359158956
0.00023514543244135266
0.0002365380610648317
0.00023793893783077488
0.00023934811186655455
0.00024076563217144165
0.00024219154804214365
0.00024362590900475715
0.00024506876445537723
0.00024652016412724344
0.0002479801589111532
0.00024944879829672575
0.0002509261349252454
0.00025241221814438107
0.0002539071013007674
0.000255410835334468
0.0002569234720927465
0.00025844506558765466
0.0002599756663555598
0.00026151533011468866
0.00026306410907656226
0.0002646220573880087
0.0002661892288626306
0.0002677656770825631
0.00026935145612173156
0.00027094662309683773
0.00027255122856831033
0.00027416533396275425
0.00027578898985252184
0.0002774222560406799
0.00027906518775686593
0.00028071784145099947
0.00028238027728096386
0.00028405254847424055
0.00028573471618950446
0.00028742683511105493
0.0002891289646481054
0.0002908411586691176
0.0002925634788658552
0.0002942959764270592
0.0002960387182527815
0.0002977917525574612
0.00029955514871496164
0.00030132895351896296
0.0003031132391273647
0.00030490805091348464
0.0003067134655174455
0.0003085295245756316
0.0003103563087056658
0.0003121938580886634
0.0003140422559801587
0.0003159015401872397
0.00031777180005925605
0.0003196530636606971
0.0003215454325726257
0.00032344893030591254
0.00032536364825808784
0.00032728964396058037
0.00032922694374795165
0.000331175694582441
0.0003331358402164002
0.00033510758957816067
0.00033709085975059793
0.0003390858677256727
0.000341092523188576
0.00034311106248896604
0.00034514131216918496
0.0003471837472815214
0.00034923754229429185
0.00035130469536023216
0.0003533860064246825
0.0003554804490787991
0.00035759261623883313
0.00035971579101105617
0.0003618562088012577
0.0003640084096345605
0.0003661755847989875
0.0003683567865321077
0.0003705479120588755
0.0003727573306970415
0.000374977287679038
0.00037721212538393585
0.0003794586098479121
0.0003817200445323977
0.00038399427819105913
0.00038628568924291393
0.0003885880236500466
0.00039091325380231445
0.0003932459058747555
0.0003956003920514764
0.00039796573082503755
0.0004003509350821487
0.00040274792100878406
0.0004051638062029777
0.00040759109747882607
0.0004100372360087942
0.0004124964749259647
0.0004149772236937011
0.0004174701473909119
0.00041998979108671215
0.00042252380966001374
0.0004250868628084225
0.0004276643921641607
0.0004302695238369101
0.00043289108943310884
0.0004355359414033399
0.0004382046460844745
0.00044089008602413203
0.000443601638462435
0.0004463270153122235
0.0004490829161465042
0.0004518491704185824
0.00045464984683262063
0.00045745023502839234
0.0004602983473071924
0.0004631393563069912
0.0004660239761614431
0.0004689215351959635
0.0004718177575886198
0.0004748129211818987
0.00047770027205249854
0.00048079613375815307
0.0004837110121442782
0.0004868775178426499
0.0004897904367520756
0.0004930704405517414
0.0004959349031783885
0.0004993589330496121
0.0005021383682268285
0.000505785743931046
0.0005085363110285499
0.0005118717104226244
0.0005175399354023224
0.0005029715521557936
0.0005025288107586275
0.0004894506701378608
0.0004842228833405527
0.0004732525874204961
0.0004692063407386509
0.000471593301749569
0.00046924996800892246
0.0004751023661271823
0.00047906841149553375
0.00048358642470028036
0.0004881652802575839
0.0004928921460624009
0.0004978331441392234
0.0004960730954803407
0.0005005761932460673
0.0004966557540995115
0.0004957508153126223
0.0004916721161679777
0.0004932296979599998
0.0004869238786151403
0.0004820797638966967
0.00047593543095353515
0.0004705039639867952
0.00046359132037199723
0.0004580019967603951
0.0004589011901297299
0.0004432299567839322
0.0004552326798692209
0.0004424271849941091
0.0004433433500377195
0.0004338837636312594
0.00043868826034229396
0.0004305905386273509
0.0004280679062219739
0.00042841896116496594
0.0004186170294505615
0.00042185907564427433
0.00041896759023353963
0.00041925755914856363
0.00041562767500839625
0.00041438442526601474
0.00041390705515641235
0.00041372173306157133
0.0004035342386035773
0.00040906911684705587
0.0003930707064167259
0.000404153405828366
0.00038960091975636844
0.00040270264775557445
0.00039076758232219863
0.0003963909235946588
0.0003904249080376568
0.00039315768999911935
0.00039420115660287585
0.000391865672919538
0.0003944919834958582
0.0003916219993359756
0.0003914294033055074
0.0003866333814493238
0.00039126825543416845
0.0003807502866333633
0.00039032805158283653
0.00037490659636931574
0.0001842910618685712
0.0001848046166227648
0.00018071332364512523
0.00016516761029290652
0.00016622800686960575
0.00014991793386427113
0.000160577841398124
0.00015212765076782358
0.00016264106333939877
0.0001359986957048561
0.0001638154856004742
0.00013248620463633112
0.0001600035591469788
0.00012902020240468447
0.00015686745222569156
0.0001247912212072774
0.00015426314052852477
0.000133461298090507
0.00014432849109495007
0.00013824130930493506
0.0001463234588755078
0.0001389021037203164
0.0001507447607954927
0.00013261219120313443
0.000151272048489348
0.00013714134721236394
0.00015090562773915661
0.00014121983525631013
0.00015188477124849635
0.00014517722159979886
0.00014405774531910895
0.0001461901068080658
0.00014339920960688036
0.00016405956401958585
0.00014675055045223833
0.00018384558037883936
0.00015794117259200203
0.00018153080607675556
0.00016710799034796124
0.00017914985360358666
0.0001688478087931689
0.00017866169881004443
0.00017354630593555462
0.00016137069014193338
0.0001603097839333608
0.00018281264830980967
0.00015697591060955175
0.0002083457239781877
0.00018938087203706979
0.00020660216804130555
0.00019627857943573315
0.00022667764832204763
0.0002159290409581605
0.00024360516933734561
0.000253886074023167
0.0002447207682228631
0.00027664584441746277
0.00024795793863266425
0.00025261321887588123
0.0002412047564607318
0.0002489254712924611
0.00022915001577112037
0.00023862458790087913
0.00023251399841728152
0.0002288540493841732
0.00023465418021672495
0.00022184012539180464
0.0002507842880968377
0.00023041371249405275
0.0002494970791212512
0.00023703490506409236
0.00028137268986929244
0.00023466434084698043
0.00030086450768632123
0.00024197223949700558
0.00029150933808458584
0.00025547237893439934
0.0002884983213766008
0.0002518484744547609
0.00028651838492497984
0.0002597204896889775
0.0002646372912042653
0.0002647655001925878
0.000259365828827706
0.00025215507572062465
0.0002643954721901717
0.00025526603527523616
0.00025618830799504404
0.00026017738672204306
0.00026125338098251954
0.00026299704393290343
0.0002692202966294836
0.00025927417795658186
0.0002631923486585686
0.0002555709630000164
0.0002550509124663755
0.0002487301301715643
0.00025832911056169073
0.0002431453446039934
0.0002584426957313797
0.00025061281567297707
0.00026045800296009233
0.0002479524484114695
0.00026196972806059697
0.00025094699725817344
0.00028342308692203406
0.0002508306807946996
0.00028495908549921057
0.0002526409432152028
0.00028261012003435234
0.00025256484605619585
0.00027260797379006943
0.00024890784442680824
0.0002634093538283544
0.00024528032676848966
0.00024650532685891596
0.00023870749525625333
0.00024013378357560624
0.00023171269644564054
0.00022534421934406116
0.000226114657323519
0.0002090003877236791
0.00022516202699942797
0.00021810549533131396
0.00021597578497148108
0.0002250501246416911
0.00022181506430675511
0.0002279952177036248
0.00023084527489812431
0.00021998996341668565
0.0002524812911334737
0.00023030757733358265
0.00024196161712011115
0.00023939726329042128
0.00024365510531550438
0.00024079754624106164
0.0002486417963859878
0.00024330401486394462
0.0002522102957914906
0.00023787129684314573
0.0002508458696895509
0.00026196420905879615
0.00025473345775028433
0.0002653582614239895
0.0002603105257893995
0.0002825210562974011
0.00028688977388218975
0.00028768493125565643
0.0002934129347750443
0.00029247187779682886
0.0002943496240247475
0.0002958855501491729
0.00029730628454495824
0.00029792486439796
0.0002999960923011325
0.0003023019732808776
0.00029396815253897063
0.00030359763784995467
0.00029789944585878665
0.0003060261419156607
0.00029310692057768007
0.00030940567315485825
0.0002884180695872309
0.0003094368068492121
0.0002965178003188411
0.000311785118353149
0.00029588731741420516
0.0002990255508688299
0.0002714371094724691
0.0002657516767518493
0.0002396875187524888
0.00023897641709540597
0.00024634416049774065
0.00022735399953715694
0.00023406999251695935
0.00021892924868381077
0.0002489654323864459
0.00022773007275608527
0.00023985385454885566
0.00024146348608470182
0.00026694822000971534
0.0002692963359702843
0.00027225819749546046
0.00023469166273018142
0.00027025171602273166
0.0002397972039317611
0.00023052999459859184
0.00022508727985740261
0.0002368002482594706
0.00024897517775586604
0.00023789451501064573
0.00026070774198903477
0.00025629240243891746
0.0002528380098984378
0.0002337256987257879
0.00021208373479356005
0.00021358903611750442
0.0001729837599121004
0.00013738294966124934
0.0001266935967513388
6.67803143864939e-05
3.57420604216171e-05
1.0384476435393742e-05
2.2564433779265636e-06
-2.318867231704681e-05
-3.307050182506236e-05
-3.597419971238674e-05
-4.4943271042325065e-05
-2.9010392481648196e-05
-3.57993899648731e-05
-2.3684834654365153e-05
1.8988671116009393e-05
-8.27440645094664e-06
7.0751011704028345e-06
1.6767113172047035e-05
7.254672532838703e-05
7.553717336172786e-05
-4.306515830965207e-05
1.5450740788049144e-05
4.918971793881402e-05
-0.0002993655275533763
0.0002416384966023021
-0.0003512890356020314
0.0003989640606939629
-0.0006108064965526004
0.0008257867092785827
-0.0011005405652671748
0.0011311175621805372
-0.0016913985414965527
0.002165434272588783
-0.0038955951368735676
0.1194230154554993
0.11075142544334979
0.057498474998613026
0.02390788762777397
0.03493335567514212
0.03956552440962077
-0.005820708557472849
-0.020800511580388537
-0.0466634946762791
-0.02126760362067405
-0.04989728135350814
-0.11068234089613946
-0.0456156870235325
-0.01576427635485887
-0.07387533152936976
-0.046210446017809756
0.00011540956177091496
0.03237479537144142
0.04310471989265027
0.0489751640488191
-0.005525310778949761
-0.04999658450076937
0.0028861485739058628
0.0349441781570292
0.039094932252793424
0.02443685525992144
0.021523650949489284
0.02300052551304215
0.0040418464998055155
-0.0008070875908877467
0.0038695663528505735
0.0007700470755770078
-0.025921949027448335
-0.026305091824381496
-0.0093025967533263
-0.009065499621672638
-0.017418085333121103
-0.006287933706230408
0.001039322409655325
-0.006225743326966712
-0.011079236183064787
-0.002990264668362323
0.016531352546578768
0.016480055771623495
-0.0011270370822964266
-0.009579785796117572
0.005234823902536175
0.015960936752514636
0.011375283706592316
0.0009852841569274393
-0.005389834311494216
-0.006026936714076517
0.0006450412137974926
0.005005535264045267
0.004390557530828263
0.0037720509734524028
-0.0028950838731893742
-0.009810298054893935
-0.010197702189533048
-0.00291601317934577
0.0051354909370112875
0.004351626371058713
0.0006466708704278149
-0.0030381798466252176
-0.0023819421561570957
-0.001076906090259594
0.0021036734197743424
0.007534437832670677
0.0061506771786498
-0.0020417509709514444
-0.00580254418753366
-0.0013730687352204608
0.004170168927700836
0.0027249485509525063
-0.00176799107834592
-0.0020154399574610453
0.0002353449115433011
0.0009298184463747928
-0.0009423534249914656
-0.0003323500914918717
0.0008017789637131328
-1.691915551903407e-05
-0.000903089579093257
-4.7340646683871265e-05
0.0021467486993294012
0.001727230409498558
-0.0006188568524795208
-0.0019416184388944113
-0.00021014591227495188
0.0031399104894689876
0.005363039896073746
0.005653612463258062
0.004353748003022446
0.0013995914763894595
-0.0010650892475866562
-0.0007989541302718612
0.0008643911813584892
0.0006702929599865591
-0.0027430491389866555
-0.006493301290483401
-0.007828811883844468
-0.006134742408896375
-0.003357863007415594
-0.0020129582516275786
-0.0018238278671947475
-0.0017871411683865464
-0.0008431864453734028
0.0006783199660521338
0.0033101417113370114
0.0050532996910214595
0.004447069596064709
0.00198901762378306
0.00033465147712129694
0.0006303358066349215
0.0021657788880913346
0.002900386844927653
0.0025040249848425904
0.0018573160818426263
0.001136462670738143
0.0006531809017258789
0.0007032755138044915
0.0015036560244381684
0.002273175814117947
0.002170977040350963
0.00219388534139703
0.001364700981115604
0.0007757287038007397
-0.00012577612742325594
-0.000989292141334343
-0.0021996968749827396
-0.002675487560469536
-0.002352413515833358
-0.0019386770638312382
-0.002185607801251305
-0.0021160247782480946
-0.0019365374855772042
-0.0011838311205034954
-0.00026298361009077917
-0.0004504566759322584
0.00019302104915772412
0.00196266157615249
0.002679278485880887
0.0015039321060868935
0.0003339602340701928
-0.00030894507945517034
-0.0010013473828104358
-0.0013091949114484786
-0.001191621020043751
-0.0006099819074766892
-0.0006411025113436845
-0.001049702267440607
-0.001500682241193832
-0.001765999432754736
-0.0017988349038453697
-0.0015975771022140586
-0.0010342805146769454
-0.0006859327117093679
-0.000377721589681284
-0.00026249823188724205
-0.00014041531512413112
0.00033448124162914006
0.001146887046861896
0.002007680237151422
0.003075552944425947
0.003859046732668627
0.0027415831707659176
-2.360134702728483e-05
0.001073365342115904
0.0025012225867263667
0.0021074100088574197
0.001297079347931258
-0.00013056799293923084
0.00038982013996623655
0.00037661933128698083
-2.5230145261940223e-05
0.0007500031034233353
0.0009824220974463623
0.0005958427257657678
-0.002398500391631764
-0.0006327883164613103
0.0006988411390552026
-0.0008771825827203323
-0.0039622101143625835
-0.004095468782994681
-0.0031485805881549074
-0.000869860417662751
-0.00043909900067556223
0.0020248007346222053
0.000788595973244502
-0.0017594591765075895
0.00033905181254899385
0.004558796484029186
0.0026108241238041695
0.0021039166292526213
0.0017239022136701922
0.0012800190878514176
-0.000699500318012587
-0.0012769683112258553
-0.0019163903937407752
-0.0024431626500611395
-0.002065729726580654
-0.0006117356688012741
-1.1482497803276671e-05
-0.0008305091131085812
-0.0008527992737609956
-0.0009054891496850988
9.787087183253232e-05
0.0004301321017462273
-0.0012688563368330684
0.0020170739766325863
0.0062281934751466615
0.001939808488540013
-0.0026014297847062554
-0.0017989628733448661
-0.0014616275975321107
-0.003162254491926872
-0.0027641887705769975
-0.002523358893681934
-0.001236413849576788
-0.0036713400342033844
-0.003764108293180629
0.0024318259373854786
0.008359807182224222
0.008853723467081366
0.0033091591862360525
0.0009888692195091928
-0.0018581520632254052
-0.0022028737004549386
-0.00459874930260031
-0.003117044259609163
-0.007008428926458126
-0.007684437454737827
-0.00862372372564765
-0.0068511628051563574
0.00037839636301028137
0.005950364054768856
0.007632567704243187
0.004779450927324976
0.002151402481497128
0.003960990425375078
0.006066304567687408
0.003077416520310831
-0.00024245346147934265
-0.0022472235592662336
-0.0036481243017319823
-0.003331525461340457
-0.003479484887090911
-0.0016373483983566366
-0.0015083067091665905
-0.0027063938244443995
-0.0044925543019849416
-0.0018303567635794492
0.0019139002794592726
0.0018689772620824937
-0.0001654069112557992
0.0014428533292896706
0.002892140671716241
0.002473786761592213
0.00013374529692766431
0.001017179515746237
0.0022147609938048627
0.0006618050464035054
-0.0011743318456323868
-0.0004966181364172892
0.001323742325043262
0.0011519199389610753
-0.001349783060258256
-0.0016360434988437087
-0.0008116807854265288
-0.0006411217145475545
2.9149993588774856e-05
0.0007288341520565954
0.0007913767290827771
0.00039566208568693115
-0.0005153627586122912
-0.0009212659235224099
0.0011416550653788728
0.0022829041585113044
0.0014614379267649876
-9.492750738901163e-05
-0.0005071182105020474
-0.00015525417458032867
-3.36371553129318e-05
0.0007200480586620571
0.0006668879384985966
-0.00024408100717923965
-0.0008195590407633362
-0.0012959949590026227
-0.0007199791688676118
0.0010925476908419775
0.0010543816675411045
0.00036875920651732817
0.00023213090895294513
-0.0002735056260136695
0.0003454498811057954
0.001198207358153585
0.0008574163062634994
-4.4004065732515616e-05
0.00016968672888545747
-0.0003095637143608798
-0.0008665148430561946
-0.00020239841918954935
0.00030785800127503546
-0.00031004791360883754
-0.0005950898098252023
-0.0003380986358000672
0.00024696192482789685
0.0003179574169472845
-4.982869625815619e-05
-0.00030023321759576753
-0.0005970732391500863
-0.00013172128327923065
-0.00040019073214394424
-2.617406672402573e-05
0.0001748233840269623
-5.8162981815243747e-05
9.847019810340805e-05
3.845201893421966e-05
7.891675296039323e-05
7.757973988299063e-05
9.994397022914563e-05
5.360681885993677e-06
-1.8390774159016045e-06
-5.379368514564042e-06
1.6477475811942782e-05
3.4168636984418664e-05
5.147508762460781e-05
2.2703777426732043e-06
-2.4528580836050487e-06
3.350964318053198e-06
7.2339838600802555e-06
3.2310066420817435e-05
5.957523759991736e-05
2.8038482457764147e-05
5.834058013338408e-06
1.779298956464028e-05
1.7918263204662723e-05
1.0229382776778752e-05
1.3561205935805776e-05
8.456251695749964e-06
1.4118662004218834e-05
7.5547327053886604e-06
2.3987099293435398e-05
1.9547003994365244e-05
3.080974960476836e-05
1.4037020915741742e-05
5.097902617352736e-06
9.290612940583394e-06
1.5082923133432572e-05
7.963281757070737e-06
1.8336842535167375e-05
2.1953422404520986e-05
1.752653781582152e-05
1.836191020651546e-05
1.9352763997975168e-05
1.956838711712804e-05
2.1725188042685806e-05
2.2179758018785103e-05
1.9685328081730374e-05
1.85952156531834e-05
1.858818366470838e-05
2.020494678105743e-05
2.0355376969518322e-05
2.0275663698697283e-05
1.6967088899659012e-05
1.8418681434716026e-05
1.8937274808468636e-05
1.9132277041995077e-05
2.0140245905650965e-05
1.960589423525205e-05
2.0381400737674523e-05
1.8498089856987124e-05
1.98582914951288e-05
1.9845581265985537e-05
1.977837846176586e-05
2.0067239964328487e-05
2.0015649686748373e-05
2.0206137502114935e-05
2.0714502436294764e-05
2.0826809381733124e-05
2.1009172934771214e-05
2.1370571259828985e-05
2.106243874888691e-05
2.0724286033124012e-05
2.124903692468736e-05
2.1379092377608573e-05
2.151071923101283e-05
2.1751087077133456e-05
2.1922877862539563e-05
2.1772967971916686e-05
2.210770135270036e-05
2.2184065994658702e-05
2.2506263522282383e-05
2.251350114549673e-05
2.2756611790794122e-05
2.2656298574148988e-05
2.3024812005006598e-05
2.301601027842649e-05
2.325180183779001e-05
2.3323327779926472e-05
2.346568698312118e-05
2.3516752818146264e-05
2.369711774418597e-05
2.387653641597494e-05
2.401758663235173e-05
2.4123580805395775e-05
2.430739874149598e-05
2.4431122069656138e-05
2.4547091354044318e-05
2.470401166346822e-05
2.4864694943692854e-05
2.4998731840657662e-05
2.516746642584639e-05
2.5292400397333183e-05
2.545554103954679e-05
2.5622072748849255e-05
2.577402340204422e-05
2.592374090785879e-05
2.608943659898437e-05
2.6219169487287555e-05
2.637599940313916e-05
2.6538148047414167e-05
2.6705929059859097e-05
2.6849773028635908e-05
2.7019636543360644e-05
2.7167908417137336e-05
2.73313381615321e-05
2.7495733656948947e-05
2.7657009022460428e-05
2.782516338210961e-05
2.798793933669031e-05
2.8152516495180756e-05
2.831901790662807e-05
2.848857343016231e-05
2.8658299143302125e-05
2.8824786603345984e-05
2.899822750046478e-05
2.916735306347974e-05
2.9340642690042773e-05
2.9511790250810396e-05
2.9692190699499377e-05
2.9864362282743407e-05
3.004323174067916e-05
3.0219048943913975e-05
3.0399891631595127e-05
3.057659763680673e-05
3.076144045862815e-05
3.0940548358441146e-05
3.1126453544236537e-05
3.130864063184734e-05
3.149519098591402e-05
3.168076628562119e-05
3.187063667115561e-05
3.205782879581501e-05
3.22483159953845e-05
3.243909116804153e-05
3.263118114131254e-05
3.282405113503724e-05
3.301939781014072e-05
3.3214244607918716e-05
3.34114529413292e-05
3.360866284392826e-05
3.3808173941395655e-05
3.400792222875743e-05
3.420982695102881e-05
3.441191796709137e-05
3.461627016841467e-05
3.482084130444784e-05
3.5027350896652204e-05
3.523446792135106e-05
3.544349361535087e-05
3.565321268556834e-05
3.586447661704415e-05
3.607670211360197e-05
3.6290558441279784e-05
3.650526118044017e-05
3.6721625778276396e-05
3.6939102527333133e-05
3.715788977265585e-05
3.737788066851387e-05
3.759929273397137e-05
3.7821920237903406e-05
3.804595516540294e-05
3.827128152155074e-05
3.849791404858874e-05
3.872590370420856e-05
3.8955305419268024e-05
3.918591940935221e-05
3.9418095165887155e-05
3.965149473837259e-05
3.98863656139961e-05
4.012252631579533e-05
4.0360222206302105e-05
4.059917844540656e-05
4.083968810460019e-05
4.1081507052608554e-05
4.132485836077745e-05
4.156955238745721e-05
4.1815779968746875e-05
4.2063386170479444e-05
4.2312544776431944e-05
4.256309883326299e-05
4.2815208048644585e-05
4.306874542908256e-05
4.3323841392677324e-05
4.358039695517412e-05
4.3838516036106244e-05
4.4098130264764914e-05
4.4359316178766654e-05
4.462200526380439e-05
4.488629250158985e-05
4.5152111728741836e-05
4.5419535112747184e-05
4.5688511877667315e-05
4.5959116003304115e-05
4.6231284609885015e-05
4.650510059503801e-05
4.6780507791567214e-05
4.7057571539198435e-05
4.733625565225656e-05
4.7616608569013216e-05
4.789860214059107e-05
4.818228566066604e-05
4.846763269709606e-05
4.8754681373944925e-05
4.9043421862664076e-05
4.93338804674337e-05
4.962605027751532e-05
4.99199586072932e-05
5.0215600806946883e-05
5.051299985935585e-05
5.0812155294841996e-05
5.1113086651409555e-05
5.1415796360978e-05
5.172030228998449e-05
5.202660799711982e-05
5.2334731530795375e-05
5.26446765197492e-05
5.295646047884239e-05
5.32700873576257e-05
5.358557499774482e-05
5.390292800200986e-05
5.422216369223255e-05
5.454328660306246e-05
5.4866314752016754e-05
5.519125300641574e-05
5.551811792158055e-05
5.584691678386586e-05
5.61776649095104e-05
5.651036979134952e-05
5.684504706500069e-05
5.718170463750016e-05
5.7520357539897135e-05
5.786101476864007e-05
5.8203690724728877e-05
5.8548394873047735e-05
5.889514188197242e-05
5.92439410833593e-05
5.959480718686124e-05
5.994775025814497e-05
6.030278454900381e-05
6.065992051450394e-05
6.1019172591879854e-05
6.13805513204552e-05
6.174407119063121e-05
6.210974309690158e-05
6.247758149987258e-05
6.284759762188556e-05
6.321980585166469e-05
6.359421774874887e-05
6.397084771829356e-05
6.434970764996033e-05
6.4730811876007e-05
6.511417269756156e-05
6.549980434198723e-05
6.588771951102383e-05
6.627793238192514e-05
6.667045596647075e-05
6.706530453668563e-05
6.746249130514664e-05
6.786203061678875e-05
6.826393598877503e-05
6.866822180707534e-05
6.907490181823524e-05
6.948399055616006e-05
6.989550195838669e-05
7.030945068166317e-05
7.072585088691019e-05
7.114471735573946e-05
7.1566064451873e-05
7.198990712373177e-05
7.241625989978101e-05
7.284513791491992e-05
7.327655586625639e-05
7.37105290792607e-05
7.414707240415916e-05
7.458620136886057e-05
7.502793101260563e-05
7.547227698458396e-05
7.59192546040087e-05
7.636887959808908e-05
7.682116750592984e-05
7.727613472082394e-05
7.773379630507437e-05
7.819416932613554e-05
7.865726891881776e-05
7.91231102441909e-05
7.959171188386599e-05
8.006308614728243e-05
8.053725386957585e-05
8.101422803339449e-05
8.149402624535668e-05
8.197666677450485e-05
8.246216176804422e-05
8.295053383932944e-05
8.344179527533773e-05
8.393596397623915e-05
8.443306118803443e-05
8.493309821250815e-05
8.543609696542081e-05
8.594207623002185e-05
8.645104276569591e-05
8.69630338198625e-05
8.747804275321762e-05
8.799610936832637e-05
8.851723937146265e-05
8.904144972619106e-05
8.956876911058636e-05
9.00992028729481e-05
9.063278082735199e-05
9.116951806448117e-05
9.170942694950327e-05
9.225253739886689e-05
9.279886147596755e-05
9.334841045040851e-05
9.390123077599263e-05
9.445729490772839e-05
9.501667773718209e-05
9.557934319628702e-05
9.614535347616583e-05
9.671469858458828e-05
9.728741603644135e-05
9.786350370107099e-05
9.844301415953935e-05
9.902591920974855e-05
9.961229549781373e-05
0.00010020210266185328
0.0001007954160020743
0.00010139220773026485
0.00010199254195932386
0.00010259639608226091
0.00010320383108298723
0.00010381483859075796
0.00010442943002878836
0.0001050477111301677
0.00010566951353187721
0.00010629513796548453
0.00010692428400598005
0.00010755726987073669
0.00010819387243632162
0.00010883434914426768
0.00010947841564927193
0.00011012658195573533
0.00011077800591806315
0.00011143442268882122
0.00011209220995711452
0.0001127540022259498
0.00011342247082872154
0.00011408877728908903
0.00011477050578023989
0.00011544864077201441
0.00011613503752927966
0.00011682709731973114
0.00011751971824303136
0.00011822353888065444
0.00011892541433349197
0.00011963630832385452
0.00012035339221257515
0.0001210677908650347
0.00012179404267194553
0.0001225231685265506
0.00012324579187703667
0.000123994167943013
0.00012471439478153288
0.00012547575440222968
0.00012621356394760535
0.00012696808313668442
0.00012772782251198764
0.00012849127819975338
0.0001292576282578246
0.00013003861586024037
0.00013080528974095278
0.00013159714596491727
0.0001323719584355439
0.00013316912040737454
0.00013396557879646214
0.00013476036977911774
0.0001355761566274977
0.00013637750348995182
0.00013720128088832713
0.0001380282357877273
0.00013885319159187808
0.0001396979253291674
0.000140543582032443
0.00014139142448888007
0.000142262515006119
0.0001431258262384407
0.0001440040145575348
0.000144889921538556
0.00014578301346912525
0.00014667188061472157
0.00014758183431435733
0.00014849506266775272
0.00014937864986933587
0.00015036678265332356
0.00015116308727156736
0.00015229655661350543
0.00015297564027275167
0.00015418378337805035
0.00015489886946702344
0.00015613130265508098
0.00015671433974938375
0.0001582656884132577
0.00015847396086782336
0.00016040343237686808
0.0001602847047554418
0.00016248517760350376
0.0001627385727653311
0.00016115733510597735
0.00018562144742196955
0.00015828736416396158
0.00017375193242848792
0.00016827351567657602
0.0001527998242273176
0.00015672227005349452
0.0001576087165166538
0.00014554118128686053
0.00014983707011144993
0.00013968751208438628
0.000148903975915564
0.00014268772486810788
0.00015058809301360387
0.0001488139295684986
0.0001399363586917033
0.00017048621679399646
0.00014745003626461277
0.00016602514706226477
0.00017838472868019427
0.00015891529484587008
0.0001774889494733623
0.00016940740349116095
0.00016549591280545068
0.00016156003629156897
0.0001668969018732508
0.00016138651172115592
0.00016855427311152955
0.00015569855802254268
0.000169736994226009
0.00014987712791338244
0.00016772423098079803
0.00015497586150653333
0.00016618808384081943
0.00015941415450500544
0.00016852235192930031
0.00016297703453074938
0.00017162070901139396
0.00016670554664294888
0.00017442600776886144
0.00016308160734973412
0.00015556590412048538
0.00016329622416693334
0.0001584013025741423
0.0001539887276209216
0.0001520831555378476
0.0001551388879545984
0.0001546454685561163
0.00014746102095727432
0.0001567686718266521
0.00015290143788506815
0.00014631469989617295
0.00015614001900914824
0.00015190318605984125
0.00014645137732352347
0.00015641410940668262
0.00014164677675129267
0.00015542952287585243
0.00013934993722440094
0.00014489829310640402
0.00013323973232438045
0.0001456626274756311
0.00012372140625442613
0.0001647213584003046
0.00012924619433472167
