0.00020027394548672575
0.00022750667020122355
0.000224057904224841
0.00020690903273819596
0.0001895605854351519
0.000191794290019458
0.00016338753321376156
0.0001881463424197931
0.00015544096532874247
0.00015895283584673
0.00017349125363570097
0.0001297210637981642
0.0001814773825067294
0.0001254541889677002
0.00017375518509915784
0.00012554524450963234
0.00016799626129891323
0.00012498880588598113
0.00013690541397335263
0.00012422006341391558
0.00011964817505372713
0.00010822889494926268
8.65428538559832e-05
0.00011027812762208432
7.869770823936704e-05
9.898164553917159e-05
9.260091932738188e-05
9.562142126309453e-05
0.00010201086016047584
9.369224218969954e-05
9.344746287490963e-05
9.997262233020493e-05
7.267991958436086e-05
0.0001164987372175151
5.793427823607523e-05
0.00011443971850237089
5.6014093533967676e-05
0.00010639261693158643
5.5650293496545044e-05
9.65418300213265e-05
5.570991525835697e-05
8.047950482209229e-05
3.804948638400913e-05
7.785691000712506e-05
8.286539987567435e-05
9.605832282451234e-05
8.333523284972878e-05
0.00011710197778359906
7.043284264322326e-05
0.00011316224428098952
6.611404487804695e-05
0.0001054485072643713
0.00010620273202051984
8.234079662451004e-05
0.00013770422300884728
0.00010999619422935808
0.00010546489276182268
0.00011769996340127886
0.00010341375814924543
0.000114694738115654
9.968972128512172e-05
0.00010350328789038779
0.00010685229981622724
0.000101536378788682
0.00011157771177158402
0.00010525714040617301
0.00011198111323387932
8.382725175179832e-05
0.0001099634887434556
8.179573053563647e-05
8.91392749570308e-05
7.327542458167869e-05
7.187451772079088e-05
6.058003870322356e-05
8.02619554824667e-05
5.409147455278686e-05
6.582943929511028e-05
4.276971988899901e-05
5.183796198752889e-05
2.445754759221536e-05
4.146676927286318e-05
4.994531592715783e-06
3.455242523237148e-05
3.626262419230181e-06
1.6286021003415735e-05
-9.060521879583193e-06
6.8496526785503e-06
-9.472043480866782e-06
9.559026688157077e-06
-1.1505167432495825e-05
2.1848921263779684e-05
2.70239203925065e-05
-8.455514491217139e-07
3.929924021067392e-05
3.579333085545989e-05
1.6848586000505958e-05
5.603665097327347e-05
5.507137142835825e-06
4.5066428199720424e-05
2.307391282618465e-06
5.8971786407462873e-05
2.600462778539259e-05
2.8437740964402084e-05
2.9373928098203113e-05
2.707591388583202e-05
2.5029048920152767e-05
1.0665665321402714e-06
2.9576513331210224e-05
3.141749667237662e-05
9.436394215721707e-06
5.445300424194073e-05
-2.5449765495933006e-06
4.742830394806425e-05
-7.254499003516725e-06
3.581752073338527e-05
-1.3574827484782629e-05
4.9086327815166814e-05
1.1222382212351336e-05
4.7794873351895845e-05
1.0661502937426079e-05
4.5465063318838114e-05
4.7049145988153766e-05
2.3827234684846535e-05
4.018911027169498e-05
9.834661181389872e-06
4.523552021019981e-05
-3.9162519394706635e-06
3.775410810090193e-05
-2.8599674592577276e-05
3.7765702304343385e-05
3.429078135076707e-06
2.188828359706474e-05
-5.75407313830486e-06
1.4421684878176743e-05
-8.18244562467736e-06
1.530119998464906e-05
-1.2308515349389361e-05
2.7435449136793794e-05
2.0840270190547504e-05
9.920611494496166e-06
2.1070683258596958e-05
1.1281124954062182e-05
-5.721800244151728e-06
2.49672416900361e-05
-2.1498413320028515e-05
1.6549877162779552e-05
-2.553819335168514e-05
4.2951376498848295e-06
-2.8640782615096925e-05
-3.703361894852894e-05
-2.8735328085368526e-05
-4.6196188755083046e-05
-5.413424433760902e-05
-5.142530834152827e-05
-5.402421527134213e-05
-7.935350898125487e-05
-5.588169843112381e-05
-8.258752251476668e-05
-8.108127145517792e-05
-9.164838223499493e-05
-7.560229631542199e-05
-0.00010500009179252628
-8.74943112107013e-05
-0.00010014881487187448
-9.101828403575144e-05
-0.00010603274368457013
-0.00010588279076626817
-9.88199853034151e-05
-0.000117818874882276
-9.107389076689446e-05
-0.00013220504207149571
-0.00012425155969482136
-0.00014291898761805487
-0.00014712393476283244
-0.000167947486213035
-0.00015377524578922424
-0.00016931421739453708
-0.00016252473787938473
-0.00018376995752145988
-0.00017468670492768395
-0.0001530145359444272
-0.000209066474396764
-0.00012520342608995683
-0.00024716422402518796
-0.00014333660337334075
-0.0002754784818920813
-0.00013208985992979412
-0.00026260772188085125
-0.00014288686222165226
-0.0002764858740829709
-0.0001845532791172697
-0.00027291387563829045
-0.00016897232905056957
-0.0002673549035566045
-0.00019104794044093348
-0.00028436092645159957
-0.0001892665369613267
-0.00030910577741980264
-0.00021020708945627872
-0.00037689470345600505
-0.0002013549221884863
-0.00045664405868839537
-0.00023021719129108
-0.0005091540549013892
-0.00022911570640462493
-0.0005640895049060842
-0.000185664191784023
-0.0006096564966696084
-0.00016420678417698818
-0.000685396800176331
-0.0001254589363882282
-0.000673160062971582
-4.67743238997232e-05
-0.0006800396456991598
-2.62864998062421e-05
-0.0007605539682788564
-2.2072028092307223e-05
-0.0008580799339220819
7.528512991973345e-05
-0.0009636330563970841
0.00016547481132414058
-0.001147465669762605
0.00017653851113801558
-0.0012028463956735868
0.00029781011999237186
-0.0012056133777617229
0.0005277757593337012
-0.0012740660465625944
0.0007135538210791374
-0.0014590727040457484
0.0009008583895975062
-0.0016831385308010327
0.0008128373701608505
-0.000892829525578022
-0.0017824418513433652
0.08113895733956393
0.12865405258724588
0.0657184022031772
0.0038660964537223026
0.005629544086925157
0.0597271149486545
0.08447889988647292
0.023050241051962853
-0.03443243016029772
-0.11470602166356952
-0.15809440068103497
-0.08983346700891387
-0.027035166944077572
-0.0049935855405995825
-0.048790713336705045
-0.044844535046914234
-0.0008420248240060834
0.01661173376305866
-0.0026550366422234263
0.03164474812911946
0.11429100015738251
0.10358189839167924
0.036719321595655205
-0.004072414143892508
-0.003406003779451265
0.016016925492931506
0.012317844498224909
0.005295993164872668
-0.016248146833128196
-0.02793010808769329
-0.04271529472186891
-0.05155843035608465
-0.03224247713377473
-0.020388684318247568
-0.019316307743770043
-0.033784751897660864
-0.03273966179705103
-0.007989211717285807
0.02593159090723015
0.04037346592366174
0.021220794101462936
-0.0009676666227096715
0.0008223456590090528
0.023034328113190505
0.0364822400242951
0.032105732665380665
0.013151101522277515
-0.003624033497637155
-0.0065677280244830554
-0.0075688201008232755
-0.005322678063357709
0.0004414966028764254
-0.00030178194147305364
-0.006694726891188033
-0.014404288341040506
-0.015758402217993493
-0.010961976987932276
-0.006313748745613413
-0.0036303709222123854
0.0009149676786160341
0.0047253416118179965
0.0022423429567577048
-0.0009831252193137604
-0.0008169207979211065
0.0006158225367681319
0.005822751936314988
0.010243948666040502
0.009246740132980581
0.003260242397029127
-0.0005321244352084493
0.0008855983655432983
0.00366323646332045
0.002854911583292886
-0.0023220509597012967
-0.0038413880542248133
-0.001462865331314088
-0.0003870876814534409
-0.0007692677704691632
-0.0017335743481703518
-0.0030577156450726888
-0.004919286310052109
-0.003681111355290646
0.00017785682288782168
0.0030460302168989484
0.0028013987406385367
7.748210443942488e-05
-0.0015423012509165
-0.0008990280941468217
0.0008999147673693237
0.0019624409115060895
0.002786061700217218
0.0022631637645900743
0.0006872857661452034
-0.00038332773438045796
-0.0008221020963815315
-0.0010959187704714275
-0.0007707575216583552
0.0002689846469260079
0.0012192184805745506
0.0010147148566781465
-0.0005256358282729316
-0.0018736396801288743
-0.0014968231225474565
-0.000545295160752756
0.00016872417173206916
0.0006404683017023479
0.000554730396016271
-0.000412275622647961
-0.0013403805682781964
-0.0016329450436342206
-0.0010020770820255748
-0.0006889612491060269
-0.0007020564309938159
-0.0004928607224424933
0.0003871904750580305
0.0005792611246767583
0.00030827270945653416
2.3542193155449388e-05
-7.748780170699094e-05
-3.866230244389143e-05
0.0006189706592136245
0.0011886825591094908
0.001058455981618076
0.00021701878718127934
-0.0005864043912313346
-0.0008562687040637262
-0.00083432138946655
-0.0006314798645774928
-0.0004142658474496693
-9.714579111325346e-05
-6.330443357716395e-05
-0.0005059977802080841
-0.0006142318793266765
-0.0005244825152679669
-0.00011245803066177253
0.00010492110564983833
0.0003418671115328916
0.0004133618979230518
0.00016934424483578477
-0.00024028192627487978
-0.000719414010622432
-0.0006376211032709151
-0.00031490842223392434
-5.059302575427302e-05
-7.777616099205078e-05
-0.00023771280834838498
-0.00031641231973200733
-0.00036556469767878115
-0.00026515029675064117
-0.0003141756914587531
-0.00029884018392346254
-0.00021865741889288731
-3.158528806999745e-05
8.59326908870503e-05
6.953108447046392e-05
-0.00023188597928033839
-0.000417183860629188
-0.0003934509515979833
-0.0002231242705931592
-3.1139037214420836e-05
-3.3099864764003274e-05
-6.350263334461555e-05
-0.00025161782386934925
-0.0004320004595515279
-0.00047907927536749225
-0.00029181062257380836
-0.0001051202989557715
-2.530874654116654e-05
9.256452536950893e-06
4.0287936012330715e-05
5.082540295549505e-05
6.72738194264362e-05
6.936640585551642e-05
4.184151365047749e-05
1.7811069542787398e-05
9.228131185901755e-06
1.0372412910622125e-05
1.7944351364204343e-05
2.107884734643958e-05
2.1740789428252347e-05
1.1210828637537143e-05
3.319380748310484e-06
1.5101892611740046e-06
3.945745875409915e-06
3.092532283441028e-06
-2.174057506722525e-07
-4.093695798325433e-06
1.383259868616084e-06
8.644324802580902e-06
1.1143053245368785e-05
9.452353674997407e-06
2.693102246100837e-06
-2.492423000766036e-06
-4.556812954134595e-06
1.2115371644571334e-06
8.285684823835856e-06
1.2640303435879465e-05
8.082506007607344e-06
2.014533044401192e-06
-3.2652717006625417e-06
-6.963148008549746e-06
-6.608593338058944e-06
-1.8764578723673745e-06
9.662570822437214e-07
1.708459751124613e-06
1.3977373940802861e-06
1.9166209394608463e-06
2.302892740497093e-06
2.962070972808024e-06
3.3308724234237835e-06
3.146555126459232e-06
3.1124270088692428e-06
2.827401042866971e-06
2.4471002537970637e-06
2.405343958708183e-06
2.3719012883960494e-06
2.217681736767254e-06
1.831041268622488e-06
1.5197100674054105e-06
1.2949970821787761e-06
1.0836344297256018e-06
9.598252589814067e-07
7.653086199529546e-07
6.899056453734187e-07
8.889722655956115e-07
1.2086232914623263e-06
1.2416717046932204e-06
1.2000432233374208e-06
1.0336184026437918e-06
1.0531752492506496e-06
1.182141106926399e-06
1.421540558953094e-06
1.6750575329582966e-06
1.7802637639779847e-06
1.5780724308997763e-06
1.4071277361549277e-06
1.3097449243153447e-06
1.3174676151758233e-06
1.3898523881005154e-06
1.5072601915199656e-06
1.5444453243794746e-06
1.5260313009120562e-06
1.5167225704788503e-06
1.5304609457091268e-06
1.5840516117152038e-06
1.6465413806488383e-06
1.6835019863083059e-06
1.7025132877028872e-06
1.718921454350403e-06
1.7352455693176843e-06
1.7499098193625082e-06
1.7766301693874817e-06
1.8063715121086228e-06
1.8193881148458215e-06
1.834640768235912e-06
1.8470593662492596e-06
1.860020444291021e-06
1.8660315463732598e-06
1.8789262741418858e-06
1.8922489495269695e-06
1.9140318717310258e-06
1.9418366631219087e-06
1.96935848842221e-06
1.987981858961709e-06
2.0062479229030535e-06
2.023700596806132e-06
2.0525203570189755e-06
2.083557060157497e-06
2.114844736506548e-06
2.1441547072205977e-06
2.1687949595782918e-06
2.186053796605458e-06
2.206249523223832e-06
2.2303195218598007e-06
2.2566299499801736e-06
2.284406148793925e-06
2.3102730398660495e-06
2.333948174933296e-06
2.3575347651360543e-06
2.382138593456595e-06
2.4083953126371793e-06
2.436211336446283e-06
2.4644346744685065e-06
2.491920912185214e-06
2.5187245732356583e-06
2.5466291991081517e-06
2.57465496230735e-06
2.6034291109793093e-06
2.632696429471842e-06
2.662473034836842e-06
2.6919263914551702e-06
2.7217241640746563e-06
2.7516756370070497e-06
2.7817767431561626e-06
2.812093631414294e-06
2.8430871972787077e-06
2.8743734851060555e-06
2.9063548966444096e-06
2.9385408367485597e-06
2.9710136871143175e-06
3.003664895102773e-06
3.036741025737221e-06
3.070265260290007e-06
3.104540500746566e-06
3.1392472019451303e-06
3.1742039472075587e-06
3.2094771452210078e-06
3.244961007301282e-06
3.2807372714060176e-06
3.317061263341726e-06
3.353878551263904e-06
3.391134038782781e-06
3.4287759448268465e-06
3.4666928172835746e-06
3.5049783980862484e-06
3.543708195667443e-06
3.5829305566088137e-06
3.6225993931564873e-06
3.662751129141246e-06
3.7033197095210794e-06
3.744312445456196e-06
3.7857269914050827e-06
3.827642018326173e-06
3.8700285329882435e-06
3.912898129708665e-06
3.95625425306744e-06
4.000091418881677e-06
4.044387930525733e-06
4.089183702429659e-06
4.1344585353865655e-06
4.180238133095603e-06
4.2265242436332826e-06
4.273331563326658e-06
4.320654517849247e-06
4.3685064720830596e-06
4.416879486585589e-06
4.465780684931935e-06
4.515225558767702e-06
4.56521976184908e-06
4.615773614090129e-06
4.666898557702595e-06
4.718587156578604e-06
4.7708427900753145e-06
4.823674690167719e-06
4.8770872500896e-06
4.931094476012175e-06
4.9857045110172536e-06
5.040921571081917e-06
5.096748001913081e-06
5.153191686978583e-06
5.210254606160983e-06
5.267949671523219e-06
5.326284927075528e-06
5.3852684674400954e-06
5.44490490652616e-06
5.505201978225163e-06
5.566165545909697e-06
5.627803375233626e-06
5.690122911581122e-06
5.753134706194859e-06
5.8168443074589214e-06
5.881260288202145e-06
5.946389709690429e-06
6.012240128331359e-06
6.078819130874951e-06
6.146135798475016e-06
6.21419752648473e-06
6.283013123601876e-06
6.352591176265028e-06
6.422939615556748e-06
6.494067034875422e-06
6.565982096460175e-06
6.638693034073651e-06
6.7122090443366635e-06
6.7865393445437635e-06
6.861692836137475e-06
6.937678860135293e-06
7.014506448147252e-06
7.0921846982579484e-06
7.170722898474399e-06
7.250130883585708e-06
7.330418116786439e-06
7.411594722191166e-06
7.493670389020437e-06
7.576654954745098e-06
7.660558388854663e-06
7.74539091162924e-06
7.831162722180904e-06
7.917884426014439e-06
8.005566524645848e-06
8.09421970017218e-06
8.183854546967422e-06
8.274481992290192e-06
8.366112979901538e-06
8.458758661411531e-06
8.552430293452598e-06
8.64713930620458e-06
8.742897119861815e-06
8.83971536532049e-06
8.937605776170883e-06
9.036580187959497e-06
9.13665063534748e-06
9.237829271950215e-06
9.340128342024998e-06
9.443560283877572e-06
9.54813763779058e-06
9.653873060202676e-06
9.760779391063544e-06
9.86886958378903e-06
9.978156749280092e-06
1.0088654150375492e-05
1.0200375204860634e-05
1.031333344649548e-05
1.0427542590860805e-05
1.0543016473021864e-05
1.0659769098451613e-05
1.0777814629190719e-05
1.0897167390931222e-05
1.1017841856600605e-05
1.113985267367726e-05
1.1263214630762589e-05
1.1387942689096696e-05
1.1514051971628795e-05
1.1641557779929428e-05
1.1770475575835695e-05
1.1900821002220582e-05
1.203260986656061e-05
1.2165858153467262e-05
1.2300582019703185e-05
1.243679780717792e-05
1.257452203745825e-05
1.2713771415399547e-05
1.2854562832412108e-05
1.2996913365710378e-05
1.3140840277913825e-05
1.3286361027576549e-05
1.3433493263331776e-05
1.3582254830135776e-05
1.3732663772561841e-05
1.3884738333692363e-05
1.4038496957768736e-05
1.4193958295145403e-05
1.4351141200537711e-05
1.4510064738037286e-05
1.4670748183482339e-05
1.483321102618818e-05
1.4997472970493763e-05
1.5163553941066686e-05
1.5331474079979557e-05
1.5501253755485753e-05
1.567291355877105e-05
1.5846474311379097e-05
1.602195706253758e-05
1.619938309832487e-05
1.637877393662938e-05
1.656015133786389e-05
1.6743537298795054e-05
1.6928954064541574e-05
1.7116424120685813e-05
1.7305970208973665e-05
1.7497615315440525e-05
1.76913826884428e-05
1.788729582615677e-05
1.808537849411329e-05
1.8285654712851484e-05
1.8488148779283533e-05
1.8692885248768255e-05
1.8899888959330772e-05
1.9109185010006023e-05
1.9320798794244506e-05
1.9534755971188623e-05
1.9751082499376885e-05
1.9969804608161888e-05
2.0190948835282488e-05
2.0414541992462912e-05
2.0640611210371532e-05
2.0869183895488104e-05
2.1100287786728013e-05
2.1333950898844265e-05
2.1570201588204732e-05
2.1809068491686085e-05
2.2050580600685524e-05
2.2294767187843812e-05
2.2541657890874645e-05
2.2791282631834148e-05
2.3043671713684393e-05
2.329885572109852e-05
2.3556865633308512e-05
2.381773271218672e-05
2.408148863312058e-05
2.434816534915683e-05
2.4617795245964347e-05
2.4890410982117113e-05
2.516604567116517e-05
2.544473269297943e-05
2.5726505903936206e-05
2.601139942030368e-05
2.629944786141828e-05
2.6590686094744468e-05
2.688514951953877e-05
2.7182873768779903e-05
2.7483895041639783e-05
2.7788249752976925e-05
2.8095974921423655e-05
2.8407107758571422e-05
2.8721686122642857e-05
2.9039748036918667e-05
2.9361332220433935e-05
2.9686477524550406e-05
3.001522355189877e-05
3.0347609996571334e-05
3.068367736671013e-05
3.1023466213926654e-05
3.136701797755784e-05
3.171437408137044e-05
3.206557692076242e-05
3.242066880627427e-05
3.277969311662153e-05
3.314269306217005e-05
3.350971303299477e-05
3.3880797152557526e-05
3.425599085323666e-05
3.4635339183346214e-05
3.501888864911734e-05
3.540668523509e-05
3.579877655627661e-05
3.61952095422266e-05
3.659603295326844e-05
3.700129467174842e-05
3.741104464430756e-05
3.782533171194102e-05
3.824420704986661e-05
3.8667720460714566e-05
3.909592439553522e-05
3.9528869618582485e-05
3.9966609908833294e-05
4.0409196988759654e-05
4.085668602143641e-05
4.1309129679296605e-05
4.17665845716406e-05
4.222910430862897e-05
4.2696747015711495e-05
4.316956722073481e-05
4.364762464183561e-05
4.4130974698519676e-05
4.4619678787698874e-05
4.511379318660608e-05
4.561338106663648e-05
4.611849951757091e-05
4.662921359467956e-05
4.714558114290307e-05
4.766766922455548e-05
4.819553636985045e-05
4.872925178629739e-05
4.9268874602361715e-05
4.981447632960469e-05
5.036611658878337e-05
5.0923869376228587e-05
5.148779467545328e-05
5.205796917341025e-05
5.26344530630855e-05
5.321732595681703e-05
5.3806648070215974e-05
5.440250221427922e-05
5.5004948406234234e-05
5.561407296626004e-05
5.6229935445134636e-05
5.685262603394477e-05
5.7482203504376304e-05
5.811876233365303e-05
5.87623601406408e-05
5.9413096167881894e-05
6.0071026439447936e-05
6.073625551707379e-05
6.140883731138206e-05
6.20888823499137e-05
6.277644181136577e-05
6.347163293590752e-05
6.417450344298886e-05
6.488517815841878e-05
6.560370048726196e-05
6.633020384772328e-05
6.706472632438815e-05
6.780741110733526e-05
6.855828977571712e-05
6.931751666300334e-05
7.008511544633056e-05
7.086125320184683e-05
7.164594407160774e-05
7.243936973438123e-05
7.324153287893015e-05
7.405263196028772e-05
7.48726559533753e-05
7.5701822634772e-05
7.654010461422564e-05
7.73877419513111e-05
7.82446877930637e-05
7.911120793988776e-05
7.998723242599973e-05
8.087305685189951e-05
8.176858386109323e-05
8.2674143567898e-05
8.358960626424217e-05
8.451534202410285e-05
8.545118303696813e-05
8.639754561589976e-05
8.735421725344382e-05
8.832166770550876e-05
8.929963182007004e-05
9.028864205369404e-05
9.128837052401248e-05
9.229942303002107e-05
9.332139812489974e-05
9.435498680365273e-05
9.539970023426957e-05
9.645633124291644e-05
9.75242853901761e-05
9.860447547814619e-05
9.969618467109935e-05
0.00010080046197249907
0.00010191645070437954
0.00010304535752014425
0.00010418615995510323
0.00010534025147957927
0.00010650641343388655
0.00010768625688313232
0.00010887833649305442
0.00011008451328933742
0.0001113030782215514
0.00011253618618906755
0.00011378181386677592
0.00011504246505683474
0.00011631574728944013
0.0001176045656675096
0.00011890610711386422
0.00012022373290060435
0.00012155414723174387
0.00012290124010814248
0.0001242611499180141
0.00012563838712321293
0.00012702842763093558
0.00012843650144663565
0.00012985732093349136
0.0001312969439525834
0.0001327491967980493
0.00013422110708050098
0.00013570545513561327
0.00013721041050007856
0.00013872753128196834
0.00014026630517363222
0.00014181688654209506
0.00014339028216246708
0.00014497500763121935
0.00014658386450407633
0.00014820342534175554
0.0001498485955014668
0.00015150370334634676
0.00015318607551528509
0.0001548774097669737
0.00015659794722692243
0.00015832617096831462
0.00016008585658274283
0.00016185166325376467
0.00016365151069234828
0.0001654556112144777
0.00016729650741011663
0.00016914026236196245
0.0001710213855597818
0.0001729055981377443
0.00017482951021269798
0.00017675396769497648
0.00017872182352071924
0.00018069008580263573
0.00018270077535025375
0.00018471196626312155
0.00018677314712949516
0.0001888218373453543
0.00019093786427553622
0.00019302562191434727
0.00019519266782916785
0.0001973248304241269
0.00019954447836113837
0.0002017189183783647
0.00020399587398302622
0.00020620803501454702
0.0002085455093987392
0.00021080097141931698
0.00021319569698329837
0.000215498405076277
0.00021795530172980603
0.00022029553937307874
0.0002228302137766061
0.00022520222453962962
0.00022781637007288677
0.00023022454476799367
0.00023291507072263162
0.00023536333523880448
0.0002381307721465176
0.00024061427882948394
0.00024346892357578537
0.0002459790557351488
0.0002489266112697437
0.00025146824520571025
0.000254505724744855
0.0002570798341640037
0.00026021997363093603
0.0002628097062951189
0.00026607865298468975
0.00026867022857102624
0.00027207214364086693
0.0002746700872679269
0.0002782022697852451
0.0002807875658513715
0.0002845004509581057
0.0002870158112062332
0.00029093751048436513
0.0002934037355054867
0.00029751417993609003
0.0002998632453299897
0.0003043306818858053
0.0003063142567766211
0.00031143212834347733
0.00031268827451713525
0.00031917155237058464
0.000318274886768003
0.00032901753932894687
0.00032069905127236437
0.0003177491603959682
0.00031431980148321614
0.00030734717484364957
0.00030089745105579856
0.0003023765978010539
0.0003086599896908145
0.00028053023989256244
0.00031575420254176636
0.00028036696955734423
0.00030802281469629976
0.00029127379816865887
0.00029289478435175475
0.00028586598431174534
0.00028420430857943396
0.0002749855004060991
0.00027723354089442646
0.0002618405480172581
0.00024804783509879756
0.00026744132046922406
0.00024404877412506333
0.00025932195533154897
0.0002579560486836841
0.00024009316573153872
0.0002591939779084243
0.0002491677348778942
0.00026270551969105507
0.0002577349645173203
0.0002712109490079594
0.00026632620061272565
0.00027603541897905625
0.00025434070857856164
0.0002715632592917067
0.00024094520080176774
0.0002621026210868283
0.00022894589849404418
0.0002526488250311848
0.00021801228367366538
0.0002686696488825729
0.0002103644761835255
0.00026834475702874845
0.00021712970533061302
0.0002790700109431871
0.00021119422332039435
0.0002828915917245335
0.00020922468745967094
0.0002803256202160941
0.00020659179226114525
0.00025557475994219224
0.00019682904479747447
0.0002531530297785157
0.00018935600953833053
0.00022792460558675653
0.0001827621040207299
0.0002219761881935168
0.00017900248778600608
0.00019359136948070223
0.0001800141451440974
0.0002002741904172822
0.0001732891126232553
0.0001991639646726445
0.0001800857504381416
0.00018192380917928398
-7.171729505733348e-05
-5.667261738656463e-05
-6.558081273756063e-05
-8.015937805712901e-05
-8.016937721261998e-05
-8.761066618775662e-05
-8.427428155780727e-05
-9.431276812350499e-05
-8.238427139463789e-05
-9.589705465785418e-05
-9.095965311556399e-05
-9.908247307053627e-05
-8.943866865211758e-05
-0.00010178399361466072
-9.038667227411704e-05
-9.999115690822763e-05
-0.00010044966385519625
-9.686795094933996e-05
-0.00010624035195238847
-0.00010243535879788144
-9.923912128489493e-05
-0.00010610465847000572
-9.963131004002814e-05
-0.00010227408763075591
-0.00010339442224052838
-9.510245604992418e-05
-0.00010472770006323063
-0.00010351990243620677
-0.00010252035050715883
-0.00010339600203901757
-0.00010781899933812052
-0.00010164253188825199
-0.00010589300267538338
-0.0001006254525904
-0.00010412885248217708
-0.00010229162423880821
-0.00010610866604811653
-0.00010308702304810457
-0.00010232251574867565
-0.00011007654042420255
-0.00010848296643728976
-0.00011138331269483083
-0.0001136065710198644
-0.00011281782537226188
-0.00010884740113842022
-0.00011413426933981597
-0.00011014508940547854
-0.00010883366919408602
-0.00011865837572141524
-0.00011225503704825284
-0.00011494957133635793
-0.00011945535434483914
-0.00011543853630092374
-0.00012330661652337077
-0.000117388329421738
-0.0001284452296833414
-0.00010743737046863986
-0.00012134220522383725
-0.0001118212178851006
-0.00011395793494515892
-0.00011791500330986644
-0.00011515244005664893
-0.00012134380271639831
-0.00011722518707152268
-0.00012789364011821052
-0.00012440388692023247
-0.00012958687803974313
-0.00012918600643486945
-0.0001321077969076879
-0.00012324585447546978
-0.00013638403261420086
-0.00011957174941757209
-0.00012374506453681212
-0.00012902773228668125
-0.00011205685722128697
-0.00013356351366182142
-0.00011910736302143935
-0.00012773477207579688
-0.00012048887775525816
-0.00013404018430782048
-0.00011814829493138992
-0.0001346139711870897
-0.00012185217852820051
-0.0001386602826922145
-0.00012874033281364035
-0.0001430286882845521
-0.000130267215144919
-0.00014309412695765502
-0.00013292843104523503
-0.0001406042592381963
-0.00012905311514473615
-0.00014326337589931385
-0.0001260836306809794
-0.00013001078814054307
-0.00013003367019522616
-0.00012301077856251343
-0.00012925385484742399
-0.0001281815328029635
-0.00012999919577579737
-0.00012564716847355707
-0.00013928020855294884
-0.00013106584528139572
-0.00014331065696664152
-0.00014246838115592616
-0.0001429341407320984
-0.00014235402537332437
-0.0001489593247426483
-0.00014312158152703726
-0.00015296835097974615
-0.00014565744328607591
-0.00015802292005869005
-0.0001457031757614194
-0.00015830310592839316
-0.0001414516716979694
-0.00016196275448628964
-0.00014524438877058153
-0.00016153013384066783
-0.00014602567384095576
-0.00014952344533433778
-0.0001559950049851154
-0.00013914413687831
-0.0001619947183681048
-0.00014572836714647118
-0.00016529441939855106
-0.0001555422534376092
-0.00016955703190257097
-0.00015971796843371807
-0.00017531794680194596
-0.00016095463711135048
-0.00018309072794510774
-0.00016548351828409366
-0.00018230355512033894
-0.00017890649163067952
-0.00018805860604613757
-0.00018152829543352408
-0.00019624862368358047
-0.00018081531464654262
-0.0001982081822480618
-0.0001828138327913129
-0.0001987705655865437
-0.00019301563313337458
-0.0002001998746453579
-0.00019872649992329057
-0.0002056432913960787
-0.0002019839073375351
-0.0002124085226433837
-0.00020346319593521792
-0.00021395154254659563
-0.00020677828450182614
-0.00021354664367453932
-0.00021991635340429857
-0.00022107031203300506
-0.00023071890851518806
-0.0002245588547833959
-0.00023951884494101899
-0.0002245999940574582
-0.00024363482924087375
-0.00023361758154183577
-0.0002396834672203397
-0.00024385224322576114
-0.00024954510354149135
-0.00025275623924452906
-0.0002541530554035939
-0.0002625256372089563
-0.00026348720721533167
-0.0002658594374991142
-0.000271901561474226
-0.00026985468902097546
-0.000279256132250023
-0.00027281949653549836
-0.0002828027273683197
-0.00028554449626527544
-0.00028433405567117
-0.0002950697256439371
-0.000288307166029882
-0.000305171672394956
-0.00029636210864949066
-0.00030706912098397266
-0.0003000048330787414
-0.00030453020240706703
-0.0003071471076327172
-0.0003202471808485185
-0.0003182142910812765
-0.00031644321753041997
-0.00033165675756854885
-0.00033046579815217624
-0.00034098797747512824
-0.00034540281458009757
-0.0003579057276710761
-0.0003516186600961226
-0.00036844875822124497
-0.00036238299178999666
-0.00037162911788018635
-0.00036987494686677934
-0.00037238729378823084
-0.00036648982550322384
-0.00038001050256086376
-0.0003661947490452537
-0.00038788595261130633
-0.0003788098351938345
-0.000408800222572997
-0.00039365780591247743
-0.00042646505309675475
-0.0004050039657003054
-0.0004590657843580428
-0.00043200306093199115
-0.00048050825019993796
-0.0004516817896686526
-0.000490503698651876
-0.00044311569313186766
-0.0004998528615520318
-0.00044944732917536
-0.000494006711111202
-0.00042473991731311136
-0.0004806018128195327
-0.0004266811057782273
-0.00048424672941504065
-0.0004330091666752575
-0.0005282052569816484
-0.0004649212811287898
-0.0005424512869719896
-0.0004671375800003669
-0.0005778383703678143
-0.00046429883281877106
-0.0006464118081028259
-0.0004656088079864147
-0.0006659831336876297
-0.0005100054040305095
-0.0006007429675766068
-0.00033355482113573044
-0.0006319863937320719
-0.0002329650058261098
-0.0007023908438550648
0.00017137843736352034
-0.0014275638762998029
0.0010180723028624895
-0.004874097880712294
0.02855834721814985
0.100172826793075
0.08208572717296549
0.027310129040658805
0.009461689874288201
0.046551457731113466
0.05534353903022687
-0.02004574034423061
-0.04013546818033144
-0.030191120695754144
-0.05038033685524279
-0.0695303772975661
-0.08158680442723121
-0.058712975618195454
-0.012630152442715172
0.011061806524757793
0.008769876119797137
-0.0013384024573900848
0.010293579560492455
0.05652773417942336
0.06974120269935594
0.0240232911014123
-0.0097219399993604
-0.0014230707859369785
0.015024712659555838
0.008975202786521664
0.0015823653772587204
0.0006000474513169299
-0.017676109435874436
-0.0307706128356401
-0.01826752210714551
-0.00028660488998432954
-0.009975676864750857
-0.022990569571733045
-0.012724664331320287
-0.00024625751427603083
-0.006169274214019853
-0.010592763496251163
0.00585725464361918
0.019914430294182085
0.009053130898638798
-0.007394430409698912
-0.0018679493181964842
0.014846859149283246
0.019328094290096087
0.00945017688801622
-0.0014488170743593637
-0.004012305946468318
5.7815508565908964e-05
0.0034793819728210283
0.002598916195095222
-0.0021142817132304703
-0.006370598459989957
-0.006632000188907505
-0.003540621940029723
-0.0005175731586243998
0.0013888132832701758
0.0001890395928445836
-0.003382051342494187
-0.0038337763921441935
1.284984826170766e-05
0.0028469366316529903
0.0031117267871979
0.004042383798781912
0.004271329272903147
0.0011457805763352286
-0.002662409775113856
-0.00037520684013051843
0.005309782543836072
0.005071106599308484
-0.0014636192541927513
-0.005624082015175454
-0.0027268075082227464
0.0015781752516355703
0.0018994429374342772
8.982021362326231e-05
-0.001012504175077724
-0.0010180544379790948
-0.0011147834198542749
-0.0002690801558346014
0.0017519440033059047
0.002132707964820449
0.00022608171468630877
-0.0014535583390096266
-0.0006403105970434731
0.0010544570159139299
0.0015085134176484384
0.0009582486944580753
0.0002913615753137072
-0.00034593479309611574
-0.0009353750721399159
-0.0006683575573541255
0.0008512309497059182
0.001948270582885536
0.0009381400499957448
-0.0012256207451236715
-0.0013855708394694426
0.0008693091736019331
0.0024103481701436592
0.001570046672974001
0.00016240427276540529
-0.000211479657289683
0.0003217455336365859
0.0006889527131528571
0.0008650498414446943
0.000705851852197108
0.00014447272885502975
-0.0008066943038159387
-0.0011672654120869557
-0.0004784824128362823
0.0004582865558453397
0.0006511624723045305
1.914374706030205e-05
-0.00034721119733413926
4.3116805677536986e-05
0.0005487463164013246
0.0011041706616609086
0.0013825740001158918
0.0009383365876875283
4.7201460929437106e-05
-0.000759831744382616
-0.0004865807910755923
0.00026271011464680305
0.0004262437458258242
-0.0002459901223055913
-0.000979244504270841
-0.0008781207770266304
-0.0002447172841920951
3.8786986341543384e-05
0.00035947744375181847
0.0009325738718389547
0.0011470115823004052
0.0007847559260434026
0.000562819845257345
0.0007197328335112523
0.0008481570212978559
0.0004350871596040858
-0.00014524916621127333
-0.0004193180967022537
-0.00038188899196438253
-0.00035495179150761243
-0.0004918042988220782
-0.0004441973767771905
-0.00044871022420778705
-0.00047373376583199575
-0.00031306876277299614
0.00017578097886475526
0.0005726672307351052
0.0005755066429118403
0.00038783397948568936
0.0003587378257769503
0.0007275964276129838
0.0009107271908385688
0.000865125272274703
0.0006627136853153767
0.0005870786248053326
0.0003874236447309956
0.00022199548659399796
0.00018438531491630494
0.00037876829078658267
0.0003891519553846417
0.00020486163784047925
-0.0001255063106100184
-8.738615410911416e-06
-0.00011569676396691005
-7.426534438570261e-05
-5.9719574215159906e-05
-7.450470290494896e-05
-5.6572106774395674e-05
-2.0308723354582514e-05
2.1804382531907663e-06
6.087319011378909e-06
8.097549535902081e-06
-7.5403311566704575e-06
-1.7023156797762602e-05
-1.8036948740349454e-05
-3.845426496473014e-06
-9.665636945004982e-07
-1.1616069884973675e-05
-2.7296890421656415e-05
-2.8791722003979074e-05
-2.452639147260081e-05
-1.4775855021914347e-05
-1.2486823096040085e-05
-7.57085487837919e-06
-9.561196084395729e-06
-8.460900558125282e-06
-6.755575807194716e-06
7.1346391466062695e-06
1.402683645389522e-05
1.5380157458665618e-05
5.282191366850634e-06
4.510624964276096e-06
9.334628806721186e-07
7.281743322407607e-06
3.2304576908574238e-06
8.843735903358867e-06
6.772381682522416e-06
-6.046067479801697e-07
-5.785647231244507e-06
-4.397939067089415e-06
-5.469833195104339e-06
-5.747985362773151e-06
-5.049967679072403e-06
-5.584837024749075e-06
-4.410122503231124e-06
-2.878845709324628e-06
-3.4304166946386866e-06
-2.1447049455226698e-06
-1.1492427017443376e-06
-1.068163940884113e-06
-1.7182176410825373e-07
-5.348986662309137e-07
5.785885134034426e-07
3.970824194764999e-07
3.2884370084673294e-07
-7.129181829896984e-08
-1.9718236572980515e-07
-8.24586271665144e-08
3.073144994995146e-07
-8.025873822818891e-08
-1.9990465493123705e-07
-5.127049077637089e-07
-3.3714206181511137e-07
-3.792082641650122e-07
7.794512245232546e-08
4.3572643768720375e-08
1.5525873668026174e-07
-1.879722307032525e-07
-2.3124020453883085e-07
-1.0327028736375812e-07
1.1503796613329041e-07
3.622524588150439e-08
9.432684831378428e-08
3.435446842529487e-08
-1.8949580239116856e-07
-2.8703807910042563e-07
-2.6094439148893293e-07
-3.338651938428983e-07
-3.0139621186732543e-07
-3.3310659589234554e-07
-4.2099758105074435e-07
-3.636557403177936e-07
-3.9006464756663885e-07
-3.634279462558346e-07
-3.560912290710179e-07
-3.134902424635494e-07
-3.177379525746483e-07
-2.900460347822473e-07
-2.857292182678771e-07
-2.578701292237743e-07
-2.6841477074048366e-07
-2.708498862885832e-07
-2.796837709775847e-07
-2.7182179323896605e-07
-2.8181890768878736e-07
-2.6796272590287953e-07
-3.0625942872095774e-07
-3.132278884039434e-07
-3.2864329263233936e-07
-3.30014131948194e-07
-3.300923525070354e-07
-3.328472073359928e-07
-3.420751815570158e-07
-3.4411367083673605e-07
-3.5705060882223767e-07
-3.617499179176323e-07
-3.5762036168897685e-07
-3.5387412611917295e-07
-3.594340753294064e-07
-3.6133816422643074e-07
-3.676088926968745e-07
-3.7707248858785897e-07
-3.784298839778569e-07
-3.841850323842188e-07
-3.874466089607865e-07
-3.9207457245573306e-07
-3.9742072251134383e-07
-4.057226188900528e-07
-4.0814315329993744e-07
-4.1366481427550044e-07
-4.177065020597424e-07
-4.221525722472526e-07
-4.259080416675571e-07
-4.305452712038613e-07
-4.340090220328796e-07
-4.3925312224496634e-07
-4.424210403385602e-07
-4.4825732203589174e-07
-4.52118165795469e-07
-4.5694676641626613e-07
-4.617117478071704e-07
-4.6663755182073624e-07
-4.7183165969292467e-07
-4.77869974910988e-07
-4.83229206189146e-07
-4.889054036905918e-07
-4.943036986176583e-07
-4.996678714443972e-07
-5.054022008524122e-07
-5.114199460196046e-07
-5.170472280425034e-07
-5.230731611522479e-07
-5.289137752522479e-07
-5.342960073900728e-07
-5.402327715140913e-07
-5.460851922441058e-07
-5.522027067386736e-07
-5.583362005608436e-07
-5.64569817197743e-07
-5.706055159343662e-07
-5.769726986801764e-07
-5.833025743455947e-07
-5.89763017760422e-07
-5.963307909593476e-07
-6.030487313942598e-07
-6.096503520036174e-07
-6.164786789112286e-07
-6.232530445556841e-07
-6.302073697881458e-07
-6.371491304342936e-07
-6.442272601353549e-07
-6.513495642208357e-07
-6.585680151037629e-07
-6.658352630930061e-07
-6.732194830998519e-07
-6.806387243072504e-07
-6.881628592060379e-07
-6.957778938813551e-07
-7.034702721137953e-07
-7.112646238996434e-07
-7.191633416459182e-07
-7.271142767682325e-07
-7.351766512836335e-07
-7.433187904925284e-07
-7.515367016012998e-07
-7.59887857534208e-07
-7.68306980730085e-07
-7.76824310884356e-07
-7.854318179938651e-07
-7.941297547256335e-07
-8.029117310897582e-07
-8.118101677382584e-07
-8.207961926996124e-07
-8.298888093810359e-07
-8.390793305386049e-07
-8.483696516909124e-07
-8.577546002829405e-07
-8.672568921438457e-07
-8.768549590039665e-07
-8.865674628083558e-07
-8.963842451767122e-07
-9.063134512910065e-07
-9.163479900108198e-07
-9.264963340097781e-07
-9.36755651677386e-07
-9.47130576616583e-07
-9.576190498173156e-07
-9.682247906394834e-07
-9.789472771106034e-07
-9.897882768596297e-07
-1.0007489773046664e-06
-1.0118316698915045e-06
-1.0230352455930383e-06
-1.0343642752585347e-06
-1.0458188222016007e-06
-1.0573991499940563e-06
-1.069109789196202e-06
-1.0809485081732084e-06
-1.0929185729808787e-06
-1.105021388762586e-06
-1.1172582899179602e-06
-1.1296303006530628e-06
-1.1421408561301826e-06
-1.1547887457099496e-06
-1.1675770719023323e-06
-1.180506874489232e-06
-1.193579641706927e-06
-1.2067970082220558e-06
-1.2201615469667134e-06
-1.2336732219917306e-06
-1.2473351827751409e-06
-1.2611479831948444e-06
-1.2751137574427294e-06
-1.289234031692589e-06
-1.303510945287664e-06
-1.3179458222406312e-06
-1.332540690847401e-06
-1.3472971134420875e-06
-1.3622169928291462e-06
-1.3773020172486096e-06
-1.3925541471749985e-06
-1.4079751766401787e-06
-1.423567042603942e-06
-1.4393315213489244e-06
-1.4552706338693175e-06
-1.4713862325290356e-06
-1.4876802371483489e-06
-1.5041547709629502e-06
-1.520811640202312e-06
-1.537653004272077e-06
-1.554680873000222e-06
-1.5718973142796042e-06
-1.589304366765923e-06
-1.6069042554695727e-06
-1.6246989599313932e-06
-1.6426907537549988e-06
-1.6608817928234461e-06
-1.6792742739803537e-06
-1.6978704272182523e-06
-1.716672566124994e-06
-1.7356828518603389e-06
-1.7549037018619836e-06
-1.774337376012815e-06
-1.7939862603413143e-06
-1.8138527408657716e-06
-1.8339392356546045e-06
-1.8542481460412716e-06
-1.8747819708198591e-06
-1.8955431734290744e-06
-1.9165342819566216e-06
-1.937757845938021e-06
-1.959216441696664e-06
-1.9809126663220995e-06
-2.0028491570705926e-06
-2.0250285655877293e-06
-2.04745359012211e-06
-2.070126946212418e-06
-2.0930513841104084e-06
-2.1162296918742087e-06
-2.1396646695460606e-06
-2.1633591690671273e-06
-2.1873160584755317e-06
-2.2115382446244244e-06
-2.236028663975128e-06
-2.2607902922056142e-06
-2.2858261246017607e-06
-2.3111392048917124e-06
-2.3367326002182004e-06
-2.362609414422919e-06
-2.388772785849721e-06
-2.4152258908500483e-06
-2.4419719316849274e-06
-2.469014159334627e-06
-2.4963558496751096e-06
-2.524000319892067e-06
-2.5519509236794223e-06
-2.580211050663781e-06
-2.6087841272595284e-06
-2.6376736210522984e-06
-2.6668830347774245e-06
-2.69641591090896e-06
-2.7262758333750623e-06
-2.756466421909747e-06
-2.786991339140995e-06
-2.8178542867486655e-06
-2.8490590089284395e-06
-2.8806092891571315e-06
-2.9125089562467648e-06
-2.9447618767291085e-06
-2.9773719652414403e-06
-3.010343174249773e-06
-3.0436795054617632e-06
-3.0773849992465788e-06
-3.111463747381565e-06
-3.145919879257345e-06
-3.1807575779552226e-06
-3.2159810637079084e-06
-3.2515946150266095e-06
-3.2876025462270355e-06
-3.324009228584013e-06
-3.36081907314291e-06
-3.398036550639411e-06
-3.43566616889374e-06
-3.4737124984992587e-06
-3.512180145974421e-06
-3.5510737863158367e-06
-3.5903981278512546e-06
-3.6301579493347273e-06
-3.670358062809109e-06
-3.7110033550777095e-06
-3.7520987441594833e-06
-3.7936492276737736e-06
-3.835659831154443e-06
-3.87813566496401e-06
-3.921081864186645e-06
-3.9645036558558905e-06
-4.008406287963782e-06
-4.052795105354977e-06
-4.097675469710816e-06
-4.143052848839594e-06
-4.188932720186698e-06
-4.235320676688982e-06
-4.282222314109298e-06
-4.3296433544625236e-06
-4.377589513640014e-06
-4.426066645110493e-06
-4.4750805871539615e-06
-4.524637329923631e-06
-4.574742835048709e-06
-4.625403232390475e-06
-4.6766246097878356e-06
-4.72841324162393e-06
-4.7807753423687776e-06
-4.833717334680682e-06
-4.887245562114868e-06
-4.9413666017086855e-06
-4.996086926426077e-06
-5.05141327152913e-06
-5.107352240973657e-06
-5.163910734856973e-06
-5.221095488485306e-06
-5.278913572515434e-06
-5.3373718537433334e-06
-5.396477580323772e-06
-5.4562377505822796e-06
-5.516659796998835e-06
-5.577750848841101e-06
-5.6395185313567325e-06
-5.701970103169987e-06
-5.765113391051346e-06
-5.828955780805452e-06
-5.893505310737568e-06
-5.958769491262728e-06
-6.0247565827169225e-06
-6.091474215964843e-06
-6.158930886181538e-06
-6.22713433918445e-06
-6.29609331873884e-06
-6.365815678829531e-06
-6.4363104273412394e-06
-6.507585518556597e-06
-6.579650241839152e-06
-6.652512640762526e-06
-6.726182306454956e-06
-6.800667359118111e-06
-6.875977714516923e-06
-6.952121553728194e-06
-7.0291091428036035e-06
-7.106948705031522e-06
-7.185650886629147e-06
-7.2652239298739985e-06
-7.345678895721505e-06
-7.4270240180858145e-06
-7.5092708116631865e-06
-7.592427469517091e-06
-7.676506004895833e-06
-7.761514531673625e-06
-7.8474656140721e-06
-7.934367239798706e-06
-8.022232584604244e-06
-8.111069455517608e-06
-8.200891709393698e-06
-8.291706908026154e-06
-8.383529670212466e-06
-8.476367235703969e-06
-8.570235079424088e-06
-8.665140028154585e-06
-8.761098522616423e-06
-8.858116870428742e-06
-8.956212603076298e-06
-9.055391385117025e-06
-9.155671987343865e-06
-9.257059282932224e-06
-9.35957345162843e-06
-9.46321840139281e-06
-9.568015924456036e-06
-9.673968760124502e-06
-9.781100542427784e-06
-9.889412603266833e-06
-9.998930691486004e-06
-1.0109654451677429e-05
-1.0221612063026546e-05
-1.0334801153644591e-05
-1.0449252701963895e-05
-1.056496193534975e-05
-1.0681963061321895e-05
-1.0800248456108164e-05
-1.0919856055516264e-05
-1.1040774857860522e-05
-1.1163047113852548e-05
-1.128665782603594e-05
-1.1411654240157942e-05
-1.1538016640229298e-05
-1.1665798065003952e-05
-1.1794973234766082e-05
-1.19256019105278e-05
-1.2057652258132268e-05
-1.2191191846665228e-05
-1.232618113132522e-05
-1.2462696753673397e-05
-1.2600690108756363e-05
-1.2740248388008746e-05
-1.2881312342417298e-05
-1.3023981443978198e-05
-1.316818394411258e-05
-1.3314033618912072e-05
-1.346144405412012e-05
-1.3610545685217661e-05
-1.3761234899379373e-05
-1.3913661562751196e-05
-1.4067701860501398e-05
-1.4223528392983152e-05
-1.438099353454059e-05
-1.4540296612987352e-05
-1.4701261839900558e-05
-1.4864119888238943e-05
-1.5028662261767011e-05
-1.5195155383810818e-05
-1.5363353481675444e-05
-1.5533563865630378e-05
-1.5705497614067004e-05
-1.587950974989033e-05
-1.6055260521366424e-05
-1.6233161058296113e-05
-1.6412811594117993e-05
-1.659468961754895e-05
-1.6778324090298903e-05
-1.696427104612967e-05
-1.7151975313919117e-05
-1.7342084812078988e-05
-1.7533946161292784e-05
-1.7728314490730526e-05
-1.792442181567874e-05
-1.8123147943288143e-05
-1.8323591404302314e-05
-1.852677708453224e-05
-1.8731647775135975e-05
-1.8939398566639236e-05
-1.9148787939618527e-05
-1.9361213553548156e-05
-1.957521353449407e-05
-1.9792426974313114e-05
-2.001113112977602e-05
-2.0233248317801252e-05
-2.045675171860156e-05
-2.0683892622919907e-05
-2.0912289936049933e-05
-2.1144580370338498e-05
-2.1377965503945235e-05
-2.1615535957112813e-05
-2.1854003896923363e-05
-2.209698901649732e-05
-2.234063455763889e-05
-2.2589175351071333e-05
-2.283809083162167e-05
-2.3092336054605992e-05
-2.334661086868077e-05
-2.3606717547167724e-05
-2.3866440269946143e-05
-2.4132569456263725e-05
-2.439783125492056e-05
-2.4670149036812127e-05
-2.4941034873232263e-05
-2.52197260477376e-05
-2.5496309212667828e-05
-2.5781566214694708e-05
-2.6063929944805756e-05
-2.6355936986511967e-05
-2.6644175472153976e-05
-2.6943120624059816e-05
-2.7237316133360846e-05
-2.7543435845069024e-05
-2.7843528730601996e-05
-2.8157476309474103e-05
-2.846235900283179e-05
-2.878577192622051e-05
-2.909574197510388e-05
-2.9427762122587222e-05
-2.9743599747543244e-05
-3.0083052927321546e-05
-3.0405997887564766e-05
-3.0752690727566554e-05
-3.108351092132493e-05
-3.143698387468112e-05
-3.177533053889908e-05
-3.213698339753936e-05
-3.2481539216816464e-05
-3.285365775391781e-05
-3.3203779046213065e-05
-3.3586021616730514e-05
-3.394159856444823e-05
-3.4335071422763593e-05
-3.469647270455101e-05
-3.510207124081525e-05
-3.5468862420341704e-05
-3.588529640218563e-05
-3.625891414668145e-05
-3.668470346431901e-05
-3.7066390987863654e-05
-3.750347917989255e-05
-3.788899104321184e-05
-3.834284253725299e-05
-3.872712534702734e-05
-3.920045047350006e-05
-3.9584954145831307e-05
-4.007490893524977e-05
-4.0462735441897255e-05
-4.097217929137265e-05
-4.135679350293321e-05
-4.189273264006027e-05
-4.2270372830720344e-05
-4.283508314012042e-05
-4.3206689691153925e-05
-4.379923480938037e-05
-4.4164073968866926e-05
-4.478268792789583e-05
-4.513838779788017e-05
-4.5792806494791195e-05
-4.612789421151435e-05
-4.6828717139823063e-05
-4.714614432898809e-05
-4.7873346659475384e-05
-4.819454282296926e-05
-4.8941181705731405e-05
-4.925763473554315e-05
-5.003154153092349e-05
-5.037094004645897e-05
-5.110124082764092e-05
-5.16057091136562e-05
-5.2036468762837894e-05
-5.3168383478769386e-05
-5.2406839301060346e-05
-5.5869498408560723e-05
-5.072618867135241e-05
-5.363771725509322e-05
-6.02358419152358e-05
-5.644322315303949e-05
-6.874621147451167e-05
-5.372854382896122e-05
-6.96281255171278e-05
-5.173330764123744e-05
-6.860323238212035e-05
-5.670812872484377e-05
-6.221096766229696e-05
-6.072810018253099e-05
-5.473832973952383e-05
-5.999875412344182e-05
-5.618089528379512e-05
-6.043452861412904e-05
-5.710608309952302e-05
-6.319637837336829e-05
-5.6822792099086455e-05
-6.775337685850844e-05
-6.229214858874892e-05
-6.934822381597842e-05
-7.089404517606031e-05
-6.750274615183142e-05
-7.593966764392293e-05
-7.403192614506432e-05
-7.409427041243371e-05
-8.006943626418753e-05
-7.904127663400726e-05
-7.242958612941786e-05
-8.842698018630423e-05
-6.487976465855297e-05
-7.638724017610108e-05
-7.261758682936807e-05
-7.193188946636146e-05
-7.51481404183401e-05
-7.372125828618886e-05
-7.825389558744826e-05
-8.138347467356165e-05
-8.568231797979425e-05
-8.874012031783777e-05
-8.584802220421275e-05
-9.414753196050043e-05
-9.244004719777675e-05
-9.251664203734295e-05
-9.100643108849848e-05
-9.686098103861606e-05
-8.871133076018953e-05
-0.00010201708598603041
-9.477849642515847e-05
-0.00010243819362018916
-9.777369551131683e-05
-0.00010608552532873864
-9.697425712845524e-05
-0.00010424046852165487
-0.00010016739166944814
-9.675848048674063e-05
-0.00010143837554391273
-0.00010524066586531654
-9.830830730294364e-05
-0.00010486391508094799
-9.582350350679922e-05
-0.00010323039415793315
