2.3049783169736998e-05
4.256904141368366e-05
2.920261880389234e-05
2.516837928054504e-05
1.7736569656410795e-05
1.4558026933510555e-05
1.4075699828605002e-05
1.2578004755383957e-05
1.3734317009568662e-05
1.7323640039526583e-05
1.5688182427021985e-05
1.4014283611066884e-05
1.746896059580856e-05
1.2122729470890028e-05
1.747830481499905e-05
1.1690433599543875e-05
1.2562050914873266e-05
8.480686490929143e-06
6.7115758626022634e-06
3.462761372585931e-06
1.9658276951403644e-06
-3.6055928698639644e-07
-2.7895248845850653e-06
-5.157752616107265e-06
-5.3229788825608255e-06
-5.98194900889606e-06
-8.512726190896983e-06
-5.232647652181979e-06
-7.778503352205903e-06
-3.8503509301826916e-06
-4.610292876999818e-06
-4.937816539925969e-07
-1.5286130408146212e-06
2.953385050911102e-06
1.990123536704791e-06
5.795318426941317e-06
1.7219934370113303e-06
8.903298669418427e-06
5.653930478679127e-06
1.0631422715544358e-05
7.345162098113759e-06
9.740609338281138e-06
6.30538829370123e-06
1.0492354263052047e-05
1.945932033199858e-06
3.859072601549343e-06
-4.337987294370752e-06
-4.0551727577871485e-06
-7.96715923878313e-06
-9.109694143068624e-06
-1.012007628811516e-05
-1.1338626747567431e-05
-1.4246664471770384e-05
-1.0476530690754985e-05
-1.4356241237992191e-05
-8.74573514756993e-06
-1.683803495710657e-05
-9.960257308691707e-06
-1.751995898492249e-05
-1.3507494469910178e-05
-1.517652925872067e-05
-1.5474938074023172e-05
-1.983006662646893e-05
-1.3626866594104383e-05
-2.1521387010869315e-05
-1.7449110493815224e-05
-1.6978970473026612e-05
-1.9167228300914958e-05
-1.5672392749523857e-05
-1.384311520512045e-05
-1.948257048374641e-05
-1.4885934851595736e-05
-1.9043467856757466e-05
-2.3554528855833155e-05
-2.3301683974318548e-05
-2.4416071164904066e-05
-2.5350267343017908e-05
-2.362355916885468e-05
-2.459516746339627e-05
-2.9909661154366665e-05
-2.439914577901961e-05
-2.9640345425475652e-05
-2.54673854569459e-05
-2.4838084717930687e-05
-2.6705946944711625e-05
-2.3844967523719254e-05
-2.9563562216966977e-05
-2.9244161033785014e-05
-3.29853864887643e-05
-4.058699249378847e-05
-4.331726116186077e-05
-4.583378778685643e-05
-5.28037273580539e-05
-5.1991264108575705e-05
-6.018929325944634e-05
-5.5599254197297774e-05
-5.812178821100056e-05
-5.373382797790798e-05
-5.72958713895941e-05
-5.0232656760956454e-05
-5.65412859515693e-05
-5.069614107336472e-05
-5.5683526874799515e-05
-5.171336592604692e-05
-6.006914079796115e-05
-5.598902499363551e-05
-6.564101621929169e-05
-6.317632915136006e-05
-6.87541785457665e-05
-7.095837447149382e-05
-7.505106215957571e-05
-7.382311459979322e-05
-8.157898298230654e-05
-7.991366640012462e-05
-8.533707178966323e-05
-8.565614940807212e-05
-8.915067838258008e-05
-8.740037224091517e-05
-8.619381353782441e-05
-9.111896927284802e-05
-8.663118521981552e-05
-9.322832401793288e-05
-9.468390947085738e-05
-9.479193497468306e-05
-0.00010316946158403159
-0.00010075126283658232
-0.00010790749816336171
-0.00010573750481749226
-0.00010823978412741772
-0.0001069594369182714
-0.00011153618091863719
-0.00010991513208278409
-0.00010885264288386773
-0.00011281202662556717
-0.00010925497498629697
-0.0001166640136513676
-0.00011314366052765931
-0.00012038771339708033
-0.00011797094239131946
-0.00012203958361400664
-0.0001272836137789933
-0.0001277848716666363
-0.00013217188579546025
-0.00013813086198894407
-0.00014161429169379236
-0.00014618277500714363
-0.0001511172743857295
-0.00015399666913341805
-0.0001587371699615889
-0.00016135313192007744
-0.00016482361027594217
-0.00016796577046969776
-0.00017083450629108254
-0.0001710718850802853
-0.00017291782667963726
-0.00017324973087998072
-0.0001717854112390308
-0.0001765502693853371
-0.00017224864636519412
-0.0001814899561183595
-0.00018092271398391005
-0.00018725362223810546
-0.00019129741875303571
-0.000194877417895452
-0.00020015810457679685
-0.00020482023101774417
-0.00020899322642330234
-0.00021445175368004226
-0.00021769066969722173
-0.00022159437154594644
-0.00022608975823064538
-0.00022859939715722086
-0.0002307677337371081
-0.0002306029566178115
-0.00023386294860467798
-0.00023345650973251775
-0.000237775350051425
-0.00023668847257483645
-0.00024596682107892503
-0.00024380855729654814
-0.00024940158840496967
-0.0002510034458164882
-0.0002528246702682879
-0.00025659130966724445
-0.0002629048796048741
-0.0002606858824828347
-0.00026794848408357954
-0.0002665258513516455
-0.00027033184595833307
-0.0002697220103461799
-0.000274017254019133
-0.00027585650737359864
-0.0002774942622476638
-0.00028476588578849467
-0.0002839227758580126
-0.00028944277460266966
-0.00029455852225124246
-0.0002950556671746252
-0.00030205775198544277
-0.0003056053693906852
-0.0003055202436485382
-0.00031410927890448417
-0.00031384178293938615
-0.0003166336851337118
-0.00031774783697181375
-0.0003215866920502661
-0.00032152224869934825
-0.00032591924776970025
-0.00032797444810885533
-0.0003323128474585213
-0.0003338915298643939
-0.00034235511641611
-0.00034296272008871895
-0.00034616938870070293
-0.00034568408482990175
-0.000352151246312939
-0.00034796530122111857
-0.000352082580068457
-0.0003501243023661981
-0.00035008639462018716
-0.0003563485387632644
-0.0003563161571433688
-0.0003557537282761538
-0.00035502753035956513
-0.00032592856272649893
-0.0003093004320108498
-0.0003266974513534628
-0.0003484777885582363
-0.0003627703139503129
-0.0003717489814263602
-0.0003922096486691359
-0.00039554170622192264
-0.00040490438180753154
-0.000428614156355046
-0.0004579586583829176
-0.00044114491227975497
-0.00038652878802282963
-0.0003959908929661931
-0.00042385112363078035
-0.00040699574438576196
-0.00038744630612551963
-0.00040001619565464824
-0.0003749209005710229
-0.00037817579519084136
-0.00035211862756413716
-0.0003643864517776243
-0.0003795075264526364
-0.0004162851069389117
-0.00039016148553227544
-0.00034633107047616187
-0.00038725299161575065
-0.00040464547895686394
-0.00036369998753816267
-0.00035957009685736645
-0.00046890048471673313
0.0007784383925989032
0.004089596239221508
0.006381892070882084
0.009859570466535269
0.013525642336660437
0.015217701129077738
0.01785322907398748
0.01988000961821939
0.02068021267977771
0.020552771274308233
0.016443375611845328
0.008557336760439486
-0.0006361481311783927
-0.00863253526265767
-0.012323386406234264
-0.011489074210183917
-0.01135879550069943
-0.01616684563594135
-0.020502304882963673
-0.020120088100509137
-0.014930791696114883
-0.007112825563219757
-0.00029563044331978536
0.006011081409147421
0.00939125199540864
0.010472609072048302
0.010190893792666
0.009497252319980089
0.011107690287177951
0.012456125094192439
0.012231836880842758
0.009751319720941447
0.004966827174427306
-0.00028793062057933254
-0.004663566756374558
-0.007140540242703903
-0.008578658395282067
-0.00809353131152407
-0.006571763645102688
-0.00573124685536758
-0.0057087055588616546
-0.005649016718133464
-0.005053893945619374
-0.0040335620481818674
-0.002054009851794957
0.0003809874724575527
0.0026378407542554327
0.003835969276558553
0.0038439061637740735
0.0031071912505472262
0.002158867145379657
0.002146060510692116
0.0026701317517119037
0.0028239940812719968
0.0024442387366890366
0.0015552208804970845
0.0003021211512889236
-0.0009500173739014483
-0.0016987372714942087
-0.0019852063960129765
-0.0019045026536052907
-0.0016716109823238707
-0.001529387984848696
-0.0016082052325391038
-0.001825135653654773
-0.001856434675524419
-0.001615856478404224
-0.0009448297182050381
7.298501521375969e-05
0.0008177719176371799
0.001160434432734509
0.0011527750813855894
0.000871917264837904
0.0006858668439876014
0.0007516961776345304
0.0010155582779819185
0.0011629956741488479
0.0010181669406305071
0.000717652684677224
0.00031913254504322303
-5.912939379675106e-05
-0.00034606488745510754
-0.000569260233149898
-0.0006700794491137044
-0.0005769467294442158
-0.0005543631040488055
-0.0006740801732986926
-0.0007842007020570302
-0.0006763960916046654
-0.0003479847648386314
1.3420894176299997e-05
0.0003918539995407316
0.0006855789474532906
0.0007784478116935974
0.0007214996717434536
0.000631726591312538
0.000600542751501157
0.0006200321838659697
0.0006291947739122574
0.000564148120827464
0.0004286463801325435
0.00023717990047714718
-4.970730581320601e-06
-0.0002306310641378825
-0.0004138349218622419
-0.0005102501991928908
-0.0004613110967728914
-0.00028552797793090606
-0.00017729234605992817
-0.000172608926422168
-0.0002458137447187613
-0.0002998629541078899
-0.0002793367873039287
-0.00019353611628630801
-5.313156078680455e-05
0.00014307265814091332
0.0004216988353862445
0.0007055905338154637
0.000889473213754482
0.0009367337846752696
0.0008867862171219381
0.0007567471330071382
0.0006432084374849719
0.0005461150923651957
0.00037477926533639034
0.00010886439941386068
-0.00017204111751335143
-0.00043309234358321184
-0.0006657130712358185
-0.0007882244045162933
-0.0007674881863737957
-0.0006546863792371072
-0.0005784185960424017
-0.0005202722599267913
-0.0004029084185448156
-0.00023485455173352974
-4.48299482336941e-05
9.507752499268638e-05
0.00019792263561260265
0.00023363050884329332
0.00021562990394906133
0.0002536063891596489
0.0003027578065874525
0.00031184924652737285
0.00027847302211224704
0.0002509847068073873
0.0001954463257583303
2.8334386956505294e-05
-0.00021232004281794572
-0.0003866615878485259
-0.0004609384431486386
-0.0005059516675336184
-0.0005696851220047944
-0.0006350219169751997
-0.0006606038360145367
-0.0006410795935081405
-0.000596842721963468
-0.0005134438434290658
-0.00039221709509412196
-0.0002510336011757933
-0.00017079593401890663
-0.00011094773481386421
-1.8566087755616628e-05
7.966525337506494e-05
0.00012559138346369343
0.0001657240614254335
0.0002836106055805427
0.0004511441712489541
0.0005791389869638233
0.0006077463475387463
0.0005642048704524812
0.00047768635480987425
0.00038893641027010727
0.0002336200121248089
3.832792856716877e-05
-0.00013674893545149614
-0.00027014729536471
-0.0003736897608548864
-0.00043224018838689573
-0.00043967296284529026
-0.0003830161293924849
-0.0003171770854315932
-0.00029110210802962215
-0.00030338087132820535
-0.00032316921282866446
-0.0002577614388662688
-5.7221320329482124e-05
0.00014062135577928156
0.00022040377865295172
0.00013849461818413053
-6.102679025546283e-05
-0.00020368301024980824
-0.000245387240609661
-0.00019791792106827448
-0.0001079025000562614
-4.92337482409818e-05
-6.920829652584279e-05
-0.00015280698296294228
-0.00020270080298030464
-0.00015824231196357526
-7.329074333264375e-05
1.3844602429867769e-05
7.752575161301984e-05
0.00010532219429129947
0.00011731221409792493
0.0001517507880415016
0.00019486027308208121
0.00020361220202867665
0.00011789762850915783
3.462911214531542e-05
-5.554937831027282e-05
1.1964718730131808e-05
-5.338103246606694e-05
-4.883013649812911e-06
-1.1464674857693847e-05
-1.5693785198679124e-05
-9.408426665684202e-06
3.553947839743388e-06
-1.0827715052479233e-05
-7.83262998555147e-06
-1.672659323765512e-05
-1.4998725988499062e-05
-6.685029478525355e-06
4.7271327264320016e-06
9.69902003900372e-06
1.2120735071320718e-05
4.843653531499121e-06
-1.0698170574212048e-06
-3.8020378352189414e-06
2.781984544614278e-07
3.122379361285998e-06
4.9926226171621954e-06
2.7042376608474024e-06
-1.4424932906685031e-06
-5.210491248546168e-06
-5.685787107618609e-06
-3.7537617272620527e-06
-2.189099236705776e-06
-1.569428132026899e-06
-2.029516558781471e-06
6.264886334338897e-07
1.7484093169559643e-06
5.6481399487352016e-06
3.9003930286209265e-06
5.630760989409866e-06
2.8773177599202845e-06
1.3125330365444183e-06
8.738328603575404e-07
1.1916077885758541e-06
8.769729893324075e-08
7.36880957851645e-07
6.878899299662893e-07
2.693392365193012e-07
3.27486940196246e-07
2.0906940959510728e-07
-3.795893664614105e-07
1.9615820756633685e-07
1.398668846455694e-07
1.719046597506576e-07
8.907693367203267e-07
8.778251397135127e-07
1.3685862890880699e-06
1.1603383517355749e-06
1.0404368530201314e-06
8.148370040343796e-07
9.377353766502612e-07
9.74182385140432e-07
1.2766108525367654e-06
9.880554804451634e-07
1.0529165660090877e-06
8.164028428784268e-07
8.636698202916683e-07
7.989543462584201e-07
9.289302085953439e-07
7.954109503818562e-07
9.196036343438199e-07
8.034902191972318e-07
9.329812170211582e-07
1.0007966058372947e-06
1.0893709101387125e-06
1.0754687783329298e-06
1.1430470827065477e-06
1.082980068442439e-06
1.0645333460915772e-06
1.0842252168489122e-06
1.1104460847663762e-06
1.0991589433373777e-06
1.1460092354513037e-06
1.1197671059029662e-06
1.1067875080439281e-06
1.1368109630036295e-06
1.110174922951525e-06
1.1348335030546546e-06
1.1365025309785514e-06
1.1566855070584126e-06
1.167233730706499e-06
1.2109960281663271e-06
1.216916225646198e-06
1.2468427065968001e-06
1.2406224381940535e-06
1.2617742960322799e-06
1.2677326064345792e-06
1.293036864755622e-06
1.3027573881280803e-06
1.3257844943662426e-06
1.324004490097831e-06
1.34485312546069e-06
1.350294567507863e-06
1.3660082357568507e-06
1.3798314013284944e-06
1.3930309936930366e-06
1.403983752990073e-06
1.4212873108170007e-06
1.431529507640668e-06
1.4494349867089171e-06
1.4689587958312362e-06
1.4834810643565824e-06
1.5005383417532718e-06
1.5159540036741422e-06
1.5300666225973423e-06
1.5456837475320865e-06
1.5644067591281979e-06
1.578782444218816e-06
1.5977180914207971e-06
1.6125311165513575e-06
1.6298024804302992e-06
1.6450101000711179e-06
1.663537470714352e-06
1.6785445971108156e-06
1.697129384653098e-06
1.7136214425487016e-06
1.732441614068586e-06
1.7499353884297845e-06
1.7693113355127525e-06
1.7869172283222791e-06
1.8063606170562658e-06
1.8242567710710276e-06
1.8440470047083037e-06
1.862885480452271e-06
1.882655576986128e-06
1.9022975571640753e-06
1.9221180416832984e-06
1.941866617968624e-06
1.9622522675625413e-06
1.9824147267181206e-06
2.0031016679116706e-06
2.0240707726197995e-06
2.04479715228579e-06
2.066161965955103e-06
2.0875362575099643e-06
2.10923180994635e-06
2.1312286031131345e-06
2.1536394227687765e-06
2.1758111715809e-06
2.19867990148759e-06
2.2213553878732483e-06
2.244565148731538e-06
2.2678775106005572e-06
2.2916139144758645e-06
2.315334675887339e-06
2.3395846558409584e-06
2.3638019314972452e-06
2.3884651053206088e-06
2.4132418509512316e-06
2.438396021015466e-06
2.4636930068267898e-06
2.4893755032084184e-06
2.515222172273985e-06
2.541437300930061e-06
2.56784733952296e-06
2.59458921101171e-06
2.621577317388435e-06
2.6488508923783183e-06
2.6764125370093135e-06
2.704266694001999e-06
2.732406863689441e-06
2.7608394642144305e-06
2.7895813142655534e-06
2.81858431187025e-06
2.8479288005507067e-06
2.8775486481390932e-06
2.9074972685903637e-06
2.937741468309588e-06
2.9683208324502228e-06
2.9991780283748412e-06
3.0304032490978535e-06
3.0619152373012604e-06
3.093784586124062e-06
3.125969854970458e-06
3.158503500507847e-06
3.191354023814486e-06
3.2245717397657962e-06
3.2581098783116173e-06
3.2920177335818776e-06
3.326267287228512e-06
3.3608804163082526e-06
3.3958464091713656e-06
3.4311839647716133e-06
3.4668798683928903e-06
3.502954558616566e-06
3.5393995789369628e-06
3.5762265500073587e-06
3.6134359208216777e-06
3.6510316359220546e-06
3.689020012366816e-06
3.72740247281869e-06
3.766185269155802e-06
3.805370529393797e-06
3.844965355673138e-06
3.884968928348205e-06
3.925392958741339e-06
3.966233879412414e-06
4.007502670901313e-06
4.0491986164670245e-06
4.09133047278893e-06
4.133897822559133e-06
4.176911689045569e-06
4.220369627353881e-06
4.264282441037543e-06
4.308650213230114e-06
4.353480914145872e-06
4.398776519758821e-06
4.444545338866519e-06
4.490788519395211e-06
4.5375144172327565e-06
4.584725530413006e-06
4.6324283097589085e-06
4.680626995468744e-06
4.729327687494776e-06
4.7785345291466e-06
4.828253903209928e-06
4.878490368737576e-06
4.929249493888636e-06
4.980536905294295e-06
5.032357714708463e-06
5.084717900254496e-06
5.137622705648928e-06
5.191078148845398e-06
5.245089560275559e-06
5.299663216200821e-06
5.354804336612888e-06
5.410519585988835e-06
5.466814153939014e-06
5.523694758910133e-06
5.5811669496381685e-06
5.63923733073388e-06
5.697911679253056e-06
5.757196809432906e-06
5.817098482105312e-06
5.8776236674892325e-06
5.938778418589931e-06
6.000569585608913e-06
6.063003566759727e-06
6.126087280367953e-06
6.189827220588772e-06
6.254230474405861e-06
6.319303741190963e-06
6.3850541091058956e-06
6.451488574000955e-06
6.518614288126504e-06
6.586438400049059e-06
6.654968225111124e-06
6.7242110704644905e-06
6.794174351714831e-06
6.86486560528082e-06
6.936292349560253e-06
7.0084622957323735e-06
7.081383124545146e-06
7.155062695876006e-06
7.229508851265467e-06
7.30472962706208e-06
7.380733016360474e-06
7.457527232774088e-06
7.535120435653287e-06
7.613521000092498e-06
7.69273727339783e-06
7.772777788227561e-06
7.853651077672239e-06
7.935365851430298e-06
8.017930817988091e-06
8.101354867379618e-06
8.18564690288417e-06
8.270815980104124e-06
8.356871207246264e-06
8.443821820067199e-06
8.53167711712885e-06
8.620446529631828e-06
8.710139554165414e-06
8.800765808307173e-06
8.89233500074799e-06
8.984856940865565e-06
9.078341542538212e-06
9.172798822382807e-06
9.26823890049145e-06
9.36467200073109e-06
9.46210846026422e-06
9.56055871167115e-06
9.660033310445858e-06
9.760542907944229e-06
9.862098278692931e-06
9.964710298138342e-06
1.006838996639968e-05
1.0173148385600071e-05
1.0278996786381909e-05
1.038594650337301e-05
1.0494009000980731e-05
1.0603195852498803e-05
1.0713518760662984e-05
1.0824989542006485e-05
1.0937620143415712e-05
1.1051422628880012e-05
1.1166409194781094e-05
1.1282592158374355e-05
1.1399983969769423e-05
1.1518597205305466e-05
1.1638444574529547e-05
1.1759538917180054e-05
1.1881893208647715e-05
1.2005520557474558e-05
1.2130434209776594e-05
1.2256647549243813e-05
1.2384174098295508e-05
1.2513027520798595e-05
1.2643221622228931e-05
1.277477035200919e-05
1.2907687804376324e-05
1.304198822091665e-05
1.3177685990104632e-05
1.3314795651900649e-05
1.3453331895493803e-05
1.3593309564985737e-05
1.3734743656942938e-05
1.387764932578913e-05
1.402204188193654e-05
1.4167936796665646e-05
1.4315349700692002e-05
1.4464296388797676e-05
1.461479281886658e-05
1.4766855115498634e-05
1.4920499571246214e-05
1.5075742646985385e-05
1.5232600976711544e-05
1.5391091365645967e-05
1.5551230794758238e-05
1.5713036422261573e-05
1.587652558282876e-05
1.604171579437804e-05
1.6208624754036893e-05
1.6377270345684352e-05
1.6547670636941816e-05
1.6719843885694505e-05
1.689380853715436e-05
1.7069583231193574e-05
1.7247186799025215e-05
1.7426638269527582e-05
1.760795686884056e-05
1.7791162022647868e-05
1.7976273359875702e-05
1.8163310712423532e-05
1.8352294118628883e-05
1.854324382714412e-05
1.873618029284488e-05
1.8931124189663408e-05
1.912809639949563e-05
1.9327118027818286e-05
1.9528210394181454e-05
1.973139504519246e-05
1.9936693744479798e-05
2.0144128492212762e-05
2.0353721503842755e-05
2.056549524119631e-05
2.0779472383971145e-05
2.099567586357089e-05
2.121412883139594e-05
2.1434854703895737e-05
2.1657877109809438e-05
2.1883219955701e-05
2.2110907380184434e-05
2.2340963747912617e-05
2.257341374105017e-05
2.2808282197050154e-05
2.304559425233982e-05
2.3285375443412963e-05
2.3527651127872127e-05
2.3772447754578723e-05
2.4019790962599225e-05
2.42697076486579e-05
2.4522224587954862e-05
2.4777368147405813e-05
2.5035166884288066e-05
2.5295646787044923e-05
2.5558837182156947e-05
2.5824765234050255e-05
2.6093459773782966e-05
2.636494948046717e-05
2.6639263462896316e-05
2.6916430654088384e-05
2.719648104662902e-05
2.747944482143881e-05
2.7765350598918728e-05
2.8054231850113475e-05
2.834611604731141e-05
2.8641036854930172e-05
2.8939025329659555e-05
2.924011152787248e-05
2.9544330941910676e-05
2.985171211276121e-05
3.016229154768427e-05
3.0476099113249466e-05
3.079317088752043e-05
3.1113538394677675e-05
3.143723764318583e-05
3.176430110434387e-05
3.2094765674679876e-05
3.242866429978224e-05
3.2766034273723824e-05
3.3106910342905744e-05
3.345132911065953e-05
3.3799326483435426e-05
3.415094167169379e-05
3.4506206876392344e-05
3.486516781308954e-05
3.5227852733339934e-05
3.559431000702988e-05
3.596456925578866e-05
3.6338678717493046e-05
3.671666623196251e-05
3.7098588055333896e-05
3.748446211639095e-05
3.7874356806247603e-05
3.826828249821234e-05
3.866631364264351e-05
3.9068456550335554e-05
3.947479588577464e-05
3.988531986511408e-05
4.0300140030743135e-05
4.071922361688154e-05
4.1142683186053824e-05
4.1570525085830715e-05
4.200278900345455e-05
4.243956129238214e-05
4.288090227982949e-05
4.332632891234758e-05
4.377688005024902e-05
4.4230778472596636e-05
4.4690379312421635e-05
4.515391864497638e-05
4.562193294656737e-05
4.609632954973424e-05
4.657262108548903e-05
4.705683266622012e-05
4.754361447174741e-05
4.803569193091767e-05
4.853322906061533e-05
4.903455259559933e-05
4.954081277190127e-05
5.00522566419358e-05
5.056826980012512e-05
5.108783110806947e-05
5.161487074448698e-05
5.214328570857202e-05
5.267949426406402e-05
5.3219331363476554e-05
5.376370139677201e-05
5.431603505896841e-05
5.486966535702819e-05
5.543362309089658e-05
5.599874562879367e-05
5.657286869155712e-05
5.715040350250385e-05
5.773412641117103e-05
5.832286953119939e-05
5.8917338075934264e-05
5.951488386570854e-05
6.0119980104184116e-05
6.0727536892726075e-05
6.13416937129994e-05
6.196023941143063e-05
6.258532193485132e-05
6.321205133783713e-05
6.384978861966129e-05
6.448578125277813e-05
6.513491939897475e-05
6.578142135851972e-05
6.644285373336228e-05
6.70981934885771e-05
6.77763955765705e-05
6.843521790625412e-05
6.913248774609669e-05
6.97937186088129e-05
7.05043859301977e-05
7.117507554927999e-05
7.190504660894028e-05
7.257136725718603e-05
7.334154154975177e-05
7.399282454288169e-05
7.47930843564375e-05
7.544295575527955e-05
7.627021188629967e-05
7.689132161096826e-05
7.782475780026733e-05
7.828498397719397e-05
7.958327881819829e-05
7.935011333759704e-05
8.229014815903194e-05
7.776766091197099e-05
7.62954355531496e-05
7.61649451128732e-05
7.066612726060755e-05
7.642505006506097e-05
7.165799101648274e-05
7.217287961795898e-05
7.187903722045405e-05
6.881260177107122e-05
7.052551131096435e-05
6.708543850193042e-05
6.554808384931424e-05
6.0690166673195966e-05
5.6474431928489965e-05
4.963380413502727e-05
4.5914191922507734e-05
4.0668935945955176e-05
3.587548771161574e-05
3.307691337710088e-05
2.9931861006023692e-05
3.155115686228316e-05
2.8079042736823527e-05
3.414305586525764e-05
3.497950825768432e-05
3.990907036229856e-05
4.3286350008573115e-05
4.7238517036006596e-05
4.863336223496335e-05
5.1593937802862905e-05
5.235564544559542e-05
4.813665734748675e-05
4.911545137995803e-05
4.242652561661061e-05
4.093579581361638e-05
3.6072352789079365e-05
3.539943776135148e-05
2.6946571273595645e-05
2.9102746230000163e-05
2.01677340716647e-05
2.0570429732565695e-05
2.003852007810802e-05
1.5889867225739757e-05
2.1124016896167797e-05
1.9461601552770618e-05
2.2874753680463774e-05
2.1403954454847336e-05
2.793779209738192e-05
1.9949637566560156e-05
2.8835384787958608e-05
2.6433484290857968e-05
3.2951042956762845e-05
2.9734062572773396e-05
3.840223851738689e-05
2.8991993322716108e-05
3.1950080711883775e-05
2.310984135989583e-05
2.856208558963367e-05
2.0585676991824613e-05
2.322897979017859e-05
1.9340405444549104e-05
1.4888214990060033e-05
5.50691247777182e-06
1.1834658285111499e-05
1.1903058012642383e-06
4.4864810892712714e-05
5.7176116006992244e-05
4.019196647913489e-05
1.0957101867682228e-05
2.8891024974325727e-05
5.8669314785275175e-06
1.635821971663514e-05
1.801681278030062e-05
2.841581335380971e-05
3.637772993193692e-05
8.095413367141579e-06
2.512143939313214e-05
1.7532191349774033e-05
5.051493343240069e-06
3.709873668520457e-05
1.3549501637935972e-05
4.104776574151799e-05
3.9017557401310624e-05
5.837391183085154e-05
4.2643373696442204e-05
6.999504972836454e-05
5.1187613876921e-05
5.725891677363658e-05
5.939212068587453e-05
5.000595745269899e-05
6.511063322382604e-05
7.376157661432538e-05
6.152681693508728e-05
1.9127536621445354e-05
5.687305536633379e-05
7.430763320159903e-06
5.9984003777381525e-05
2.1303769314791852e-05
8.021431226749648e-05
4.9261368294023196e-05
9.975511918001333e-05
5.83178542990878e-05
0.00011012657232769988
2.4286980513156444e-05
0.00010954691766482886
1.5017513708667166e-05
7.460322023829496e-05
3.7074396132545824e-05
7.389789151734187e-05
1.6114334066474802e-05
7.105631834778922e-05
1.6093023364610387e-05
8.021429926269712e-05
4.39525456480673e-05
7.686283395496045e-05
8.134927997148635e-05
7.236297771842605e-05
9.128623386947624e-05
5.32300787925292e-05
6.90266071985084e-05
6.277269530221563e-05
5.375612552668031e-05
7.999129856644903e-05
6.923707212223347e-05
7.3357766389516e-05
8.28843275323099e-05
7.033552105312787e-05
8.609058190982914e-05
5.6381207523334645e-05
4.759986524114378e-05
4.047257986909087e-05
6.746102221119494e-05
2.1427951742065024e-05
5.364733199250992e-05
5.4760792983052606e-05
1.1191841193063233e-05
5.457444128893249e-05
1.3981097341616349e-05
-2.0211437252105386e-06
1.55466719792465e-05
6.521996953649112e-06
-2.58010276733859e-06
4.4895827814836126e-05
2.8462612323749146e-05
4.9842138804535237e-05
6.247262960858805e-05
5.7252774132741295e-05
4.142734669323569e-05
1.5933465112767797e-05
4.361414780010255e-05
7.047363304272363e-06
-1.2464491497947669e-05
3.1325031796864826e-05
-4.533085626499366e-05
1.948821104494654e-05
-9.527138456404652e-06
2.1223641964592294e-06
1.4518122260251902e-06
1.2077350762816131e-05
-9.856393032060384e-06
2.753228388751531e-05
-3.4343035004384855e-05
1.8400857923564157e-05
-1.2713360590097073e-05
3.5220053044191264e-06
2.506914128943504e-05
-3.573074123908846e-05
3.563666859551242e-05
-4.505415731190892e-05
-3.054711511610735e-05
-4.660246198443521e-05
-8.170726618251067e-05
-5.8230066718959686e-05
-4.238991153956553e-05
-6.475439827823806e-05
-2.194884208347664e-05
-3.611053600041919e-05
-1.3258677897443272e-05
-2.9978110244499758e-05
-1.047801647845306e-06
-2.472799944676735e-05
-1.150158475009365e-05
-1.586706735492379e-05
-2.6716656137180937e-05
-6.641057875453404e-05
-2.0602930195619766e-05
-9.84421190259755e-05
-3.981189991820169e-05
-9.763474140576063e-05
-7.446294222991581e-05
-7.199961386912987e-05
-0.00010222390182710144
-8.803051615980322e-05
-7.876098505251441e-05
-8.21443107386672e-05
-6.945604055075537e-05
-7.645567393463728e-05
-6.300680521525316e-05
-6.249040490850989e-05
-9.211044067114873e-05
-7.241229153123834e-05
-6.04449256482807e-05
-0.00013299731091141617
-3.557611352489404e-05
-0.0001489033404843607
-5.658158226257463e-05
-0.00013926346560049613
-9.079326176269153e-05
-0.0001303190077033849
-8.854710590844375e-05
-0.00015808184027524776
-9.121288217369997e-05
-0.00013718476292447798
-0.00011706748396952302
-0.00011112648836627065
-0.00010777531700900584
-0.00012755131602456893
-8.509536529037522e-05
-0.00012718546378655642
-9.002795988132054e-05
-0.0001329444480974391
-6.877574309961884e-05
-0.00017012273440323894
-5.432147404328803e-05
-0.00017197881926514104
-0.00010521631932863888
-0.00010361637871577871
-0.00010311748330173688
-7.488092889657957e-05
-8.815444202589647e-05
-6.579174718195031e-05
-7.581598935932365e-05
-5.825410796852357e-05
-5.356700671869206e-05
-7.16180223300933e-05
-3.88934598429637e-05
-7.832834600895647e-05
-7.301046742249278e-05
-8.162147120126915e-05
-7.771338285269674e-05
-6.806746552707506e-05
-7.985190626280675e-05
-5.630384202843037e-05
-5.1733638280654405e-05
-5.4034846781661064e-05
-3.538312692160208e-05
-3.424898427646806e-05
-3.6921522793974975e-05
-1.5078012373185459e-05
-2.2254966816992066e-05
-4.8036145010942665e-05
-9.894763937844587e-06
-3.575870052435481e-05
-2.910547934652791e-05
-6.603565665543395e-06
-4.274277811111996e-05
5.568561022401073e-06
1.968423517588515e-05
-1.63725944794629e-05
3.4847940436181796e-05
-3.482830819284604e-06
-8.78583051903243e-06
4.284406706640755e-05
-1.499329946597056e-05
4.600093724311009e-05
-2.232096502503589e-05
1.3547223005239039e-05
-1.6135271019381545e-05
-5.5629711479606315e-06
-0.0001823536529562781
6.251101173207305e-05
-0.0001903451564598728
8.332471880461117e-05
-0.00016544233921823975
0.00016747819469570914
-0.00048047709883977186
0.0003501040028786723
-0.0007352531890180119
0.00044322550534718803
-0.0006946414223117244
0.0009341378353393256
-0.000979620821616625
0.0015150088870658253
-0.0018200931464070363
0.0028211743263500413
-0.005471800079119342
0.010294164153674276
-0.028030112653617975
0.1521620026436717
0.2563130948666054
0.11306881745385393
-0.020033841800107526
-0.021946182179265104
0.01937620821545074
-0.044357258655934484
-0.06353442696639766
-0.039448522967736814
-0.10570690953627732
-0.1518337781884287
-0.08199581765464801
0.0016552055782972533
0.06373041047250291
0.06088520956535348
0.03349758561254036
-0.009440479632922934
-0.03690662398656826
-0.03274304433305755
0.02590760839047715
0.05340277249888046
0.021280564030734805
-0.007871001971904285
-0.013313648019836023
0.0011820473630218178
0.00546402773523721
0.010927815553288943
0.00014176819354321272
-0.023204889576615758
-0.023248660429452405
0.0003663962306192006
0.007428342873773327
-0.009141929443231996
-0.027091917239445484
-0.020834448422001703
0.0010530674757760414
0.012867020031302136
0.018300076582571524
0.02069154268250583
-0.005590800630604697
-0.02595503875802966
-0.012315371807387367
0.011452087267133515
0.024814716635688086
0.014834359403564734
-0.00011451865836559959
-0.01767647509755679
-0.0215483246200466
-0.003417728768645387
0.01981747671089691
0.023208186835484375
0.0026815503633240223
-0.01883245508541229
-0.02199812549402364
-0.009921607112681113
0.00455277822841527
0.014158005818413446
0.008871417586032243
-0.0038345124566262524
-0.010869553772912082
-0.006334408194942276
0.002535861639264788
0.007020122489333352
0.006917319335880703
0.0023287139247272644
-0.002315632528443079
-0.0034873787744166516
0.0003093547859124735
0.0028430602287614
0.0008862150783383116
-0.002780224164847753
-0.001678852027468876
0.0016668653381465264
0.0028111891587905627
0.0018061978196159609
-0.0016277878564466552
-0.004604450620925124
-0.003925639639186081
0.0012428161319586097
0.005612091753136134
0.004427095137714585
-0.0014022873087533132
-0.006224836638727091
-0.005343662276133037
0.0004249232061630543
0.005716159761963093
0.006715120367057787
0.0024421820913922664
-0.0035367282949585214
-0.005957401496797412
-0.0029550450339182878
0.0024622892196216636
0.00558616025808121
0.003994278556879603
-0.0006023117725847185
-0.004416900666081336
-0.00418415299484504
-0.0008786438726175825
0.002295067979841447
0.0025842369663399613
0.00041033823646401243
-0.002021376702420991
-0.0025988830560655686
-0.0011541521945573508
0.0007854403909331573
0.0011304666520514654
0.00012722183786796805
-0.0009195765333899727
-0.000669357830989799
-2.618896253397745e-05
0.0003843554112252812
-3.6959716495480123e-05
-0.0005257106377416673
-0.0002960023974959105
0.000554666919808385
0.0011239941205450363
0.001039536000726907
0.00023441209203529687
-0.0009055114913791531
-0.0013668176020147885
-0.0003903000363243987
0.0009020354457312189
0.0010907456890354742
-0.00016346488824328415
-0.0016514924008388119
-0.002355098909274947
-0.0014042255079181097
0.0006089373560824026
0.001970735511543989
0.0016481320928873945
0.0002997673551063223
-0.0007688254887488414
-0.0005663207022812066
0.0004665386647383978
0.0013192966707859621
0.001304890665977763
0.00038624887424859795
-0.00044581062682738865
-0.0010443095232013345
-0.0006600883101379462
5.164162557332381e-05
0.00029042409442995616
-0.00019221490500102409
-0.0007806635237962876
-0.0009006397970300983
-0.0007517890598570805
-0.00022977988766838899
1.6813563221226127e-05
9.844744292036441e-05
-0.0002729265916684549
-0.00030233340531112885
-0.00023766795252396888
2.8114169697936817e-05
6.837298560265106e-05
-0.00019282157578298962
-0.00021608066799693625
-8.705751485924948e-05
0.0002265355631166083
0.00028289621379897335
0.0003046965364255077
-8.002388299720754e-05
4.557106701614526e-06
-0.00011269541178402759
-4.1038141386695675e-06
5.3757732879574716e-05
4.813088885171039e-05
-1.2164994326762834e-05
-2.092979494205965e-05
-4.10857395353784e-05
7.142498187691923e-06
4.827635849888398e-05
5.4182885811508675e-05
1.849880278625813e-05
-9.467461027741573e-06
-2.3165573536885447e-05
-2.8966061602169394e-06
1.2400144344622968e-05
2.9752301659110193e-05
7.692021819447813e-06
-1.113925166407225e-05
-2.778263824875987e-05
-1.556821294308282e-05
-4.741251176326965e-06
4.757797976397761e-06
1.6165354648630686e-06
-3.432457421570609e-06
-2.2031927693525866e-06
-2.248056106868144e-06
1.1918701928813105e-06
-2.613675323649916e-06
-8.97753481589176e-07
-8.610829557056373e-06
1.5786444156213938e-06
1.4860011451927246e-06
7.665030011683011e-06
6.477829356383956e-06
3.296591778141637e-06
-1.7420137026273824e-06
4.076868339098264e-07
-1.5228870046619437e-06
7.599073880608757e-07
2.2100141368966577e-06
1.155863047939909e-06
-9.680897387412876e-07
-9.919570136124834e-07
-2.0151512575373047e-06
4.4743130183861607e-07
1.8623316207215008e-06
7.978044092097131e-07
8.944933374077993e-08
-1.4095579891858619e-06
-2.6619976376011485e-07
6.278861631487782e-07
1.3848090320075289e-06
1.060177788771708e-06
6.129263231975742e-07
-5.43999449679767e-07
3.5807735270496945e-08
-2.577437164462202e-07
4.76745370946578e-07
3.161191677585112e-07
4.106614484629942e-07
-9.668918934738338e-09
4.012053138830604e-07
3.2622288240002416e-08
3.5767452600185003e-07
1.5617916168523312e-07
2.3272819282231917e-07
9.080790969609744e-08
3.772238984594108e-07
3.000286455175381e-07
5.291142812697107e-07
4.468744681652672e-07
3.2854625533176087e-07
2.0115727413919768e-07
3.225837611153828e-07
2.8863962489276577e-07
4.1946981265154806e-07
4.0814025681780764e-07
2.7325625498922894e-07
2.85878067079629e-07
2.568305817224002e-07
3.356599780768643e-07
3.632271394087862e-07
3.8483494651198275e-07
3.044615693077034e-07
3.193432877156383e-07
2.834603969127837e-07
3.748751199177378e-07
3.7099797049485906e-07
4.0685371270701595e-07
3.7593109003413626e-07
3.80330950795631e-07
3.446873932618134e-07
3.8628686438500846e-07
3.6448502055679705e-07
4.0150016070595457e-07
3.970533530390716e-07
3.956590130991221e-07
3.901462641955943e-07
4.0426703290351177e-07
3.9617733374968213e-07
4.149444325280728e-07
4.109638910227212e-07
4.116892967374929e-07
4.207585625770095e-07
4.281836000642053e-07
4.3445025393190617e-07
4.4176465720163e-07
4.436527326853214e-07
4.408079165667527e-07
4.5136477435313814e-07
4.535502970782004e-07
4.640489632417059e-07
4.655256465638767e-07
4.718581263060055e-07
4.700588562465101e-07
4.798519151291594e-07
4.818311090510543e-07
4.916764952285751e-07
4.937777409366249e-07
5.006008561417498e-07
5.018550454833379e-07
5.092439152346267e-07
5.125397793418135e-07
5.220574428023927e-07
5.25767371151959e-07
5.33005812131934e-07
5.36809442148721e-07
5.420738256427249e-07
5.472857153948586e-07
5.541830544435872e-07
5.593201886794634e-07
5.66213018320791e-07
5.715157809806613e-07
5.768628664511036e-07
5.833048255225889e-07
5.891152549210082e-07
5.953698500990503e-07
6.016124564987412e-07
6.077772668871542e-07
6.137028042361428e-07
6.208359399717078e-07
6.267765254089331e-07
6.337980077256877e-07
6.400341339311898e-07
6.4687272308383e-07
6.532830684631552e-07
6.605336518876914e-07
6.670552093111749e-07
6.743779003758418e-07
6.810620315313219e-07
6.883288770406901e-07
6.952512879215006e-07
7.027054118087533e-07
7.098800534420226e-07
7.174653672109397e-07
7.247388252946063e-07
7.323631437760963e-07
7.398505199651467e-07
7.476025066541041e-07
7.554043093419352e-07
7.633306731342528e-07
7.712448781393554e-07
7.792795360323022e-07
7.873500280544785e-07
7.955056905077466e-07
8.03848665120125e-07
8.121872383050387e-07
8.206701825864103e-07
8.291920168034331e-07
8.37829955596496e-07
8.46499729431025e-07
8.553693448582096e-07
8.642085133623353e-07
8.73248874509085e-07
8.823014553952424e-07
8.915012109654607e-07
9.007506067482737e-07
9.101604711130311e-07
9.195919805850446e-07
9.291959907719422e-07
9.388361518958777e-07
9.48621788905593e-07
9.584785820596631e-07
9.684668269169206e-07
9.78530269591315e-07
9.887258545222106e-07
9.989990902220048e-07
1.0094012961042059e-06
1.019898428474213e-06
1.030514083448427e-06
1.0412378448773982e-06
1.052070675918991e-06
1.0630147855702425e-06
1.0740739917736018e-06
1.0852493942987007e-06
1.0965397194197143e-06
1.1079552032521224e-06
1.1194782390825793e-06
1.1311298257041827e-06
1.1428949156952904e-06
1.1547884370239471e-06
1.1668004171373707e-06
1.17894611228599e-06
1.1912078603270232e-06
1.2036066825093634e-06
1.216126219820799e-06
1.2287817920200027e-06
1.241564435741019e-06
1.2544854504090703e-06
1.2675349446584485e-06
1.2807261294837995e-06
1.2940494445779704e-06
1.3075148581445208e-06
1.3211181407538493e-06
1.3348649874857733e-06
1.3487528021072905e-06
1.3627872012762085e-06
1.3769656963844867e-06
1.3912930356151627e-06
1.405768931267445e-06
1.4203954857072492e-06
1.4351744369411716e-06
1.4501067671012988e-06
1.4651947501569465e-06
1.4804395195869203e-06
1.4958432982949084e-06
1.5114067710846835e-06
1.5271329956431586e-06
1.5430217133664923e-06
1.5590767931279986e-06
1.5752980996782574e-06
1.5916888953310175e-06
1.6082496506973542e-06
1.6249834082626629e-06
1.6418903754125345e-06
1.6589741317430537e-06
1.6762348689842294e-06
1.6936757952587956e-06
1.7112977887532148e-06
1.7291035292096022e-06
1.7470940856385267e-06
1.7652722693975752e-06
1.7836391777266199e-06
1.802197488914415e-06
1.8209487220421697e-06
1.8398951807740956e-06
1.8590386541970683e-06
1.8783814229460412e-06
1.897925336265337e-06
1.9176726661137845e-06
1.9376254542175063e-06
1.9577858133134338e-06
1.97815598690892e-06
1.9987380467601106e-06
2.0195343109849977e-06
2.040546900628367e-06
2.0617781831813994e-06
2.083230292470969e-06
2.104905694385221e-06
2.126806522680553e-06
2.1489353199135875e-06
2.171294277274683e-06
2.1938859432594155e-06
2.216712604041751e-06
2.239776832814079e-06
2.263080964221254e-06
2.2866276427444636e-06
2.3104192529522784e-06
2.334458457879297e-06
2.358747748063824e-06
2.383289788822666e-06
2.408087149704233e-06
2.4331425528291824e-06
2.4584586189296922e-06
2.484038114179417e-06
2.5098837445416096e-06
2.53599829483541e-06
2.5623845551996992e-06
2.589045360190842e-06
2.6159835580375743e-06
2.643202041820413e-06
2.6707037275788007e-06
2.6984915537170962e-06
2.726568511294039e-06
2.7549375923533733e-06
2.7836018524494495e-06
2.8125643477334275e-06
2.8418281962379983e-06
2.8713965178673348e-06
2.901272497505766e-06
2.931459318012081e-06
2.9619602316791104e-06
2.99277848979818e-06
3.023917408749772e-06
3.055380312680427e-06
3.087170584008893e-06
3.119291616737914e-06
3.1517468647111464e-06
3.1845397942122198e-06
3.2176739271669677e-06
3.2511528087685005e-06
3.2849800284374627e-06
3.319159207537507e-06
3.353694012126244e-06
3.388588140270144e-06
3.4238453329177812e-06
3.459469362857637e-06
3.4954640503852014e-06
3.5318332516336842e-06
3.5685808623506948e-06
3.6057108200502103e-06
3.6432271034102543e-06
3.681133732958214e-06
3.719434767623551e-06
3.7581343124238337e-06
3.7972365135633096e-06
3.836745561933895e-06
3.8766656887614264e-06
3.917001172914911e-06
3.957756334496134e-06
3.99893554097982e-06
4.0405432028137525e-06
4.082583780026577e-06
4.125061776091409e-06
4.1679817431080485e-06
4.211348277905922e-06
4.2551660284651655e-06
4.2994396880031635e-06
4.3441740016677e-06
4.389373761548609e-06
4.4350438109195265e-06
4.481189042696346e-06
4.527814401081802e-06
4.574924881273287e-06
4.62252553137582e-06
4.670621451285635e-06
4.719217794038589e-06
4.768319766397652e-06
4.81793262918119e-06
4.868061698080477e-06
4.918712344136717e-06
4.969889994267695e-06
5.0216001319230974e-06
5.073848297276252e-06
5.126640087819924e-06
5.17998116048436e-06
5.2338772300304735e-06
5.28833407148206e-06
5.343357519342791e-06
5.398953468772026e-06
5.4551278763220745e-06
5.511886760761753e-06
5.569236203473854e-06
5.6271823492739376e-06
5.685731406598546e-06
5.744889648264147e-06
5.804663412630265e-06
5.865059104038367e-06
5.926083193634121e-06
5.987742219777659e-06
6.050042788537102e-06
6.1129915751786945e-06
6.176595324048836e-06
6.2408608496808404e-06
6.305795037976278e-06
6.371404846127783e-06
6.437697303513304e-06
6.504679513134187e-06
6.572358651474666e-06
6.64074196989918e-06
6.709836795322846e-06
6.779650530616514e-06
6.850190655684468e-06
6.921464728675691e-06
6.9934803857455655e-06
7.06624534310956e-06
7.139767396923975e-06
7.214054424433455e-06
7.289114385160798e-06
7.364955321160875e-06
7.441585358032349e-06
7.51901270650392e-06
7.597245661960638e-06
7.676292606938542e-06
7.75616201053285e-06
7.836862429943538e-06
7.918402512041914e-06
8.000790992964898e-06
8.084036699921096e-06
8.16814855240152e-06
8.253135562573052e-06
8.339006835784979e-06
8.42577157227943e-06
8.513439068625131e-06
8.60201871744938e-06
8.691520011100981e-06
8.781952535830834e-06
8.873325984714436e-06
8.965650146013733e-06
9.058934910918803e-06
9.153190274229991e-06
9.248426333168533e-06
9.344653297906763e-06
9.441881471363572e-06
9.540121276772201e-06
9.639383233020927e-06
9.739677984032559e-06
9.841016266098727e-06
9.943408946271699e-06
1.0046866989695848e-05
1.0151401483288799e-05
1.0257023627024443e-05
1.0363744735741604e-05
1.0471576247228932e-05
1.058052971194363e-05
1.0690616806641184e-05
1.0801849324573731e-05
1.0914239183814137e-05
1.1027798429388835e-05
1.1142539220097836e-05
1.1258473865096569e-05
1.13756147641364e-05
1.1493974497671366e-05
1.1613565712435825e-05
1.1734401261578875e-05
1.18564940496807e-05
1.1979857203921738e-05
1.2104503895084273e-05
1.2230447528269878e-05
1.235770154519103e-05
1.2486279638635085e-05
1.2616195521699541e-05
1.2747463186912888e-05
1.288009661803112e-05
1.3014110117302857e-05
1.3149517942694436e-05
1.328633471613886e-05
1.3424574969920361e-05
1.356425366243598e-05
1.3705385596417784e-05
1.3847986077300534e-05
1.3992070179824406e-05
1.4137653575840153e-05
1.428475159254497e-05
1.443338031670272e-05
1.4583555294727605e-05
1.4735293035411136e-05
1.4888609405777018e-05
1.504352110092875e-05
1.520004455646826e-05
1.535819658284863e-05
1.5517993869027815e-05
1.567945454035609e-05
1.5842593820488457e-05
1.600743312818421e-05
1.6173984878772093e-05
1.6342272999878817e-05
1.6512310319001825e-05
1.668411787654131e-05
1.6857714592906608e-05
1.703311491664789e-05
1.7210344709777398e-05
1.7389413520240706e-05
1.757035240912953e-05
1.7753165582813104e-05
1.793789244942446e-05
1.8124528393725263e-05
1.8313120118890365e-05
1.850366390153906e-05
1.869619628714676e-05
1.889073230352948e-05
1.9087290240269795e-05
1.928589835079053e-05
1.948657037413766e-05
1.968933528360235e-05
1.989420825482908e-05
2.0101215767075013e-05
2.031038121677771e-05
2.0521715439966726e-05
2.073526516887511e-05
2.0951015276151746e-05
2.116904051820267e-05
2.1389299210674515e-05
2.161189426644279e-05
2.1836758727517946e-05
2.206401925689027e-05
2.229358805403724e-05
2.2525612763540692e-05
2.275998377202149e-05
2.299687463812745e-05
2.3236144563776412e-05
2.3478009700711027e-05
2.372227558890476e-05
2.396922475907023e-05
2.421858901099867e-05
2.447072965242118e-05
2.4725292066937914e-05
2.4982740602496975e-05
2.5242597903284832e-05
2.5505477023321174e-05
2.5770733642716787e-05
2.6039168142134438e-05
2.630991934570288e-05
2.6584061310645764e-05
2.6860367257557384e-05
2.7140376677347904e-05
2.742235775190005e-05
2.7708296539196938e-05
2.7996189125936314e-05
2.828808461699078e-05
2.8582031239657445e-05
2.8880388698894165e-05
2.9178002096715343e-05
2.948465180900683e-05
2.978489115104427e-05
3.0102054466769217e-05
3.0410188599439622e-05
3.073457101550623e-05
3.10575672575336e-05
3.1382756861827096e-05
3.171978996160097e-05
3.204956033945483e-05
3.239231861734013e-05
3.272535024228412e-05
3.308079205201385e-05
3.34105508414314e-05
3.377579988003043e-05
3.4115283798096725e-05
3.447982372646306e-05
3.483788863956896e-05
3.520253350413668e-05
3.557583524015091e-05
3.594394118108009e-05
3.632970467695063e-05
3.6707777435301946e-05
3.709990352144943e-05
3.7493871841933244e-05
3.788899585080154e-05
3.830486033461654e-05
3.8694960737504884e-05
3.913245099705562e-05
3.951777083016513e-05
3.9967211655364884e-05
4.034793249000921e-05
4.0815498995101595e-05
4.119022368470054e-05
4.168659271721731e-05
4.206145989137135e-05
4.258202392729398e-05
4.295543437829154e-05
4.35081245534132e-05
4.3860052426733436e-05
4.4460340888298706e-05
4.477362839788815e-05
4.542945729039825e-05
4.570874139758961e-05
4.643068008272071e-05
4.663201276577617e-05
4.746586974442595e-05
4.7557011031163984e-05
4.851054420153767e-05
4.847808543718018e-05
4.965013853251596e-05
4.932462618760859e-05
5.0899488559456144e-05
5.01460600321737e-05
5.216572992536967e-05
5.090673563327636e-05
5.359753649406355e-05
5.1446224044957156e-05
5.548325034463876e-05
5.1362676947292615e-05
5.879882316615483e-05
4.8377311481588e-05
6.90618457204905e-05
2.6418953341677794e-05
5.082287612385289e-05
4.443478169464649e-05
6.291352087114603e-05
8.319119744944389e-05
9.693827724742921e-05
0.00012110775824775947
0.00011732840460048056
0.00013945274054116927
0.00011934345326748476
0.00013765391939694573
9.86475706623381e-05
0.00010081095523397583
6.322380039146021e-05
5.0016234068768156e-05
5.493830544663063e-05
5.886378633738523e-05
7.944890361923302e-05
7.156498156400947e-05
0.0001011654755189625
8.297037203986697e-05
0.00010569090842496844
0.00010235630844138847
9.00953874129553e-05
0.00012218417044319884
9.187717265516756e-05
0.0001287793764784529
0.00011331228355592705
0.00015250060569285126
0.00010063164849700068
0.00012543826680540705
6.645135586857542e-05
0.00010932989790273396
5.151677347039899e-05
7.795476482532176e-05
2.7894061623718756e-05
7.255461487823948e-05
1.4751408905589857e-05
4.5956328650553595e-05
-1.0290913884404497e-05
5.02281906947003e-05
-1.3205271381289477e-05
2.1357879612979302e-05
3.879362661015942e-05
-2.451297213536003e-06
2.143345028613017e-05
4.0627484599087315e-05
7.50928027300676e-06
5.2347530132817424e-05
3.343119892492861e-05
3.623365549583073e-05
4.3520891786873964e-05
3.440892330618491e-05
4.7870121750952704e-05
5.27461592911727e-05
6.427751430531744e-05
6.154786288272676e-05
6.320709150641125e-05
6.907571134682518e-05
4.4187036554960125e-05
2.6289213100805806e-05
3.794337365121118e-05
2.388245654306469e-05
2.9683315377753596e-05
