-0.00022988756301210023
-0.00019238215559082365
-0.0002362053405724623
-0.00018763430644965786
-0.00027559059730431564
-0.0002213833283586059
-0.00027527036709981765
-0.0002733183077562075
-0.00023857186316288305
-0.00028795630332793256
-0.00024384118126840866
-0.00026471922922942923
-0.00025389284701573134
-0.00026791901344842784
-0.000256252084287905
-0.0002576712321843988
-0.0002663511383831312
-0.00026007608259698023
-0.00026928663068030836
-0.00024907187217030436
-0.00027689650561112404
-0.00025548329083308237
-0.0002605391138653793
-0.00027132724462806967
-0.000260688798578094
-0.00026066128136870874
-0.00026868589307893666
-0.000248355803625609
-0.00031016366331132266
-0.0002498655182911696
-0.00031672665132074953
-0.00024433972248248805
-0.00032366961044284586
-0.0002498002919747995
-0.0003069809896932886
-0.00029981636570075663
-0.0003004725031682692
-0.00028862394409548083
-0.0003197128426387862
-0.00027180354642242525
-0.0002901291777494672
-0.0002905504010625071
-0.00026860908911396615
-0.0002782745675469565
-0.00031960101591278984
-0.00025495431228172646
-0.0003155037895510287
-0.0002728541217506112
-0.0003130778635841593
-0.00027830104414061814
-0.0003237479669021793
-0.00028356130099634427
-0.0003113423898190306
-0.00029838061607321154
-0.0002972371944347552
-0.0003075032810867297
-0.00030275252889281354
-0.00029509563206411523
-0.00031416691073309034
-0.00028490372526014174
-0.0003034144749784087
-0.0002784944932345593
-0.0003093630981176224
-0.00028307808110702016
-0.0003166249151915488
-0.00027539743260713754
-0.00031127354081576873
-0.00026604470522379316
-0.00030163601467696286
-0.0002756795879157323
-0.00028636870597637486
-0.00028819350813514384
-0.00027639144816785636
-0.000282230333907846
-0.0002684323861714613
-0.0002751686278627908
-0.0002708846623092856
-0.00028169320726378807
-0.000312702267098732
-0.00026640390995726646
-0.00032715145948687685
-0.0002636773250282224
-0.0003105377437800271
-0.0002597178493848605
-0.00031465089473483947
-0.00024649761529688824
-0.00032344506569822616
-0.00023815155485260508
-0.0003307439060717436
-0.0002481900157252303
-0.0003164528156652448
-0.0002600340516879698
-0.0003217634199316602
-0.0002668199992063365
-0.00029267821103708266
-0.0002856037158896804
-0.00027454010291870425
-0.00027703484302872404
-0.0002868453735065082
-0.00024438418615629757
-0.00030175303367992266
-0.0002148540325843726
-0.00029446345303132997
-0.0002245017360626616
-0.00029622241101125526
-0.0002327333124855233
-0.0002881209796224816
-0.0002451721370904803
-0.00027475653896034274
-0.00025691555872165594
-0.00026218269651647136
-0.00024655657702647005
-0.0002722825063790291
-0.0002488500540809985
-0.00028083959837542187
-0.00025841542551805705
-0.0002691335574480857
-0.00027054368532336115
-0.000255915807154215
-0.0002605256552153364
-0.0002659191979344056
-0.0002439449891970492
-0.00027623011711375286
-0.00025005275372061924
-0.00028114900366944465
-0.0002582105842114144
-0.0002730866941325838
-0.0002486661296624497
-0.00026480250977862715
-0.00025542389281146675
-0.00024949854699627435
-0.00026557908967310423
-0.0002554329172701815
-0.0002702837284116627
-0.00026477103501048476
-0.0002767695999919466
-0.000271887693668983
-0.0002647910482399664
-0.00026409329604658294
-0.00027388359288476883
-0.0002470786709287678
-0.0002700379459314997
-0.00023326284614093697
-0.00028075513932978663
-0.00026777438558402557
-0.00026594956076612605
-0.00031500230606359926
-0.00025146964484624556
-0.00035576319855297337
-0.0002602201074108993
-0.0003563598189146379
-0.0002596116943186905
-0.00033738774617972866
-0.0002718892261686801
-0.0003718236360415165
-0.00025631143579185974
-0.00036484388010079
-0.00025401320632028327
-0.00036492553768215465
-0.00026028272951344415
-0.00037154949664594344
-0.00026457898840920557
-0.0003776381539454856
-0.0003076780940619887
-0.00036660826317409
-0.00031966170897302146
-0.0003665584785805018
-0.00031580837391395264
-0.00035961187913880074
-0.00031043782662177444
-0.0003421454606707165
-0.0003463514770945606
-0.00033690421278394537
-0.00034228711539159064
-0.00033614651506199577
-0.000367364123765462
-0.000341162859386319
-0.0003905243422893654
-0.0003372736810603
-0.0003927425707018302
-0.00032917102677615395
-0.00038589610985683624
-0.00033969468071692866
-0.00034407325014156737
-0.0003481663944626981
-0.0003214400307353942
-0.00035544819449982143
-0.00031344563138118093
-0.00038154168490155366
-0.00034442954041437074
-0.00038807010152536636
-0.0003595871817317815
-0.0004106267915516898
-0.0004021933919547411
-0.0004064764828210559
-0.0003942875547772247
-0.00043077281395164263
-0.00043652987327179657
-0.0004041278650537198
-0.0004410727882662622
-0.00040962006464705857
-0.00044866560462964225
-0.00040191781036697096
-0.0004063685450848941
-0.0004442459766242427
-0.0003646796782159007
-0.0004536120701674461
-0.00040688662760697645
-0.0004571611420209206
-0.00042678441679449376
-0.0004853130564395498
-0.00045426516628348414
-0.00047100953386721724
-0.0005612060779065062
-0.0004555001823824597
-0.0006503513228784739
-0.00042038198236822366
-0.0006644920224655529
-0.0001812508604469751
-0.0005361054937939761
-5.472154630041403e-05
-0.0005478986809082764
0.00030439624425929906
-0.0018077239596704505
0.0027618142336110524
-0.01064821441933558
0.08884982500165406
0.1631640900782767
0.12081522906167978
0.039305707842789514
0.07104913074851671
0.13592710798309082
-0.002237182812521531
-0.11276881648385702
-0.07738762229775664
-0.077071284052216
-0.1310180991708102
-0.16481194957091916
-0.11882133489193442
-0.0688623010574245
-0.0071928266253043814
0.05013461654881772
0.03677086163029468
0.015009764788803854
0.08049971975293005
0.12075131977840421
0.0255840762230908
-0.006241628882968759
0.0694277169924517
0.04956861581059405
-0.010166991587285509
-0.03232509861943075
-0.02713143607373227
-0.02371282996786466
-0.021021052916867247
-0.043114268595423076
-0.040518053987595434
-0.011544793234656882
-0.0219003541751912
-0.037084070458706375
-0.020247061854628552
-0.00607623329834751
0.006666896238166582
0.02725177938645471
0.02378344343037263
0.00498013242926496
0.015780469283152528
0.032690779775536805
0.016653653563615537
-0.0023447931855948663
0.00742480281224993
0.015449080609758015
0.005524782920731402
-0.0010639950810659962
-0.0046367268404728995
-0.009573605222174191
-0.01252482599034406
-0.012959919401573471
-0.011225646871226055
-0.008002572091359045
-0.0038764526537019466
-0.004709416655966879
-0.008054408949982366
-0.011437222827606976
-0.006253475107499183
0.001606835256832837
0.004356112558301116
0.0037965599905481753
0.005656194188109284
0.008144584517616321
0.006851058671138433
0.002178706879246449
0.0025822216147093624
0.006619155907196321
0.006522800294994833
0.003746057265812751
0.0036488921443118194
0.00035527893799317325
-0.002702733575258961
-0.002327910653787027
-0.0022520787248247742
-0.0038067399941379143
-0.0021495389397664863
-0.000868921683549094
-0.0021575376064528664
-0.00334045626437934
-0.0030528666712969343
-0.0030963634564706815
-0.0025385579430977183
-0.0015300912622079228
0.0003798386023003532
0.0018295908791649577
0.0023858402318544664
0.000937585280566278
5.3989691136586276e-05
0.0004436578069212799
0.0016708914726917693
0.0028300538233162337
0.003710730536645496
0.0026630871096832397
0.0008521796605936917
-0.00028756207658785167
-0.0008788645008297529
-0.0021119802546316476
-0.0019990400215197835
-0.001379682923907105
-0.0014696340172399456
-0.0020565017566940335
-0.0021728503532635127
-0.002228609728860018
-0.0019168815943599146
-0.0013099501848098565
-0.0002852199331111812
0.00015498793353466443
0.0006804934680667226
0.0006881033158061759
0.0007891822204896249
0.00010089484455577787
0.00028435770784433214
0.00048115724311216204
0.0008335281649238686
0.00047223907363921696
0.0004263717650596201
0.00043652737730076694
0.0002091206091135274
-0.0005066101149030398
-0.0006084068168160763
-0.0003974646837337229
-0.0001477109092199045
-0.00022029732206332273
7.684488927552356e-05
-3.092099292336157e-05
-0.0003706056360537835
-0.0005501839146995115
-0.0003574354824952561
-0.0004445730931344734
-0.00019844569165833255
7.45602826233021e-05
8.075157376906606e-05
-0.00044677290098035717
-0.00025435814804946136
-0.00013922924844612673
-6.654357215779005e-06
-2.7614378659321635e-05
0.0003176778271414192
5.231499242762209e-05
7.19182348040277e-05
-0.00021491674001680765
-0.0003111636402151254
-0.0005021159751175991
-0.0001566894858515098
-0.0003517575776473136
-8.806225739562707e-05
-0.00018183797493494258
-9.645306106089761e-05
-0.00035054205840716096
-5.93239116906784e-05
-0.0001394127569264479
3.7822351160582226e-05
3.6909386345058696e-05
0.00034393027386845645
0.00020218555095762657
0.0003182426115668084
0.00019934559103567903
0.00014911412303435164
-0.0001226798506396393
0.00016969275313935734
-0.00018122271025546635
0.00012398429356392645
-0.0001569817360560495
0.00010494429767324599
-0.00013253609576190662
0.00011712485810427275
-0.00012800013942814977
0.00010622024136487922
-0.00012229414572548865
8.407292182669976e-05
-0.00011397687141113893
0.00010003383512909036
-9.698585617170095e-05
0.00010719642704574911
-7.999000586288144e-05
9.556572548239871e-05
-8.90130301092947e-05
8.736653690749499e-05
-9.486300695731095e-05
8.328564677762516e-05
-8.100565663229346e-05
7.910469704632664e-05
-8.481746667526932e-05
7.753830654870476e-05
-8.563104802825411e-05
6.554540723730621e-05
-8.303724678046875e-05
6.67108662144605e-05
-7.762484051919653e-05
7.163429375330011e-05
-6.159796442241708e-05
6.779300904094797e-05
-5.956265625703066e-05
6.583275011144273e-05
-6.176732395888459e-05
5.983340659964479e-05
-5.820382386624034e-05
5.5695227918104137e-05
-5.808728905426767e-05
5.4393146713977324e-05
-5.742700131683329e-05
5.181263811753456e-05
-5.529555644221886e-05
4.847246608945372e-05
-5.32065293263175e-05
4.68374274613348e-05
-5.215686679749216e-05
4.5815694463436675e-05
-5.004171013059191e-05
4.496734563694021e-05
-4.7635414206125765e-05
4.3540020750600795e-05
-4.637349071441294e-05
4.186067285696201e-05
-4.456583189905984e-05
4.00735003168055e-05
-4.2964360220697554e-05
3.8800753333975626e-05
-4.1739327188232624e-05
3.70588272687458e-05
-4.035000565717714e-05
3.533725103850459e-05
-3.947963724963676e-05
3.408345260753327e-05
-3.810804764866168e-05
3.2765639104407826e-05
-3.660212647251261e-05
3.1706677013128295e-05
-3.553073743620751e-05
3.049694374327511e-05
-3.428864861507579e-05
2.914198933446606e-05
-3.317163854269871e-05
2.8051269567042502e-05
-3.217385502572221e-05
2.6913017027931705e-05
-3.1147945582291536e-05
2.5726598528672212e-05
-3.0145768888758882e-05
2.4638063106309448e-05
-2.9219136903932817e-05
2.358335772792597e-05
-2.831605542045555e-05
2.2561037241855053e-05
-2.7402843160779266e-05
2.1610881601832574e-05
-2.654595501490766e-05
2.0708926540928957e-05
-2.573904247312965e-05
1.980706549072599e-05
-2.4942483554939013e-05
1.8943846101855985e-05
-2.4196438562125794e-05
1.8109388349533614e-05
-2.346494252734679e-05
1.728521648222095e-05
-2.2786035068064238e-05
1.6497763776123376e-05
-2.2141936473152107e-05
1.5725174415286754e-05
-2.1502180150089357e-05
1.4985275888431627e-05
-2.089960349757917e-05
1.4280444428456905e-05
-2.0316633955164013e-05
1.3582996066567165e-05
-1.9755678281101197e-05
1.2914530502227371e-05
-1.9225440540172802e-05
1.2270725021456706e-05
-1.8713717931213673e-05
1.1640457801149464e-05
-1.822535509610494e-05
1.1031455802600195e-05
-1.7760768955226228e-05
1.0441702507851184e-05
-1.7316024930669665e-05
9.866704523140216e-06
-1.6890266095312976e-05
9.308600396126966e-06
-1.64834008320329e-05
8.768614604421103e-06
-1.6095549470438375e-05
8.243962928706941e-06
-1.572451157426445e-05
7.733479342929243e-06
-1.5371637479190284e-05
7.238248572863316e-06
-1.5035209316926904e-05
6.7559994600043406e-06
-1.4714771720302498e-05
6.287085260050867e-06
-1.4411278465062405e-05
5.830377126864476e-06
-1.4122659369138267e-05
5.3852423316181e-06
-1.3849279141891374e-05
4.9524687187720365e-06
-1.3590455770766136e-05
4.530297371794709e-06
-1.3345041561343236e-05
4.118475100309033e-06
-1.3113678727715396e-05
3.7171233044589066e-06
-1.2895358851552766e-05
3.3251478850510876e-06
-1.2689664798649913e-05
2.9423416123689264e-06
-1.2496659853010526e-05
2.5683810457756548e-06
-1.2315747812751223e-05
2.202644199655239e-06
-1.2146580208683604e-05
1.844783955433669e-06
-1.1988916897146554e-05
1.4944692254376894e-06
-1.1842438152747292e-05
1.1513325879972526e-06
-1.1706751985767837e-05
8.14946735071655e-07
-1.1581631021806947e-05
4.850346314888045e-07
-1.1466844649861896e-05
1.6121092219273034e-07
-1.136203312428587e-05
-1.568611130737537e-07
-1.1267023950281129e-05
-4.6948524750787743e-07
-1.1181555146860854e-05
-7.770310922242639e-07
-1.1105401782906393e-05
-1.079747608634038e-06
-1.1038383893548134e-05
-1.3779428332166615e-06
-1.09802351791876e-05
-1.6719306837763206e-06
-1.093079778716091e-05
-1.961949103911542e-06
-1.0889889628765657e-05
-2.2482971198980713e-06
-1.0857299108685568e-05
-2.5312368379568594e-06
-1.0832884462505304e-05
-2.8110111756668346e-06
-1.0816484401897039e-05
-3.087885019367829e-06
-1.0807938998952642e-05
-3.3621003983301924e-06
-1.0807111678188446e-05
-3.633893707772955e-06
-1.0813868808302907e-05
-3.9034992669731075e-06
-1.0828080618324081e-05
-4.171144897237625e-06
-1.084962507575822e-05
-4.437049680058676e-06
-1.0878394506732078e-05
-4.701429840976243e-06
-1.0914279808124232e-05
-4.964499126636806e-06
-1.0957182436541172e-05
-5.226461494390568e-06
-1.1007011532482571e-05
-5.487521816905231e-06
-1.1063679406745448e-05
-5.747878629400584e-06
-1.1127109220578227e-05
-6.007725219700453e-06
-1.1197226051765163e-05
-6.267254436914733e-06
-1.1273962227824362e-05
-6.526651779076547e-06
-1.1357258132261248e-05
-6.7861016184527364e-06
-1.1447055960214409e-05
-7.045785721257691e-06
-1.1543305797593347e-05
-7.305880483050909e-06
-1.164596322837646e-05
-7.566561431851108e-06
-1.175498785906344e-05
-7.828001149542464e-06
-1.1870345424564413e-05
-8.09036906533313e-06
-1.1992006490729259e-05
-8.353832923860098e-06
-1.211994643622736e-05
-8.618558259538943e-06
-1.2254145402297524e-05
-8.884708443009068e-06
-1.2394588449550152e-05
-9.152444921557905e-06
-1.2541265178495367e-05
-9.42192772340659e-06
-1.2694169636411157e-05
-9.693315060563844e-06
-1.2853300545496822e-05
-9.966763766720837e-06
-1.3018660790900353e-05
-1.024242952029909e-05
-1.3190257719225115e-05
-1.0520466664236518e-05
-1.3368102913819693e-05
-1.0801028675274788e-05
-1.3552212000618546e-05
-1.1084268032511368e-05
-1.3742604911110543e-05
-1.1370336397766533e-05
-1.3939305494959817e-05
-1.1659384914468105e-05
-1.4142341613610197e-05
-1.1951564043378286e-05
-1.4351745160518408e-05
-1.2247023854250111e-05
-1.4567551837634356e-05
-1.2545914152017833e-05
-1.4789801253224153e-05
-1.2848384470783562e-05
-1.5018536849425196e-05
-1.315458427071932e-05
-1.5253805828573565e-05
-1.3464663029874498e-05
-1.5495659157831345e-05
-1.377877033298836e-05
-1.5744151527496907e-05
-1.4097055973453124e-05
-1.5999341326483198e-05
-1.4419670070868467e-05
-1.6261290606849774e-05
-1.4746763161251896e-05
-1.6530065085337272e-05
-1.5078486286543456e-05
-1.6805734107449342e-05
-1.5414991110366295e-05
-1.708837063633439e-05
-1.575642999680911e-05
-1.7378051251846607e-05
-1.61029561142774e-05
-1.7674856123917263e-05
-1.6454723528726456e-05
-1.7978869020953657e-05
-1.6811887285938908e-05
-1.829017730006435e-05
-1.7174603517835156e-05
-1.8608871900270565e-05
-1.7543029522110333e-05
-1.8935047356413964e-05
-1.791732385317065e-05
-1.9268801791235204e-05
-1.8297646417802767e-05
-1.9610236925273505e-05
-1.8684158556394447e-05
-1.9959458089692023e-05
-1.9077023133901337e-05
-2.0316574230077225e-05
-1.947640462857964e-05
-2.0681697925102335e-05
-1.9882469216577116e-05
-2.1054945400068396e-05
-2.029538486055117e-05
-2.1436436544520384e-05
-2.0715321394595298e-05
-2.1826294933043663e-05
-2.1142450613212903e-05
-2.2224647847681882e-05
-2.1576946353423195e-05
-2.2631626299070542e-05
-2.2018984583642296e-05
-2.3047365062560827e-05
-2.2468743490546895e-05
-2.3472002693688393e-05
-2.292640356408458e-05
-2.390568157555971e-05
-2.3392147683701594e-05
-2.4348547932641118e-05
-2.3866161204935812e-05
-2.480075188565113e-05
-2.434863204462328e-05
-2.5262447472724472e-05
-2.4839750769709067e-05
-2.5733792698185527e-05
-2.533971068422727e-05
-2.621494957391103e-05
-2.5848707916388027e-05
-2.6706084157412414e-05
-2.636694150939009e-05
-2.7207366605881732e-05
-2.6894613504599408e-05
-2.7718971214401038e-05
-2.7431929037297412e-05
-2.8241076474932604e-05
-2.7979096420480565e-05
-2.8773865120936644e-05
-2.8536327239565753e-05
-2.9317524187157484e-05
-2.9103836441348878e-05
-2.9872245060993702e-05
-2.968184242760233e-05
-3.0438223544624064e-05
-3.0270567146315717e-05
-3.1015659912880865e-05
-3.087023618620226e-05
-3.160475897554592e-05
-3.1481078871159636e-05
-3.2205730143712764e-05
-3.210332835558122e-05
-3.281878749379604e-05
-3.2737221721059876e-05
-3.3444149838658124e-05
-3.3383000074366405e-05
-3.408204079589569e-05
-3.404090864520329e-05
-3.473268886309416e-05
-3.471119688754076e-05
-3.539632749098402e-05
-3.539411857948413e-05
-3.6073195162363014e-05
-3.608993192654917e-05
-3.676353546941055e-05
-3.6798899664531454e-05
-3.746759719687465e-05
-3.7521289165065586e-05
-3.818563440571854e-05
-3.825737254247591e-05
-3.891790651792265e-05
-3.900742676074542e-05
-3.9664678406263476e-05
-3.9771733744009205e-05
-4.042622048405558e-05
-4.055058048720375e-05
-4.1202808798445484e-05
-4.1344259168498744e-05
-4.199472512519606e-05
-4.215306726420426e-05
-4.280225706618408e-05
-4.2977307663862735e-05
-4.3625698150119574e-05
-4.3817288789416674e-05
-4.446534793396684e-05
-4.467332471345779e-05
-4.532151210795768e-05
-4.554573528176009e-05
-4.6194502603076615e-05
-4.6434846235905713e-05
-4.708463770064508e-05
-4.734098933932736e-05
-4.7992242144640016e-05
-4.8264502504498635e-05
-4.891764725658415e-05
-4.920572992293468e-05
-4.986119105287448e-05
-5.0165022196011974e-05
-5.0823218364762224e-05
-5.114273646985093e-05
-5.1804080962838126e-05
-5.213923657001714e-05
-5.2804137679314175e-05
-5.315489314121e-05
-5.382375453931139e-05
-5.41900837872011e-05
-5.4863304886761284e-05
-5.52451932167913e-05
-5.592316952953216e-05
-5.632061338481289e-05
-5.700373686122126e-05
-5.741674364258503e-05
-5.8105403016987106e-05
-5.853399088988267e-05
-5.922857199811612e-05
-5.967276972829519e-05
-6.037365583290411e-05
-6.0833502616394405e-05
-6.154107471890795e-05
-6.201662002562613e-05
-6.273125717876082e-05
-6.322256060861675e-05
-6.394464021258761e-05
-6.445177136160662e-05
-6.518166944939618e-05
-6.57047077930531e-05
-6.644279932317698e-05
-6.698183408742112e-05
-6.772849322721208e-05
-6.828362328622356e-05
-6.903922368962229e-05
-6.96105574622824e-05
-7.037547253672949e-05
-7.096312790311893e-05
-7.17377310735165e-05
-7.234183529398423e-05
-7.312650026296275e-05
-7.374718990007731e-05
-7.454229090927012e-05
-7.517971176074223e-05
-7.598562384285301e-05
-7.663993088077685e-05
-7.745703011147707e-05
-7.812838743209705e-05
-7.895705116786264e-05
-7.964563196139612e-05
-8.04862390682351e-05
-8.119222557268976e-05
-8.204515670445084e-05
-8.27687401385984e-05
-8.363437796519296e-05
-8.437575856718203e-05
-8.525448791780809e-05
-8.601387500812918e-05
-8.690608306182249e-05
-8.768369502748546e-05
-8.858977162290086e-05
-8.938583551538218e-05
-9.030617450253662e-05
-9.112092460600356e-05
-9.205592396094818e-05
-9.288960508844053e-05
-9.383966183506496e-05
-9.469253219714172e-05
-9.565804565929648e-05
-9.653036922998917e-05
-9.751174832844665e-05
-9.84037930473708e-05
-9.940145271204937e-05
-0.0001003134973556223
-0.00010132785302574484
-0.00010226018963415307
-0.00010329165790821623
-0.00010424458974609343
-0.0001052935914620162
-0.00010626742829448343
-0.00010733439493008755
-0.00010832944881772382
-0.00010941482093530328
-0.00011043141572970248
-0.00011153563086368026
-0.00011257410992277157
-0.00011369760618758337
-0.00011475831973799675
-0.00011590154897420172
-0.00011698484867762353
-0.00011814827271643992
-0.00011925452042909902
-0.0001204386031807005
-0.00012156817545660347
-0.00012277338430982294
-0.00012392666756076
-0.00012515347707350166
-0.0001263308695866021
-0.00012757975822388798
-0.00012878166833134988
-0.00013005312662517008
-0.00013127996543660034
-0.00013257449514732713
-0.00013382668324625447
-0.00013514479387938825
-0.00013642276194754155
-0.0001377649668847639
-0.0001390691676096298
-0.00014043597809061401
-0.0001417668648047806
-0.0001431588367951943
-0.00014451683436325798
-0.00014593453145217
-0.00014732013868794805
-0.00014876404927183684
-0.0001501777939569699
-0.000151648521713214
-0.00015309072716864196
-0.00015458912039942882
-0.00015605992361527205
-0.00015758700513168823
-0.00015908644172940112
-0.00016064284949826726
-0.00016217449298132182
-0.0001637531614492305
-0.0001653239281300514
-0.00016692640325400218
-0.00016852443535456043
-0.00017016670036536002
-0.0001717831127082091
-0.00017346468177770874
-0.00017511086706296485
-0.00017681960142290886
-0.00017850682352392076
-0.00018024180715038783
-0.00018196699057231562
-0.00018373254563367475
-0.0001854926202536657
-0.0001872910019070287
-0.00018908250634253529
-0.00019091808325129886
-0.0001927433113557554
-0.000194608973621165
-0.00019647964910396594
-0.00019837244736740673
-0.0002002820788344175
-0.00020221805827631712
-0.00020415793056796497
-0.00020613812079764367
-0.00020811495658532679
-0.0002101318675174329
-0.00021214997423180535
-0.00021420573383295051
-0.00021626079998613947
-0.00021836213469584342
-0.00022045786115260362
-0.00022259758713500289
-0.00022473757583809831
-0.00022692406368854504
-0.00022909318429553381
-0.00023133746645538275
-0.00023353962002835356
-0.0002358309243594904
-0.00023807761890755254
-0.00024040813554958662
-0.00024271300374644213
-0.0002450668195504259
-0.000247438427974241
-0.00024982845299578596
-0.00025225275219366706
-0.00025466223071250873
-0.00025721486143668736
-0.0002595531804231878
-0.00026228001319175014
-0.0002646048781651895
-0.0002673831124859351
-0.00026971172322138887
-0.00027271486330164303
-0.0002746398022135319
-0.00027841483975976877
-0.00027936602863897083
-0.0002846155638470312
-0.00028377911357741907
-0.00029113932940166983
-0.0002912712765505435
-0.00026023951368210044
-0.00028895199622214917
-0.00024820320546823683
-0.0002561117474183407
-0.00026262477021491456
-0.00023839994977956904
-0.00027080601123858353
-0.00024733382478777863
-0.0002592198399517723
-0.0002578335746873173
-0.00026729183360895873
-0.00026064340922032334
-0.00025954140520075475
-0.0002716733311983031
-0.0002292802961155454
-0.0002658789639186805
-0.00022252482771341787
-0.00025053080360801504
-0.0002142961318377445
-0.00025821127631922266
-0.00021973423659747747
-0.00024686636182257954
-0.00021651644362797993
-0.00023626400637808792
-0.0002231646799605505
-0.00024055761357132
-0.00022878353294707168
-0.00024800186805911875
-0.00023714886061331638
-0.00023733779873841718
-0.00022999720675633898
-0.00024511597734273535
-0.00023148391010192307
-0.0002498803032755922
-0.00024126238378273423
-0.00023746966968922153
-0.00023397439245028675
-0.0002461970161806988
-0.00021923399724804005
-0.00023486270789460683
-0.00021288217529979222
-0.00022108591165604318
-0.00018659939365470125
-0.00021456326071682408
-0.00017548926500198913
-0.00021758946788484482
-0.00018321929769711033
-0.00022437746611099225
-0.0001732518738611561
-0.00021812917111891132
-0.00018316895077095745
-0.0002010363996920051
-0.00019195747649162424
-0.00020655249185236627
-0.0001933773525138443
-0.00021665953105942117
-0.00019770245842698364
-0.00022519933272004556
-0.00020002264773827448
-0.0002128133869433006
-0.00024189317283187454
-0.00021200957095533356
-3.393277175520633e-05
-8.434379311388831e-06
-3.4281441708931326e-05
-3.120978907068191e-05
-5.014913249896919e-05
-4.649602115053466e-05
-5.9048555632967026e-05
-5.4389548990451214e-05
-6.068414776237994e-05
-5.680801519196241e-05
-6.032519515951364e-05
-5.883871701479448e-05
-6.012406826345327e-05
-5.6877228454200264e-05
-5.9625104487123834e-05
-5.6222978051724263e-05
-5.869824550070293e-05
-5.6791260517937835e-05
-5.7213331281232145e-05
-5.71107343765079e-05
-5.687622775600735e-05
-5.694441652608032e-05
-5.888666676176928e-05
-6.288607125872351e-05
-6.270615392441823e-05
-6.345308870085358e-05
-6.532291701831307e-05
-6.807577506282581e-05
-6.60151705849699e-05
-7.334857957089224e-05
-6.643735894070276e-05
-7.749910814156126e-05
-7.154443070380582e-05
-7.532670819751989e-05
-7.272539275028171e-05
-7.598531312894168e-05
-7.11143098595723e-05
-7.318529919077389e-05
-7.12068219027053e-05
-7.053202915081126e-05
-6.653453026950342e-05
-7.193191645932705e-05
-6.418498524798788e-05
-6.99981694668425e-05
-6.341591243592376e-05
-6.801526077539096e-05
-6.55434367532664e-05
-6.927789734110291e-05
-6.801609826468676e-05
-6.886303139687976e-05
-7.05098689052203e-05
-7.525685655468398e-05
-7.10122007598442e-05
-8.305692043575241e-05
-7.236932278905769e-05
-8.231822761918445e-05
-7.546876498740322e-05
-8.244250190910158e-05
-8.063624936576939e-05
-8.620490386383804e-05
-8.229579706198686e-05
-9.133422757735512e-05
-8.374647973883947e-05
-9.622898699869828e-05
-8.372618501756491e-05
-9.593452828875118e-05
-8.45773583726742e-05
-9.468395486964604e-05
-8.566387839214602e-05
-9.223234692928885e-05
-8.48092508246496e-05
-9.764722913014286e-05
-8.0416318024968e-05
-0.0001003496984492835
-8.307485185199279e-05
-9.902161994162367e-05
-8.466316600884259e-05
-9.93247769060756e-05
-8.491125513104944e-05
-9.924168382908478e-05
-8.747152436168839e-05
-0.00010081331978781962
-8.803242899224501e-05
-9.968375962632469e-05
-8.893871478826251e-05
-0.00010163852518767168
-8.873369747920573e-05
-0.00010057927852541917
-9.530296178530723e-05
-9.952543541919906e-05
-9.645809156433755e-05
-0.0001006851017035084
-9.858877473045233e-05
-0.00010036396130807848
-9.776292092925624e-05
-0.00010664459485353723
-9.674685594298753e-05
-0.00010935711319672085
-9.99038793634515e-05
-0.00011046088399085393
-0.00010598858621151312
-0.00011568379252037777
-0.00010598497732645961
-0.00011700085714621715
-0.00010881307737885148
-0.00011637794233226
-0.00011143449630962932
-0.00011818579944868662
-0.00011707127433705265
-0.0001194640764863638
-0.00012004325223126619
-0.00012579275081362577
-0.00012091739750982769
-0.0001320803019933528
-0.00012628953639520242
-0.00013705055585014195
-0.00013231458610907682
-0.00013907029113888143
-0.0001387011238215037
-0.0001443246790267071
-0.00014350812405869627
-0.0001518197327571879
-0.00015228321847100213
-0.00015830005079596222
-0.0001602016252445758
-0.0001659303147302724
-0.00016563293772408092
-0.00017182394126592093
-0.00016796399497313202
-0.00017454500786969715
-0.000170482610436895
-0.000176996842343584
-0.00017323662913703853
-0.00017792879673748867
-0.00017669143572564836
-0.000178873957234167
-0.0001802890098219225
-0.00018050411239663603
-0.00017978792040969395
-0.00018854514656313837
-0.0001817435255017258
-0.00018860274091409763
-0.00019051627729707967
-0.00019083081799505907
-0.0001937103227695148
-0.00019955932852426013
-0.00019938158559377453
-0.00020275337924279338
-0.00020969808138155332
-0.000205307975699493
-0.00021712699019396658
-0.0002144702779050975
-0.0002231305608201072
-0.00022385807772725617
-0.00022647119765352038
-0.00023147284773971104
-0.00023551645167859843
-0.00023768527566817604
-0.0002397470500196395
-0.000245987617080587
-0.00024321991587504402
-0.00024854828448621575
-0.00024696872155878795
-0.0002506165708472633
-0.00025146084507744146
-0.00025491554409081394
-0.00025444768475574726
-0.00025824892005788566
-0.0002578055685343222
-0.0002633899345338288
-0.000260842067563461
-0.00026693673478472716
-0.0002661998220434141
-0.00027020459212743087
-0.00027022355866296435
-0.0002706116529458732
-0.00027484865877171
-0.0002739898964912087
-0.00027634998069495266
-0.00028080082226206567
-0.0002794847645054955
-0.0002849305276056926
-0.0002861965514386654
-0.0002883502143471192
-0.00029244398694666586
-0.0002940639691440673
-0.00029838121887882925
-0.00030067809442901633
-0.00030455503609658674
-0.0003080220357145454
-0.00030959570678676797
-0.000316531307089669
-0.00031327326865027643
-0.0003198692556885236
-0.0003137844591716573
-0.00032401632115839946
-0.00031472081719402604
-0.00032717259545718647
-0.00032664948381682393
-0.00033196983119188273
-0.0003350181864580971
-0.00033962668747861266
-0.00034108740139394543
-0.0003488696921236531
-0.0003495950704933391
-0.0003602127675109599
-0.0003566254754744767
-0.00036673422756061734
-0.0003644080309033532
-0.00037052526570855
-0.0003737304578973477
-0.00037730482604773755
-0.00038027850164797604
-0.0003838807256059173
-0.00038725260357510226
-0.00039147299988543044
-0.0003987803209071476
-0.00040397956010284426
-0.0004030239297592111
-0.00041327180660207647
-0.0004158600326899306
-0.0004250703675072805
-0.00041604248010566235
-0.0004348164840804116
-0.00044969606280957457
-0.0004508922158653439
-0.00043602504789032597
-0.0004285478424426941
-0.0004121667659311522
-0.00042945491003486464
-0.0004377787303879305
-0.0004223802130219386
-0.00043159845082186665
-0.00046124762742502743
-0.0004815386980165009
-0.0005011424379659789
-0.0005275903054040433
-0.000541599925275826
-0.0005387669877313056
-0.0005269965176832214
-0.0005205188585990615
-0.0004489745749038195
-0.00038424171768494707
-0.00041984191957095325
-0.00039236406828765534
-0.0005583936391258739
-0.000492189638613124
-0.000658623668656787
0.00023679209630098508
0.016936100361752658
0.032636724983159435
0.027707493704052608
0.018040862298552014
0.015163925696209968
0.021892736848699582
0.020056319219913275
0.004787102034008212
-6.880202799474115e-05
-0.0032595407575277064
-0.011029125233610458
-0.02136764523301864
-0.026182721681594568
-0.01603300499849604
-0.009140806455812932
-0.014619620010700747
-0.01527472450856595
-0.005502649060135428
0.005297775371780366
0.01302357332227725
0.015379935667585342
0.008493355936918193
0.0015885067558077948
0.0005071435489763614
0.0024783102013211634
0.005206409158085196
0.00800306964243381
0.007652217072245119
0.0025394080920570156
-0.0031041022542233187
-0.002871483104297437
-0.0002700001345941512
-0.0006950053533981359
-0.001503674714350988
-9.520351286635182e-05
-0.0009257033246848562
-0.004884705675475873
-0.005612907464939637
-0.0005873393866241802
0.0022958562983956114
0.00018420947861328384
-0.001117107679770616
0.0013375635622754685
0.0030584344392621983
0.0009622325366416442
-0.0022483743381895597
-0.002721896579126806
-0.0015970530282688015
-0.00031119654256525555
-0.00010513782569005824
5.225504196901875e-05
-0.0006409156956038724
-0.001871490542656529
-0.0017293770913028891
0.00035422219077655976
0.0026161545938853245
0.0036618828400907994
0.0020903941440540215
-0.00016240634679386606
-0.0012351442176908485
-0.0006384454181309735
0.0008630614302639623
0.0025888253254326655
0.0025626210319317903
0.000765650813344447
-0.0013372480714001576
-0.0019498972433532429
-0.0007552028873396375
0.001062128715327626
0.0009493844000452896
-0.00041969640125796414
-0.0013708124741802163
-0.001193893790312983
-0.0007360284795324073
3.2384048562026816e-05
0.000720630352673007
0.0010442326470485514
0.0006172000451830815
0.00011013424557638304
6.892163773164612e-05
0.0005486324922952898
0.0006273850180930575
0.00035222562115730133
0.00011338806570959721
0.00021473915072420734
0.00013445492189320218
-7.238157635600109e-05
-0.0003828571817671933
-0.0005430289818182412
-0.0006272930963637112
-0.0003090320967876634
0.00032225565112547724
0.0008078294735344984
0.0005242145165435879
-0.00013539643176287773
-0.0005663839130845665
-0.0002446704461610134
0.00042866772109327307
0.0010363150917538306
0.000983636826146832
0.00045639528890130355
5.03447068177871e-05
0.00022484600080873265
0.0006036446768827399
0.0010357332633437425
0.0013046949785818166
0.0012514436223757352
0.0007037509498295766
0.00023826498423265262
0.00016589259728647723
0.00041625041046106873
0.00048062584675894794
0.0002586679364692556
-7.686131589522856e-05
-0.00028817823995252036
-0.00041712771048816114
-0.0003589941089553651
-0.0002596423877629387
-9.943901806440282e-05
0.00010392049899985783
0.0003012653721387029
0.000519667186271785
0.0007906154404755993
0.0008063804050244575
0.0005577595599276718
0.00024333168481652917
0.00020418336864362163
0.00029218742313999826
0.0003625471378809679
0.0002266201065533553
-8.698561965286863e-05
-0.0003461321651095513
-0.0003598175402204242
-0.0002381548289484118
7.8561725120474e-06
0.00011622268841232657
-3.7683578834087884e-05
-0.00020949997810354784
-0.0001151720599091623
0.00010566582293544905
0.00035399037829010604
0.0005536089524123436
0.0006014113821923889
0.0004649735059727716
0.00034781278143785634
0.00033643280289653073
0.0003572232122293509
0.00037160187741323
0.00029020726835362514
8.12550228747265e-05
-7.683946683806206e-05
-0.00012816446093909744
-0.00016406090000607834
-0.00018393793258586076
-0.00020038620439961381
-0.00028399043019814395
-0.00035800562632844896
-0.00027359923620842475
-7.003038171624895e-05
0.00017117238919904428
0.00037926541204710433
0.0005118282780238264
0.0005793967585181116
0.0005798187166683895
0.0005273838999844422
0.0004286176296063271
0.0003263558503411874
0.0005586035436370524
0.0009927772700351965
0.0012264093470576317
0.0012310743602392002
0.0010196128840544126
0.0006691140767268632
0.00039816520908050196
0.00014165612188344275
-7.88882702536137e-05
-0.00038829837585544326
-0.000720124349325556
-0.0009540352675384196
-0.001148750884640805
-0.0009844360282733292
-0.000265634257641402
3.372687870351683e-06
-0.0001627679309138427
-0.00013771685267090613
0.00016107176149708408
0.0006983642186731997
0.001322360024869722
0.0015037749765168238
0.001186834712300229
0.0006473427650138973
0.0003745510133375007
0.0003456469513539403
0.00045290735693304357
0.0006604324563583119
0.0006756037903692304
0.00038172998228728523
0.00013168398444788698
6.069420153091405e-05
0.0001642246135272273
0.0002662432263835074
0.0002839709164221896
0.00036026352348124234
0.0004521360143382937
0.0005478617606941374
0.0006794351792592711
0.0007664637794681726
0.0008149325860645549
0.0008003119868219536
0.0006807020834614808
0.00048446687155039134
0.00036391595913343465
0.00022724109292961728
6.594802679209168e-05
0.00013400817559769168
0.0003763098440775461
0.0005911022942675594
0.0006626711623939342
0.0006602665307893205
0.0006704158144206508
0.0007246830907264632
0.0007767245434823017
0.0008853794147656168
0.0010437871637327951
0.0011583229668573588
0.0009749007306922855
0.0007872401461929397
0.0008023736224742451
0.0007011625472452335
0.0004509465201542919
0.00028735315854725026
0.0002544864141287501
0.00016869856516194334
4.358992764962997e-05
6.847735512178577e-05
-8.821582348927674e-05
-0.00013808417372251095
-0.00014360598407783915
-0.0001067908912408699
-0.0001400470117839734
-6.809730599241359e-05
-8.675969431279912e-05
-3.214680175675069e-05
-4.994574012956318e-05
-5.3613295005336135e-06
-2.7895628759346004e-05
5.11379716201288e-06
-3.066057741907732e-05
-3.2618870423998278e-06
-3.170321007532578e-05
-2.5431165955085073e-06
-2.654559001511518e-05
5.5338908485179695e-06
-2.049620324838898e-05
2.448213717133225e-06
-2.631071330601017e-05
-1.7066600258907943e-06
-2.0039767870323006e-05
9.85976791829002e-06
-1.3592805461448178e-05
1.4628592811559914e-05
-2.1238975367569727e-06
1.9037347728273165e-05
-5.308082842832987e-06
1.795417679106649e-05
-3.2391555211169475e-06
1.078819278377527e-05
-7.143534118155611e-06
1.240775528495008e-05
-9.375964387026275e-06
6.086853827774592e-06
-1.1765722796812108e-05
1.9918462808923165e-06
-1.512908395577147e-05
1.891052659646425e-06
-1.4622889898465128e-05
1.2309617943711561e-06
-1.1978902950113042e-05
3.2379905404092916e-06
-1.0513580951290539e-05
4.6331166441958564e-06
-8.815450432631728e-06
5.995440623980376e-06
-7.342648805842234e-06
6.147364456420542e-06
-7.046653263989005e-06
6.0483966392960064e-06
-6.4801807778855664e-06
6.1339370181528785e-06
-6.464034152345229e-06
5.4225652590390286e-06
-6.644089290895329e-06
4.778865598365216e-06
-6.89456694487144e-06
4.464253528045037e-06
-6.570852707140398e-06
4.188740229432012e-06
-6.435982442809304e-06
4.275407591554484e-06
-6.205086247520965e-06
3.8870081143627366e-06
-5.963670225781636e-06
3.832145479110522e-06
-5.9071879044921195e-06
3.6476189970431036e-06
-5.674098457125801e-06
3.337818755127111e-06
-5.649740456653755e-06
3.118533338886821e-06
-5.679941249536894e-06
2.821665197055467e-06
-5.536531098750206e-06
2.6032371025038923e-06
-5.436883310818309e-06
2.4607018378523733e-06
-5.310306865833723e-06
2.3004092246187453e-06
-5.1418924932838725e-06
2.1895505373934263e-06
-4.995585717471237e-06
2.0550487675058144e-06
-4.877592716174455e-06
1.921851682654954e-06
-4.7620740182113255e-06
1.7873839584839324e-06
-4.660942822728282e-06
1.626347188517696e-06
-4.590793781757808e-06
1.4754221709930378e-06
-4.526955645364224e-06
1.3126020764917478e-06
-4.457543956910902e-06
1.1785451475606733e-06
-4.394004299764658e-06
1.0382346179329096e-06
-4.321781434286692e-06
9.064858468326624e-07
-4.2624608054817655e-06
7.872280587730156e-07
-4.198375628528949e-06
6.618129950454704e-07
-4.136429742548312e-06
5.454064968672836e-07
-4.087895481660181e-06
4.2726676249713004e-07
-4.04022633951394e-06
3.0671717614122115e-07
-3.997052300084886e-06
1.94081247485863e-07
-3.959491904442628e-06
8.04263371684895e-08
-3.92259292655156e-06
-3.0196406053243675e-08
-3.889102463149161e-06
-1.3717485714752169e-07
-3.8582761058522956e-06
-2.428071838594275e-07
-3.830807821102622e-06
-3.4641865959917566e-07
-3.806128880853984e-06
-4.488798991510515e-07
-3.7845420560830194e-06
-5.497517785418415e-07
-3.7670652501682307e-06
-6.503063358168906e-07
-3.7523486688674198e-06
-7.496616235302977e-07
-3.7410448744460478e-06
-8.474434411812363e-07
-3.7320689563993988e-06
-9.446125110333854e-07
-3.726073746758711e-06
-1.040103102039171e-06
-3.7227145561684696e-06
-1.134904854909865e-06
-3.7215268356146443e-06
-1.228673208627498e-06
-3.723170340257963e-06
-1.321347119524188e-06
-3.7273435429737182e-06
-1.4137664276080326e-06
-3.7339698357142462e-06
-1.5054092534342082e-06
-3.7433332023665037e-06
-1.5965142373651226e-06
-3.7550584694704292e-06
-1.6873154261757921e-06
-3.7692677508427484e-06
-1.777629224631878e-06
-3.7858877762274285e-06
-1.8676284412104892e-06
-3.8048187222108624e-06
-1.957343953338374e-06
-3.826100597674993e-06
-2.046867399925751e-06
-3.849659411504509e-06
-2.1362352838328843e-06
-3.875509904980787e-06
-2.2255296336485837e-06
-3.903618581434047e-06
-2.314872195952972e-06
-3.9339916747834055e-06
-2.404257091606995e-06
-3.966598140364762e-06
-2.493793619034616e-06
-4.001406573632567e-06
-2.5835096684638444e-06
-4.038433562848347e-06
-2.673472250062792e-06
-4.077626061549562e-06
-2.7637511208814626e-06
-4.118992104020115e-06
-2.854368993320135e-06
-4.162524596915595e-06
-2.9454138633900373e-06
-4.208197999004153e-06
-3.0369387248705033e-06
-4.256033497504529e-06
-3.128985198580514e-06
-4.306014314075515e-06
-3.2216294274327838e-06
-4.358137018404341e-06
-3.314914680898354e-06
-4.412410527463719e-06
-3.4088977831617153e-06
-4.4688269197633345e-06
-3.5036328186529176e-06
-4.527390299110244e-06
-3.5991705956779283e-06
-4.5881044263205816e-06
-3.6955659831160983e-06
-4.6509735689535955e-06
-3.7928682014071635e-06
-4.7160039355662015e-06
-3.891132448980881e-06
-4.7832034093236845e-06
-3.990409769615748e-06
-4.852583171349061e-06
-4.090752418284887e-06
-4.9241518287822895e-06
-4.192212724606108e-06
-4.9979229785586735e-06
-4.294841084739518e-06
-5.073909429145675e-06
-4.398690650903297e-06
-5.152125354908292e-06
-4.503811439851029e-06
-5.232587631818781e-06
-4.610255033010957e-06
-5.31531211264809e-06
-4.718073762127738e-06
-5.400318019325415e-06
-4.827317953048303e-06
-5.487625468921349e-06
-4.938040140232717e-06
-5.577254684934157e-06
-5.050291994316896e-06
-5.669228742393004e-06
-5.1641252245916485e-06
-5.76357103693946e-06
-5.279592420813213e-06
-5.86030628124955e-06
-5.396745722412424e-06
-5.959460664147211e-06
-5.5156378963087905e-06
-6.061061415773585e-06
-5.636321889899065e-06
-6.16513711190666e-06
-5.758850959569907e-06
-6.2717174205425234e-06
-5.8832788137314995e-06
-6.380833442789423e-06
-6.009659457136376e-06
-6.492517398748281e-06
-6.138047467881637e-06
-6.606802757693609e-06
-6.268497719745384e-06
-6.723724294022961e-06
-6.401065695499369e-06
-6.84331792371798e-06
-6.535807358785706e-06
-6.965620912987338e-06
-6.672779157389209e-06
-7.0906716911771405e-06
-6.8120382286315795e-06
-7.218509948579753e-06
-6.953642210314427e-06
-7.349176709022225e-06
-7.09764942757868e-06
-7.482714166766151e-06
-7.244118898127238e-06
-7.6191658517493766e-06
-7.393110269936047e-06
-7.758576574666337e-06
-7.5446839785148385e-06
-7.90099241005423e-06
-7.698901192384843e-06
-8.046460762085994e-06
-7.855823858591698e-06
-8.19503033110228e-06
-8.015514754323473e-06
-8.346751146868234e-06
-8.178037491331263e-06
-8.501674572380762e-06
-8.343456562334445e-06
-8.659853316481548e-06
-8.511837358643077e-06
-8.821341455134569e-06
-8.683246213233556e-06
-8.986194433670063e-06
-8.857750421804693e-06
-9.15446909405997e-06
-9.035418273631995e-06
-9.326223680028098e-06
-9.216319089285635e-06
-9.501517860390288e-06
-9.40052324043851e-06
-9.680412744135503e-06
-9.588102190496127e-06
-9.862970893502986e-06
-9.779128520154936e-06
-1.004925635115215e-05
-9.973675957826965e-06
-1.0239334651437199e-05
-1.017181941796036e-05
-1.0433272843250394e-05
-1.0373635024768166e-05
-1.0631139513111662e-05
-1.0579200149257555e-05
-1.083300480139368e-05
-1.0788593441780382e-05
-1.1038940428593179e-05
-1.1001894862091612e-05
-1.1249019716255172e-05
-1.1219185715100012e-05
-1.1463317610157977e-05
-1.1440548682975938e-05
-1.1681910705592467e-05
-1.1666067859661053e-05
-1.190487727123924e-05
-1.1895828784941982e-05
-1.2132297275367935e-05
-1.2129918478979984e-05
-1.2364252412121429e-05
-1.236842547808919e-05
-1.2600826128779732e-05
-1.2611439869440099e-05
-1.2842103653515563e-05
-1.2859053327974029e-05
-1.3088172023840126e-05
-1.3111359152680852e-05
-1.3339120116551378e-05
-1.336845230335979e-05
-1.3595038677653644e-05
-1.363042943846419e-05
-1.385602035368198e-05
-1.389738895309138e-05
-1.4122159722855423e-05
-1.4169431017840416e-05
-1.4393553327833554e-05
-1.4446657617819212e-05
-1.4670299709143998e-05
-1.4729172592686427e-05
-1.4952499440673268e-05
-1.5017081676697722e-05
-1.524025516215304e-05
-1.5310492539556166e-05
-1.5533671617385162e-05
-1.5609514829617826e-05
-1.5832855689190206e-05
-1.5914260214261716e-05
-1.6137916438209958e-05
-1.6224842423985888e-05
-1.6448965141005868e-05
-1.654137729556926e-05
-1.6766115329428714e-05
-1.6863982817614392e-05
-1.7089482830440206e-05
-1.719277917421741e-05
-1.741918580763259e-05
-1.752788879265041e-05
-1.775534480315949e-05
-1.7869436388293775e-05
-1.8098082781574864e-05
-1.8217549011391557e-05
-1.8447525172235257e-05
-1.8572356099543635e-05
-1.880379991297203e-05
-1.89339895244093e-05
-1.9167037498530432e-05
-1.9302583641579794e-05
-1.9537371025285852e-05
-1.9678275336688504e-05
-1.9914936271760777e-05
-2.006120401967852e-05
-2.0299871722912377e-05
-2.0451511876866494e-05
-2.0692318423632728e-05
-2.0849343817078814e-05
-2.10924204511036e-05
-2.1254847250848943e-05
-2.1500324771138403e-05
-2.166817254537588e-05
-2.1916181127587807e-05
-2.2089472911142468e-05
-2.2340142211009847e-05
-2.2518904540134137e-05
-2.2772363527591633e-05
-2.2956626741324585e-05
-2.321300384059384e-05
-2.340280127497625e-05
-2.3662225681800726e-05
-2.385759300867313e-05
-2.412019399698637e-05
-2.4321170893796293e-05
-2.4587076665124417e-05
-2.479370673700852e-05
-2.506304539944275e-05
-2.527537520281541e-05
-2.5548275495650944e-05
-2.5766354233061893e-05
-2.604294567200276e-05
-2.6266825317599007e-05
-2.654723776525551e-05
-2.6776974070546488e-05
-2.7061336832085177e-05
-2.7296989282129256e-05
-2.7585432415853505e-05
-2.7827063030047236e-05
-2.8119717485859102e-05
-2.836739120589272e-05
-2.8664388919107635e-05
-2.8918173617216398e-05
-2.921964686148314e-05
-2.9479614336218134e-05
-2.978569598806075e-05
-3.005192040464482e-05
-3.0362745079245268e-05
-3.063530367976739e-05
-3.095100614358177e-05
-3.122997970758377e-05
-3.1550697061678216e-05
-3.1836166810523034e-05
-3.21620385580152e-05
-3.245409141401377e-05
-3.278525316078741e-05
-3.308398112966042e-05
-3.3420575164925726e-05
-3.372606409514417e-05
-3.406824105105066e-05
-3.438057728698684e-05
-3.4728494260057805e-05
-3.504775426497317e-05
-3.540157989883614e-05
-3.572789025607015e-05
-3.608745497394878e-05
-3.6421513451367465e-05
-3.67869231863924e-05
-3.7128150551878324e-05
-3.750044695512297e-05
-3.784876034227045e-05
-3.8227653805721326e-05
-3.858346304394251e-05
-3.896892283913509e-05
-3.9332354594922905e-05
-3.972425233450533e-05
-4.009545663437006e-05
-4.0494061329630904e-05
-4.087274093499928e-05
-4.1279530786149634e-05
-4.166445303108109e-05
-4.207951318597291e-05
-4.247295566887346e-05
-4.289363849065622e-05
-4.3297152364853294e-05
-4.372435157350772e-05
-4.4136614881055725e-05
-4.457162782227356e-05
-4.4991881998615734e-05
-4.543494601839005e-05
-4.58636690727958e-05
-4.631467662617592e-05
-4.6752247052533706e-05
-4.721114099969715e-05
-4.7658085487167865e-05
-4.8125395304563515e-05
-4.8581027676425646e-05
-4.9056833463564264e-05
-4.952229625728111e-05
-5.000630748261558e-05
-5.048118354666098e-05
-5.097419132482883e-05
-5.145897769047827e-05
-5.196112171592835e-05
-5.245533665500064e-05
-5.296781613798018e-05
-5.3471814118391953e-05
-5.399262422867321e-05
-5.450828216818773e-05
-5.503778762499834e-05
-5.556422336669989e-05
-5.610323786635536e-05
-5.664299791815046e-05
-5.718585071106934e-05
-5.774333804201504e-05
-5.8292210324669644e-05
-5.886121292638188e-05
-5.942063596749196e-05
-6.0011431600826874e-05
-6.056625807794861e-05
-6.119201201518763e-05
-6.17302797584585e-05
-6.240669049561495e-05
-6.289119446839369e-05
-6.366513207206553e-05
-6.408877651246514e-05
-6.462330897371283e-05
-6.891157624869812e-05
-6.869351108607988e-05
-6.984879114260467e-05
-7.076478268296506e-05
-7.12993423251123e-05
-7.170075326306814e-05
-7.10380970595863e-05
-7.14511923113497e-05
-7.073562981054347e-05
-7.096623514457841e-05
-6.906387426263477e-05
-6.931443364782152e-05
-6.718070492911106e-05
-7.124232986055313e-05
-6.436252108617163e-05
-7.17166809797753e-05
-6.981155653337624e-05
-7.028806821088071e-05
-7.241904247328801e-05
-7.089137287404041e-05
-7.365706758564208e-05
-7.095475028475666e-05
-7.385904833071333e-05
-6.924962514670208e-05
-7.40094885812327e-05
-6.933968762021253e-05
-7.193948604959152e-05
-7.037711766961082e-05
-6.802487750431147e-05
-6.783466137931011e-05
-6.508208225922284e-05
-6.275868994074918e-05
-6.391433241488816e-05
-5.9168739147448393e-05
-6.254296963962764e-05
-5.807513282981562e-05
-6.113581868682014e-05
-5.538679307038608e-05
-5.846969816930732e-05
-5.438475880298497e-05
-5.660199579699537e-05
-5.316765298008892e-05
-5.516010888670714e-05
-5.375321669949426e-05
-5.509546616121951e-05
-5.2390818394799986e-05
-5.561428956720382e-05
-5.246230118631553e-05
-5.5092389159752214e-05
-5.126996610737844e-05
-5.3490665411027485e-05
-4.800490463767514e-05
-5.1948567654237646e-05
-4.4680789974646746e-05
-4.997220236340784e-05
-4.534574440387889e-05
-4.6809586799211197e-05
-4.774926571985333e-05
