0.0015334064930405092
0.0014914310949566694
0.0015109551744399877
0.0014541947608640955
0.0015365957165157996
0.0014625170680042335
0.0016502125981400137
0.0015050813164253535
0.0017236323974410075
0.0015721970153221982
0.001879631063033467
0.0016813995788989042
0.0019873958998951873
0.0017785535963477628
0.0020938339072174607
0.0019066821448765815
0.0021319953780029443
0.00187738153612886
0.0020797001140193095
0.001755451773671349
0.0019785018138376064
0.001719087672885934
0.0020057948755946515
0.0015578208735700307
0.002026223263109004
0.0015132277431392687
0.001982881326087775
0.0014544188843546141
0.0018803884721196222
0.0016136532063858134
0.0017201844764387706
0.0019014049573703306
0.0014192896446020458
0.003970582909713395
0.00041231232655172844
0.0065881560933382455
-0.0015046452390988243
0.005503662661995757
-0.0040292778917458295
0.0072111872432994144
-0.005870867401553877
0.008896515401888745
-0.007818120177203298
0.012784330219305761
-0.010684116698179785
0.01656281733357056
-0.016169225067417994
0.022958637491269532
-0.02310958637847216
0.032642325545236314
-0.03860566943865597
0.05760998674979017
-0.09116350807304169
0.3291337051039402
0.1994432335280799
0.5191720259087115
0.5095188000503044
-0.001482831191946272
-0.23555659898735007
-0.09751023407677162
-0.07658868838535779
-0.2496967962574612
-0.17830765977821603
-0.04638978638229708
-0.0880956881187897
-0.21225804657036607
-0.2078474253318144
-0.19935282125770717
-0.01088750791172996
0.02846549715250174
0.07151825535579429
0.07844284144318615
0.05752039901371661
0.06549519797962783
0.045785315470671065
0.08205787984177881
0.0348774549793437
0.11150365412024953
0.09243232539697192
0.035697647160309806
-0.02694413552481332
-0.006173386011657504
-0.01872121842639425
-0.05726786152413319
-0.051274828830697505
-0.01619442291148384
0.013488952895516604
-0.009899428440127405
-0.0027869197531360246
-0.06296594692155509
-0.07539210883110554
-0.06911190335326718
0.01752870069215675
0.025414529751786576
0.02217943194504133
0.031610645115317706
0.03875984319027802
-0.0015049371553176735
-0.013001507202802444
0.009196848498190626
0.04185766258084825
0.04605418534778679
0.027816386146453743
-0.0013326667424082355
-0.012940002464879303
-0.03888320963873023
-0.03999391909769934
-0.028439288089831448
-0.004952023626267392
0.003054437784278171
-0.0007301751854235388
-0.007548934473357134
-0.024845850031516948
-0.006776770112900808
0.0020154197961107555
0.015809083654603047
0.017408358547252627
0.019928492369538992
0.015852227078709064
0.001133464693021368
-0.0019395975539796698
-0.011698948056032745
-0.019477557189191266
-0.014835333863934867
-0.004493848871059719
0.005424238385324812
-0.0017531938723475324
-0.010478661772881651
-0.011142669085964998
-0.011659689504666485
-0.0022908701548324316
0.003693149977956772
0.012697044037579625
0.011856375052760812
0.004062037182516443
-0.0010813115844466711
-0.0031718193979461172
-0.001847001802374979
0.0007056015788984167
0.003997329855675617
0.0064413687490096055
0.004906448225201409
0.002537666682078139
-0.0012058727258434064
-0.00503362880757629
-0.006640495409234894
-0.0028625874278958106
0.0039971427649099205
0.004673142724928941
0.0029828051116616116
-0.002516323564448156
-0.005578838179718576
-0.005680361319472491
-0.0022542470775367375
0.0007147962673658386
0.003505137627302454
0.003130543830818104
0.003346490326678995
-0.0005946808761833557
-0.0004182417697915251
-0.0038406072217159336
0.0015226877648348003
0.0006555608179799307
0.0018600980080162048
0.0025967806635235403
-0.0015012752795805473
0.00014909501102452908
-0.0017380135265393092
-0.0014177049418905665
-0.00347684757322019
0.0017898745589332715
0.00037004605511846856
-0.00010045743848686078
-0.0022698626024273538
-0.0015894549089684048
-0.0018287565280803025
0.0019579837568746246
0.00013846239340689794
0.002026715332015152
-0.000590847251182568
0.0022319041135295823
-0.0034731703160724428
0.007184211778958321
0.005538433813006841
-0.0010689121610946697
-0.004709606497682906
-0.012358940325129925
0.00015998917668884078
0.0004346522650733474
0.006094761396897571
-0.0037263554184986266
0.0005084508449806396
0.0010969043153524396
0.00037130510897683856
0.00031410466842114217
-0.00302658495750824
-0.004590157875405544
-0.0016247753370656542
0.0036750918893917427
0.004291823555848628
0.0010095981916996358
-0.0010869428897862829
-0.0037094503469241335
-2.921918106030437e-05
0.001535739068586135
0.0002561092123767525
0.0005257858408112175
-0.002058658879686128
-0.002691093743458266
-0.0021861192698002384
0.00024801022539104015
-0.0007740774613482796
-0.0011769221736420746
-0.001169346597079373
-0.0016176559130304312
-0.0007880744169785428
0.0010494570443042354
0.0006754076302415831
-6.305695181403875e-05
-0.0007262795108481986
0.0013793973057875625
0.002726187192693213
0.002038397456940356
0.000582514036838688
0.0006862059066842823
0.0010925248694943072
0.00044448991821799996
-0.00010575131004093879
1.1458700816852817e-05
0.0014636583085461683
0.0012896163222305963
0.00033561690332974565
-0.00044994921197006785
-0.0007579185820262329
-0.0008798008460409611
-0.0013571263223740773
-0.0003569283575048526
0.0007817301575535369
0.0010787837803752243
0.0007657533106501078
-5.783518202687535e-05
-0.00021072501668165978
2.99713876950944e-05
0.000408174980094814
0.0004430897081668197
0.0005429535819424323
0.00023007160895894586
-0.00034233433711610035
-0.00016994962302878912
-0.0002837196233589861
-0.0006571465155846938
-0.0009049975101971496
-6.880338670787849e-05
0.00031904166859618617
0.00016324877770365447
-8.739721788884555e-05
-0.00015150928047750925
6.788645837958263e-05
-5.324619356900735e-05
5.705596222665987e-05
-1.8412208164255133e-05
4.514899664279852e-05
7.501152360260945e-06
5.272584309393537e-05
5.280269032182554e-05
4.1564842274334924e-05
8.88201913096557e-06
9.112165645491928e-06
1.3468020758101063e-05
1.2564798531363927e-05
1.0856089301915966e-05
1.6379358810080023e-05
1.671753068338154e-05
1.2580281146654722e-05
7.203521122798565e-06
9.260215633242032e-06
1.1391131416488938e-05
1.3006929187246979e-05
1.1378681228255486e-05
1.162281474579056e-05
1.1976107135097582e-05
1.2810175178779612e-05
1.347569685333414e-05
1.3269280076390246e-05
1.3480523757156203e-05
1.254376520599715e-05
1.3556481080142808e-05
1.3417283883942772e-05
1.4166843134769765e-05
1.3695739533829774e-05
1.3991723600363665e-05
1.381813963504758e-05
1.408583447956116e-05
1.4028121774622905e-05
1.4213102914309705e-05
1.4260257369066748e-05
1.4373408748821092e-05
1.4402408546881928e-05
1.452143563883656e-05
1.4612854868642998e-05
1.4728381855013225e-05
1.4803599357363952e-05
1.4901553033937654e-05
1.4983124231197963e-05
1.509178961422216e-05
1.5193352412921804e-05
1.530216237752692e-05
1.539959142774004e-05
1.5495277737603234e-05
1.559527475523438e-05
1.569741689675698e-05
1.5806028200114272e-05
1.5904877768759332e-05
1.601225470074263e-05
1.6111576659117235e-05
1.6220695759590516e-05
1.6323005837076427e-05
1.643288233365431e-05
1.653729127783568e-05
1.664681509433029e-05
1.6753236571200557e-05
1.68635077711244e-05
1.6972546152837012e-05
1.7083998205347575e-05
1.7194713763426725e-05
1.730707705951864e-05
1.7419396056813502e-05
1.7533060233455942e-05
1.7647112258325874e-05
1.7762311337549217e-05
1.7877920074323714e-05
1.7994447133215345e-05
1.8111573917756977e-05
1.8229607239688903e-05
1.8348368160204208e-05
1.8467928768596195e-05
1.858823810562142e-05
1.8709306098861698e-05
1.883120518420575e-05
1.8953852989602067e-05
1.90773675259495e-05
1.920161951135665e-05
1.9326739444017042e-05
1.9452607725705523e-05
1.9579357053138585e-05
1.9706881766940257e-05
1.9835284328346622e-05
1.9964484331564357e-05
2.0094556442730232e-05
2.0225449086322725e-05
2.0357215967955903e-05
2.0489824928685528e-05
2.0623311864663863e-05
2.0757657866131082e-05
2.0892886572244874e-05
2.102898948026788e-05
2.1165984386375004e-05
2.130386813037821e-05
2.1442653230030386e-05
2.1582340142943973e-05
2.1722938411282986e-05
2.1864451440280685e-05
2.200688712220098e-05
2.215025044733027e-05
2.229454781054946e-05
2.2439785300746706e-05
2.2585968567151384e-05
2.273310452935792e-05
2.2881198574381317e-05
2.3030257896895247e-05
2.3180287756169402e-05
2.3331295463988478e-05
2.3483286431341677e-05
2.36362679521217e-05
2.3790245709828664e-05
2.3945226880272858e-05
2.4101217399943972e-05
2.4258224344055686e-05
2.441625390854369e-05
2.457531310849745e-05
2.4735408372439285e-05
2.4896546679165858e-05
2.505873463565537e-05
2.5221979226190553e-05
2.5386287216884462e-05
2.555166562755954e-05
2.5718121363299063e-05
2.58856614944288e-05
2.6054293045298712e-05
2.622402315366739e-05
2.6394858957133832e-05
2.656680767051375e-05
2.673987653917828e-05
2.6914072860699143e-05
2.7089403981843072e-05
2.7265877290560785e-05
2.7443500234163596e-05
2.762228029446704e-05
2.7802225017548433e-05
2.798334198259695e-05
2.8165638833856825e-05
2.834912325035241e-05
2.853380297507778e-05
2.871968578882836e-05
2.890677953417938e-05
2.9095092095646896e-05
2.9284631416877957e-05
2.9475405485859243e-05
2.966742234975883e-05
2.9860690102397633e-05
3.0055216894032244e-05
3.025101092560484e-05
3.044808045312233e-05
3.064643378555528e-05
3.084607928636805e-05
3.104702537322643e-05
3.124928051882747e-05
3.145285325089291e-05
3.16577521529411e-05
3.186398586464429e-05
3.207156308042587e-05
3.2280492553993234e-05
3.2490783093366664e-05
3.2702443565881114e-05
3.291548289604271e-05
3.3129910066240914e-05
3.3345734117493087e-05
3.356296414907308e-05
3.3781609321004873e-05
3.400167885191552e-05
3.42231820207663e-05
3.4446128166861064e-05
3.467052669077139e-05
3.489638705436748e-05
3.5123718780025e-05
3.535253145273143e-05
3.5582834720108286e-05
3.5814638293565904e-05
3.6047951945645564e-05
3.628278551439041e-05
3.651914890122137e-05
3.675705207204687e-05
3.699650505752019e-05
3.7237517954303006e-05
3.7480100923777473e-05
3.772426419476117e-05
3.79700180616489e-05
3.821737288681659e-05
3.846633909941263e-05
3.871692719675107e-05
3.896914774470517e-05
3.922301137745249e-05
3.9478528799273375e-05
3.9735710783435525e-05
3.9994568173912226e-05
4.025511188490358e-05
4.051735290227024e-05
4.078130228278229e-05
4.104697115559289e-05
4.131437072217928e-05
4.1583512257086994e-05
4.185440710839303e-05
4.212706669812216e-05
4.240150252260606e-05
4.2677726153269105e-05
4.295574923647073e-05
4.323558349490948e-05
4.351724072707529e-05
4.380073280874086e-05
4.408607169350837e-05
4.437326941207848e-05
4.46623380732712e-05
4.495328986592876e-05
4.5246137057544655e-05
4.554089199544989e-05
4.5837567107971655e-05
4.613617490372129e-05
4.643672797317866e-05
4.673923898869826e-05
4.704372070557343e-05
4.7350185961475425e-05
4.765864767848323e-05
4.7969118862572916e-05
4.8281612603916224e-05
4.8596142078447674e-05
4.891272054874602e-05
4.923136136222091e-05
4.955207795375458e-05
4.987488384657524e-05
5.019979265104106e-05
5.052681806652637e-05
5.085597388157373e-05
5.11872739748535e-05
5.152073231506297e-05
5.185636296226688e-05
5.219418006751492e-05
5.253419787483796e-05
5.2876430720339915e-05
5.322089303421568e-05
5.356759933978529e-05
5.391656425580635e-05
5.426780249601082e-05
5.462132886987353e-05
5.4977158282842886e-05
5.533530573870182e-05
5.569578633847708e-05
5.6058615280601964e-05
5.642380786398046e-05
5.679137948587723e-05
5.716134564519998e-05
5.7533721940214444e-05
5.7908524072478734e-05
5.8285767844601204e-05
5.866546916283343e-05
5.9047644036554236e-05
5.943230858078158e-05
5.981947901163788e-05
6.020917165738327e-05
6.060140294526285e-05
6.099618941598139e-05
6.139354771434445e-05
6.179349459517155e-05
6.219604692092107e-05
6.260122166338938e-05
6.300903590826545e-05
6.341950684987099e-05
6.38326517945697e-05
6.424848816261259e-05
6.466703348786203e-05
6.508830541734597e-05
6.551232171344038e-05
6.593910025326586e-05
6.63686590325948e-05
6.680101616286338e-05
6.72361898737641e-05
6.767419851397413e-05
6.811506055184706e-05
6.855879457576665e-05
6.900541929440651e-05
6.945495354018479e-05
6.990741626608564e-05
7.036282655062962e-05
7.082120359475238e-05
7.128256672615991e-05
7.174693539718107e-05
7.221432918738365e-05
7.268476780396293e-05
7.315827108249134e-05
7.36348589872027e-05
7.411455161300063e-05
7.459736918557895e-05
7.508333206215087e-05
7.557246073347968e-05
7.606477582216414e-05
7.656029808666455e-05
7.70590484193809e-05
7.756104784974356e-05
7.806631754424514e-05
7.857487880657881e-05
7.908675307967059e-05
7.960196194667715e-05
8.012052713002489e-05
8.064247049457962e-05
8.116781404731398e-05
8.169657993859283e-05
8.22287904634067e-05
8.276446806180365e-05
8.330363531960927e-05
8.38463149706592e-05
8.439252989615706e-05
8.494230312625084e-05
8.549565784154653e-05
8.605261737348532e-05
8.661320520585852e-05
8.717744497493962e-05
8.774536047143067e-05
8.831697564056287e-05
8.889231458372032e-05
8.947140155937672e-05
9.005426098431663e-05
9.064091743342644e-05
9.123139564290537e-05
9.182572050954463e-05
9.242391709174055e-05
9.302601061220508e-05
9.363202645739158e-05
9.424199017905519e-05
9.485592749581065e-05
9.547386429322423e-05
9.609582662583119e-05
9.672184071816275e-05
9.735193296491439e-05
9.798612993352877e-05
9.862445836396013e-05
9.926694517070449e-05
9.991361744297357e-05
0.00010056450244742138
0.00010121962762720243
0.00010187902060539546
0.00010254270918393744
0.00010321072134700482
0.00010388308526042972
0.0001045598292733034
0.00010524098191966313
0.00010592657191944767
0.00010661662817987652
0.00010731117979634937
0.00010801025605362315
0.00010871388642730295
0.00010942210058482554
0.00011013492838812854
0.0001108523998911929
0.00011157454534748042
0.00011230139520258808
0.00011303298010629462
0.00011376933090220714
0.00011451047863903852
0.00011525645456517131
0.00011600729013482025
0.00011676301700683667
0.00011752366704402865
0.00011828927231836875
0.0001190598651113578
0.000119835477913773
0.0001206161434278586
0.0001214018945703214
0.00012219276447045067
0.00012298878647538924
0.00012378999414697743
0.0001245964212689167
0.0001254081018412555
0.0001262250700880944
0.00012704736045660123
0.00012787500761702675
0.0001287080464662171
0.00012954651212786867
0.00013039043995546678
0.00013123986553139808
0.0001320948246714386
0.00013295535342307653
0.000133821488070022
0.00013469326513171342
0.00013557072136544633
0.00013645389376766798
0.00013734281957694964
0.00013823753627352064
0.0001391380815813964
0.00014004449347139778
0.0001409568101613755
0.0001418750701179719
0.0001427993120575467
0.00014372957495138207
0.00014466589802118843
0.00014560832074668375
0.00014655688286345367
0.0001475116243668278
0.0001484725855122541
0.00014943980681747537
0.00015041332906380145
0.0001513931932988641
0.0001523794408374666
0.00015337211326353238
0.00015437125243114938
0.00015537690046832776
0.000156389099777321
0.0001574078930360098
0.0001584333232001408
0.0001594654335062345
0.0001605042674711971
0.00016154986889670934
0.00016260228186900126
0.00016366155076183187
0.00016472772023807614
0.00016580083525110474
0.0001668809410479725
0.00016796808316951956
0.00016906230745372458
0.00017016366003735689
0.00017127218735739922
0.00017238793615361074
0.0001735109534703608
0.00017464128665812205
0.00017577898337585093
0.00017692409159315078
0.00017807665959201964
0.00017923673596904758
0.00018040436963748837
0.0001815796098288399
0.00018276250609618942
0.0001839531083146077
0.00018515146668417258
0.00018635763173236635
0.00018757165431550096
0.00018879358562107792
0.0001900234771707221
0.000191261380820706
0.00019250734876639127
0.0001937614335425845
0.00019502368802564157
0.00019629416543654604
0.00019757291934388945
0.00019886000366485133
0.00020015547266738357
0.00020145938097353524
0.0002027717835610867
0.00020409273576505425
0.0002054222932827681
0.00020676051217291026
0.00020810744886003455
0.00020946316013509194
0.0002108277031613072
0.00021220113547200424
0.00021358351497654214
0.0002149748999607545
0.00021637534909116417
0.0002177849214161972
0.0002192036763681601
0.00022063167376681903
0.0002220689738224686
0.00022351563713681822
0.0002249717247067212
0.0002264372979262471
0.00022791241858935852
0.00022939714889283567
0.0002308915514379682
0.00023239568923515987
0.00023390962570360018
0.00023543342467689598
0.00023696715040438205
0.0002385108675537458
0.00024006464121355871
0.00024162853689639434
0.00024320262054208786
0.000244786958520367
0.00024638161763266436
0.00024798666511544184
0.0002496021686436975
0.0002512281963332201
0.0002528648167432559
0.000254512098880097
0.000256170112198838
0.0002578389266081576
0.00025951861247082376
0.00026120924060897007
0.00026291088230572684
0.00026462360930876855
0.0002663474938330422
0.00026808260856389036
0.0002698290266602238
0.0002715868217575952
0.000273356067970854
0.00027513683989823244
0.0002769292126236821
0.00027873326172064676
0.0002805490632540429
0.0002823766937853783
0.0002842162303733644
0.0002860677505809369
0.0002879313324739823
0.0002898070546282095
0.00029169499613101134
0.0002935952365860779
0.0002955078561130593
0.00029743293535615736
0.0002993705554826167
0.0003013207981907764
0.0003032837457093863
0.0003052594808033717
0.0003072480867784852
0.00030924964747878906
0.00031126424730170256
0.0003132919711840086
0.00031533290462962315
0.00031738713368259573
0.00031945474496705684
0.00032153582564880883
0.0003236304634868436
0.0003257387467855235
0.00032786076445025984
0.00032999660593894034
0.00033214636132184057
0.0003343101212208892
0.00033648797689118004
0.00033868002012863005
0.0003408863433945593
0.00034310703966941824
0.00034534220263871603
0.00034759192648291227
0.000349856306122833
0.0003521354369646914
0.0003544294151692916
0.0003567383373958657
0.0003590623010496616
0.00036140140406894043
0.00036375574511462766
0.00036612542341854905
0.00036851053891947974
0.0003709111921553316
0.0003733274843622982
0.00037575951739703215
0.0003782073938131161
0.00038067121680568686
0.0003831510902492204
0.0003856471187301975
0.0003881594074098914
0.00039068806233340627
0.00039323318991336573
0.0003957948977421415
0.0003983732934158906
0.0004009684861807837
0.0004035805847439434
0.00040620970012832764
0.0004088559420452392
0.000411519423444313
0.00041420025493184336
0.00041689855150853206
0.0004196144246519304
0.00042234799138233744
0.00042509936418976284
0.00042786866199747147
0.0004306559984140492
0.0004334614943239442
0.00043628526425179386
0.0004391274314642941
0.00044198811089862615
0.00044486742882249487
0.00044776549999555985
0.00045068245423682523
0.0004536184057625059
0.0004565734881733924
0.00045954781518464313
0.00046254152381255335
0.00046555472842910606
0.00046858756662902616
0.0004716401581845494
0.0004747126348622465
0.00047780512958814705
0.00048091776117025874
0.00048405067858809867
0.0004872039906216783
0.0004903778550580514
0.000493572380673464
0.00049678772441708
0.0005000239994270511
0.0005032813656503216
0.0005065599303280214
0.0005098598724443204
0.000513181271232007
0.0005165243502101122
0.0005198891353558103
0.0005232759169797329
0.000526684652065409
0.0005301156998113094
0.0005335689621006204
0.0005370448434703217
0.0005405432164966638
0.0005440645057486778
0.0005476085740753357
0.0005511758564381349
0.0005547662089193809
0.0005583800821322815
0.0005620173079590837
0.0005656783819791981
0.0005693630755935963
0.0005730719678968556
0.0005768047401669217
0.0005805620649723356
0.0005843435443013028
0.0005881499139034764
0.0005919807530328177
0.0005958367705523686
0.0005997176463304388
0.0006036239065473663
0.0006075555199362532
0.0006115126037512511
0.0006154957149904715
0.000619504107093519
0.0006235395545081486
0.000627599724610822
0.0006316883449137417
0.0006358008975709472
0.0006399432920368366
0.0006441090247908983
0.0006483058477219335
0.000652525423652777
0.0006567775601869612
0.0006610513190603261
0.0006653599947817885
0.0006696880965416095
0.0006740547353331679
0.0006784370829662255
0.0006828633735051733
0.0006872995831023721
0.0006917877803931604
0.0006962764365961694
0.0007008304531558524
0.0007053690439341679
0.0007099842324238739
0.0007145784370626041
0.0007192451300940465
0.0007239084424636782
0.0007286136215966027
0.0007333423196054553
0.0007380996218947122
0.000742882697565423
0.0007477039625550896
0.000752532309561333
0.0007574166858696357
0.0007623019398708994
0.0007672441494990627
0.000772197829629969
0.0007771784511831997
0.0007822240195722507
0.0007872230315938409
0.0007923743395287551
0.000797374631609938
0.0008026267797409329
0.0008076465758628968
0.0008129932130188501
0.0008180270886496963
0.0008234557016107294
0.000828512465527098
0.0008340151767443637
0.0008391067135971348
0.0008446921598846994
0.0008497961570283071
0.000855496533694326
0.0008605903045102329
0.0008664426136349573
0.0008714946153815671
0.0008775308615265529
0.0008825037624404872
0.0008887797754203175
0.0008936522779404363
0.0009001620040489291
0.000904962241744524
0.0009117064430861511
0.0009164250671739246
0.0009234170891971594
0.0009281168971286818
0.0009349222368164891
0.0009401914543680269
0.0009462913430764056
0.0009527189614364192
0.0009576851818977015
0.0009652371340787111
0.0009695864930747728
0.0009781448847511007
0.0009814027487741704
0.0009915253945956895
0.0009929114772194766
0.001005666674242936
0.001003852793143504
0.00102097021235839
0.0010138066436473445
0.0010381723337655711
0.0010217814142830341
0.0010596559486801254
0.0010220026961562877
0.0010999618745730555
0.0009730507274832989
0.0010913361258465676
0.0009291835808868942
0.001055973342819344
0.0009155758906365403
0.000957382230161086
0.000885105210004275
0.0009745865711624085
0.0008381865842983123
0.0009721131885772338
0.0007948667811069239
0.0009588857795649122
0.0007500592135864445
0.0009603633199704448
0.0007437483143116902
0.0009359406746375747
0.000803656671649047
0.0009422766915681332
0.0008025567678595618
0.0008984045623619472
0.0008303250476946709
0.0009028509282649547
0.0009083500452050459
0.0008472954523506861
0.0009171652294416952
0.0008790659212116331
0.0009208731943686904
0.0009085169045599389
0.0009242654874730156
0.0009336098371413963
0.0009198293253405501
0.0009746803597349505
0.0008723521594830011
0.0009663268500532929
0.0009115008428786493
0.0009524430825097923
0.0009658215636425544
0.0009819393969248786
0.0009821742354514814
0.0010143889456121023
0.0010461509737836761
0.001052619399758115
0.0010641021697512356
0.0010712193226631228
0.001070742022524461
0.0010879623424760064
0.0010733556943260357
0.001120470909951675
0.0011216753143647694
0.0011840509434344233
0.0011639173355705926
0.0012040339082639365
0.001182076290815716
0.0012141562867388767
0.001256603516464172
0.0012795178716693556
0.0013546611234619976
0.0013489615012179698
0.001410454272561007
0.0013637795368780167
0.0014896028376863366
0.0014406058063128613
0.0015389356999046255
0.0014518762231865087
-5.293794980359084e-05
-3.512613931734777e-05
-6.397114332823626e-05
-6.978759153651901e-05
-8.249910812707709e-05
-8.58732275623626e-05
-8.494176416791449e-05
-8.464980720807269e-05
-8.01274623260186e-05
-8.206991137436962e-05
-7.796547487910237e-05
-8.147841553335296e-05
-8.19807179467559e-05
-9.182528658564955e-05
-9.515280267156153e-05
-0.00010321684239600386
-0.00010616518303059971
-0.0001218983930351344
-0.00012453413758962918
-0.00012715012168926872
-0.0001258601953599705
-0.00011495047413714708
-0.00011797642832976456
-9.491935385661139e-05
-0.00010133431552910972
-8.220020960658767e-05
-8.943993585375836e-05
-7.767811739382011e-05
-8.550555077605084e-05
-8.917396347543703e-05
-0.00010111518196323418
-0.00011343757774118208
-0.00012683550224825031
-0.0001306094813381051
-0.00014293376740222416
-0.00014354282817321447
-0.00014737008857611754
-0.0001415954185629964
-0.0001418608546800498
-0.00013091709888379471
-0.00012781705708838265
-0.0001067257465478405
-0.00011049984104180875
-9.062441773407982e-05
-9.395851359200532e-05
-8.004933478372663e-05
-9.300280286581904e-05
-8.557872622801e-05
-0.00010837911481832637
-0.00010686923354462751
-0.00013426692174445118
-0.0001310068329411744
-0.00016840491895638905
-0.00014123802301620707
-0.00011997713653010187
-9.636070459357084e-05
-7.154127906514828e-05
-6.474776547614876e-05
-0.00012173944865086633
-0.00023095694693790042
-0.00032013665778468365
-0.00025903666336043096
-4.6261434794464263e-05
-3.29224690440497e-05
3.210442677933678e-05
-0.00016175641542183337
1.6338687516527885e-05
-0.0002715010610219975
-0.0004481833223558242
-0.000720705506107357
-0.00041129433425830125
-0.0007698203581939776
-0.000585350381014043
-0.0008094788544554433
0.00020794312636394815
4.4531981819877757e-05
0.001076303525515679
-0.00021889724594438561
0.0002024888198820937
-0.0017568098975406753
0.0002257013891105134
-0.0015911071770790478
0.04024567731859485
0.07467016532738407
0.09645065437364961
0.10492489262281832
0.07757546138092128
0.03637072587299224
-0.009633469277517919
-0.03429474868875212
-0.035274957268113534
-0.03383424811677398
-0.03486367770598513
-0.03327638367116188
-0.0375901275635549
-0.04084896363882355
-0.03481575724536747
-0.009580661762683377
0.012228741166542212
0.01614004186486237
0.011895176446069505
0.007822753979660042
0.007291653270653631
0.008420836609597913
0.01469764988300475
0.02099196224062243
0.020489559514747516
0.01577032281073655
0.010662098546634736
0.010536873262636557
0.009413156916578149
0.007774382522103515
0.004633331429261346
0.0015725568696180036
-0.00278420870200069
-0.008309412445654734
-0.012457096337640163
-0.014243192780771149
-0.012833555309675984
-0.009468242081632144
-0.005023200887450691
-0.00371202425067231
-0.0029364434484183506
-0.003842116393011224
-0.005628488531280202
-0.003960537754094409
0.002786093846381496
0.01167957807161622
0.012404717485010429
0.008527904335027453
0.004583547045226094
0.003790376649108807
0.0034434532238676215
0.0038382511610590454
0.007420748322603327
0.007741826220712817
0.002328124443291965
-0.004198621383418825
-0.005282334289095426
-0.0036574867788830316
-0.0022833756615538883
-0.00240355853623041
-0.002566568200256187
-0.0027530077240364155
-0.00438314410732878
-0.006406657554389343
-0.005553881485757774
-0.0024147246079071413
-0.0003648217214516112
0.0004975091283857371
0.0011499786536511656
0.0017220119526015097
0.001172204006475758
0.00023962582893146837
0.00033580428706604415
0.001901749413239613
0.0034447112181322636
0.00402441089428675
0.0030216776388888936
0.0006358250041067045
-0.0016868120390786147
-0.002822853250696555
-0.0021790955447387656
-0.0007304408474692371
0.0001728447059291061
-0.00036316341884738755
-0.0018077859556457783
-0.002527304012594588
-0.001702141958167033
0.00012820404563215868
0.0015018565686486516
0.0020027105550753776
0.0018533491498495256
0.0013800003145048732
0.000830133399976917
0.0006617422733503301
0.0007481179391484495
0.0006102625785211081
0.00020400069866483115
-0.00013208994154144486
-5.160461325066999e-05
0.00021238444112539558
2.0561965087324287e-05
-0.00037930090586310377
-0.0005679254180551124
-0.0003079555114771943
7.755924130387854e-05
5.2330461353250994e-05
-0.00019141597833234456
-0.00043406008771206016
-0.00030997596039173563
0.0002909362523409117
0.001120234933041883
0.00177025416849073
0.0019397663405562664
0.0016420384191151642
0.0009818195138400344
0.0008702478372858306
0.0012529250535080643
0.0014495884934563443
0.001037978733169325
0.00023540168968413903
-0.0006502863917906836
-0.0011315828835771753
-0.0008384207924640758
-3.070521989262748e-05
0.0006008096685556094
0.0007165683078999318
0.00048512714051238614
0.00022965240201255395
0.00015677005592855658
0.00033972360571743205
0.0006935735198802936
0.0009685780699868196
0.0012138712140802826
0.0011309854574754355
0.0007558699191222969
0.0003134391237703258
0.0002523363441637393
0.00029461254304768633
0.00019928780375843267
4.4099948522864554e-05
-0.00022049208923032135
-0.00038256405276602284
-0.0006719573493835934
-0.0007565988045217199
-0.00034362408131811137
1.399231455999357e-05
0.00024875672915157255
0.00030389141330975473
0.0003362475289297846
0.00024391952237527313
0.00015265709990350626
0.00026455209263478
0.0005088045159002815
0.0005945898275289887
0.0005167524820379956
0.00027401843387476213
0.00010324592063021093
0.00016597383901213714
0.00044186148720311427
0.0005475544355472663
0.00048026174697279016
0.0004451861417468573
0.0003727081404098152
0.0002513276240064962
0.0001821549220953456
0.00018021990644403497
0.0002308101578480796
0.000218072568260014
0.00016819597588298022
0.0002800154803954628
0.0002964569449327621
0.00017401195937645698
0.00012592846853816332
0.0003695798986107056
0.000592010480793981
0.0005514993974934373
0.0005449760487436293
0.0004918477586426457
0.00033543799334872875
0.00016146548355770593
0.00010315262249650353
6.149910690115532e-05
-4.597684763145307e-05
-6.603706405536417e-05
-0.00015068864211946977
-0.00021672310023007575
-0.00028709113370082955
-0.0002794226395284406
-0.0003099030554189555
-0.00023484581454241628
-0.0001060807173333327
-4.768211160334039e-05
-0.0001527211130103092
8.274017381361268e-05
-4.095598331875364e-05
7.823788471136367e-05
-1.075618306017618e-06
5.048381456977766e-05
8.839265727804684e-06
3.329105375075739e-05
1.6257350139034537e-05
2.3092104239451003e-05
1.6076821160387964e-05
1.2887930069586289e-05
6.708934549841665e-06
8.89781800954124e-06
4.683061604619933e-06
2.195083734663736e-06
2.5959768861526027e-06
2.5418404163071486e-06
7.26490956939304e-07
1.4019070754308488e-06
1.8789504212153867e-06
1.4596391841361964e-06
2.4988512885035927e-06
1.9949605496017605e-06
2.4605958370397418e-06
2.573661346167626e-06
3.4478551254263975e-06
2.7087581392219354e-06
3.853676820086645e-06
3.0007159680875597e-06
3.7907370054595123e-06
3.196990551212629e-06
3.865461191607857e-06
3.3632718936155067e-06
3.7417783338614295e-06
3.4988248372793833e-06
3.669329402724012e-06
3.567950291309525e-06
3.6729539822135594e-06
3.596663143114908e-06
3.6659066875495907e-06
3.651809850535072e-06
3.676798605983789e-06
3.6897645382881383e-06
3.7285034598322843e-06
3.7377874834493887e-06
3.7679807132066413e-06
3.7930854475676234e-06
3.8135562031562037e-06
3.844584861962923e-06
3.868114173488071e-06
3.8978871582846266e-06
3.91887240217448e-06
3.9519181782397416e-06
3.970490719588829e-06
4.004470892538156e-06
4.0246881250548765e-06
4.056887808012087e-06
4.0773278709071905e-06
4.109599820171838e-06
4.131502120571974e-06
4.162205538154657e-06
4.186481381996429e-06
4.215843281806756e-06
4.2413727709693545e-06
4.27043597482895e-06
4.297032685039899e-06
4.3257863897167015e-06
4.353439079998831e-06
4.382122559358102e-06
4.410341539174106e-06
4.439317458424527e-06
4.468054064552408e-06
4.497257320035079e-06
4.526533177886096e-06
4.556029217463696e-06
4.585708110535795e-06
4.615576292588e-06
4.645680057535628e-06
4.675901390407294e-06
4.706428509719724e-06
4.737028435158408e-06
4.7679444694741224e-06
4.798953323888449e-06
4.830270956925563e-06
4.8616846299854004e-06
4.893406910135099e-06
4.925241016883559e-06
4.957361251981115e-06
4.9896261452148354e-06
5.022156064746284e-06
5.054850856267383e-06
5.087798119817713e-06
5.120928419520142e-06
5.154298370569867e-06
5.187868159326874e-06
5.22167041155881e-06
5.255681962127682e-06
5.289923678619061e-06
5.324382187632906e-06
5.359069292152773e-06
5.393979828776404e-06
5.429119536611314e-06
5.464486998341909e-06
5.500085470164961e-06
5.535915778204307e-06
5.57197906284919e-06
5.608278021058694e-06
5.6448126153533324e-06
5.681586066723582e-06
5.718598179300406e-06
5.755852336832273e-06
5.793348228345062e-06
5.831089305792232e-06
5.869075421954524e-06
5.907309717259851e-06
5.945792452929054e-06
5.984526446122266e-06
6.023512276927007e-06
6.062752499496563e-06
6.102248012651449e-06
6.142001089301497e-06
6.182012918180498e-06
6.2222855807915e-06
6.262820455461534e-06
6.303619505874914e-06
6.344684258113636e-06
6.386016585729253e-06
6.42761812788919e-06
6.469490714693755e-06
6.511636056658819e-06
6.554055967945968e-06
6.59675221587359e-06
6.639726608934006e-06
6.682980959532125e-06
6.726517085771475e-06
6.7703368324334776e-06
6.8144420352319376e-06
6.858834567931575e-06
6.903516286860321e-06
6.9484890914575485e-06
6.993754863268971e-06
7.039315524573833e-06
7.08517298374017e-06
7.1313291857611795e-06
7.177786066399176e-06
7.224545593540951e-06
7.271609731064133e-06
7.3189804697896405e-06
7.366659801639509e-06
7.414649741490937e-06
7.462952309029991e-06
7.511569543851293e-06
7.560503493505774e-06
7.6097562230850214e-06
7.659329807856944e-06
7.709226339094443e-06
7.759447919812763e-06
7.809996668156323e-06
7.860874715022036e-06
7.912084205837725e-06
7.963627299669394e-06
8.0155061698132e-06
8.067723003712078e-06
8.120280003000736e-06
8.173179383747647e-06
8.22642337628722e-06
8.280014225638837e-06
8.33395419129533e-06
8.388245547676391e-06
8.442890583803533e-06
8.497891603862027e-06
8.553250926782185e-06
8.608970886779185e-06
8.665053833167456e-06
8.72150213061286e-06
8.778318159199537e-06
8.83550431454388e-06
8.893063007811382e-06
8.950996665959968e-06
9.009307731619099e-06
9.067998663436072e-06
9.127071935983031e-06
9.186530040007385e-06
9.246375482444358e-06
9.3066107866488e-06
9.367238492392617e-06
9.42826115597906e-06
9.489681350373037e-06
9.551501665270201e-06
9.61372470719595e-06
9.676353099655655e-06
9.739389483358687e-06
9.80283651618244e-06
9.866696873299385e-06
9.930973247265773e-06
9.995668348194986e-06
1.0060784903875505e-05
1.0126325659861116e-05
1.0192293379604478e-05
1.0258690844604582e-05
1.032552085443103e-05
1.0392786226871495e-05
1.0460489798051406e-05
1.0528634422586614e-05
1.0597222973730835e-05
1.0666258343452465e-05
1.0735743442548315e-05
1.0805681200768071e-05
1.087607456693809e-05
1.094692650908446e-05
1.1018240014582e-05
1.1090018090305726e-05
1.116226376268756e-05
1.1234980077883096e-05
1.1308170101866648e-05
1.1381836920604032e-05
1.145598364015974e-05
1.1530613386835017e-05
1.1605729307307367e-05
1.1681334568732804e-05
1.1757432358926523e-05
1.1834025886490666e-05
1.1911118380881468e-05
1.198871309259392e-05
1.2066813293312263e-05
1.2145422276002468e-05
1.222454335511658e-05
1.2304179866701126e-05
1.2384335168519761e-05
1.2465012640279375e-05
1.2546215683618758e-05
1.2627947722346933e-05
1.2710212202572868e-05
1.2793012592884876e-05
1.2876352384485364e-05
1.296023509126247e-05
1.3044664250052782e-05
1.3129643420719064e-05
1.3215176186266709e-05
1.3301266153074013e-05
1.3387916951014859e-05
1.3475132233635773e-05
1.3562915678262438e-05
1.3651270986146495e-05
1.3740201882671158e-05
1.3829712117496569e-05
1.3919805464730382e-05
1.4010485723034205e-05
1.4101756715842906e-05
1.419362229148118e-05
1.4286086323353215e-05
1.4379152710057022e-05
1.4472825375619162e-05
1.4567108269662981e-05
1.4662005367496774e-05
1.4757520670322078e-05
1.4853658205445119e-05
1.4950422026352894e-05
1.5047816212992776e-05
1.5145844871864572e-05
1.5244512136203757e-05
1.5343822166239432e-05
1.5443779149207793e-05
1.5544387299692492e-05
1.5645650859693835e-05
1.5747574098863104e-05
1.5850161314689558e-05
1.5953416832597005e-05
1.605734500621374e-05
1.6161950217643163e-05
1.626723687723067e-05
1.6373209424408405e-05
1.6479872327283253e-05
1.6587230083300864e-05
1.6695287219082636e-05
1.6804048290652934e-05
1.6913517883900666e-05
1.7023700614302382e-05
1.7134601127553614e-05
1.7246224099619074e-05
1.7358574236962735e-05
1.7471656276760518e-05
1.7585474986961132e-05
1.7700035166589967e-05
1.7815341645990637e-05
1.7931399286787575e-05
1.8048212982394546e-05
1.8165787658182194e-05
1.8284128271581043e-05
1.840323981228397e-05
1.852312730242992e-05
1.8643795796932662e-05
1.8765250383608707e-05
1.8887496183407157e-05
1.9010538350668775e-05
1.9134382073376118e-05
1.9259032573245065e-05
1.9384495105974274e-05
1.9510774961549e-05
1.963787746437647e-05
1.9765807973616436e-05
1.9894571883261636e-05
2.0024174622494575e-05
2.0154621655860345e-05
2.0285918483482372e-05
2.04180706413074e-05
2.055108370136821e-05
2.068496327199916e-05
2.0819714998056277e-05
2.0955344561193385e-05
2.109185768003869e-05
2.1229260110529696e-05
2.136755764605934e-05
2.1506756117752984e-05
2.1646861394761603e-05
2.17878793844068e-05
2.192981603255518e-05
2.2072677323813208e-05
2.2216469281741754e-05
2.2361197969130928e-05
2.2506869488281983e-05
2.2653489981254438e-05
2.2801065630115303e-05
2.2949602657196255e-05
2.3099107325374665e-05
2.3249585938375436e-05
2.340104484089417e-05
2.3553490419008297e-05
2.3706929100395652e-05
2.3861367354603355e-05
2.4016811693334042e-05
2.4173268670699133e-05
2.4330744883491184e-05
2.4489246971537773e-05
2.464878161786586e-05
2.4809355549016646e-05
2.4970975535419833e-05
2.5133648391559293e-05
2.5297380976352325e-05
2.5462180193372343e-05
2.5628052991161568e-05
2.5795006363575363e-05
2.596304734998542e-05
2.613218303558658e-05
2.6302420551791925e-05
2.6473767076429667e-05
2.6646229834129554e-05
2.681981609657354e-05
2.699453318281541e-05
2.7170388459579363e-05
2.7347389341585604e-05
2.7525543291796566e-05
2.7704857821888966e-05
2.7885340492427284e-05
2.80669989132544e-05
2.8249840743805026e-05
2.8433873693338614e-05
2.86191055213535e-05
2.8805544037933538e-05
2.899319710401166e-05
2.9182072631759324e-05
2.9372178584868196e-05
2.9563522978908255e-05
2.9756113881667583e-05
2.9949959413518717e-05
3.0145067747620533e-05
3.0341447110678477e-05
3.0539105782653037e-05
3.073805209766157e-05
3.093829444389179e-05
3.113984126430433e-05
3.1342701056904544e-05
3.1546882374927166e-05
3.175239382756487e-05
3.195924407997652e-05
3.216744185370623e-05
3.237699592713989e-05
3.2587915135856246e-05
3.280020837299988e-05
3.3013884589677906e-05
3.322895279520954e-05
3.3445422057789545e-05
3.366330150450145e-05
3.388260032194802e-05
3.410332775656598e-05
3.432549311502484e-05
3.45491057647079e-05
3.477417513394172e-05
3.500071071248001e-05
3.522872205192416e-05
3.545821876607273e-05
3.5689210531364426e-05
3.5921707087288634e-05
3.615571823678977e-05
3.6391253846636295e-05
3.662832384791065e-05
3.6866938236353e-05
3.710710707285035e-05
3.734884048381263e-05
3.7592148661639234e-05
3.783704186509341e-05
3.808353041977967e-05
3.8331624718603735e-05
3.8581335222157855e-05
3.883267245915708e-05
3.908564702688596e-05
3.934026959169653e-05
3.959655088942569e-05
3.985450172589301e-05
4.011413297725302e-05
4.0375455590554044e-05
4.063848058416216e-05
4.090321904813305e-05
4.116968214483053e-05
4.143788110931305e-05
4.170782724991862e-05
4.1979531948575235e-05
4.225300666134142e-05
4.252826291896363e-05
4.280531232727996e-05
4.308416656768996e-05
4.33648373977253e-05
4.3647336651523916e-05
4.393167624035295e-05
4.4217868153031194e-05
4.4505924456443764e-05
4.479585729614329e-05
4.508767889678479e-05
4.5381401562651124e-05
4.5677037678184374e-05
4.5974599708509256e-05
4.627410019997192e-05
4.657555178064058e-05
4.687896716081631e-05
4.718435913363467e-05
4.749174057556028e-05
4.7801124446931206e-05
4.811252379253886e-05
4.8425951742148e-05
4.8741421511058967e-05
4.905894640065838e-05
4.937853979895742e-05
4.970021518121528e-05
5.0023986110478733e-05
5.0349866238146875e-05
5.0677869304569195e-05
5.1008009139582114e-05
5.134029966306127e-05
5.167475488564079e-05
5.201138890920196e-05
5.2350215927487315e-05
5.269125022676737e-05
5.3034506186311814e-05
5.337999827904693e-05
5.372774107219682e-05
5.4077749227891565e-05
5.443003750379288e-05
5.4784620753676105e-05
5.5141513928103503e-05
5.550073207502841e-05
5.58622903404258e-05
5.6226203968930735e-05
5.659248830457129e-05
5.6961158791249395e-05
5.733223097352615e-05
5.7705720497105585e-05
5.808164310970476e-05
5.846001466161638e-05
5.884085110636352e-05
5.922416850149403e-05
5.96099830091387e-05
5.99983108966222e-05
6.03891685372827e-05
6.078257241112444e-05
6.117853910555709e-05
6.157708531601368e-05
6.197822784668188e-05
6.238198361123384e-05
6.278836963349388e-05
6.319740304815767e-05
6.360910110160855e-05
6.402348115257706e-05
6.444056067290894e-05
6.486035724817793e-05
6.528288857855074e-05
6.570817247949137e-05
6.613622688254569e-05
6.656706983606029e-05
6.700071950599274e-05
6.743719417659838e-05
6.787651225125002e-05
6.831869225316362e-05
6.87637528262677e-05
6.921171273601513e-05
6.966259086994294e-05
7.011640623881776e-05
7.057317797696876e-05
7.103292534375752e-05
7.149566772347735e-05
7.196142462738523e-05
7.2430215693015e-05
7.29020606867717e-05
7.337697950267943e-05
7.385499216561823e-05
7.433611882954819e-05
7.482037978117141e-05
7.530779543775309e-05
7.57983863513134e-05
7.629217320577101e-05
7.678917682194078e-05
7.728941815380031e-05
7.779291829457507e-05
7.829969847181542e-05
7.880978005467244e-05
7.932318454774299e-05
7.983993359987835e-05
8.036004899624621e-05
8.08835526689068e-05
8.141046668746143e-05
8.194081327042495e-05
8.247461477613985e-05
8.301189371263837e-05
8.355267273130792e-05
8.409697463300552e-05
8.464482236644424e-05
8.519623902861103e-05
8.575124786974357e-05
8.630987228659185e-05
8.687213583499953e-05
8.743806221543666e-05
8.80076752931891e-05
8.858099907597738e-05
8.915805774374272e-05
8.973887561310531e-05
9.032347718631356e-05
9.09118870877328e-05
9.150413015269766e-05
9.210023130930514e-05
9.270021573796307e-05
9.33041086677111e-05
9.39119356333562e-05
9.452372216654559e-05
9.513949416098343e-05
9.575927745616493e-05
9.638309830672562e-05
9.701098286787484e-05
9.764295775575582e-05
9.827904944974787e-05
9.891928492976384e-05
9.956369100123634e-05
0.00010021229502111744
0.00010086512411025051
0.00010152220602644415
0.00010218356818861501
0.00010284923878294097
0.00010351924550757736
0.00010419361699715642
0.00010487238125942051
0.00010555556724881868
0.0001062432034488216
0.00010693531896744757
0.0001076319429514158
0.00010833310454327688
0.00010903883361919157
0.00010974915923649077
0.00011046411214857835
0.00011118372121765219
0.0001119080182007788
0.00011263703178802952
0.00011337079458059642
0.00011410933526764098
0.00011485268726379004
0.00011560087903195881
0.00011635394518472433
0.00011711191366459579
0.0001178748203443116
0.00011864269263002578
0.00011941556775121442
0.00012019347208086159
0.0001209764452257552
0.00012176451115875693
0.00012255771285952399
0.0001233560716077471
0.00012415963338073674
0.000124968417716133
0.0001257824726432009
0.00012660181678024376
0.00012742649946961425
0.00012825653959584195
0.00012909198612283922
0.00012993285989258197
0.0001307792086219649
0.0001316310548775863
0.00013248844681501993
0.0001333514051013421
0.00013421998192596695
0.00013509419438651718
0.00013597409787437448
0.00013685970982307513
0.0001377510793777253
0.00013864824156641455
0.00013955121145435806
0.00014046007438930485
0.00014137478332454628
0.00014229549907337775
0.00014322209084635516
0.0001441548154095028
0.00014509343389483114
0.0001460383224689417
0.00014698911803497354
0.00014794632563851554
0.00014890945503840444
0.00014987914280953417
0.00015085475331772796
0.0001518370975792251
0.00015282532213728127
0.00015382051275061818
0.0001548214700121914
0.00015582973706889064
0.00015684347054353745
0.00015786514964188426
0.0001588917187318236
0.00015992622016358562
0.00016096556079695217
0.00016201274500492841
0.00016306490522109934
0.0001641250280931504
0.00016519017078008317
0.00016626261629494165
0.00016734087119039823
0.00016842542929381647
0.00016951709922009492
0.0001706143178180203
0.00017171928178069803
0.00017282948362385927
0.0001739479905122636
0.00017507032417177692
0.00017620275320973664
0.00017733773865942276
0.00017848240101882512
0.00017963006929502985
0.00018078654283138577
0.00018194537893208935
0.00018311495124456777
0.0001842819743544153
0.00018546368740961303
0.00018663830494909873
0.00018783150200766928
0.0001890135370985267
0.00019021926122150812
0.0001914088983130057
0.00019262882691461732
0.00019382813539411492
0.00019506031687880482
0.00019627095675405805
0.00019751617246063433
0.0001987382158508532
0.00019999826623575724
0.00020122178629760398
0.00020250270633690327
0.00020372440166040347
0.000205028700637655
0.0002062447020097155
0.0002075695242562299
0.00020878670767355938
0.0002100955577164854
0.00021133359057248
0.0002126318048848476
0.0002139031447961049
0.00021518755732112885
0.0002165385871009791
0.0002177623258550938
0.00021920635351047307
0.00022036020201771523
0.0002218995366483293
0.0002229641367788148
0.0002246319209190141
0.00022557264125493224
0.0002274196773817132
0.00022818463481760233
0.0002303102998402768
0.00023074977195862868
0.00023343037457541666
0.00023289554010345122
0.00023771913629432907
0.0002318132072668625
0.00023246196236249525
0.00022574456420263313
0.00022609061538426378
0.00021735058898484717
0.00022434809693533636
0.00021562254475550075
0.00021826582788233374
0.0002110454160557918
0.0002127126031705905
0.00020350315387166786
0.000204182580924507
0.0001979980292738877
0.00019729257320636977
0.00019268810462341935
0.0001921122453429708
0.00019517092951714838
0.00019037134817093452
0.00018538804335266681
0.00018451701134475362
0.00016829593904359869
0.0001721003506813812
0.00015206809538989563
0.0001459471603119794
0.0001262075176610717
0.00013149000397334742
0.00010565103430049821
0.00011616672644860701
9.907813567698598e-05
0.00011280044856300589
0.00010257455286981701
0.00011130322364834994
9.744481996573256e-05
0.00011392983036017842
9.139822390721755e-05
0.00011466077158627427
6.30561549442075e-05
7.201719541501215e-05
4.4863530814893065e-05
3.771508464024106e-05
3.1221338953807355e-05
1.728499444593597e-05
1.566849810060697e-05
7.779041756112627e-06
9.465006388550508e-06
-6.9329681415987234e-06
-2.7125379342433234e-06
-2.418445760112149e-05
-2.441351573003503e-05
-3.088908794423966e-05
-3.817177373484613e-05
-3.474817287554727e-05
-4.523736937819272e-05
-3.5676717556431606e-05
-4.617248139023475e-05
-3.4207386586812265e-05
-4.1181980028304316e-05
-3.219820322860628e-05
-3.404826290760405e-05
-3.6175443580115834e-05
-3.9198272166799893e-05
-4.702692593870889e-05
-5.2095859750803965e-05
-6.229687054595682e-05
