-0.00033375456165508113
-0.00029749561168005144
-0.00033739557209105903
-0.0003358436331675881
-0.0003439198776245228
-0.00033764029367843205
-0.00032493476499416673
-0.00032900571752577496
-0.0003177341303082598
-0.00032525204294026955
-0.00032144437907916904
-0.00033199865586698747
-0.00032442448800175345
-0.00033558812708727977
-0.000348013308377952
-0.0003458048949988486
-0.00036065331156412785
-0.0003582789171481429
-0.00036640022064579494
-0.0003674412408534728
-0.0003684778119422499
-0.0003560813267252923
-0.00036448085139869783
-0.00034396463214472176
-0.0003418595609708981
-0.00036371130324766457
-0.0003296744514140143
-0.00035705964895108055
-0.00032332494361556345
-0.00034427493265531533
-0.0003215870438133721
-0.0003350397064085544
-0.0003170996575738197
-0.00033141349461257965
-0.000303691706835326
-0.000329990897799758
-0.00031092810704323433
-0.00032834673673164203
-0.0003389888857589984
-0.0003330704503128171
-0.00033903010673680097
-0.00034177742547657273
-0.00034369654301277754
-0.00034110261761966464
-0.0003419133329003709
-0.00033542650966817084
-0.00034268266732392916
-0.00034566281145505424
-0.0003221644008415091
-0.0003457512141436581
-0.00031920703652443344
-0.00033429731565772663
-0.00032710611079898313
-0.000328869871900362
-0.0003157017592573686
-0.0003224574403391398
-0.0003107193807687415
-0.0003062484953179301
-0.0003034946741596133
-0.0002997251268513694
-0.0002882312525334784
-0.0002930789751385024
-0.0002744022373786929
-0.0002761502876675024
-0.00025842849810662707
-0.000265607192618415
-0.0002427803895744932
-0.000255268424199094
-0.00023781024274106193
-0.00024598580374021956
-0.00024129460991741103
-0.00024870185430202885
-0.0002490636834814715
-0.00024817914673906253
-0.0002457252763306897
-0.000245484320520366
-0.00023075861920910374
-0.0002357839253617504
-0.00022179571463501322
-0.00023410495016735808
-0.00021868543949983365
-0.00022555827935465106
-0.0002226795674100004
-0.0002199695874133469
-0.0002158131956947522
-0.00022069950086805272
-0.00021793319249869005
-0.00021700806851395995
-0.00021133651065567824
-0.00021827206215691475
-0.00020593768211307905
-0.00021027243801707442
-0.0002013386846499515
-0.0001913778322575046
-0.0001919790004258723
-0.00017175084990999603
-0.0001845655953359693
-0.00017292699695825977
-0.0001830389066703233
-0.00017878592477599462
-0.0001871032181261241
-0.00017518303489776944
-0.00018830287666756715
-0.0001741353633821557
-0.00020732402837602733
-0.00017250881736223774
-0.00022371598065668304
-0.00018736372886424412
-0.00021605187850705024
-0.00018684569305926627
-0.00021063188332618994
-0.00018565318234187406
-0.00022294307694723436
-0.0002082639671914267
-0.00024404735927890275
-0.0002378243396303561
-0.00027235357458804156
-0.00024997661818056626
-0.0002946851679864811
-0.0002613579450173562
-0.0002945572269958259
-0.00026864822305566077
-0.00029214853301735686
-0.00026587170901531785
-0.0002800591596279048
-0.00026633273547630457
-0.00026965907236981034
-0.00026209816928204915
-0.00028355171824290466
-0.0002824955200457751
-0.0003072458038980563
-0.00031100735530047434
-0.00034154777643562715
-0.0003513708783693004
-0.0003763613470123007
-0.00036688778757184003
-0.0003971743030712042
-0.0004046958716921271
-0.0004052380897983795
-0.00043152519735987956
-0.00041880544119883903
-0.0004283680513536978
-0.00041728364521084825
-0.0004271256304184157
-0.00040963667301189806
-0.0004277285124376296
-0.00040551687480760854
-0.0004217362469860277
-0.00039326257121141315
-0.00041177014668026987
-0.00037940802776706797
-0.0003989294438698158
-0.0003755459639738558
-0.0003788582836026507
-0.0003777321747426685
-0.0003742722401572829
-0.0003723796207999734
-0.0003760852069404283
-0.00039421275493595274
-0.0003892570512566677
-0.0004050033214879666
-0.00040333671175992673
-0.00040413415648956263
-0.0004121696614816801
-0.0004020123915889558
-0.00041778291726415597
-0.0003950021247069791
-0.00041002785920510765
-0.00039246275449298165
-0.0004044146871595892
-0.0003756371187984062
-0.0004211571604821665
-0.0003801872056737204
-0.0004105554329129157
-0.0004114802936682541
-0.0004044187537199475
-0.00043820537562402754
-0.00041436012408511345
-0.0004316162899912718
-0.0004272754424881816
-0.0004256542976970645
-0.00042613801563585205
-0.0004139318343280653
-0.0004166812720413468
-0.0004102735373005094
-0.0004024307626980688
-0.00040274263199619083
-0.00039565219219381156
-0.00040560932148735467
-0.00039097047412717907
-0.00042771767523939525
-0.00039639192392669384
-0.0004347776221197081
-0.00039959918534352833
-0.0004520685329052641
-0.000416149899504753
-0.0004543753860516515
-0.0004475590449949454
-0.0004659165143881586
-0.00045196276953396366
-0.00047378506256539243
-0.00045915750542398193
-0.00047939588742316135
-0.0004665154018371511
-0.0005015831755127956
-0.00048153166191312457
-0.0005121385453146004
-0.00048749295879622445
-0.0005148244519233567
-0.0004989566243800048
-0.0005102736149205347
-0.0005063602214079002
-0.0005154230520218192
-0.0005129348439693025
-0.0005279883114416342
-0.0005018206600257021
-0.0005491705716022821
-0.0005081224131218644
-0.0005518906507656509
-0.0005183445648626792
-0.0005434211228081626
-0.0005288454962445088
-0.0005482405056405907
-0.0005392271207627312
-0.0005582285902799909
-0.0005482992177364057
-0.0005822363403352425
-0.0005796442877372236
-0.0006157262514136855
-0.0005999595416249373
-0.0006478240968844024
-0.0006197274164464013
-0.0006711052833676572
-0.0006599664662726651
-0.0006822678650608496
-0.0006930851343461587
-0.0007170103616498148
-0.0007107775686054545
-0.0007346619629727547
-0.0007227527307036366
-0.0007562882307516035
-0.0007605055936918273
-0.0007635920372771987
-0.0007767825370637096
-0.0007794174603408359
-0.000775230505908173
-0.0008076553537474922
-0.0007914567746153691
-0.0008201129804635198
-0.0008051785200523676
-0.0008214088727693967
-0.0008093325091979853
-0.0008295035857835502
-0.00081899451937153
-0.0008592813621395879
-0.0008410594844566533
-0.0008787172743056786
-0.00085784322703953
-0.0009033479402570589
-0.0008679684683249246
-0.000901901581118908
-0.0008920797119723235
-0.0009077886295295499
-0.0009092098280159293
-0.0009180465724863082
-0.0009148277818621636
-0.0009111415815031018
-0.0009134777484819938
-0.0009322149620578747
-0.0008982830714010451
-0.0008947387106314876
-0.0008978583474018706
-0.000921211302130139
-0.0009437042536898983
-0.0009656917189077885
-0.0009236871496670751
-0.0010891740314358629
-0.0009397971746024933
-0.0012143988502900487
-0.0009391747335216749
-0.0012346649173689073
-0.000757375893987714
-0.0011955682682363111
-0.0004632312407878427
-0.0013745662026142134
8.504500384272305e-06
-0.0020721617759705026
0.0012423491822525386
-0.004925395770067318
0.018938408789481775
0.07992448274727837
0.07768378962835074
0.054781100994586024
0.012376240482995873
0.021177086947042702
0.013197303360582535
-0.0017015740622670801
-0.025844561515897473
-0.04104647672694154
-0.04134327673989263
-0.027448484902574302
-0.02937299199666074
-0.04520083787428887
-0.04881581189136287
-0.028299603558302872
-0.0158816231137131
-0.0020055781437258507
0.01631197728850989
0.031205428161952393
0.022556597450098213
0.013139611378627868
0.008416265983614085
0.010652964304315081
0.024450276212001312
0.02264502725952512
0.01279771935888796
0.006037685300392656
0.002804417523508764
-0.003811718929312373
-0.006176047974243543
-0.009268489454640195
-0.008071066511104053
-0.0049541374293107406
-0.004967959349176043
-0.013709380347411482
-0.017893638412238868
-0.014663966177593966
-0.006022578650884175
-0.004293705321364678
-0.0005599586471891963
-0.0010385593100952803
-0.0002572082037959884
0.0019171025889550746
0.003197785805998886
0.005224689069529194
0.005027863637547494
0.0052886586044688984
0.004716288625907288
0.0045948300169798804
0.006010672633790623
0.004496587278019817
0.00045524688338973547
-0.004006706970038814
-0.005282266181980296
-0.003204133431237828
0.00038424196594924714
0.0019228398725007387
-0.0013889652781042309
-0.0039780711492594985
-0.004813088622458468
-0.003383495734100802
-0.0022728707083485523
-0.00023496462158737445
0.0013924730246214934
0.0018270130648296466
0.0023040462542429528
0.0013627228533711973
0.0006193560038622035
0.0013245989253129328
0.002702870984710233
0.0028274565236012022
0.0028319599334024085
0.0025429484687843566
0.0010080972143370356
-0.000823714750377015
-0.0013104647219368821
-0.001237817217544162
-0.0006532581652261356
-0.0008653087166580609
-0.0012748786225819308
-0.0017127292119943078
-0.0016002170795940919
-0.0013475232083386911
-0.001048248041108877
-0.0008371137886467649
-0.0005215425848137754
0.00021911324980410923
0.0009110829004620477
0.0009442187746280032
0.00047168824008236203
0.00011293694626848541
-7.01937300712429e-05
0.00024800197898806013
0.0005848091297166753
0.0008872541995099641
0.00041055586012567246
-0.00024866522891148094
-0.0009374491054678884
-0.00106840882718092
-0.0007214933671055111
-0.00017980409591815774
0.00011372356236949287
0.000180962895928579
0.00014663695926316511
0.00012277179356488
-0.00022797115725894777
-0.00039652145442463415
-0.00015973797517972903
0.0001652902772691566
0.00046709781997514516
0.0005445478983313164
0.00044749055662643845
-1.1615373835590979e-05
-0.00011275327116719986
-6.799630945507721e-06
0.0005490143971366904
0.0010724912489044087
0.00137882087282169
0.0012756802597431133
0.0009894513521114556
0.0007487726698891741
0.0005773139357638111
0.00029083987998867263
0.00018319583593821813
-3.4553254431410977e-06
-1.7104418793901296e-05
-0.00012204136103313769
-0.0002618479106546662
-0.0005813344334420424
-0.0008507241449011833
-0.0010743456105954318
-0.0009317968263851213
-0.00058314199003717
-0.0003083510831075774
-0.00020905850859476995
-0.0003204779526153938
-0.0004892753194740672
-0.0004689502001569344
-5.272343640628463e-05
0.00036475025053594827
0.0005768274526108377
0.0006672393696436357
0.0007105903482263745
0.0005084975246816626
0.00020454403731597802
-8.049858275634116e-05
-0.00012065977660520401
-8.236114168114312e-05
1.8900706812450987e-05
-2.0112551475769022e-05
-8.362333065834769e-05
-6.164059421071241e-05
-3.538081681340936e-05
0.0001510805261488234
-0.00017329347215374436
-2.292708883062459e-05
-0.00012168781799623635
1.7581116743593423e-05
-6.24882488612809e-05
-6.816654135911589e-05
-0.00016508910580131326
-0.00010272130826290794
-0.00011486826611367803
4.387489984652624e-05
6.009501225180485e-05
0.00017281511354951099
8.595714164460111e-05
0.00011770155510786085
6.616323917172925e-05
9.111514476954685e-05
-1.3665061601295427e-05
-6.911538631113699e-05
-0.00011960930733142383
-7.175083165049514e-05
-3.360054931576421e-05
-3.9110681632416875e-05
-0.00011377706797150526
-0.0001362155107433935
-0.00010887315270942898
-7.296455936186866e-05
-1.3652454277819393e-05
7.24864124948792e-05
9.943111584971066e-05
9.223808466918047e-05
8.187208256250125e-05
6.323626300350224e-05
6.0984844952797574e-05
5.074210963492063e-05
2.9949988415347325e-05
-2.596036155206352e-06
-2.524108108674898e-05
-4.541635254983649e-05
-9.069645100214787e-05
-0.00011845095792223305
-0.00011894694213378026
-9.14812229318245e-05
-7.216786559878009e-05
-5.954071959060858e-05
-6.457463128549427e-05
-4.60324651264726e-05
-1.6658377767799913e-05
1.4870600515887828e-05
3.294751610832304e-05
3.939132589325276e-05
4.1767050506194125e-05
4.762715945288813e-05
4.010520017402267e-05
5.0361969578260576e-05
3.51689245252556e-05
1.9710530483814902e-05
6.977507981491206e-06
6.515142205080625e-06
5.705961343441973e-06
5.2601801091454125e-06
-6.835969535162262e-06
-3.00067194889663e-05
-4.490453396153429e-05
-4.471939838039283e-05
-3.079889260579184e-05
-2.4365408702115955e-05
-1.4633418974851077e-05
-1.650972808448135e-05
-1.627096223356608e-05
-1.4837473776698558e-05
-8.654914896475015e-06
-6.504804037714613e-06
4.004546787604287e-06
9.246581687467643e-06
2.1823538782540796e-05
2.119935305165574e-05
1.924665173692189e-05
1.225174749781667e-05
1.18133351922427e-05
8.705533777445847e-06
1.0036648253382502e-05
7.594183612179289e-06
5.9219334201180405e-06
-1.602782253433215e-06
-5.514849758899153e-06
-7.654877348683482e-06
-7.913806413072458e-06
-7.800270527583868e-06
-7.932431416133982e-06
-7.235904544199845e-06
-6.141269663450513e-06
-1.6626501320992097e-06
-9.060258362548828e-07
-4.6916289541174385e-07
-1.345470160573622e-06
2.2833220031169923e-06
6.034246524941876e-06
8.836581225571546e-06
8.315916077048722e-06
6.650038035622638e-06
2.3276941153847915e-06
7.717984626108045e-07
2.135313604731924e-07
1.1176739053817171e-07
-1.707958091543265e-06
-3.603510155545872e-06
-6.311207053659104e-06
-9.174470568043384e-06
-9.432145724123781e-06
-9.861476715535217e-06
-8.652989211367494e-06
-8.880366916151497e-06
-6.693232534229717e-06
-5.386444537235058e-06
-4.434121314360676e-06
-5.494751559434463e-06
-5.27868378402685e-06
-5.220408724076998e-06
-3.347752804703198e-06
-2.684495120637608e-06
-1.8269924526619552e-06
-4.189303656970699e-06
-5.494682132547047e-06
-7.222282221403561e-06
-7.226991787961397e-06
-6.758041442687002e-06
-5.203617230300247e-06
-4.4161655295751065e-06
-4.48803196646008e-06
-4.251200597232405e-06
-4.090845294818675e-06
-4.353280708792898e-06
-5.835856231486199e-06
-6.330371807935164e-06
-7.238885399324157e-06
-6.440417322182534e-06
-5.835630592268006e-06
-5.727343525126823e-06
-7.119576288121049e-06
-7.838351553244715e-06
-8.614168744872509e-06
-7.849686548440629e-06
-7.711390030600313e-06
-6.947632463303463e-06
-7.0160351016320725e-06
-7.125300818385877e-06
-7.952780989241195e-06
-8.092153177536427e-06
-7.596007067671169e-06
-7.136846622239959e-06
-5.700538531095372e-06
-6.120005185492527e-06
-6.0995465413540275e-06
-7.653741663072383e-06
-8.723376387394455e-06
-1.0106126987743686e-05
-1.0563015027827182e-05
-1.1123997398192596e-05
-1.088226035062607e-05
-1.109487790304777e-05
-1.0554124366505424e-05
-1.0368938610430474e-05
-9.38174914746464e-06
-1.0071428200408486e-05
-9.721114571391535e-06
-1.0132292968111729e-05
-9.231253837149495e-06
-9.220863984788711e-06
-9.021591471552299e-06
-9.120481709736167e-06
-9.050446919120828e-06
-9.032155614266662e-06
-8.792765322911307e-06
-9.100728693617414e-06
-9.21692264621945e-06
-9.333600448375171e-06
-9.685889768754883e-06
-9.823406441558419e-06
-9.972964978954835e-06
-1.0206652014888061e-05
-1.0540944030436577e-05
-1.0976070974032259e-05
-1.1080012848103504e-05
-1.0931423474695612e-05
-1.0899029135785586e-05
-1.1084504786494821e-05
-1.1379250362110655e-05
-1.1718618618057603e-05
-1.1603635791989339e-05
-1.1750854971442514e-05
-1.158868422559905e-05
-1.1550890081041664e-05
-1.1314185689573032e-05
-1.1373354794633595e-05
-1.1284187991616708e-05
-1.1499668413571541e-05
-1.1522044411410343e-05
-1.1813037740406859e-05
-1.1851225287438938e-05
-1.2151989912858566e-05
-1.2216867636928889e-05
-1.260118639185003e-05
-1.2765373731623872e-05
-1.3162910113221122e-05
-1.3166969278171684e-05
-1.3322218819898215e-05
-1.330580685656284e-05
-1.3538904070920169e-05
-1.3520772503662783e-05
-1.3601903246512992e-05
-1.3533291414084697e-05
-1.3595613729318784e-05
-1.3639715968572917e-05
-1.3794307724931281e-05
-1.3885351298094239e-05
-1.4035484983817534e-05
-1.4158802869442779e-05
-1.4358845690859586e-05
-1.458939600496663e-05
-1.4844123036249776e-05
-1.5053276727721473e-05
-1.5207161145247962e-05
-1.536918473789365e-05
-1.5521381133088363e-05
-1.5738988899568546e-05
-1.593262463591875e-05
-1.6100285192159674e-05
-1.618998920972271e-05
-1.632242455682394e-05
-1.63982355493393e-05
-1.6524084626176258e-05
-1.663260576753654e-05
-1.6788776805349973e-05
-1.6941399334681614e-05
-1.7124715408731476e-05
-1.7306320881602458e-05
-1.748797985518056e-05
-1.763096453223493e-05
-1.779778834623785e-05
-1.7994330436707636e-05
-1.8197408183518848e-05
-1.843387143343311e-05
-1.8643192370890096e-05
-1.886250517986747e-05
-1.906067562372504e-05
-1.927430106053317e-05
-1.9482187758034517e-05
-1.9686052284043835e-05
-1.9868887726293984e-05
-2.0074279780190468e-05
-2.02589255437657e-05
-2.0460848300681467e-05
-2.0656966187479307e-05
-2.084842377474735e-05
-2.102422218526294e-05
-2.1214382322710468e-05
-2.141458709581784e-05
-2.1625748397544102e-05
-2.1837031119340463e-05
-2.2032135380281592e-05
-2.2244343696554113e-05
-2.244883027539661e-05
-2.2687484347314393e-05
-2.2922381338626348e-05
-2.31736588016708e-05
-2.3405181715563383e-05
-2.3656344616771255e-05
-2.389040456720476e-05
-2.414269628387691e-05
-2.4378036722439518e-05
-2.463170156248183e-05
-2.486527603827034e-05
-2.5119545162709993e-05
-2.5357989700138407e-05
-2.5614898152703444e-05
-2.585416034768962e-05
-2.6101380177296924e-05
-2.6344138651021413e-05
-2.6597851518539873e-05
-2.6855213768274024e-05
-2.7118802336148495e-05
-2.7379053273397016e-05
-2.7639895503834156e-05
-2.7910200275378227e-05
-2.81858540159862e-05
-2.8475153761516216e-05
-2.8762424471524112e-05
-2.9052886199920636e-05
-2.9339205675421327e-05
-2.963047498714521e-05
-2.9914611691078674e-05
-3.0208503254771507e-05
-3.0494322307480018e-05
-3.078815519699969e-05
-3.1081849939045e-05
-3.138731481130974e-05
-3.169219973064158e-05
-3.2005187541078034e-05
-3.2313441897798695e-05
-3.262295162726435e-05
-3.2935998728885396e-05
-3.325069692160405e-05
-3.357668596078861e-05
-3.3902341273733816e-05
-3.423384577245364e-05
-3.4567264889004065e-05
-3.4904415902196895e-05
-3.524153313487488e-05
-3.558673093935136e-05
-3.5930688829670376e-05
-3.6284012206723405e-05
-3.6634485257317634e-05
-3.699036334370645e-05
-3.734154603504854e-05
-3.770393472102285e-05
-3.806525526098888e-05
-3.8440640832080805e-05
-3.881378991165384e-05
-3.919663993733405e-05
-3.958122359043123e-05
-3.996918937895777e-05
-4.0359423311259754e-05
-4.075204363705037e-05
-4.114538662736058e-05
-4.154355134622714e-05
-4.194495070183776e-05
-4.235072437431528e-05
-4.276375860564843e-05
-4.318005707400956e-05
-4.359969148553893e-05
-4.402225819785476e-05
-4.444962588483957e-05
-4.488110656026661e-05
-4.5317856486290595e-05
-4.575631814840924e-05
-4.620066736608024e-05
-4.6649872515227664e-05
-4.7104861069152356e-05
-4.7565023174521556e-05
-4.8028652711933474e-05
-4.849621168046361e-05
-4.8968324918332944e-05
-4.944454461030905e-05
-4.9924723523960164e-05
-5.041117473352972e-05
-5.090033295512765e-05
-5.139517649228821e-05
-5.1892781424341464e-05
-5.2397294387360985e-05
-5.290616485912453e-05
-5.342224042222186e-05
-5.394036424138525e-05
-5.446652582712585e-05
-5.4994797929459494e-05
-5.553114633793737e-05
-5.606971159108419e-05
-5.661520912947338e-05
-5.7164548548189684e-05
-5.772167510413942e-05
-5.8282714641626904e-05
-5.8851355812697403e-05
-5.9423527933194845e-05
-6.00028115821721e-05
-6.058658289060954e-05
-6.117699344981999e-05
-6.177246275012715e-05
-6.237460192438232e-05
-6.298155116742088e-05
-6.359474522453154e-05
-6.421306175703658e-05
-6.483828912098172e-05
-6.546907133406915e-05
-6.610573139225525e-05
-6.674827390206698e-05
-6.73971088039664e-05
-6.805235890522919e-05
-6.871432097377804e-05
-6.93826509070971e-05
-7.005739905642603e-05
-7.073882793478831e-05
-7.142706947543907e-05
-7.212234910816857e-05
-7.282445917530019e-05
-7.353341763951735e-05
-7.424928863241937e-05
-7.497175192092782e-05
-7.570144541613059e-05
-7.643812489330107e-05
-7.718215030734239e-05
-7.793294799028584e-05
-7.869120050675972e-05
-7.945634822090122e-05
-8.022931701638647e-05
-8.10092760333038e-05
-8.179722685472271e-05
-8.259247883611381e-05
-8.339596664749501e-05
-8.420705197931155e-05
-8.502655691398924e-05
-8.58535508308545e-05
-8.668893044867006e-05
-8.753200771270664e-05
-8.838361542524032e-05
-8.924328889410864e-05
-9.011169170521625e-05
-9.098821375884848e-05
-9.187354269442056e-05
-9.276718758895099e-05
-9.366966934462291e-05
-9.458084172413276e-05
-9.550073990755384e-05
-9.642950814030054e-05
-9.73672736444759e-05
-9.831418058249417e-05
-9.927032593019791e-05
-0.00010023587773408922
-0.0001012106627916716
-0.00010219506801964159
-0.00010318884983286298
-0.00010419249395953183
-0.0001052058020396576
-0.00010622907701591123
-0.00010726212203509373
-0.00010830537122429658
-0.00010935856156939563
-0.00011042224620059425
-0.00011149615769442066
-0.00011258062737861004
-0.00011367554443627768
-0.00011478115530248864
-0.00011589743759757873
-0.00011702462218269005
-0.00011816266505686656
-0.00011931177601921366
-0.00012047202769192606
-0.00012164354172380541
-0.00012282649471585078
-0.00012402094993117367
-0.00012522701422251737
-0.0001264447689844475
-0.00012767439100295228
-0.0001289159060140439
-0.0001301695864787008
-0.00013143539841403327
-0.00013271356123915204
-0.00013400411315984582
-0.00013530726449631343
-0.00013662308031286258
-0.00013795177024401894
-0.00013929335325825899
-0.0001406479994854925
-0.00014201580550797234
-0.00014339687126125513
-0.0001447913868381174
-0.00014619941146028995
-0.00014762112014331694
-0.00014905663100857032
-0.00015050611612621415
-0.00015196967460475894
-0.00015344753581525834
-0.00015493971445915182
-0.00015644646116822928
-0.0001579677971197119
-0.0001595039613725815
-0.00016105500174985952
-0.0001626211917980791
-0.00016420255576501396
-0.0001657993834737551
-0.00016741168942867294
-0.000169039718688775
-0.00017068356092574583
-0.00017234339803611745
-0.0001740193571904821
-0.00017571163395785865
-0.0001774203315327202
-0.00017914565158932505
-0.00018088772969407759
-0.00018264673465515346
-0.00018442286130790543
-0.00018621626619336684
-0.0001880271184507754
-0.00018985558862207714
-0.0001917018463873357
-0.00019356605191676795
-0.00019544840748450401
-0.00019734903162458716
-0.00019926815021726121
-0.00020120591203085357
-0.0002031625258002127
-0.000205138165190194
-0.0002071330331442247
-0.00020914729054903467
-0.00021118115379311557
-0.00021323477887582842
-0.00021530837243295407
-0.00021740213862908464
-0.00021951625144550358
-0.00022165092090796294
-0.00022380635841972403
-0.0002259827277202132
-0.0002281803156899847
-0.0002303992273207923
-0.0002326397718989841
-0.00023490204917894168
-0.0002371863751229525
-0.00023949284809656273
-0.00024182183327355858
-0.0002441733572337007
-0.0002465478540692177
-0.0002489453464491892
-0.00025136618442069843
-0.0002538107666645694
-0.00025627824100633455
-0.00025877232954712857
-0.00026128578676942466
-0.000263829263009537
-0.0002663935924418054
-0.0002689825327772662
-0.000271599677805556
-0.000274240983297932
-0.0002769092825516056
-0.0002796000103857299
-0.0002823232553474692
-0.0002850622102847211
-0.0002878374599530727
-0.00029063171925991694
-0.0002934582503727025
-0.0002963150274486564
-0.00029919683483947685
-0.00030209908081215754
-0.0003050611538077046
-0.00030799807519798215
-0.0003110330554510887
-0.00031401170725249957
-0.0003171002839315889
-0.0003201603407505723
-0.00032328070031484746
-0.0003263859870520179
-0.0003295976036091807
-0.0003327173454017247
-0.00033602040567241875
-0.000339231245456912
-0.0003425604929108069
-0.00034608934099964275
-0.0003488100445742576
-0.0003546754407837691
-0.0003473232148006914
-0.0003584040370084922
-0.00035576619087174347
-0.00035206520194971903
-0.00037466737437215217
-0.0003797683231396259
-0.00038824201521964414
-0.00038747363165440646
-0.00039013122628484237
-0.00037537920960016585
-0.0003845681936757248
-0.0003602090420074533
-0.00037335560166213463
-0.0003569556913187624
-0.0003579623077299604
-0.0003468401043423107
-0.0003323319151980176
-0.0003365449677999316
-0.00031600722899161136
-0.0003327661871577636
-0.0003224838348542675
-0.0003369364009136425
-0.0003340331329690821
-0.0003467802928431202
-0.0003416664303094991
-0.0003726476404636289
-0.0003566601797985919
-0.00038218778212364827
-0.0003718160334508681
-0.00038053298234591755
-0.0003727491252223758
-0.00037629601876325194
-0.00037467729158765394
-0.00038135573094522166
-0.0005422251986356033
-0.000514107566294845
-0.0005768956999038729
-0.0005952139570802383
-0.0006170206095619077
-0.0006291907151096048
-0.0006416625309182608
-0.0006401072336803281
-0.0006405340999611819
-0.0006319635897118106
-0.0006303191986679313
-0.0006168905092702513
-0.0006103456921868777
-0.0006026662016381803
-0.0005989514910704232
-0.0005961245317624096
-0.0005938498757946972
-0.0005913822776488864
-0.0005936282367854128
-0.0005909098598324868
-0.0005943838873248499
-0.0005914339474250645
-0.0006048771509404194
-0.0006067061464713263
-0.0006194043990390208
-0.0006221899593701228
-0.0006363393137687494
-0.0006366578377177262
-0.0006460967451811538
-0.0006434706310960816
-0.0006509526372224274
-0.0006465813273846857
-0.0006530431484397473
-0.0006464018803522254
-0.0006526542968959676
-0.0006480001290228247
-0.0006529494722317317
-0.000650775248746263
-0.000661162413388045
-0.0006565930755428793
-0.0006682399770348289
-0.0006573761318906808
-0.0006607362652006183
-0.0006525570640840478
-0.0006501476843396644
-0.0006436258544720051
-0.0006339463086723843
-0.0006328760606487639
-0.0006168990731368756
-0.0006151761154491993
-0.0005978862031133417
-0.0005945326544833947
-0.0005880968807833421
-0.0005856746743221053
-0.0005814890929275932
-0.0005827454719487971
-0.000582326642314094
-0.0005824220341271141
-0.0005815627919574706
-0.0005836601571105913
-0.0005829732522327621
-0.0005853040448583
-0.0005851370317452762
-0.0005866772426591117
-0.0005866127633783158
-0.0005888728829178378
-0.0005851958551844407
-0.0005889967556473644
-0.0005856590276705326
-0.0005893155651127536
-0.0005842056884011993
-0.0005861127146558173
-0.0005814022537768874
-0.000582196864649326
-0.0005759797377772463
-0.000572159086464674
-0.000567862895656741
-0.0005606632629217748
-0.0005560546801185377
-0.0005487101815092365
-0.0005441968285063232
-0.0005309614090420853
-0.0005328059073341982
-0.0005219826967116992
-0.0005196948612226028
-0.0005147069354292841
-0.0005077578270731721
-0.0005080442667668383
-0.0005005610658581048
-0.0004991711706396816
-0.0004946218935622225
-0.0004985104667042942
-0.0004926921365134041
-0.0004894818538787021
-0.00048689463387291756
-0.0004868188268816185
-0.000493284946318939
-0.0005001329424767204
-0.0005059853162460799
-0.0005165429792537527
-0.0005262859506606468
-0.00053409499978739
-0.0005445769512553124
-0.0005487225363703216
-0.0005577222130156234
-0.0005605249296238343
-0.0005615101423826582
-0.0005635226120895506
-0.0005572234387549366
-0.0005578508919674657
-0.0005449445682385342
-0.0005469860082493909
-0.0005361033260305578
-0.0005377474074870209
-0.000540698081726497
-0.0005469921162760763
-0.0005571129648476395
-0.0005659077680784579
-0.0005826194902982471
-0.0005890208447320061
-0.0006022681692134862
-0.0006189964992316265
-0.0006240055061587779
-0.0006438788620576659
-0.0006576882027159019
-0.0006724934774480572
-0.0006833021979852319
-0.000694062448594552
-0.0006980682958505819
-0.0006983065114134434
-0.0006979347608859999
-0.0006962464089747249
-0.000692747082940958
-0.0006856871052204986
-0.0006801026310282335
-0.0006750347963559195
-0.0006679528281157469
-0.0006568501047871134
-0.0006533373546993324
-0.0006442331533589366
-0.0006477646975810623
-0.0006393067809885977
-0.0006481227066992221
-0.0006414090476230246
-0.0006483240511861639
-0.0006465678823686816
-0.0006526095589784308
-0.0006499670535255804
-0.0006520479866287871
-0.000651609027155359
-0.0006508936245641133
-0.0006495417759225019
-0.0006486489784152747
-0.0006472332798372852
-0.0006434463112145848
-0.0006438172263143003
-0.0006392182152984188
-0.0006449359433501748
-0.0006403587670690887
-0.0006453721558270229
-0.0006418519035520503
-0.0006484873824625804
-0.0006439211806171226
-0.000648251868734623
-0.0006477855694176588
-0.0006461390589320055
-0.0006463321805366793
-0.0006386412233868708
-0.0006384226128561549
-0.000629900360817458
-0.0006231410069404426
-0.000607844872478651
-0.0006018660566035827
-0.0005922289146310881
-0.0005869044523458345
-0.0005821078607266806
-0.0005799080828196428
-0.0005824162774407805
-0.0005821257223773213
-0.0005908696808068874
-0.0005929161993293405
-0.0006038025678243971
-0.0006108514552864497
-0.0006233930234502027
-0.0006388533482795108
-0.0006477533413048543
-0.0006627454011435466
-0.0006730366774243587
-0.0006809651243094903
-0.0006872843696537392
-0.0006931077935762413
-0.0006975383406330939
-0.0007027440640741218
-0.0007081258186639945
-0.0007079393017125578
-0.0007120329886063036
-0.0007114074688453844
-0.0007126894331798666
-0.0007190454951760698
-0.0007164659658540921
-0.0007209098817165009
-0.000726146250277852
-0.0007250133616287589
-0.0007305944282083514
-0.0007293610088930139
-0.0007376506154525011
-0.0007424034595622215
-0.0007516595236830579
-0.0007577099827689844
-0.0007709068726251549
-0.000775763960694293
-0.0007876013791539585
-0.0007985914616866305
-0.0008087501088867058
-0.0008173839472838489
-0.0008283760654563074
-0.0008458652020435772
-0.0008510989232404683
-0.000870847602215257
-0.0008758953026356104
-0.000902593529409888
-0.0009051940941022425
-0.0009250861761249016
-0.0009329864436385481
-0.0009444985175406141
-0.0009529653454980027
-0.0009608366225213048
-0.000968224003812242
-0.0009715269998548813
-0.0009748293250220752
-0.0009742842587224622
-0.0009749091595386017
-0.0009773373407661631
-0.0009749385138001698
-0.0009830228434918008
-0.0009819851391327655
-0.000996687025913755
-0.0009936942695071525
-0.0010117179572715915
-0.0010137215418767553
-0.001023369225099325
-0.0010323660216666909
-0.001041115773893821
-0.001053393733184001
-0.001062499949756596
-0.0010695468031593986
-0.0010749592740048634
-0.001079535187664312
-0.0010868313617299742
-0.001085868827904686
-0.0010978599207980369
-0.0010931027122471019
-0.0011060385914995576
-0.0011008855588712642
-0.0011141971151457171
-0.0011065096390192285
-0.0011172692890133915
-0.0011072335363231174
-0.0011199652317598206
-0.0011131961617646736
-0.0011219609776236695
-0.0011182501105803306
-0.001121871937943959
-0.001122545288857418
-0.0011173138112299647
-0.0011253754254345672
-0.0011097925126247459
-0.0011128148254451206
-0.0011028127826398317
-0.0010965707783109748
-0.0011008421279715282
-0.0010903984777808871
-0.0010964780184807505
-0.001080684149281157
-0.0010840535422931067
-0.0010708386930677867
-0.0010802422057008786
-0.0010573910909572673
-0.0010560511404850803
-0.0010494990936012081
-0.001072910698598668
-0.001068323265302937
-0.001114176718678465
-0.0010825563772084675
-0.001190742013840576
-0.0011107909545048217
-0.0012567717826540217
-0.00114516999223461
-0.0012422927116508106
-0.0010144205300736814
-0.0011669217602561796
-0.0007931040409894495
-0.0011862192359240787
-0.0004198753148346253
-0.0014878841645348552
0.0005869058360704597
-0.00202824449327513
0.010323975108102876
0.05157883451675245
0.053163045353489397
0.048029845369865556
0.031993053308234765
0.018745177113580376
0.006903169583272991
-0.007010068033800535
-0.02358985715776294
-0.036564437749524184
-0.046282646816464476
-0.03365537809655957
-0.02485051808471927
-0.02151945927420138
-0.01262512374274865
-0.0019587575083372193
0.0049271679928136166
0.0016233338122666654
0.00395345301739072
0.007557683127556279
0.0113659834007159
0.013240513957476507
0.01349466842133885
0.009102325685417748
0.0042345024825392995
0.004564732771128828
0.0054957414070063715
0.0014534743018922976
-0.003696180800480531
-0.004337383761159866
-0.0004793912643697591
-0.0006255342787936268
-0.004368570471565764
-0.007296141458411669
-0.008514049566646052
-0.008086078987118597
-0.0056604178202986945
-0.0032655133649877894
-0.0022002413771179275
-0.0021610158040092945
-0.0021281012403722896
-7.00304571766233e-05
0.001435638884942181
0.0029513889200258932
0.004752302312221411
0.004685526375585995
0.0037933606602053582
0.001975956297061745
0.0021360928987440722
0.003998584638458648
0.005458918732377571
0.004826145991429345
0.0023540495450957784
-0.0011700137871768638
-0.0031009526309687366
-0.0030205773064444245
-0.003170570673427025
-0.004414579810314977
-0.005894291405807809
-0.006122478687575589
-0.005351106785457944
-0.004454038115832426
-0.003465425576942111
-0.0020240538799093833
-0.00043113007571883577
0.0005814661367576535
0.0015043341392833136
0.002263328357130504
0.0025189284321590014
0.0020976835416890104
0.0014458337505235414
0.0010653988894628059
0.000796563140030156
0.0008912453587281395
0.0008995725162916938
0.00021325613733255222
-0.0005965459239715455
-0.0012343974916389612
-0.0012364879789959122
-0.0008178041569215477
-0.0006177465021907241
-0.001041060598982038
-0.0018189846015246257
-0.001939330109268543
-0.0011260409765755232
-0.0004827056314028323
-0.0004125582349803476
-0.0004387051662359502
-0.0004276229413843673
-0.00021970284120633365
6.855841508396894e-05
0.0005375836302329894
0.0008111324886389637
0.0006763059163810634
0.0001273903271693326
-0.0004921221892337415
-0.0007946672868984158
-0.0007079622716319592
-0.0007151485711135568
-0.0008842613227867733
-0.0011184813762679206
-0.0012269655827484008
-0.0011933799124236619
-0.0010828958655227229
-0.0007558352124389562
-0.000572219441467068
-0.0006780494203289682
-0.0007024096275211353
-0.00032302983620951137
0.0001417950990319636
0.0003303559305966608
0.0002478590856572028
0.00014344047077621906
9.518216562914428e-05
7.459686143060864e-05
1.5187553530200383e-05
3.2391056668715126e-05
-7.905217323175591e-05
-0.00017602767924172177
-0.00018820177111257268
-0.0001745613961264124
-0.00020640057735017142
-0.0001837155510003434
-0.0002735760677321586
-0.00036453541252358195
-0.0004593296128704576
-0.0005267365160735984
-0.0004041870873526279
-0.00028995516353253316
-0.00034145524897147056
-0.00048432215032318096
-0.0006440425958264735
-0.0006293741359699445
-0.0005563080983941025
-0.0004118261186227632
-0.00019801920780444711
-0.0003176349462848931
-0.0006633076913480348
-0.0007299013217337928
-0.0005208235199740474
-0.00035627989963667704
-0.0004202132784546057
-0.0004541084145646688
-0.0003758652506757332
-0.0004559464343400841
-0.0005642970005614067
-0.0005027343500232186
-0.00039117774243735404
-0.0004295878587996234
-0.0004974488193522147
-0.0005394181170570982
-0.0005866429267805363
-0.0005397482051474082
-0.00047021843926732315
-0.0004171618722388137
-0.0005150942047016556
-0.0006393099539373278
-0.0006195948215024093
-0.0005116140550600321
-0.00046638686370696397
-0.00050776023090228
-0.0005840269675619848
-0.0006042822364443218
-0.0005065033292205384
-0.000346279224145564
-0.0001321913945656187
-7.031451430753313e-05
-0.0001155632116149628
-0.00014080420500201907
4.241701616286036e-05
-8.516362837900777e-05
-2.2735745857074024e-05
-0.000119521655719958
-0.00011794157247583268
-0.00015378701713731073
-0.00012853138528657668
-0.00015363565413530425
-8.191707303694269e-05
-9.135493242571932e-05
-4.043985208428323e-05
-8.680167060386807e-05
-7.71101795697343e-05
-7.574357443006886e-05
-4.597080490060867e-05
-5.0969770439492375e-05
-2.2568829210191347e-05
-4.4620140838361335e-05
-4.696540552854401e-05
-6.863969594199348e-05
-9.439276664834954e-05
-0.00013099148435915032
-0.00016169924816912973
-0.00018411456079639959
-0.00018469989530294807
-0.00018364437640158672
-0.00016855565834941765
-0.00015987411147742458
-0.0001532767621637795
-0.00013967588781037092
-0.0001290055222483888
-0.00011056578997634581
-9.305152702705343e-05
-7.865107256906643e-05
-7.407352841449881e-05
-7.665775553036201e-05
-8.168217987258679e-05
-7.52027163080648e-05
-7.171605511342979e-05
-7.137694575224734e-05
-8.164362124209934e-05
-9.388887655436768e-05
-9.81628051360814e-05
-9.534696894578066e-05
-9.35165229292434e-05
-8.829555902051077e-05
-8.832926042999604e-05
-9.610257587881082e-05
-0.000102986042975526
-0.00010563751924334852
-0.00010526819655485778
-0.00010544529447471123
-0.00010814575986867056
-0.000105860645338324
-0.00010338221094536107
-0.00010135146537537714
-9.55052301477983e-05
-9.088489356480858e-05
-8.72756794078685e-05
-8.259164372242765e-05
-7.841793197706096e-05
-7.42353980900109e-05
-7.001585542951833e-05
-6.987113370551871e-05
-7.341981194372316e-05
-7.816758438687881e-05
-8.155323345084502e-05
-7.997021748268579e-05
-8.13976872573382e-05
-8.477427497132785e-05
-8.858625384124797e-05
-9.123436883951182e-05
-9.263791990215056e-05
-9.042814119117446e-05
-8.8810579065877e-05
-8.566189879999201e-05
-8.514849487042069e-05
-8.419979493455348e-05
-8.130832516113667e-05
-7.623797712103028e-05
-7.255831029922447e-05
-6.945809631459684e-05
-6.850495233313671e-05
-6.75882326717515e-05
-6.643939746610672e-05
-6.522556350752379e-05
-6.41569768303487e-05
-6.368692183418638e-05
-6.463057374720945e-05
-6.764587813720777e-05
-7.022578113593278e-05
-7.1445686472831e-05
-7.071854099625983e-05
-7.146313710159518e-05
-7.270803006674369e-05
-7.286891521050983e-05
-7.18172497684691e-05
-7.179811079573671e-05
-7.043507570454895e-05
-6.957505299328592e-05
-6.889170570385935e-05
-6.815652383216389e-05
-6.684752347451315e-05
-6.48747408997311e-05
-6.276426476133246e-05
-6.167877294444513e-05
-6.085299186623467e-05
-6.064522532754906e-05
-6.1030456833615536e-05
-6.0621817989358554e-05
-6.128246592536059e-05
-6.16231696192663e-05
-6.170825742979531e-05
-6.161598129518088e-05
-6.150493088247179e-05
-6.068037873805049e-05
-6.0070272708879797e-05
-5.846621691299106e-05
-5.779672441156975e-05
-5.7796767102400956e-05
-5.74183349203523e-05
-5.610710280168059e-05
-5.4670534653098585e-05
-5.310137235869095e-05
-5.28332565339092e-05
-5.2588551190469886e-05
-5.1834509834815335e-05
-5.141260190618238e-05
-5.0518089336519925e-05
-4.931921037680302e-05
-4.8773243382883145e-05
-4.8740983917787954e-05
-4.905620635209341e-05
-4.951779790737814e-05
-4.826171842949027e-05
-4.79569609389863e-05
-4.726360720959437e-05
-4.655094978083839e-05
-4.63003852364923e-05
-4.621748820290148e-05
-4.555978610699943e-05
-4.5178410008051646e-05
-4.4305418798209806e-05
-4.4336115917420726e-05
-4.44727332828824e-05
-4.4309529527056154e-05
-4.395030941463894e-05
-4.310562169410805e-05
-4.230754159222915e-05
-4.247366950903457e-05
-4.280149804469237e-05
-4.212132702030366e-05
-4.2079678992805437e-05
-4.148901312519556e-05
-4.164419042749877e-05
-4.1730723410615504e-05
-4.190656910493313e-05
-4.172494437862297e-05
-4.1419529392872914e-05
-4.060361144909367e-05
-4.0239979020794086e-05
-3.981755310357107e-05
-3.9858453061289016e-05
-3.9568381023699786e-05
-3.96245178594092e-05
-3.9403810817111615e-05
-3.972582530577796e-05
-3.962567613766016e-05
-3.979370456563732e-05
-3.9744569030220164e-05
-3.962687857303137e-05
-3.951559355970904e-05
-3.943861551294507e-05
-3.921325968990328e-05
-3.926907111405145e-05
-3.9246453356087504e-05
-3.916082658845328e-05
-3.907106413337334e-05
-3.885575645754761e-05
-3.874518138462403e-05
-3.8593906039489435e-05
-3.8344023044070176e-05
-3.8382821670709336e-05
-3.842698187152624e-05
-3.8547922385375865e-05
-3.8762000772781056e-05
-3.901389929955395e-05
-3.9166697760181866e-05
-3.942361265015079e-05
-3.941168652450038e-05
-3.9555518602912604e-05
-3.9562881251937294e-05
-3.971830148808808e-05
-3.9787293714179284e-05
-3.9906355985995816e-05
-3.992054269141452e-05
-4.0057017065699764e-05
-4.006819100467072e-05
-4.027485957106678e-05
-4.036457293831553e-05
-4.055833676423625e-05
-4.065934567077591e-05
-4.083818803360815e-05
-4.098605487951886e-05
-4.1251997276404146e-05
-4.140537232668786e-05
-4.163517672562127e-05
-4.1745329331375255e-05
-4.1908719208252204e-05
-4.201440313425552e-05
-4.215813719868344e-05
-4.2287031989592626e-05
-4.2466545207558905e-05
-4.257625074180656e-05
-4.27456131933783e-05
-4.2900380772596436e-05
-4.3068409795500595e-05
-4.3251977158727966e-05
-4.342611986476292e-05
-4.3604148870813935e-05
-4.3808883358266524e-05
-4.4019614902370083e-05
-4.424101401682187e-05
-4.446555087660414e-05
-4.4664438861775945e-05
-4.489439722607036e-05
-4.510778880406478e-05
-4.534005913044072e-05
-4.559825615129689e-05
-4.5863679261390886e-05
-4.6098631254988174e-05
-4.6362524555339636e-05
-4.66158732221972e-05
-4.6892626572479215e-05
-4.716850170999537e-05
-4.744215737233139e-05
-4.771382084818143e-05
-4.798710048304906e-05
-4.8248220952284114e-05
-4.853072641194901e-05
-4.881133380749657e-05
-4.909480638818709e-05
-4.9390805967438256e-05
-4.967192078992526e-05
-4.9962235266293176e-05
-5.027214662640147e-05
-5.058645579909761e-05
-5.090528219505244e-05
-5.123440078340499e-05
-5.156191491059031e-05
-5.1907271197868324e-05
-5.225490256299684e-05
-5.261186471926661e-05
-5.298357552350314e-05
-5.3353806424165416e-05
-5.372037469295607e-05
-5.409497290106386e-05
-5.4470709558728544e-05
-5.4849262770950225e-05
-5.523534163336379e-05
-5.5614852573789616e-05
-5.60093715543566e-05
-5.640738916259339e-05
-5.681220469912836e-05
-5.722230908999275e-05
-5.76418854645851e-05
-5.8057771920910686e-05
-5.8491432989007854e-05
-5.892001440235134e-05
-5.9359725139325904e-05
-5.9811864530112105e-05
-6.0274075984176334e-05
-6.073939808362637e-05
-6.121969409980129e-05
-6.169827389403636e-05
-6.219171607424058e-05
-6.268705295008666e-05
-6.318390541943286e-05
-6.368941839459438e-05
-6.419639920388423e-05
-6.470517412111854e-05
-6.522540526840426e-05
-6.575070325797253e-05
-6.628406425482347e-05
-6.682951402624433e-05
-6.736994518497137e-05
-6.792209008830118e-05
-6.848079673014984e-05
-6.90471253074719e-05
-6.962212581171356e-05
-7.020550658309171e-05
-7.079213498183135e-05
-7.139152835724215e-05
-7.199218782000857e-05
-7.260444491771019e-05
-7.322787452673958e-05
-7.38585882297622e-05
-7.449455837044822e-05
-7.513689328438565e-05
-7.578106860657054e-05
-7.64366152804681e-05
-7.710088859911104e-05
-7.77685252298122e-05
-7.844777840217002e-05
-7.913095547266004e-05
-7.982355856395206e-05
-8.052684149868023e-05
-8.123791753833552e-05
-8.195691655999251e-05
-8.268535299913728e-05
-8.341592992845736e-05
-8.415792097366979e-05
-8.490766990613464e-05
-8.566832938031372e-05
-8.643679398464155e-05
-8.721343415040274e-05
-8.799627143015734e-05
-8.879287599167923e-05
-8.959497062328316e-05
-9.040789838617007e-05
-9.122906626147305e-05
-9.205635450144304e-05
-9.289306578402756e-05
-9.37377428041681e-05
-9.459085960470526e-05
-9.545521845930917e-05
-9.632860236136707e-05
-9.721114002027097e-05
-9.810433679583808e-05
-9.900583177704252e-05
-9.991822703864521e-05
-0.00010083978192036084
-0.00010176977322362937
-0.00010270971673809171
-0.00010365955184632328
-0.00010461878928098509
-0.00010558862966018791
-0.00010656837674052498
-0.00010755844774900015
-0.00010855949548588826
-0.00010956971550739889
-0.00011059035928557534
-0.00011162096016831269
-0.0001126621183184899
-0.0001137133192765094
-0.00011477597877972145
-0.00011584921936208005
-0.00011693483849025549
-0.00011803085408867032
-0.00011913946958718672
-0.00012025860764672204
-0.00012138979970183553
-0.00012253118146859053
-0.0001236848415364141
-0.00012484869091131633
-0.00012602571427188045
-0.00012721371615483004
-0.00012841450282619809
-0.00012962660086737006
-0.0001308515135895063
-0.00013208821859076272
-0.00013333803225761822
-0.00013459968292662216
-0.00013587494252733897
-0.0001371623539833662
-0.00013846305326938382
-0.00013977688256385217
-0.0001411041970953423
-0.00014244481281580124
-0.00014379918132956292
-0.00014516656240606585
-0.0001465479506820393
-0.00014794274563536256
-0.00014935149304332284
-0.00015077434925646381
-0.0001522112399539898
-0.00015366241591497124
-0.0001551282771272383
-0.00015660839871546768
-0.00015810359707616145
-0.00015961362250582723
-0.00016113853884594005
-0.0001626787737501052
-0.00016423428569659282
-0.00016580525828478385
-0.00016739217563254804
-0.00016899450887920332
-0.00017061290154397337
-0.00017224726700917838
-0.000173897737433326
-0.00017556455934860575
-0.00017724804387749015
-0.00017894797232327674
-0.00018066505352802966
-0.00018239881932687616
-0.00018414989517795237
-0.0001859182997733415
-0.00018770424720747
-0.0001895077483705256
-0.00019132928443183102
-0.00019316852052865215
-0.00019502615879623858
-0.00019690204345886573
-0.00019879646699419613
-0.0002007096201566594
-0.00020264171569566586
-0.0002045927183101546
-0.00020656308547544911
-0.0002085527455621883
-0.00021056207343646196
-0.00021259124758242395
-0.0002146402789984952
-0.0002167095548029532
-0.00021879923483589947
-0.00022090943067257958
-0.00022304044330263124
-0.00022519246481994104
-0.00022736553756584925
-0.00022956010526873467
-0.00023177610830164386
-0.0002340138941080041
-0.0002362736546562713
-0.00023855559399024726
-0.000240859881010869
-0.0002431868808107342
-0.00024553660253211033
-0.00024790950239925527
-0.0002503056473086053
-0.0002527252777757386
-0.00025516866180900425
-0.00025763600970069467
-0.00026012748542578537
-0.0002626434421140236
-0.0002651840129678118
-0.00026774950305950927
-0.00027034019229193063
-0.0002729562047656859
-0.0002755978699309006
-0.00027826541943926195
-0.00028095904916713727
-0.0002836790519201725
-0.0002864256655487177
-0.0002891990882279737
-0.00029199968979645746
-0.0002948276350140859
-0.0002976832426290939
-0.0003005668134791324
-0.000303478573395707
-0.00030641880078298715
-0.00030938779103232964
-0.00031238574637881627
-0.0003154130339991885
-0.00031846991923213013
-0.0003215566354773544
-0.00032467355233606874
-0.00032782089318400185
-0.000330998975296721
-0.00033420812003778804
-0.0003374486020544392
-0.0003407207256858785
-0.0003440248326605719
-0.000347361131225818
-0.00035073001803763903
-0.0003541317575320274
-0.00035756670349495123
-0.00036103516405086805
-0.00036453747620287754
-0.00036807392304835656
-0.0003716449205683615
-0.00037525072557098593
-0.00037889173692128356
-0.0003825682485709696
-0.0003862806315500833
-0.0003900291878324959
-0.00039381432820017687
-0.00039763634720129315
-0.000401495642745705
-0.0004053926189881933
-0.0004093274796580269
-0.0004133008667312041
-0.0004173127614283534
-0.00042136407433588584
-0.00042545447702977746
-0.00042958525623554565
-0.00043375562173476846
-0.00043796748816693926
-0.00044221931496017935
-0.0004465138173402975
-0.0004508490951512231
-0.00045522659254003297
-0.00045965032682475165
-0.0004641102071989881
-0.00046862123687942337
-0.00047316692559366407
-0.00047776652626924825
-0.00048239893053424903
-0.000487090480011472
-0.0004918165614754809
-0.0004965961052143511
-0.0005014153532028623
-0.0005062860339504632
-0.0005111972234609983
-0.0005161648263950609
-0.000521154824403594
-0.0005262258446628737
-0.0005313134639401119
-0.0005364797867697553
-0.0005416967950904826
-0.0005469330738616198
-0.0005523315216135586
-0.0005576259651139762
-0.0005632146955243944
-0.0005685770237117122
-0.0005743675908594524
-0.0005797228811818688
-0.0005857386122622009
-0.0005910001098671559
-0.0005973160144970135
-0.0006023846833525352
-0.0006090516574460723
-0.000614245351711423
-0.0006200266090156445
-0.0006303826899661998
-0.0006098691774433281
-0.0006117957445224463
-0.0005882883743303171
-0.0005859460900598016
-0.000562053811401187
-0.0005663485935844613
-0.0005535343445778422
-0.0005605355994253143
-0.0005646076922620323
-0.0005742240063116443
-0.0005840806570065402
-0.0005970319151786694
-0.0006045598749092318
-0.000615632243411799
-0.000616058750421426
-0.0006243816957757998
-0.0006217594104065502
-0.0006262191727461086
-0.0006267254833238127
-0.0006155622338328702
-0.000616516845600756
-0.0006102554499056435
-0.0005986377561079476
-0.0005901568363782944
-0.0005732762135297646
-0.0005645088246311508
-0.0005463070792883998
-0.0005357103826805283
-0.0005297577075022164
-0.0005251940396372187
-0.0005328028072343307
-0.0005424042590833039
-0.0005554816280301958
-0.0005647391335191197
-0.0005823357547583581
