0.00020276950820421796
0.00021179730948148808
0.00017941814469157088
0.0001293948393703945
0.00014147202103389394
0.00011212220334584242
0.00012254468663441858
0.0001208570275752296
0.00011118364105376619
0.0001444931773631239
7.613793414328827e-05
0.00011333990715673805
8.57901285109559e-05
9.302337013639871e-05
0.000108678343860316
6.482680019640136e-05
6.258254382474472e-05
0.0001083526686131839
2.2200705228941784e-05
8.780472688812078e-05
1.3029097726223205e-05
-9.113112600349745e-06
-1.1744674659491957e-06
-3.240130816837227e-05
-3.557380095934931e-07
-6.0688546537744734e-05
-3.622717832765695e-05
-3.168086839233487e-05
-2.6356573981731966e-05
-3.7441520491224213e-05
8.226603058906102e-06
-2.5884793788056226e-05
2.9907490200428016e-05
7.417598555139061e-06
1.8455226293971963e-05
3.780907641001826e-05
3.700250561921572e-05
2.7999359504283453e-05
6.908921862429254e-05
3.510064419719641e-05
8.384143567049736e-05
6.642828772739296e-05
6.930425164693694e-05
9.196641750683557e-05
2.866982855743007e-05
5.134290907268606e-05
4.7697412272194764e-05
4.911948163454391e-05
3.747694917895748e-05
8.133883610402133e-05
4.22232283476653e-05
9.764082807655608e-05
1.1512382159567888e-05
5.820266954873255e-05
1.6333481949152415e-05
3.5854485468714686e-05
2.1192825657998795e-05
3.3258020791615865e-05
2.1436692445182793e-05
3.983526929917259e-05
8.211470837341817e-05
6.731583701703275e-05
0.00010221404074784975
0.00011867144671371625
5.1535157027646894e-05
0.00011486013461477554
7.730566547608792e-05
0.0001330807393044222
0.0001004202892546152
0.00016018910011078596
0.00010664309950405876
7.256302217159257e-05
4.604938552108499e-05
-2.255401720028605e-05
-8.042131687716547e-06
-3.27558905458762e-05
2.9863923813100543e-05
-5.3781942051921855e-05
1.1191689468961438e-05
-4.537011381216703e-05
9.638550214238067e-06
-7.524787508549324e-05
-3.333062261502598e-05
-5.645512629757682e-05
-1.7301704342707696e-05
-2.8328574530161473e-05
-1.65300291751133e-05
-1.0389237219208657e-06
1.774457130920658e-05
2.7973340133601553e-05
5.984489467169109e-06
7.294942909165522e-05
3.993447143574899e-05
0.0001328846136735233
7.910643029238547e-05
0.00016900957644701734
0.00013865074861998833
0.00015117941624736132
0.00017549990075078705
9.481840995439684e-05
0.0001456812708262838
8.080543502778654e-05
0.0001502968959373458
8.557185126849097e-05
0.00016976155766231714
3.6618821331313054e-05
0.00018356421512893864
5.8227631751199324e-05
0.00019286868114194912
6.100743051906783e-05
0.00014848229590801453
7.946639417365914e-05
0.0001306183949045187
8.1257449789521e-05
0.00014627079124268015
0.00010402440995261418
0.00014083271225869866
0.00013266979660717175
0.00017066306511704973
0.0001649982693990845
0.00021585513851003253
0.0001997470570150951
0.0002685235239225156
0.0002150911986697676
0.00030181666446685946
0.00023143561616508504
0.0003202837279114252
0.00018756651804883648
0.00032097244999492597
0.0001640283956837416
0.0002826578105362976
0.00020331018875193685
0.0002501449906143637
0.0002370207603632757
0.00021844166875160535
0.00017901386648776078
0.00016628234328528357
9.2778923302903e-05
0.00012555990767558391
7.865892592338948e-05
0.00012899894102573334
4.3966511500808986e-05
0.00012394422930644307
5.4962294831709834e-05
2.567341859478669e-05
6.93944591615625e-05
-4.679356407632048e-05
6.662823724995167e-05
-5.650480162724725e-05
1.4308498953693479e-05
-1.8580839322836332e-05
3.677513675270889e-05
-5.576726005998746e-05
4.223358392083516e-05
-4.359804756312634e-05
4.4359400468613024e-05
-3.4599600688424144e-06
3.2996414976101584e-05
1.9127703514206494e-05
2.6952163508883362e-05
3.9858023549739324e-05
-1.1097985032446404e-05
3.1101395466409144e-06
-1.911167021492478e-06
-4.117554052692667e-05
-6.544569237693283e-05
-8.853816173889028e-05
-5.065991894127289e-05
-0.00011584688334299073
-9.736289535234623e-05
-6.95040427540423e-05
-0.00014281381715916587
-8.889131687878486e-05
-0.00015290856007876727
-0.00019424610128600993
-0.0001544576162553029
-0.00020154430116188873
-0.00015179697418263262
-0.0001706508997928567
-0.00015614966308618252
-0.00010139673918380956
-0.00018617532024188592
-0.00011209318810931519
-0.00015581107852994178
-0.0001467417619162118
-0.00011865790117271364
-0.00014390503153439808
-0.0001085663877498781
-0.00010237998489289477
-9.101190277514435e-05
-0.00011310696336687553
-5.050758894683426e-05
-8.63943929580416e-05
-6.249710215051798e-05
-5.7173715113378876e-05
-5.2883576848771104e-05
-7.28879703361775e-05
-1.4743927975266295e-05
-0.00010336565894486169
-5.788884774644105e-05
-9.184641535998428e-05
-9.918573438895233e-05
-6.909925983208292e-05
-0.00015805819005062962
-9.241478672158396e-05
-0.00019505479999906272
-0.00015035890785458032
-0.00019093313197292815
-0.0001767560777922361
-0.00018796180893554913
-0.00018323369793955477
-0.00018282839098788937
-0.00020082190936951535
-0.00014318141309496235
-0.00017531405643755828
-0.0001334128821548369
-0.00013504052166187028
-0.00015723161789552497
-0.00010087642215924654
-0.00022208321856420274
-0.00010094365991529278
-0.00025235827582545275
-0.00015192803674919262
-0.00025646399088916213
-0.00014445572349588293
-0.0002826409053461078
-0.00017937213590433349
-0.00028506540827934884
-0.00018273248303723663
-0.0002734883814171016
-0.00017276043252005026
-0.0002587275789847568
-0.00016432185581981415
-0.0002978201837218822
-0.00019209264305081577
-0.00034249293811050444
-0.00024889059244771576
-0.0003551909698723578
-0.0002459847129051918
-0.0003786759697276699
-0.0002878069692444779
-0.0003720722087806154
-0.00031197573000990743
-0.00037527532437896813
-0.0003052826973396403
-0.00036272315339522894
-0.00031391099547551466
-0.00034552975923983877
-0.0002882367372073996
-0.0003115249133812505
-0.0002600679390137601
-0.00029101016676731564
-0.00022212286359835044
-0.000266297584618247
-0.0002168826845274337
-0.00030008716447118677
-0.0002697766803139271
-0.0004511159716791155
-0.0002757813982984013
-0.0005554505529323612
-0.00023195633042407727
-0.0005158126768317272
-0.00016074534781905926
-0.0004103371402072372
-2.8751021610759334e-06
-0.00040375095678112376
4.685301698758429e-05
-0.000578886602101007
-2.2565642482412783e-05
-0.0010904039618139846
-0.00012812798656867784
-0.0014592015946593407
-0.00011670328227641634
-0.001702493112966714
0.00023088913827400706
-0.0017665113595427898
0.0009083058304817655
-0.0023564191484612557
0.002260529019679416
-0.003750487483222156
0.0048259568790793815
-0.009822364117249967
0.035717321173494625
0.12183483077599072
0.11128516581952057
0.06513794823217904
0.05309068637097044
0.11350308244190127
0.06923867534943184
-0.09226446678050498
-0.12572938281516405
-0.1428801982143706
-0.12509881696232783
-0.08460026685710796
-0.061599951622171564
0.0033574527201934968
-0.0027911932960825027
-0.019753351715391134
-0.009881129879783419
0.0007949094100465407
0.04181152608693438
0.05875788895386165
0.022883683444971763
0.03441071373374645
0.06503014849136259
0.04902151444576599
-0.0018835702975221824
-0.010130752240690377
-0.004481835219874235
-0.007944406157786153
0.0035484369017452465
-0.0023385397820467036
-0.009229303580771226
-0.015069838704106893
-0.020751823661283107
-0.018737321946868925
0.0007964411289920161
0.008776926793959883
0.011632302742904445
0.014592394179258197
0.0037966349723955076
-0.01569342763939839
-0.018400757772092522
-0.016230577251922958
-0.011410927508420503
-0.008505867664181588
0.0035539226518171646
0.004986752521027123
-0.011181849062281328
-0.018127848800763048
-0.011268693076538354
-0.003979173220723589
-0.0003236930077822873
0.01332236980848582
0.0227054742226703
0.023027711453265418
0.007617359592282425
-0.011218672633781469
-0.010607224765428098
-0.0016146898140644236
0.00442782744132915
0.005275944749910449
0.0022578064410706507
1.814308334249481e-05
-0.008952639764586151
-0.011673143672784481
-0.008304188070144684
-0.003256818996983036
0.0005204130199158437
0.0019611816901541814
0.0014070868423126386
-0.00018793809619235417
-0.0001236068186558035
-0.00043165161216209144
-0.0008310311242449978
0.0003054021924436224
0.0023903435179092234
0.004888169982192651
0.007063649965389633
0.0029716439837414203
-0.0023868842372321143
-0.003948801088746333
-0.001384023120353526
-0.0001743999068877399
0.000154954666065107
0.0006855800021012136
0.0014814068394190054
-0.001241495620576091
-0.005408406227754743
-0.006101505432383311
-0.002936274652172083
-0.000446301461226661
0.0010241502117816809
0.0017017925104048026
0.0011151318179863008
-0.0012020271187370185
-0.002674096796874717
-0.001831636863168626
0.0003598789370331945
0.002014883852368504
0.002645967635684027
0.0016509155251311588
-0.00039797250824441847
-0.0016085878929337498
-0.0016724467894883295
-0.0007735037731617806
5.295119690391979e-05
0.0004208730411117235
-0.00012184085164622938
-0.00028737549688329957
-0.0008018604845137099
-0.0015714930647670556
-0.0020337575301026456
-0.0011040003956844279
0.0004757931148506927
0.0011085538458482278
0.0009733274157494919
0.0010137657683751372
0.00024507346489207606
-0.0006403574383110852
-0.0007384253923001121
0.00010238981995052855
0.0009659540283800318
0.0013277852173180825
0.0011085192961274126
0.0006796827323088139
-0.00035273595941544386
-0.0016365555162013582
-0.0016131656473333171
-0.0012891879455161825
-0.0008746764188752152
-0.0005146869886797832
-0.0005169423699441483
-0.0009219165423003507
-0.0015084046311332226
-0.0016837174434134233
-0.0008602290653578767
-0.00022816010137470885
0.0003122161167914147
0.0004378203704320424
-6.436119877345789e-05
-0.0002963618606437034
-0.0003146809474333453
-0.00039771619041047054
-0.00011278003706500047
0.0004156439243898269
0.0005170841017642398
0.00024285792909164725
-5.294126209553248e-05
-0.00025818436558771554
-0.0007458950379021629
-0.0010999002186487185
-0.001211800453904521
-0.0010380014815397067
-0.0009866156066283252
-0.0009904403914116327
-0.0011217023443955134
-0.0012519823666251421
-0.0010800799428156867
-0.000555042831558239
-0.0003475274001373522
-0.00011923590806960355
-7.105508054829514e-05
-8.474564937961414e-05
-0.00013454515769536533
-0.00017378330035587158
-9.316707768424272e-05
-1.8471676644208132e-05
0.00017604678202606786
0.0002115410704967447
0.00044411626333118405
0.0004735154993865643
-0.0003123744965200833
-0.0011040249877476197
-0.0013375805074962036
-0.000893039103036769
-0.0008401883493241143
-0.001168203258699858
-0.00048155037012026996
-0.00037297351219990637
-0.00042489952613590975
-0.0002409800114707213
-0.00010913587105559734
-0.00017896071461695256
4.4592700523651656e-05
-6.632613692506814e-05
4.364045767997905e-05
0.00016146653968412657
0.0002800539937398132
0.00016548979673036373
4.449073205859106e-05
-3.1122866080079234e-05
-6.59490818745064e-05
-8.175039380474793e-05
-8.39768982748063e-05
-6.603167789880245e-05
-7.591615604276384e-05
-7.797279433486464e-05
-0.00010603126739457792
-0.00017405916750216007
-0.0001633821027670749
-0.00010439834177731208
-8.168586404183782e-05
-8.98943809149815e-05
-9.953967438142185e-05
-0.00015192657354055937
-0.0001634330401382208
-0.00014914634000979152
-0.00017121308200191793
-0.00012931935550002772
-7.212408184373176e-05
-6.218743198009455e-05
-8.447604132427614e-05
-0.00010487839938986047
-0.00010480929343052974
-9.542835137957588e-05
-6.526228544403946e-05
-7.869046624698652e-06
4.213097966445745e-05
1.989909815413996e-05
-3.0520971286913446e-05
-7.016734440291116e-05
-9.49433100457321e-05
-7.610317046464901e-05
-5.1202115996475204e-05
-4.946296997947376e-05
-4.3941157120080975e-05
-5.648085421248474e-05
-7.145752765728477e-05
-8.044101752939303e-05
-9.234749408545333e-05
-9.01124378726684e-05
-7.818480394057678e-05
-6.297508329755402e-05
-4.9999174774545646e-05
-4.2073315825292244e-05
-5.093699761199249e-05
-6.109100467875965e-05
-6.326137930407551e-05
-6.454043834305868e-05
-5.4760392467052696e-05
-3.6399918987387655e-05
-3.470572740922156e-05
-4.2353887193535806e-05
-5.897454411779311e-05
-6.310205903588202e-05
-6.200006368016763e-05
-6.345156638113856e-05
-5.8818144817702404e-05
-4.699382571906973e-05
-4.790208151573771e-05
-5.5212026416162334e-05
-6.863353908856442e-05
-7.349893643931118e-05
-6.583915160460289e-05
-5.681448046647821e-05
-4.751308707292006e-05
-3.8918948039201324e-05
-4.226080319495138e-05
-5.1754511020242635e-05
-5.309680655134547e-05
-5.329558740184572e-05
-4.972449912132626e-05
-4.462970810639407e-05
-4.14880080318869e-05
-4.225259820091242e-05
-4.3897648547059145e-05
-4.617600964587068e-05
-4.540318390928435e-05
-4.8579703626943586e-05
-4.6603715642395916e-05
-4.372252827247001e-05
-4.245182139417314e-05
-4.318493066830228e-05
-4.204848166584774e-05
-4.765568897556601e-05
-4.915009868897721e-05
-4.418571454033681e-05
-4.1069853396363365e-05
-3.770696141845264e-05
-3.497031742083316e-05
-3.579078353303268e-05
-3.7749916955121656e-05
-4.1810684233142565e-05
-4.316136445325851e-05
-4.001667468845767e-05
-3.891560835459175e-05
-3.441571131590102e-05
-3.053924440390776e-05
-3.140903778774828e-05
-3.513237884573744e-05
-3.8700599982732786e-05
-4.1600644870602496e-05
-3.936793613562817e-05
-3.905159630736418e-05
-3.74130089750473e-05
-3.482854577827025e-05
-3.628321389905842e-05
-3.774241719861702e-05
-3.4536869884427886e-05
-3.2961672311700206e-05
-3.0015202945603563e-05
-2.767416768727519e-05
-2.791621703941748e-05
-2.7402247708848868e-05
-2.77074117792076e-05
-2.749651046673058e-05
-2.659616694902168e-05
-2.6446933398884508e-05
-2.4411765076396558e-05
-2.086553098751677e-05
-2.111272888799141e-05
-2.0064050327954237e-05
-2.0549176717112266e-05
-2.3189144855894706e-05
-2.5177223687289035e-05
-2.435168620106671e-05
-2.42081172667551e-05
-2.3659665489786242e-05
-2.3379355708615707e-05
-2.3252136367521035e-05
-2.187233444462611e-05
-1.9468377669060817e-05
-1.8380461479648247e-05
-1.760346056337158e-05
-1.8204405418100042e-05
-1.6115314720702025e-05
-1.4400451735570226e-05
-1.5598298844434464e-05
-1.4658825738252481e-05
-1.3827301693094851e-05
-1.274398860323661e-05
-1.1147441354413215e-05
-9.11698983345691e-06
-8.919256729325706e-06
-9.066362716872065e-06
-1.1972298856826019e-05
-1.4146926426032605e-05
-1.370910512479449e-05
-1.347760813338056e-05
-1.40397972196058e-05
-1.2467877246377348e-05
-1.1583957946967804e-05
-1.0287974668232833e-05
-9.339328341958792e-06
-9.256653734516628e-06
-8.666810597041585e-06
-8.801846640082815e-06
-8.486589904671267e-06
-7.5123854224040535e-06
-7.33154389001762e-06
-6.33170462458713e-06
-5.40637592521268e-06
-5.64869662236492e-06
-5.736901893871313e-06
-5.886849886187865e-06
-6.2391574524651614e-06
-6.311097307327128e-06
-6.054644963375926e-06
-5.966709223454748e-06
-5.589805077368341e-06
-5.507115596703623e-06
-5.692648717751079e-06
-5.857798082295815e-06
-5.7577011101100244e-06
-5.707617929639943e-06
-5.489289129799381e-06
-5.362268510590682e-06
-5.2547960711594056e-06
-5.036034771655428e-06
-4.938183339875954e-06
-4.918509437666879e-06
-4.746140477686475e-06
-4.568389500309543e-06
-4.180950057268456e-06
-3.8408363363357065e-06
-3.797677939486061e-06
-3.6252393609889966e-06
-3.4888404754061277e-06
-3.3604826309235024e-06
-3.0103839502994105e-06
-2.6524872930771062e-06
-2.476986469365268e-06
-2.3402726561633615e-06
-2.369677633531431e-06
-2.381740027543669e-06
-2.2694327774056564e-06
-2.1745261271311975e-06
-2.0191841098470193e-06
-1.7915152628932896e-06
-1.698198593521466e-06
-1.5152902483118232e-06
-1.3811114524354213e-06
-1.395627519746299e-06
-1.3249317018207592e-06
-1.2358007917909078e-06
-1.0764510884639193e-06
-8.250461371460578e-07
-6.033951913887899e-07
-4.327525931274376e-07
-2.71115613789414e-07
-2.0284897408670566e-07
-6.871826863357605e-08
6.861791442298458e-08
1.9629365407845324e-07
4.018691145155702e-07
6.110069467046841e-07
6.982210019120146e-07
8.590243855068243e-07
9.903817860664951e-07
1.082939951934335e-06
1.2431617545675597e-06
1.4096470611874674e-06
1.5893114424750821e-06
1.7630001559788572e-06
1.8487069237062455e-06
1.9713005346290013e-06
2.1248306987197135e-06
2.262134855958377e-06
2.4800386391290227e-06
2.6743385321506986e-06
2.8368039696902853e-06
2.999303519832453e-06
3.1463366579855467e-06
3.269422921539991e-06
3.4324563831563543e-06
3.555397156695256e-06
3.7229216046652525e-06
3.904189578003356e-06
4.05822780799852e-06
4.23737025564302e-06
4.416953951869029e-06
4.536683044823256e-06
4.700264705288781e-06
4.862981290097365e-06
5.013084684973336e-06
5.185314414044305e-06
5.3462749666907325e-06
5.49888769383125e-06
5.662240144347144e-06
5.823930682061652e-06
6.00388269646375e-06
6.191891447931974e-06
6.349405098889224e-06
6.544555012372687e-06
6.715856178089816e-06
6.853665245379207e-06
7.017784092139928e-06
7.183643348214128e-06
7.333176749310492e-06
7.5369196242767306e-06
7.729166527801687e-06
7.924902886608334e-06
8.11011641851803e-06
8.265904997112761e-06
8.430739811440542e-06
8.60369079092732e-06
8.763480595301576e-06
8.953719575752195e-06
9.13859995273214e-06
9.31275857805891e-06
9.512531896002652e-06
9.701137625033746e-06
9.894691905850631e-06
1.0099568426020621e-05
1.0287514959350652e-05
1.0474149187163391e-05
1.0673971534449621e-05
1.08561033041292e-05
1.1055148062297931e-05
1.1248024439801038e-05
1.1432434991475587e-05
1.1637817007539852e-05
1.1852314044262513e-05
1.2057167288911561e-05
1.2272771118322645e-05
1.2468637982973596e-05
1.266645740304398e-05
1.286701834179527e-05
1.3061771256782807e-05
1.3266799321556486e-05
1.3474843098768181e-05
1.368105585997613e-05
1.3898852335325618e-05
1.4124131315174787e-05
1.4344156419045587e-05
1.4574738102122661e-05
1.4794932266388484e-05
1.5009698403138508e-05
1.5241135626092753e-05
1.547404842283575e-05
1.5698714822709025e-05
1.5933107027602043e-05
1.6164481795898468e-05
1.640659977679036e-05
1.6654273626319824e-05
1.6899801180142698e-05
1.7148462519382202e-05
1.7393904831030103e-05
1.763208434350349e-05
1.7875542593764855e-05
1.8120700846613975e-05
1.837019064677422e-05
1.8627469242918295e-05
1.888701241773631e-05
1.9151413245531673e-05
1.9424578208562663e-05
1.9694891294172803e-05
1.9966804980470958e-05
2.0243543460562877e-05
2.051633807414674e-05
2.0797076186638078e-05
2.1081884741779022e-05
2.136756153899716e-05
2.1660233045714405e-05
2.1957107800181508e-05
2.225476601104559e-05
2.255614450254184e-05
2.2856609487718893e-05
2.3160470242367115e-05
2.3468559945484524e-05
2.3780121653400182e-05
2.4096381623088525e-05
2.44182941708318e-05
2.474219004454034e-05
2.5069657870614714e-05
2.5400812453486507e-05
2.5734401775963215e-05
2.6072425684498315e-05
2.6414998156535502e-05
2.676118374528606e-05
2.711298886809874e-05
2.746938330766037e-05
2.7828691526499832e-05
2.819327876559235e-05
2.856062143384054e-05
2.893201162211534e-05
2.930993708481419e-05
2.9691755490563268e-05
3.0077285503612387e-05
3.0468789815794222e-05
3.086323475116155e-05
3.1263081895690006e-05
3.166819491652096e-05
3.2077279038999085e-05
3.249166360872694e-05
3.291046910889987e-05
3.33332510286952e-05
3.376211322330476e-05
3.419535731786312e-05
3.463337778944215e-05
3.507789837014271e-05
3.552693541605031e-05
3.598151674685541e-05
3.644232750357572e-05
3.69076669784656e-05
3.73783731409073e-05
3.785494264565547e-05
3.8336274725235e-05
3.882461082022927e-05
3.931882597437439e-05
3.981885803279808e-05
4.032570409363183e-05
4.083805545539458e-05
4.1356040857585424e-05
4.188100159131531e-05
4.241128198509501e-05
4.2948017557482496e-05
4.3491882518831336e-05
4.404199488866438e-05
4.4599012518099605e-05
4.516284975250546e-05
4.573300790754707e-05
4.631035055503935e-05
4.689446743398097e-05
4.748537842974156e-05
4.808421840546244e-05
4.8689656453261305e-05
4.93023216993271e-05
4.9922851956628604e-05
5.055045613243099e-05
5.118581372471248e-05
5.182942700771107e-05
5.2480305352715104e-05
5.313944969130973e-05
5.380652267048729e-05
5.4481442758422694e-05
5.516474768394681e-05
5.585612071556641e-05
5.655567131827833e-05
5.726417981212072e-05
5.798108387340033e-05
5.8706850732937604e-05
5.944182008630651e-05
6.018536364728208e-05
6.093806415932774e-05
6.170000768886483e-05
6.247093774230325e-05
6.325146254166145e-05
6.404152331257836e-05
6.48409844908875e-05
6.565059248917014e-05
6.646990532222549e-05
6.729927373074529e-05
6.813901776921301e-05
6.898883857462524e-05
6.98490216436531e-05
7.071999266240959e-05
7.160132227889565e-05
7.249350965061742e-05
7.339662133532701e-05
7.43106135444763e-05
7.523598099941397e-05
7.617275573930805e-05
7.71209997530373e-05
7.808113649452074e-05
7.905287115653236e-05
8.00364154084338e-05
8.103216798753955e-05
8.203991420582891e-05
8.3060087307583e-05
8.409289792539615e-05
8.513823341394004e-05
8.619654831000577e-05
8.726797354137613e-05
8.835248342828767e-05
8.945047146279615e-05
9.056189624809434e-05
9.168688616542438e-05
9.282582327892072e-05
9.397864200398081e-05
9.514569666153956e-05
9.63271280240735e-05
9.752307051335714e-05
9.873366953317569e-05
9.995939919692643e-05
0.000101200012278843
0.0001024562004928828
0.00010372761384435164
0.00010501484500702877
0.00010631767391068044
0.00010763691917526507
0.00010897188037060999
0.00011032392268407645
0.00011169190544119245
0.00011307757762942346
0.00011447946030318013
0.00011589975605359569
0.00011733622762376953
0.00011879206834656842
0.00012026383096781185
0.00012175608398610567
0.00012326396552058506
0.00012479371851772792
0.00012633842681446158
0.00012790686768552147
0.00012948901989559477
0.0001310974801421635
0.00013271773893589888
0.00013436757100134504
0.00013602636725745841
0.00013771912998639606
0.00013941669277341612
0.00014115427579365354
0.0001428904893541888
0.00014467526432982705
0.0001464494263529235
0.00014828465254002746
0.00015009516965094958
0.0001519852510065241
0.00015382918857685638
0.00015578005578061554
0.00015765407422394396
0.00015966187985840617
0.00016155957758712518
0.0001636395688448491
0.00016555351827639847
0.00016772637874552413
0.00016964559714893046
0.00017192031428949232
0.0001738404980192664
0.0001762230146092167
0.00017812158381575653
0.00018065293565331622
0.00018249264269390116
0.0001852183917797219
0.00018688594360154773
0.00018991075917685067
0.00019129983200315927
0.000194743790634078
0.0001957943187665888
0.00019975952632867282
0.00020036359966573705
0.0002049906485113806
0.0002049198543826017
0.000210514077818249
0.00020943243327139994
0.00021626374279485667
0.00021397954234631683
0.00022216702974485787
0.00021826596403860425
0.00022849514520482345
0.0002219374873982785
0.00023592133289111175
0.00022411175833629045
0.00024622292869655254
0.0002211559777961245
0.0002689575307862009
0.000184368829989796
0.0002461605634912281
0.00018301676504615973
0.00025671297596176483
0.0002008104035985691
0.0002833390042591825
0.00022229216255812735
0.0003184621018343394
0.0002240342605611405
0.000274262751659531
0.0002692499190936014
0.0002642777149890305
0.0002972454650487822
0.00023688521843779367
0.00026541761702108754
0.00025582086102579767
0.0002309946955166986
0.00018988363611573806
0.0002067826933432993
0.0001748099215275532
0.00020737393461459043
0.00017228163993012694
0.00024489908671282033
0.00022785626989462653
0.00022371634633373296
0.00019565475474455125
0.00015801169965228853
7.728777320292312e-05
0.00010390478154060452
6.132344908660559e-05
8.228550685850154e-05
8.504451021869731e-05
0.00013087268436072865
0.0001043618097616331
0.00017242808074536555
0.0001258908140168547
6.686975967388039e-05
8.882056337253095e-05
5.2035111901656695e-05
3.783643161851855e-05
3.227963813131516e-05
2.8533619753922518e-05
3.1793897958669104e-05
2.7927639969090693e-05
2.7880908486980818e-05
3.004658758176283e-05
2.4854066746267763e-05
3.1453764887293624e-05
2.8517978818419287e-05
3.033781892391306e-05
2.7589182296700734e-05
3.411460635472974e-05
3.0772443268100125e-05
3.730181641032342e-05
3.626246411604449e-05
3.213377875296435e-05
3.8639659191439045e-05
3.6662921721041636e-05
3.918630007501982e-05
4.4521172857748354e-05
3.68848955114438e-05
4.136876334984426e-05
3.700326491404895e-05
3.507819990127009e-05
3.387834273120945e-05
2.941828933819443e-05
3.34706556748044e-05
3.348726502004718e-05
3.674539770070196e-05
3.8674729453383394e-05
4.168472090824151e-05
4.4640497094164374e-05
5.0544294116520834e-05
5.044910530934442e-05
5.727838856005808e-05
5.454935147833954e-05
6.528050208760519e-05
5.726493173388572e-05
6.515858360020446e-05
5.3698651287227335e-05
6.475232468524182e-05
5.3766493277093596e-05
6.372792426224414e-05
5.8865175479519465e-05
6.74777646658573e-05
6.760405148090111e-05
7.161538961343084e-05
7.69625135076835e-05
8.258702979756569e-05
8.881771907175975e-05
8.808940981103468e-05
8.893074126812466e-05
8.838854389839226e-05
8.469832111005876e-05
8.426318601945494e-05
8.234405068410886e-05
8.07659904904091e-05
8.112564642100573e-05
7.762902154316874e-05
7.557147087326071e-05
7.631079705403465e-05
8.238473536997595e-05
8.09454673312707e-05
9.249917783501143e-05
8.758666975502787e-05
0.00010389035043111656
9.725774099931492e-05
0.00011412180747099888
0.00010832144866660298
0.00012069239228790614
0.0001146576763046834
0.00013192986855959418
0.00012656575894878948
0.0001432819914931031
0.0001389555969190014
0.00015059562004249047
0.0001512008827039908
0.00015236917216675873
0.00015469668679470968
0.00016009383156540585
0.00016229651932477972
0.00017007381361700658
0.0001653903509336661
0.00017495388936614143
0.00017021443609410616
0.0001726790086615891
0.00017397098742718734
0.00017947002561558736
0.00018201042430307534
0.00019202617988944907
0.00018884995761933154
0.00019606858833113815
0.00020025937309593617
0.0001977504942763088
0.00020647444063838288
0.00020442516522106892
0.00021512911959788714
0.00021456854147010857
0.00022524035656247454
0.00021949619102402707
0.0002253260397143694
0.00021896151363216013
0.00022387071115412884
0.00021258566771252714
0.00021822717858453245
0.00020931507632458018
0.00021167771937209676
0.00020486090780772083
0.0002076393547380448
0.00020203888218777046
0.0002018730427588199
0.00020656267012587965
0.00020603786528078556
0.00020884228135273702
0.0002102253041274053
0.00020788414556261023
0.00021173241086306366
0.00020594383666687434
0.00022031771908398857
0.00020676160388451221
0.0002274290115605276
0.00021081044294290644
0.00023293577770900346
0.00021571267820566406
0.0002378308353597426
0.00022101263429984185
0.00024181664036030705
0.00022781172174332948
0.0002414873419857638
0.00023109529337158333
0.00023500508994139655
0.00023052921110318988
0.00023216398998228025
0.0002291856952083169
0.00023072200525044658
0.0002284597462434759
0.0002297150654059169
0.00022747297953584826
0.000225080587502817
0.00023332688556279145
0.0002288573899788194
0.00023271159182952197
0.00023146714482086904
0.0002317286127729715
0.00023867383639619152
0.00023796629243313607
0.0002417799307349087
0.00024251488077339778
0.0002412955754491384
0.0002516134395247829
0.0002447310534909627
0.00025360034281661124
0.0002488471664138562
0.00025911438487758777
0.00025855608521595155
0.0002702642542781931
0.0002711752045786264
0.00028119628131643515
0.0002827879235862439
0.00029373880982935395
0.00029566393344052056
0.00030445374225893676
0.00030555684294724853
0.0003061273392508501
0.00031554835827623916
0.00030933297702688057
0.00031826481325804626
0.00031045746050603693
0.00031639043407766915
0.0003144875253456651
0.0003116531309756273
0.0003164073860579705
0.0003114444804899338
0.00031240646519742376
0.000310003593983566
0.00030860052244231534
0.00030682449757628413
0.0003054535042690608
0.0003041415010855273
0.00030110751393839916
0.0002987142319564729
0.0003010281670143896
0.0002960900358700694
0.00030089376254382273
0.0002957675889503177
0.00029911387843674814
0.00029299259290987994
0.0003007476278782485
0.0002866469527931858
0.0002925743448193974
0.0002798696153619726
0.0002773267616361357
0.00026918250585738547
0.000260636744300608
0.0002529266669434476
0.00024239683772549897
0.00023788376865289994
0.0002241700645599431
0.00021877309908446027
0.0002071992408018285
0.00019996365142087563
0.00019081680239023359
0.00018607313075013048
0.0001740655339818036
0.0001770292996543661
0.0001612119245955978
0.00016031563440933977
0.00014361534054138384
0.00014686612873997923
0.00013049624322391097
0.00012746025245358
0.00011379255003202658
0.00010853599496880731
9.895170268414038e-05
8.9649695653231e-05
8.132312599185595e-05
7.294226732341896e-05
6.411433237122049e-05
5.550487845367027e-05
4.1866472448829565e-05
3.9983787343744265e-05
3.330382622872353e-05
2.2121517082660612e-05
1.543778624134084e-05
-3.2237226781404267e-07
-2.996199402689059e-06
-1.3871115058831078e-05
-1.7209785111819026e-05
-2.7313121756737614e-05
-2.6670350596702278e-05
-4.097802067107748e-05
-4.532689648746457e-05
-6.06012920520742e-05
-7.1400583621046e-05
-8.266864666974381e-05
-9.567151480299322e-05
-0.00010906003530173237
-0.00012083857694730445
-0.00013611992592218927
-0.0001456865289197985
-0.00015973600390572183
-0.00016967776550441249
-0.00018439030559797356
-0.00019635677558369142
-0.0002051301299047382
-0.0002160941432922214
-0.00022142200330021273
-0.00023124550551263407
-0.0002384942858213732
-0.00024256921022496134
-0.00025264787069929516
-0.00025654898823749335
-0.00026920877842481734
-0.00027410088565116677
-0.0002850907839198577
-0.00029105189576214714
-0.00030269263052801784
-0.0003064146630145594
-0.0003178043528958798
-0.00031970257012265595
-0.00033511940219441844
-0.0003334382831542501
-0.00035024855450807086
-0.0003521990937211682
-0.00036939223411519323
-0.00036913619667418394
-0.00038073484208683774
-0.0003772739470124118
-0.0003867081173324592
-0.0003859338557646087
-0.00039839070635816774
-0.00038480652999176766
-0.0004016784087221374
-0.00039404279667007837
-0.00040679880647620026
-0.000404039510913607
-0.0004266072881018195
-0.00041800117543466255
-0.0004466679435432225
-0.00039216228762191017
-0.0004035561879407911
-0.0003353290739960533
-0.00038838385274413004
-0.0003085841141093495
-0.00038239517697740376
-0.0003076557244004342
-0.0004365441801716547
-0.00039929742522041303
-0.0005516594680514421
-0.00042915597072159026
-0.0006084332087632036
-0.00048170395106705594
-0.0007324994604123532
-0.00042595567393743277
-0.0006623992634452795
-0.000217822529722415
-0.0006596459930984437
5.728695759965068e-05
-0.0008752497662038868
0.00040809797828579575
-0.0021417714519055683
0.011410562470522693
0.029810752422725708
0.026642690561990468
0.01884585891198435
0.018556256340735017
0.0318496757013107
0.013089459243093626
-0.0025964938812868647
-0.006674419093646796
-0.010748202172867037
-0.023333643540215197
-0.03142531411284366
-0.030408805732862334
-0.012824234370135548
0.002545482195024887
0.003909618927613722
-0.0033084123298956344
-0.011288293763790334
-0.004095552666459625
0.006455850674925014
0.012974634611073966
0.010984917483045873
0.007683403962429202
0.005723884945248432
0.0031177277148465793
0.0034595192908571664
0.010908516770174022
0.01352671850051634
0.01101914737084032
0.0052777463781020825
0.004135889971365365
0.003620403896488927
0.000915111202786666
0.00034221579897727745
-0.0001388283957771912
-0.003799100290083772
-0.009516251867103639
-0.01220920255166404
-0.008800379093269153
-0.005896286030966409
-0.007991998547490352
-0.008660595443813347
-0.0050900952069177115
0.0005946217377570767
0.0024123321333248174
0.0009224463314389585
-0.0007878439213651592
-0.0007009404632014173
0.0015844964636594458
0.003854872053766601
0.004880027376523452
0.003953346714057777
0.0014665337140897562
-0.0009455192971082613
-0.0012728063220295571
0.0004603007208954196
0.00256722906796169
0.002474419456462822
-1.8695163369055124e-05
-0.0025651601932902886
-0.004207312958338316
-0.003820098341933203
-0.0022337884995786423
-0.0007051965357980324
-0.0012199440631226448
-0.003375031093810513
-0.004628829077161978
-0.0030030255837998313
-0.0002399992748459467
0.0012947434346936098
0.000995617968026079
0.0007138360503582005
0.0011825585108406434
0.0011177129889895616
0.0010598044345945241
0.0010501290536589838
0.0014461398915680559
0.0013302659342527153
0.00035523827057808984
-0.00024830301203164755
0.0001289869682891137
0.00017206900307995584
-0.0007422115956973721
-0.0009374680676998628
-0.0004976927765239952
-0.0005153229118200816
-0.0005580769031854483
-0.0004481668729638669
-0.000598880610527801
-0.0011738589417272
-0.0013725605352959596
-0.0007157342643322444
0.00034851457070600705
0.0007971528303365895
0.0003934926703263574
-0.000256123429178114
-0.0003486447539188276
7.241411284648156e-05
0.0004938149679464364
0.0005731725856030554
0.00028229107469872203
-0.00014796254098353067
-0.000583463877401966
-0.0007221034644364859
-0.0004327646297261162
6.691739036047014e-05
0.0001831734689540277
-0.00019105817401541164
-0.0005847226984557906
-0.0005711486745121284
-0.00034527296647523565
-8.220414339883732e-05
0.0001786715348172598
0.0002669434207465079
0.0001919103351033815
5.337115136072655e-05
0.0001001292092405364
0.00022649767830794558
0.0003040556250421315
0.00011488290202070549
-2.326152733581902e-05
-2.2023255556320398e-05
7.522488412941216e-05
-2.9091946236304666e-05
-0.0003127096714984756
-0.00046526899163784315
-0.0004327498408248855
-0.0004606721717048847
-0.0004582761134065815
-0.0003900190010927418
-0.00036778965179508913
-0.0004138954056213417
-0.0005161975584663319
-0.0004899987897332858
-0.0003230465526682417
-0.00016229541123463244
-0.00011249399201097977
-0.00014156561842333627
-0.00010534227220023332
6.131238462167807e-05
0.00011976031351029968
0.00013921371138100267
0.0001970461279044038
0.0002879135751650569
0.00019199016867812462
4.5479242135988956e-05
9.710718245498301e-06
2.883819712260307e-05
-0.0001313156533917434
-0.0003186827579254574
-0.00041241828644822306
-0.0003512300247122327
-0.00029749572766110715
-0.0002787476622572835
-0.0002779716345740409
-0.0002356961804824508
-0.00015575549314717993
-0.00015164899281654634
-0.00011138568008421432
-1.3441551867879109e-05
-1.3958608547950256e-05
5.413495047008922e-05
1.3153888210905935e-05
1.6923677663983265e-05
6.184033583748176e-05
0.00011988532053264158
0.00011199419491262513
0.00010567619457161693
0.0001010829519486163
8.058740153192074e-05
3.9742043264432266e-05
1.9812382234065775e-05
-2.0089176607572185e-05
-7.02939832461761e-05
-0.00013829107807355768
-0.00016243115100815682
-0.00013144640917731474
-7.365863377255739e-05
-3.3046043387397626e-05
-4.327566453381035e-05
-8.34714095220884e-05
-7.855701274999712e-05
-6.131552094334306e-05
-3.7475705292865685e-05
-2.199465913425707e-05
-1.2663388400553158e-05
-4.392645336450024e-06
-1.2071852531550292e-05
-2.289600395289408e-05
-1.334624478463667e-05
1.0269658030637178e-05
1.687496487846213e-05
-3.358468909717008e-07
-1.4189165552849596e-05
-1.3443753643814808e-05
-1.7743692365299664e-05
-2.559011646565768e-05
-3.971545554897187e-05
-5.071095241511567e-05
-6.541582383356128e-05
-7.930418157180147e-05
-7.71381899587289e-05
-7.583609053313386e-05
-8.235323274533414e-05
-8.478851368839795e-05
-7.587108037893298e-05
-5.4770590099401376e-05
-3.851889908888214e-05
-3.34055907574441e-05
-3.691378807354828e-05
-4.0117955695920224e-05
-3.555032034019213e-05
-2.2600579007654655e-05
-1.2613857638786699e-05
-6.334356331737714e-06
-6.819911482162659e-06
-1.5195212246573825e-05
-2.6384204575374256e-05
-2.5621829398486757e-05
-1.5266715215585947e-05
-9.12436483605071e-06
-1.3242029459247968e-05
-2.251478489268048e-05
-3.0109136122464726e-05
-3.3742497955069244e-05
-3.2049514684826636e-05
-2.8333813167654104e-05
-2.6978894040315343e-05
-3.063038556871836e-05
-3.445196822350594e-05
-3.5413629899889174e-05
-2.9917453457317992e-05
-2.1906536079086886e-05
-1.882238927622496e-05
-1.701484266308545e-05
-1.3540314944009548e-05
-1.1943703010416256e-05
-1.198270899029259e-05
-1.3236691013324327e-05
-1.2048229277346705e-05
-1.0919159341589695e-05
-1.2746678273698318e-05
-1.5137997218814177e-05
-1.390730161933858e-05
-1.2902519707247512e-05
-1.5440535628804895e-05
-1.8464833549505117e-05
-1.881823748538759e-05
-1.756249133109135e-05
-1.6264701727441744e-05
-1.5709162431108984e-05
-1.6564585081005846e-05
-1.930502976403953e-05
-2.150452484843029e-05
-2.0036509709223416e-05
-1.707913186730612e-05
-1.3736055737100785e-05
-1.1728536934299235e-05
-1.2851666401158786e-05
-1.4987131451375932e-05
-1.4323636377321178e-05
-1.2498085047428194e-05
-1.1329016112684564e-05
-1.1000311202269083e-05
-1.1392784079776246e-05
-1.250037459429225e-05
-1.4122844502129995e-05
-1.4312782283842354e-05
-1.2745476836168411e-05
-1.1327853770824162e-05
-1.1733196502112756e-05
-1.2699696213763203e-05
-1.3441500819490014e-05
-1.2988575979953638e-05
-1.190815555995715e-05
-1.1316279372552583e-05
-1.0884720122914058e-05
-1.0197328289233184e-05
-9.955322567533904e-06
-9.781452211819579e-06
-9.577811812982323e-06
-9.358827638893753e-06
-9.278402588989098e-06
-9.738810721493757e-06
-9.76488984894637e-06
-8.876789874286665e-06
-8.524684041414998e-06
-8.975043354296296e-06
-9.624525726809086e-06
-1.009517467200601e-05
-1.003922879140412e-05
-1.0009651340280165e-05
-1.0057458305490457e-05
-9.736715067024245e-06
-9.399520151886728e-06
-9.414844872864393e-06
-9.357539130005435e-06
-9.083158935433127e-06
-8.222022013304025e-06
-7.416137809617408e-06
-7.344119204178337e-06
-7.276577134298349e-06
-6.646696294932536e-06
-6.0032255828500105e-06
-5.592168259055394e-06
-5.373921273364919e-06
-4.998770984705151e-06
-4.4965396777788035e-06
-4.657908813329889e-06
-4.758701682450802e-06
-4.646560326593578e-06
-5.058361753236211e-06
-5.481844953548275e-06
-6.059051661159892e-06
-6.295940198048837e-06
-6.2740965205403815e-06
-6.053353235109353e-06
-6.067998010552653e-06
-5.918715908489032e-06
-5.573134121379783e-06
-5.384577115841079e-06
-5.177031225604874e-06
-4.975951662044008e-06
-4.71832986877912e-06
-4.364054355182926e-06
-4.354257103939842e-06
-4.28611359832784e-06
-4.096281636640776e-06
-3.817878118163518e-06
-3.4652662807223338e-06
-3.4073664728127655e-06
-3.462740650678004e-06
-3.410542430636408e-06
-3.419689739491395e-06
-3.448920019713555e-06
-3.5636585489980685e-06
-3.766848792530894e-06
-4.025028482952829e-06
-4.229544114546567e-06
-4.2680336686266775e-06
-4.1409802744953365e-06
-3.896971986212198e-06
-3.8032115589457945e-06
-3.822677466308534e-06
-3.85373974708987e-06
-3.853477171463968e-06
-3.760458925168163e-06
-3.6359250038750252e-06
-3.5392193149415545e-06
-3.3949731704003725e-06
-3.2929165046962e-06
-3.2458597217634524e-06
-3.181572927495128e-06
-3.06793607262183e-06
-2.960098230156958e-06
-2.934877891477513e-06
-2.936831904855645e-06
-2.8761124923562547e-06
-2.805428359150706e-06
-2.7864522496623715e-06
-2.805272447347788e-06
-2.8065556028400077e-06
-2.8355825607810777e-06
-2.8363171269649856e-06
-2.802008259024586e-06
-2.783982198189118e-06
-2.7716335443875968e-06
-2.7475062941225586e-06
-2.7056059382339235e-06
-2.60527754424489e-06
-2.494164009779736e-06
-2.388524136428573e-06
-2.3226493612432935e-06
-2.3077720342598758e-06
-2.265720181136941e-06
-2.1827592943438577e-06
-2.0965735815115395e-06
-2.0046202901140894e-06
-1.925574322234931e-06
-1.896430508075515e-06
-1.898496783599244e-06
-1.8925470648759046e-06
-1.8462086759422035e-06
-1.7846521279376508e-06
-1.7529633181235594e-06
-1.740808571045263e-06
-1.729218483939067e-06
-1.72822382011684e-06
-1.7106144842615246e-06
-1.6830213605769804e-06
-1.6627002995424616e-06
-1.6416462151975435e-06
-1.61904741275299e-06
-1.6121497688307033e-06
-1.5855537862091837e-06
-1.5393264740399138e-06
-1.4958146081411536e-06
-1.456616240084617e-06
-1.418618282591458e-06
-1.3756996351398272e-06
-1.3395951229129132e-06
-1.3216829713247683e-06
-1.2958105176921406e-06
-1.2687001753400318e-06
-1.2557891638231844e-06
-1.234908319333941e-06
-1.2064695207184353e-06
-1.1792746382570385e-06
-1.1574109273243972e-06
-1.1465390346528971e-06
-1.1387847627638073e-06
-1.1172153133462773e-06
-1.0910361916442388e-06
-1.0635364519912677e-06
-1.0420424550214129e-06
-1.0336605583112848e-06
-1.0230903274198672e-06
-1.0054597953572733e-06
-9.842911021546862e-07
-9.513418094948909e-07
-9.158121732875946e-07
-8.927957532208625e-07
-8.764396095262139e-07
-8.613333464216506e-07
-8.401085926949478e-07
-8.141483568797556e-07
-7.934754008807887e-07
-7.730722577180662e-07
-7.53586026426209e-07
-7.410356366998748e-07
-7.250442139706778e-07
-7.050405490409189e-07
-6.861843783988468e-07
-6.664667451393609e-07
-6.518506800563492e-07
-6.399971705817078e-07
-6.218996815809908e-07
-6.025159384071693e-07
-5.844738435351082e-07
-5.666334834219904e-07
-5.49613204903817e-07
-5.300514514006453e-07
-5.114321995640565e-07
-4.970914406860426e-07
-4.809823454848967e-07
-4.6539065765130493e-07
-4.5261980231685317e-07
-4.370904207575202e-07
-4.205642047767563e-07
-4.0358284857447413e-07
-3.857311704803801e-07
-3.725930571383401e-07
-3.612098247261081e-07
-3.481000792372735e-07
-3.3551319367566834e-07
-3.223314196736885e-07
-3.0913518339831594e-07
-2.9604254546226894e-07
-2.802339154721334e-07
-2.666392919341287e-07
-2.5337554503471194e-07
-2.3688780806472437e-07
-2.2139822348620636e-07
-2.0714420120735095e-07
-1.9362930106926572e-07
-1.8018621883664427e-07
-1.6591305388192752e-07
-1.507836771817456e-07
-1.3800204117588076e-07
-1.2441042609141555e-07
-1.098278565580266e-07
-9.662531878112425e-08
-8.346370924863095e-08
-7.185547779649162e-08
-6.104087691067347e-08
-4.977684011256791e-08
-4.065097208055444e-08
-3.140879088685635e-08
-2.1079113274042726e-08
-1.0204404179964656e-08
1.478885543161005e-09
1.3311476955272811e-08
2.5244140915397627e-08
3.756108943065448e-08
4.985611080040079e-08
6.19387454141784e-08
7.442794966807959e-08
8.681031218548655e-08
9.847519486007599e-08
1.1047542865003199e-07
1.2227492286479773e-07
1.3470020686140102e-07
1.4832711674726308e-07
1.6072797847648955e-07
1.7245600183616932e-07
1.842260701791752e-07
1.959219190362095e-07
2.0764652965589577e-07
2.18932230765229e-07
2.298368498357124e-07
2.4051081139433365e-07
2.5099508894050704e-07
2.61840829042856e-07
2.734204936483261e-07
2.8556655114586984e-07
2.978174866971107e-07
3.10020701361058e-07
3.2174813000384185e-07
3.33269370922498e-07
3.4538380102805215e-07
3.5760504024582023e-07
3.69820093510634e-07
3.824966684092511e-07
3.9518324986085457e-07
4.0792701786352553e-07
4.2062172906330575e-07
4.3329570649942167e-07
4.4614620047997433e-07
4.587506982913457e-07
4.7115811514461016e-07
4.839982854442336e-07
4.968837223552798e-07
5.09622091392388e-07
5.224181673256154e-07
5.350563326072741e-07
5.475853960732434e-07
5.603895295805015e-07
5.732795752567401e-07
5.862231962425321e-07
5.992663622963676e-07
6.122935825498589e-07
6.255424364503322e-07
6.38950760005301e-07
6.525031787233716e-07
6.664094889556257e-07
6.80195690399947e-07
6.937808663729341e-07
7.076020238764615e-07
7.21493433967265e-07
7.355660699330871e-07
7.499114380387327e-07
7.642728172591214e-07
7.786372887127937e-07
7.929823983178616e-07
8.072345278216635e-07
8.217146384059855e-07
8.363462625912623e-07
8.510396434472257e-07
8.659066436313319e-07
8.808024405601578e-07
8.957635813603565e-07
9.109400895099436e-07
9.261525620364065e-07
9.41481971750667e-07
9.570212314007499e-07
9.726284678427527e-07
9.883713806275833e-07
1.0042917172477218e-06
1.020373021987824e-06
1.0367007237275724e-06
1.0531560432747557e-06
1.069711168935508e-06
1.0865298665787507e-06
1.1034503628997707e-06
1.120466802403497e-06
1.137685958354476e-06
1.154982141827321e-06
1.1724247179209567e-06
1.1900954176286395e-06
1.2079198542768723e-06
1.225967732007609e-06
1.2441967856310476e-06
1.262526559735514e-06
1.2810337277804461e-06
1.2997080742872076e-06
1.3185921432983872e-06
1.3377420055074834e-06
1.3570294459105611e-06
1.3764801874451265e-06
1.3961575578376245e-06
1.4159956760241587e-06
1.4360688741671705e-06
1.4564152743754282e-06
1.4769653622336031e-06
1.497749068179652e-06
1.5187209593574215e-06
1.539863348139724e-06
1.5612647151718145e-06
1.582899170192865e-06
1.6047566927120094e-06
1.626871779128122e-06
1.649197527204402e-06
1.6717690787849282e-06
1.6946060242028403e-06
1.7176583041363656e-06
1.7409758535130888e-06
1.7645605735715084e-06
1.788365899380636e-06
1.8124470867093178e-06
1.8368029191014458e-06
1.8614300076395774e-06
1.8863550520565643e-06
1.9115457022592076e-06
1.937012433456776e-06
1.962791202138778e-06
1.9888400550339936e-06
2.0151863831536078e-06
2.041826597058233e-06
2.068753656668331e-06
2.095992291679705e-06
2.123558560889713e-06
2.1514167604159322e-06
2.1796335605413583e-06
2.2081614283036975e-06
2.2370274566342418e-06
2.266194281316019e-06
2.295719532810183e-06
2.3255443178830866e-06
2.3557716061858467e-06
2.3862768108718322e-06
2.4172129585312626e-06
2.448443178857681e-06
2.480124345479107e-06
2.5120711092657525e-06
2.544531585222084e-06
2.5772010762058423e-06
2.610455701377299e-06
2.6438594236513667e-06
2.6779257844098553e-06
2.71206083372373e-06
2.746994436037399e-06
2.7818578023449834e-06
2.8177020539923303e-06
2.8532843361003948e-06
2.8900968699755093e-06
2.9263790582442035e-06
2.964224113773215e-06
3.0011499863588436e-06
3.0401456693891603e-06
3.077644739258548e-06
3.117910767908659e-06
3.155881004309239e-06
3.197601484294395e-06
3.235871076894838e-06
3.2793232022167195e-06
3.317589653534071e-06
3.363179087722355e-06
3.4010393360390005e-06
3.4488596884682115e-06
3.48519505607982e-06
3.5353813337196595e-06
3.5682965325047045e-06
3.621531905968894e-06
3.651617153671818e-06
3.708717089744991e-06
3.7337879433198165e-06
3.79698237238689e-06
3.81507626136951e-06
3.8883484394743365e-06
3.898863173276896e-06
3.985020757087641e-06
3.9819386621719305e-06
4.086074657557142e-06
4.058857250299861e-06
4.186045293181468e-06
4.125647816213357e-06
4.293851036454139e-06
4.179320116599124e-06
4.413684500100359e-06
4.225268900827258e-06
4.544492211366516e-06
4.271324515320269e-06
4.699158346214183e-06
4.325021577172378e-06
4.8809861824037455e-06
4.362654826643264e-06
5.101941170943512e-06
4.354649859699506e-06
5.361550182942125e-06
4.2628009169973224e-06
5.759555500031916e-06
3.894941128358188e-06
6.728465139293165e-06
2.003274172702297e-06
4.733770967823623e-06
-3.105133432635375e-06
-7.142839128078079e-07
-1.287015950585227e-05
-1.285110877628868e-07
-1.4302963197786002e-05
-6.01049652830717e-06
-1.6074135345055962e-05
-6.607944478923306e-06
-1.0640351720789808e-05
-3.7735293868660455e-06
-9.020436674668245e-07
9.606241167206975e-08
7.362210948317084e-06
5.349790081810671e-06
1.330212623967868e-05
5.242450040042116e-06
1.4938836622224852e-05
5.78684417845403e-06
1.1236226698881312e-05
1.8596131600279566e-06
1.0840421310455081e-05
8.237934766015375e-07
7.5915489347177655e-06
-3.0890590989999557e-06
7.97634042319726e-06
-5.246487352864753e-06
2.9028885620613527e-06
-8.203103874112737e-06
8.522985312990443e-07
-5.1157676585697216e-06
1.0139724512568584e-05
-5.924472135550307e-07
2.0638721948558947e-05
-2.5729552766354455e-06
