7.208281340752296e-05
9.40457658846376e-05
6.693398451811439e-05
6.224194207047407e-05
4.1680425542777334e-05
3.7718881313895676e-05
2.365523137584099e-05
2.2526725343866114e-05
6.494151507503818e-06
9.081729316323727e-06
-9.440007824865489e-06
-3.709782751491094e-06
-1.9636242406513156e-05
-1.9512433634545754e-05
-2.9885630951049263e-05
-3.109865067621849e-05
-4.423122433974477e-05
-4.256716792751967e-05
-5.872532092928228e-05
-6.0008491504490006e-05
-6.944052719169595e-05
-6.994011027881617e-05
-7.866047798523472e-05
-7.308517018636502e-05
-8.287522702300416e-05
-7.51655015622098e-05
-8.101238364422383e-05
-7.594879766733192e-05
-7.990900988108626e-05
-7.990836670466633e-05
-8.24263388809702e-05
-8.495385504173118e-05
-8.504484021319349e-05
-8.728232772337061e-05
-9.350797080914557e-05
-9.390958349972526e-05
-9.8620258339885e-05
-0.00010152962588648256
-0.00010343623906372729
-0.00010550727938397061
-0.00010386390765419695
-0.00010688929665501964
-0.0001069244617598326
-0.00010885461813358437
-0.00010843126883480745
-0.0001099907005022675
-0.00010933040633435436
-0.00011159365397302916
-0.00011089494181357435
-0.00011630755258120412
-0.00011531666622577552
-0.00011771245880247294
-0.00011692865515125394
-0.00011854672759311999
-0.00011572752082828862
-0.00011387781732731068
-0.00011035830895768982
-0.00010965076675770981
-0.0001062731382525855
-0.00010349448204924032
-0.00010261396518059773
-9.880137062143762e-05
-9.505201430290642e-05
-9.027938152678054e-05
-8.614590484109692e-05
-7.826359428447763e-05
-6.981991925101681e-05
-6.037522897296238e-05
-5.173930606067916e-05
-4.321708192187837e-05
-3.6068932683881944e-05
-2.7198935322303203e-05
-2.163990904384958e-05
-1.3016554552727278e-05
-1.0986960392903001e-05
-4.419332411272227e-06
-1.8735264753850438e-06
1.144597251680886e-06
5.986459043210622e-06
7.028247713496214e-06
1.1683701060842587e-05
1.625482386981075e-05
2.203884345838825e-05
3.0484195779637837e-05
3.9948671978633454e-05
4.8554222278184624e-05
5.476111491540583e-05
6.714287553633012e-05
6.728033436786604e-05
8.454999910910977e-05
7.847402599447145e-05
9.465445899463931e-05
8.552368165451528e-05
9.817576319512834e-05
9.076353489174981e-05
9.685101028882509e-05
9.259509675600921e-05
9.560742180729619e-05
9.122807951651108e-05
9.333506158397014e-05
8.62952175668755e-05
8.821471241819481e-05
8.16756745493142e-05
8.219903718824909e-05
8.035812424999604e-05
7.645748728687279e-05
7.103505018494078e-05
7.035288982649724e-05
6.470352860989329e-05
6.36829075215651e-05
5.999668739760894e-05
6.350240001109885e-05
5.353186009527713e-05
5.474293722004617e-05
4.888832758822032e-05
4.853831157825197e-05
4.3069394688933395e-05
4.359301559093271e-05
3.8806843615599606e-05
3.803079893207504e-05
3.100705479180623e-05
3.124142173159532e-05
2.4895789109151e-05
2.1968292177800106e-05
1.0580230526502723e-05
1.1949348598886225e-05
-7.969525179057888e-07
-5.32596762735237e-07
-1.091878672247311e-05
-1.2666716072897992e-05
-1.9655424581108302e-05
-2.513127740923048e-05
-2.803100739034027e-05
-3.254001611645832e-05
-3.780601453674484e-05
-4.044774581348381e-05
-4.9842695216683255e-05
-5.32071467869045e-05
-5.981286091005001e-05
-6.511103433612118e-05
-6.852692667855748e-05
-6.935122940248788e-05
-7.498532622519076e-05
-8.037029884377064e-05
-7.990503766250787e-05
-9.052377520776209e-05
-9.024286156743286e-05
-8.8755212844627e-05
-7.768520101111597e-05
-8.745722011352649e-05
-8.146047593553891e-05
-7.619495093175579e-05
-7.163974543306259e-05
-7.520024406628035e-05
-7.55526667308889e-05
-8.386184827075373e-05
-7.988836858212087e-05
-9.347480057748765e-05
-0.0001080194562545623
-0.00010282637636037762
-0.00010009857128366422
-0.00011921936694688111
-0.00011607520907722301
-0.00011058612989603366
-0.00010991890852223642
-0.00012339548659825577
-0.00013237278248730717
-0.00011753864844793937
-7.45080748111447e-05
-0.00011270717259136088
-0.00012245048390246765
-0.000135166462712636
-0.0001468009618903922
-0.00014191827910732332
-0.00012493686177449966
-0.00011000268414104332
-0.00014066384539812305
-0.0002177198994334805
-0.0001985355596772895
-0.00016463397059631493
-0.00020517583906646877
-0.00016480665104304438
-0.00015937685660000195
-0.00011938035165531256
-0.0001016342288894803
-0.00017490252991955957
-0.00017437187537191118
-8.390411924067537e-05
-7.697160860019858e-05
-2.9542557631130556e-06
-3.893754213738606e-05
0.0003323642418811471
-0.0001946388382086537
0.00046089856958594943
-0.0005982458662552378
0.0046906292592866165
0.015213668404417447
0.021041652458108854
0.025522684789755716
0.021384885225200254
0.017970205678571563
0.009738852668301486
0.005377662354083225
0.005405412394067826
0.004984200301141185
-0.0012610815225513575
-0.004635917600976722
-0.010818642774869535
-0.014470092100166195
-0.020322207791412437
-0.022705594988608583
-0.011121371850824291
-0.0019068816820431798
-0.0023459215961000373
-0.002235491421109817
0.0017595792555669936
0.0037983817827095517
0.004781176495979286
0.004435724856395873
0.005253321963737604
0.0048750852711768045
0.00412903049647627
0.0026281681757322406
0.005790716531991587
0.004748416627396092
-0.000249631109101649
-0.006283028273841742
-0.004933054597823537
-0.0033044449086196076
-0.0007084921467112955
0.0003076873466155071
-0.0011183528750581605
-0.0028892196198670025
-0.005277100364196875
-0.004250513262756736
-0.003939165541682589
-0.005036706616187407
-0.005151521577591286
-0.004869431841118839
-0.004872760650096029
-0.004517621301055673
-0.004095055145345318
-0.002381240535674382
-0.001159527878920486
0.00015725875341765592
0.0004326227969392391
0.0012344847334034839
0.00029399384354424454
-0.0006611149889950718
-0.00123511571464457
-0.0005292481476124175
-0.0002463428497661821
-0.0007536649709801502
-0.0015559213699426885
-0.00243049358761802
-0.0028437051815523675
-0.0027587477031485
-0.002665134806418532
-0.002854593770331705
-0.0025744751597703286
-0.001928165646935055
-0.001137814060225098
-0.0008986404276989028
-0.0008646446312329829
-0.001085622969768608
-0.0007413899562125542
-0.0001524276512627989
0.00015198893693001709
0.00042356897761339945
0.0006575366782157273
0.0006344378819072797
0.0003835821856765428
0.00017230950046910823
0.0001611388011142355
0.00022473569093772665
-0.00016927409175790834
-0.00042592794431837874
-0.0005321132707398135
-0.00044895530795481113
-0.0007470236057013591
-0.0010119472117107306
-0.0010692405939624163
-0.000645418315344414
-0.0001946414369558019
0.00019907246467519373
0.0002958849152650321
0.000289936580719107
0.0002490388416445784
0.00031643808900728987
0.000511946755504096
0.0007024809137999414
0.0006741487252121957
0.00042969049364573566
0.00013684521989719696
-0.00015638527206732975
-0.00033031374749034235
-0.00033218547758718283
-0.00017395917069701968
-5.114995673309933e-05
-0.00010135116197683631
-4.372953172010886e-05
-7.85109494075651e-05
-0.00032553358408455506
-0.0006041003863577045
-0.0007197300896501824
-0.0005620088782519711
-0.00039814214856395106
-0.0003347183620997072
-0.00039454919923445804
-0.00041091193082346553
-0.0004687428730186725
-0.000582355446974249
-0.0005903255992638213
-0.0003692432994840982
-2.566480395977766e-05
0.0001586860715681939
0.00021026606327478694
0.00021089121183858346
0.00010999112935017937
4.415925099358106e-05
0.00012983131175274884
0.0003476857171277978
0.000495109851407969
0.0005267024639317032
0.0005425320721514156
0.0004630938747693042
0.00024109778668910016
2.522592260682799e-05
-1.5663887886211564e-05
2.7471816939830286e-05
-5.7597910987237195e-05
-0.00021683722734433986
-0.0003474322814086097
-0.00048760630563548114
-0.0006942087051209503
-0.0008602395269032715
-0.0009003482877708662
-0.0008230437666967207
-0.000798923144673707
-0.0007311037851736525
-0.0006388321125185348
-0.0005392867009803856
-0.0004232573068890221
-0.00026053299651594957
-3.420775609548328e-05
0.00019593401417450904
0.00036224127503014765
0.0004094806974060687
0.00038553570977085017
0.00028867879429417384
0.00011905754168496413
-2.4791327556791722e-06
1.9650352397758797e-05
9.526397777987914e-05
5.917950759616314e-05
-2.0183879726039716e-05
-9.543942229869328e-05
-0.0001564642045939881
-0.00020286621245861914
-0.00020536861228318538
-0.0001709736764636728
-0.00016930892217119809
-0.00020629912365301118
-0.00019494433332757738
-0.0001577422821136953
-0.00010525098177862417
-4.3248822778573385e-05
-1.1624420584497055e-05
-9.806164734090078e-06
2.6092229479395088e-05
5.341155135428777e-06
-2.768723969328022e-05
6.359198621257087e-06
-3.571957064379015e-05
-1.7763002791761423e-06
-3.2936725677421634e-05
-3.713523300651831e-06
-3.20190286785944e-05
-4.334467919356876e-06
-2.9059033091331332e-05
-5.9552432664943845e-06
-2.5642741512052684e-05
-7.130481595262092e-06
-2.2829277262289904e-05
-7.89032307794602e-06
-2.0346030915702427e-05
-8.468387878044913e-06
-1.8166525521565848e-05
-8.816657999734802e-06
-1.6317721907855468e-05
-8.96073248615925e-06
-1.4737889613436605e-05
-8.957815310671114e-06
-1.3377738700093832e-05
-8.840539192578329e-06
-1.2203447614126892e-05
-8.637020960140138e-06
-1.1182202540028876e-05
-8.372882993685694e-06
-1.028668892337076e-05
-8.067515475686139e-06
-9.49550569963629e-06
-7.73579950191963e-06
-8.791214921872763e-06
-7.389316371566904e-06
-8.15973706882962e-06
-7.036763135335213e-06
-7.589821821628244e-06
-6.6845722823366104e-06
-7.072415030569275e-06
-6.337449974174014e-06
-6.600198705440924e-06
-5.99875701555389e-06
-6.167236781658137e-06
-5.670821135258918e-06
-5.768680787986426e-06
-5.355187056336802e-06
-5.400539825123065e-06
-5.052807710904096e-06
-5.05950197965887e-06
-4.764192350785596e-06
-4.74279386371485e-06
-4.489521171506241e-06
-4.448070872494853e-06
-4.2287330944067815e-06
-4.173331639473183e-06
-3.981592855947692e-06
-3.916851153758271e-06
-3.7477421547563987e-06
-3.6771284119121653e-06
-3.526738447582169e-06
-3.45284538120989e-06
-3.318084238428715e-06
-3.242834732103553e-06
-3.1212490688092997e-06
-3.0460543769081845e-06
-2.9356859079619333e-06
-2.861567297891804e-06
-2.7608432563399237e-06
-2.688525486548161e-06
-2.596173975658358e-06
-2.5261570835431005e-06
-2.4411416250567274e-06
-2.3737560148706787e-06
-2.2952249030943526e-06
-2.230673579187117e-06
-2.157920656413462e-06
-2.096311564485625e-06
-2.028745808791652e-06
-1.9701165672355493e-06
-1.9072384812789757e-06
-1.851575260655063e-06
-1.7929585115729818e-06
-1.7402104158125613e-06
-1.6854875306657625e-06
-1.635577522549037e-06
-1.584428718107568e-06
-1.537261891545311e-06
-1.4894063277435588e-06
-1.4448761446084646e-06
-1.400065053759668e-06
-1.358058020753027e-06
-1.316069289890434e-06
-1.276468441295173e-06
-1.2371023215139616e-06
-1.1997897891805748e-06
-1.1628654800804796e-06
-1.1277243669584151e-06
-1.0930772821304542e-06
-1.0599930055334367e-06
-1.0274725687936423e-06
-9.963338014371768e-07
-9.658016578636421e-07
-9.365009643758505e-07
-9.078295162708819e-07
-8.802637605955096e-07
-8.533349591520359e-07
-8.27405539979972e-07
-8.021098780783937e-07
-7.777228370991324e-07
-7.539585031508437e-07
-7.31024539670555e-07
-7.086966980835227e-07
-6.871311152574744e-07
-6.661512893545217e-07
-6.458738910962478e-07
-6.261594285197536e-07
-6.070943840942693e-07
-5.885679897650863e-07
-5.706436744769083e-07
-5.532329980982792e-07
-5.363818208106692e-07
-5.200190903323441e-07
-5.041773116004411e-07
-4.887990039738365e-07
-4.7390655334695166e-07
-4.594530989601291e-07
-4.4545338997741717e-07
-4.3186890253956264e-07
-4.187086522748702e-07
-4.0594068349881525e-07
-3.935697355089295e-07
-3.815690495680954e-07
-3.6994020296324034e-07
-3.5866056911734716e-07
-3.477294135801023e-07
-3.3712741434635033e-07
-3.268521731733913e-07
-3.1688702712800017e-07
-3.0722840594930775e-07
-2.978618021784896e-07
-2.8878284617606884e-07
-2.7997879132396014e-07
-2.7144474930265765e-07
-2.631694243499774e-07
-2.551476198251536e-07
-2.473692462692887e-07
-2.3982895553227796e-07
-2.3251767084783237e-07
-2.2543000795341743e-07
-2.185577485168226e-07
-2.118955564004289e-07
-2.0543594820845665e-07
-1.9917369615739483e-07
-1.93101952204806e-07
-1.872156391027385e-07
-1.8150846334292613e-07
-1.7597552668210297e-07
-1.7061102389705402e-07
-1.654102539070545e-07
-1.603678451067968e-07
-1.554793039304763e-07
-1.507396468250873e-07
-1.4614459251047218e-07
-1.4168950715578207e-07
-1.3737032217601627e-07
-1.3318272086512456e-07
-1.291228447539936e-07
-1.2518666626874894e-07
-1.2137053228221915e-07
-1.1767068013409559e-07
-1.140836557275742e-07
-1.1060594010298163e-07
-1.0723427094411268e-07
-1.0396535428311958e-07
-1.0079611163578116e-07
-9.772345734169118e-08
-9.474448845081692e-08
-9.185631271159899e-08
-8.905619433679707e-08
-8.634142099251703e-08
-8.370941560923321e-08
-8.115763354704533e-08
-7.868364824158201e-08
-7.628507152945591e-08
-7.39596192619532e-08
-7.170504952088851e-08
-6.951921278630635e-08
-6.740000394408227e-08
-6.534540060107192e-08
-6.335342574212541e-08
-6.14221768706363e-08
-5.954979699509497e-08
-5.7734496712253996e-08
-5.5974531481789815e-08
-5.426821846416068e-08
-5.261391860710495e-08
-5.101004946301822e-08
-4.9455070994271815e-08
-4.7947495225176954e-08
-4.648587505638445e-08
-4.506881142888099e-08
-4.369494447554757e-08
-4.23629587950085e-08
-4.1071576432587915e-08
-3.9819560768260406e-08
-3.860571079773701e-08
-3.742886390618638e-08
-3.628789142034284e-08
-3.518170037898139e-08
-3.410922992327665e-08
-3.306945259350189e-08
-3.2061371367476596e-08
-3.108402043389396e-08
-3.0136462681796573e-08
-2.921779019079843e-08
-2.8327122186713304e-08
-2.746360519922486e-08
-2.6626411368335743e-08
-2.581473839000163e-08
-2.502780817935737e-08
-2.4264866643048093e-08
-2.3525182375706485e-08
-2.2808046499633167e-08
-2.2112771587553745e-08
-2.1438691276453106e-08
-2.0785159440681522e-08
-2.0151549735993425e-08
-1.9537254803133155e-08
-1.894168590942482e-08
-1.836427215580038e-08
-1.7804460165227057e-08
-1.726171334242763e-08
-1.673551151341033e-08
-1.622535028555916e-08
-1.573074069128374e-08
-1.5251208639521438e-08
-1.4786294519678316e-08
-1.4335552735422188e-08
-1.3898551277828842e-08
-1.3474871259500364e-08
-1.3064106584489955e-08
-1.26658635374469e-08
-1.2279760446331443e-08
-1.1905427221147743e-08
-1.154250507619161e-08
-1.119064615673598e-08
-1.0849513238835658e-08
-1.0518779337293372e-08
-1.019812743911544e-08
-9.887250213135322e-09
-9.585849701764784e-09
-9.29363700806604e-09
-9.010332056170182e-09
-8.735663310470505e-09
-8.469367509820187e-09
-8.211189404274443e-09
-7.960881519008896e-09
-7.718203943306724e-09
-7.48292410069086e-09
-7.254816467487134e-09
-7.033662410083828e-09
-6.819249961311595e-09
-6.611373623399873e-09
-6.409834130276575e-09
-6.214438305706161e-09
-6.024998876556991e-09
-5.8413342759203735e-09
-5.6632684589783105e-09
-5.490630771027292e-09
-5.323255744334384e-09
-5.1609829409677264e-09
-5.003656810224792e-09
-4.851126559156626e-09
-4.703245993835564e-09
-4.559873385730703e-09
-4.4208713239345346e-09
-4.28610655738527e-09
-4.155449947614259e-09
-4.028776238470768e-09
-3.9059640180283655e-09
-3.7868955536523615e-09
-3.6714567377058423e-09
-3.5595369357224033e-09
-3.4510288741844474e-09
-3.3458285500956417e-09
-3.2438351652884305e-09
-3.144950885631203e-09
-3.049080996360583e-09
-2.9561336060163093e-09
-2.8660196120245925e-09
-2.7786526464100797e-09
-2.6939488596465987e-09
-2.6118272029258057e-09
-2.532208848461388e-09
-2.455017590525285e-09
-2.380179406623632e-09
-2.3076225970606885e-09
-2.2372775747120344e-09
-2.1690769333970706e-09
-2.10295523710334e-09
-2.0388492601847424e-09
-1.976697440327329e-09
-1.9164402226005332e-09
-1.85801993711173e-09
-1.8013805720522302e-09
-1.7464678026251484e-09
-1.6932288961099507e-09
-1.6416129063751006e-09
-1.5915704024615975e-09
-1.543053366776393e-09
-1.4960152910849407e-09
-1.450411143171979e-09
-1.4061971737044671e-09
-1.3633310291376885e-09
-1.3217715515037674e-09
-1.2814789845998166e-09
-1.2424147231374365e-09
-1.2045412776348933e-09
-1.1678222819116665e-09
-1.132222666852176e-09
-1.0977082561203439e-09
-1.064246019171725e-09
-1.0318038109907745e-09
-1.000350556262916e-09
-9.698561192262353e-10
-9.402912214516858e-10
-9.116275845986337e-10
-8.838377325411854e-10
-8.568950500489355e-10
-8.307736709396545e-10
-8.054485618288245e-10
-7.808954665507254e-10
-7.570908383178719e-10
-7.340118665465469e-10
-7.116364343780993e-10
-6.899431012402299e-10
-6.689110738835463e-10
-6.48520155546034e-10
-6.287508283117638e-10
-6.095841331710261e-10
-5.910017128463174e-10
-5.729857456560072e-10
-5.555189823772122e-10
-5.385846814105061e-10
-5.221666044431111e-10
-5.062489973669398e-10
-4.908166123963192e-10
-4.758546725061596e-10
-4.613488324006765e-10
-4.472851971616676e-10
-4.336502632679151e-10
-4.20430974756858e-10
-4.0761466988184503e-10
-3.95189047664498e-10
-3.831422073596706e-10
-3.714626004252923e-10
-3.6013901106093926e-10
-3.491606096047914e-10
-3.38516877506842e-10
-3.281976066783765e-10
-3.1819292014602374e-10
-3.084932003859925e-10
-2.99089165001383e-10
-2.899718035132004e-10
-2.811323693372586e-10
-2.7256239886613853e-10
-2.6425367270896047e-10
-2.5619822387711044e-10
-2.483883506862461e-10
-2.4081654498211286e-10
-2.334755538045425e-10
-2.2635835094069866e-10
-2.1945807435305893e-10
-2.1276815259738818e-10
-2.0628217255007353e-10
-1.9999390251518312e-10
-1.938973190991275e-10
-1.8798657227224458e-10
-1.822559906813903e-10
-1.7670011742861036e-10
-1.7131361672133305e-10
-1.6609130466371108e-10
-1.6102823241492814e-10
-1.56119459157264e-10
-1.5136029520132661e-10
-1.4674619459582698e-10
-1.4227271793944458e-10
-1.3793569154170633e-10
-1.3373083087957205e-10
-1.2965421287590082e-10
-1.2570186387552036e-10
-1.2186997906064173e-10
-1.181548503514148e-10
-1.1455298610184815e-10
-1.1106090911294428e-10
-1.076753112670345e-10
-1.0439284864067339e-10
-1.0121048964195634e-10
-9.812513301898917e-11
-9.513375200456697e-11
-9.223349709854001e-11
-8.94216040190493e-11
-8.669547935449828e-11
-8.405244496289058e-11
-8.148990195740863e-11
-7.900546796640873e-11
-7.659677601391801e-11
-7.426147525147093e-11
-7.199733615282505e-11
-6.980216578356124e-11
-6.767387583477003e-11
-6.561037666939426e-11
-6.360972908342824e-11
-6.167001319876998e-11
-5.978940182305072e-11
-5.796600729252553e-11
-5.6198073023492126e-11
-5.4483850970340336e-11
-5.282183094786411e-11
-5.1210238903153654e-11
-4.9647749778523875e-11
-4.813251793661655e-11
-4.666351094591292e-11
-4.523881768324356e-11
-4.385744626625096e-11
-4.251793444501762e-11
-4.121867823729704e-11
-3.99590315534621e-11
-3.873689455140272e-11
-3.7551981489636344e-11
-3.6402393767528615e-11
-3.5287341191431176e-11
-3.4205698169753607e-11
-3.3156092454911246e-11
-3.2137878567140704e-11
-3.114974182999268e-11
-3.019054179830699e-11
-2.925997833781724e-11
-2.8355773458443867e-11
-2.7478787474610744e-11
-2.662599958222489e-11
-2.579858592380302e-11
-2.4993741451484475e-11
-2.4212282352664705e-11
-2.345167679843052e-11
-2.2712829880755514e-11
-2.1992887112159965e-11
-2.1293200492752962e-11
-2.061049605723425e-11
-1.9946205453915018e-11
-1.929759740133992e-11
-1.866448477976651e-11
-1.804692669176572e-11
-1.7440458745156956e-11
-1.685037461125749e-11
-1.626607729803345e-11
-1.569876945995731e-11
-1.5131981930503746e-11
-1.4581586806061697e-11
-1.4026985302451056e-11
-1.3486379114163727e-11
-1.2937333807873895e-11
-1.2398364913944818e-11
-1.1846228533708703e-11
-1.1299173836160081e-11
-1.0733361248405071e-11
-1.0166565506120051e-11
-9.573127013329241e-12
-8.973509435517002e-12
-8.33575049263846e-12
-7.682941956244083e-12
-6.991805138328866e-12
-6.244053017689932e-12
-5.5093230325042875e-12
-4.5977302911073825e-12
-3.843050010166049e-12
-2.6941660707935355e-12
-1.8833337667167882e-12
-5.656673046638971e-13
5.710293349281415e-13
1.7627470663694744e-12
3.5442815132444294e-12
4.580466214654244e-12
6.791116063595282e-12
8.253107832562057e-12
1.0395956664965844e-11
1.2650074564246605e-11
1.4826761780134534e-11
1.7560378498537865e-11
2.0235419243008756e-11
2.3059723835289203e-11
2.6635357981696917e-11
2.9306630906777986e-11
3.402329896902987e-11
3.68058566277093e-11
4.230241318640884e-11
4.6000221860797996e-11
5.198657923957163e-11
5.6822376814122215e-11
6.382476673365799e-11
6.972760492233261e-11
7.823278326156077e-11
8.580997723365083e-11
9.6139827232577e-11
1.0656002453037286e-10
1.1911587697915806e-10
1.3438027494688982e-10
1.4953818770009532e-10
1.7191784188055155e-10
1.9091979005494888e-10
2.2223633079198474e-10
2.4734921288916897e-10
2.891630087367139e-10
3.233447999639611e-10
3.77381958677008e-10
4.2427050159785443e-10
4.928315000969066e-10
5.55988135535917e-10
6.424579035544005e-10
7.256996484452218e-10
8.331151642380062e-10
9.41942381014224e-10
1.0734890420506854e-09
1.2125273194350805e-09
1.3739602708600501e-09
1.5495998215312587e-09
1.7367980891588926e-09
1.975563255426723e-09
2.1555641827218576e-09
2.5116317261595733e-09
2.6296278301225578e-09
3.1690228857041245e-09
3.1722809451859143e-09
3.890050921412803e-09
4.102413419865611e-09
4.326563903196326e-09
5.455232947317002e-09
4.702401325900013e-09
6.292808984123966e-09
5.767133691122247e-09
6.438194162758132e-09
7.2134842493977425e-09
7.370708277255238e-09
8.183410439305955e-09
9.013481132930307e-09
9.051338800201265e-09
1.0781647477071813e-08
9.68902543346952e-09
1.2610836514140972e-08
1.0766669477138818e-08
1.4484267206749124e-08
1.375165318652559e-08
1.7790917122481858e-08
1.902285585386824e-08
2.478150310657759e-08
2.7869275541391922e-08
3.6098320706933916e-08
4.15461541566171e-08
5.144275051542581e-08
5.998510390631267e-08
7.098370052857693e-08
8.39434452277427e-08
9.489161719965764e-08
1.1315329806364587e-07
1.2495793012414044e-07
1.4860466884739478e-07
1.6195064310396408e-07
1.9087284204910218e-07
2.0718357287307542e-07
2.408642761357778e-07
2.614723538613503e-07
3.000865367621655e-07
3.2629434637133605e-07
3.699230134467675e-07
4.0196871733676976e-07
4.4964599969290895e-07
4.894367010364215e-07
5.356448889350801e-07
5.844296594520225e-07
6.286047273045559e-07
6.843706066392855e-07
7.206768502465876e-07
7.980403826694643e-07
7.903261717339744e-07
9.332387213353844e-07
8.26066449546765e-07
1.0824548496662492e-06
8.268480174337464e-07
1.2514721443600588e-06
8.2261581111777e-07
1.1813435653104185e-06
3.087813203218461e-06
4.30828018536597e-07
2.5024846761087472e-06
-1.1534137997142686e-06
-1.318728901508531e-06
-1.3018318039400645e-06
-3.235263402019792e-06
-2.8273061219166663e-06
3.6638781968279703e-07
1.9049696307809412e-07
5.917949853694482e-06
5.462651073453156e-06
1.5136604505947997e-05
1.3399075568215353e-05
2.3001289792030574e-05
2.0943050111838987e-05
2.8425715305644686e-05
2.466932311285131e-05
3.069244215356002e-05
2.774155724107375e-05
3.600959642597111e-05
3.28464256409694e-05
4.08498652768908e-05
3.9364560406528946e-05
4.6412387088211354e-05
4.792039695570121e-05
5.214826515972454e-05
5.723453638773108e-05
6.208872533446501e-05
6.755499379858574e-05
7.251488960324341e-05
7.911670106254164e-05
8.274592066936393e-05
8.922464319198536e-05
9.270585836164297e-05
9.791846493028503e-05
9.717619605938866e-05
9.950354399531151e-05
9.68628408377527e-05
9.576896673198724e-05
9.194500484903856e-05
8.753457696196653e-05
8.447681974801165e-05
7.982292559259196e-05
7.230114755906193e-05
7.152746870715826e-05
6.629327065131445e-05
6.331976746553712e-05
6.14702768381507e-05
6.0578439369045495e-05
5.711325403720749e-05
5.8677206582959934e-05
5.763795103640587e-05
6.138537037042185e-05
5.96969847910289e-05
6.323447199884081e-05
6.31449695336171e-05
6.590302856284325e-05
6.491352076840788e-05
6.565229450952988e-05
6.318777918372346e-05
6.298683717638701e-05
1.9128968464305262e-05
3.0002457617158267e-05
2.7631881114648278e-05
4.214119637914931e-05
2.9107188693295693e-05
7.01568262632214e-05
7.457811710795642e-05
1.2205405641018113e-05
1.0954382517067802e-05
3.1399017000253516e-05
-1.0457114740974817e-05
6.189038496153934e-05
-8.031684995224962e-06
9.605262367568939e-05
4.880532812185398e-06
3.125905309857681e-05
7.536517908169412e-06
1.575389141828345e-05
1.8890280844786802e-06
1.3652055439877038e-05
-7.390816979197315e-07
4.063918086118202e-05
3.685746121894867e-05
4.303888421061338e-05
7.799633945332958e-05
7.735944298014751e-05
0.00011606764358047873
0.0001173768144124101
0.00015677129303252782
0.0001575814437308733
0.0001657272943619372
0.00016138908958510898
0.00016130569915683232
0.00018822305775845332
0.0001537756551598
0.00021514424830735402
0.00018722639724018158
0.00020982492918318894
0.000192428932654195
0.0002003912815213171
0.0001837252525741625
0.00022111510203246036
0.00017672789211464236
0.00024640778632237595
0.00017296534843087708
0.0002681703017265307
0.00020403165566417565
0.000286941041760843
0.000275076424857645
0.0003161861913748994
0.0002831337794375862
0.00034168965494353197
0.0003121273189472132
0.0003628331146848556
0.0003121140197053779
0.00038437599949824605
0.00030642203493296525
0.0003674296924668724
0.00030029059477168724
0.00034199904872023965
0.00029076912652414725
0.00031677967651223214
0.0002770921942731974
0.00033292889849222585
0.00020119794687517583
0.00030863086046466946
0.00021627196310365464
0.0003090090544912423
0.00024851607652854593
0.00033155207028646506
0.0002488013535307111
0.0003492966584818921
0.0002804057896998327
0.0003664264418450123
0.00028651300689980144
0.00035196429030658543
0.00027899081946889954
0.00036269453950590414
0.0002681613745853337
0.00037988828442652584
0.00025949150908032546
0.0003896121442457214
0.0003228035312151144
0.00037252732885894566
0.00035399670086688306
0.00042446989688128464
0.0003829103277600322
0.00041672336682939946
0.00041299061629481554
0.00042848306160800115
0.0004373239053332512
0.00041871785967225123
0.0004226761208830116
0.00043058280385218457
0.00043404472434629336
0.0004455355500250153
0.0004578933663552417
0.0004316083322549427
0.00044676034471965016
0.00040663956711240563
0.00045628274820391757
0.0004243619974449936
0.00036979609264540126
0.0004408229292244027
0.0003410809665287673
0.0004127882258768282
0.000335372611049512
0.00031577354268036786
0.0003132731530694228
0.00033345492835427535
0.00033438469619559603
0.0003082096231922359
0.0003309462006928308
0.00035027740217985145
0.00031572418992416133
0.00035546229658228127
0.0003364950012223894
0.00041939775797544387
0.0003501144605287223
0.0004710159688310336
0.0003588140411532807
0.0004637819524845139
0.00040170816349915125
0.00048163193976451897
0.00039308032635770006
0.0004125058486787992
0.0004128042450894463
0.0003959742360535361
0.00039557442261696084
0.0003716990018251152
0.00038882845082462104
0.0003386358405073302
0.0004165174131730649
0.00038127871313791653
0.00039546453497395836
0.00040739931375223006
0.00039315011341592215
0.00041024752464943986
0.00036898185601932725
0.000383806437704488
0.00035072944979872706
0.00042321985676830763
0.00038987810103506706
0.0002848475338469433
0.0003868764024253809
0.0001482927309487023
0.0003258919700116166
-1.745929535787403e-05
0.0003196391359969576
-5.596252185386028e-05
0.00014559549101365643
-2.2438004370644455e-05
-6.859235300359385e-05
0.00024245382610001148
-0.0009191265805112152
0.0011346136493607041
-0.001540556240242936
0.00167352855237689
-0.0021582833973694104
0.0032726392147584306
-0.004286099941796389
0.0061960668550311675
-0.008684978863809263
0.013170138999075659
-0.02078287394751606
0.03471178862045396
-0.07137378136183131
0.30328769000343214
0.20887509327537723
0.005761651480461913
-0.03056529993038162
-0.0003052120984324239
0.07391875749986401
-0.05125083574501289
0.04847260977247164
-0.0882883688666721
-0.08104148015998962
-0.15066375086727868
-0.10308413541005232
-0.09455585319557336
0.08537011734272137
0.0750343151472126
-0.008616532005450726
-0.12632039597313932
-0.04836224455256792
-0.06356120162521726
-0.013683994966737514
0.01612198439293555
0.0708813257118744
0.035812768102681664
0.0007807256116732595
-0.016212992670647478
0.007966375772903388
0.002716696396363757
0.008407376523068368
0.00012100759505817614
0.03174997964347592
0.012278145991652258
-0.014102131277712843
-0.05623673881741839
-0.03188586692785916
-0.014030273726818521
0.013554945353578086
-0.006176252740625514
0.0034399118642939788
-0.0037428021607407032
-0.02087220952279546
-0.04554243315712052
-0.011702424872513275
0.03258595855506118
0.0469787611875251
0.009372190826908718
-0.013537015463815569
-0.020659920212587665
-0.014513926415794234
-0.002582429540333146
0.02054693749675108
0.02811787999384429
0.010229437298808763
-0.016733547894538132
-0.02657108989005094
-0.013473811503278331
0.006125262203911855
0.013882952841263778
0.008898340318083803
0.002121665794858651
-0.007110858241468898
-0.01466038648135123
-0.01518815567493766
-0.001514107862587172
0.011449319805033713
0.01036652938783187
-0.00080365590403349
-0.005562535029224593
-0.0030873528769929564
-0.0016195825632951688
-0.003539771746165129
0.0019585428445387082
0.009795216210650642
0.011538097546222441
0.002144056911062654
-0.006212454758792542
-0.006669664239514516
-0.0026533983188840454
0.0010265818546210561
0.005137138315398243
0.00808492222511202
0.003569444935969443
-0.005712753970731938
-0.011326976066323317
-0.006223137101244933
0.0008949851571911291
0.006185312295389062
0.004620290072114437
0.0004071719190667434
-0.004552694267895075
-0.007738926739108776
-0.005516969886872741
0.0020488838799436753
0.008733332400240549
0.007249657892828639
0.0005094551156828084
-0.004149290527431591
-0.003288987426650301
0.0002104941929019935
0.003492614871910945
0.004846194691798042
0.004945947448583288
0.0018505043016848865
-0.0021783026499400527
-0.004219966228230462
-0.0018581601250515305
0.0010590424720278934
0.0020070875866389885
0.0009681868136431253
0.00020521521686858051
-0.0009252772793968674
-0.0022594845208066885
-0.002528656892184595
-0.0005677319038677332
0.001964399953363627
0.002518289023683027
0.0015847376397563162
0.00017117373557041436
-0.0003943396050517208
-0.0009900422687485607
-0.0002644347115703774
0.001588627006683952
0.003315499573771908
0.0024988438088534796
-8.419874529441078e-05
-0.0023429993104234236
-0.0020247788238034036
-0.000595283185803449
0.0009409874284216709
0.0014742023684507469
0.0011013189654606177
-0.0006051137605575677
-0.0022556018330745714
-0.002415482381292116
-0.0007920184865477984
0.0011818660739636947
0.001620583359264197
0.0007892698886267325
-0.00042322113455143086
-0.0011111095087152733
-0.0009670782818938443
-0.00027001364256889397
0.0009250520030650194
0.0016372342183351974
0.001498275029944218
0.0007239695077747895
-0.00014479027519572136
-5.864893512045168e-05
0.0004840345391132581
0.0009190987784684736
0.0009744349661501685
0.0009560246549471663
0.0004863778679333737
-0.0001396848658598317
-0.0008926613623507643
-0.000569988383604092
-0.00015639529249895012
0.00045736865410000505
5.981215302051056e-05
0.00010174139553473065
-0.0004888560200678707
-0.00037603875993443003
-0.000711655022289202
0.0002651583107956936
0.0006883520115225994
0.0004732408067048921
0.0010276264356054157
0.000627974165188218
0.00100810099553397
0.0006529786355842521
0.0009856867552341477
0.0006252890971118336
0.0009253484363700125
0.0006113257380002193
0.0008503006235101606
0.0005949437015343303
0.0007835525638040532
0.0005741035365058107
0.0007227486092260581
0.0005530065030704811
0.0006670221479769031
0.0005309602981501908
0.0006170926399044789
0.0005078639820199431
0.0005722125191668038
0.0004843735917585716
0.0005316197392319173
0.00046082519532675693
0.0004948133331762251
0.0004374720030748502
0.00046129947956515156
0.00041456480280313394
0.00043064316377287165
0.00039228313606556875
0.00040249263560499654
0.00037075031627440227
0.0003765520606377453
0.0003500522710702911
0.0003525722150354259
0.00033024177770033317
0.00033034474811709236
0.0003113454949669678
0.00030969381639562796
0.00029337093025035704
0.00029046973680368904
0.0002763111991191773
0.0002725442209800741
0.0002601488610100913
0.0002558063389429331
0.00024485902815641475
0.0002401593014633996
0.00023041171374545144
0.0002255179393395746
0.0002167736187661069
0.00021180669209183017
0.00020390949266727715
0.00019895800767266285
0.0001917831501235777
0.00018691107087707117
0.0001803582228092671
0.00017561078670558708
0.00016959870888826463
0.0001650069635531819
0.0001594693669234609
0.00015505365347599252
0.0001499359911355597
0.0001457086155183949
0.0001409655968234628
0.00013693287571384146
0.00013252653797972015
0.0001286903632927446
0.0001245885741101067
0.00012094760715929419
0.0001171228992996298
0.00011367348021008438
0.00011010214351720192
0.00010683898184945146
0.00010350035378453907
0.000100417051172218
9.729296102039907e-05
9.438240493898334e-05
9.14567369540595e-05
8.871139572640837e-05
8.596974444900459e-05
8.33818866666444e-05
8.081128373360776e-05
7.83731399085779e-05
7.596183640953315e-05
7.366571656430333e-05
7.140300861941892e-05
6.92413863473828e-05
6.711747439137628e-05
6.508304547829779e-05
6.308891989597156e-05
6.117464170667911e-05
5.930198912128346e-05
5.750110551999959e-05
5.5742231336624454e-05
5.404828678282417e-05
5.23960505668334e-05
5.080289618065244e-05
4.9250657221866276e-05
4.775245094972881e-05
4.6294021954708126e-05
4.488522445950365e-05
4.3514831766143514e-05
4.219019928030851e-05
4.0902448346268744e-05
3.965702342047413e-05
3.844686860564762e-05
3.727596946260722e-05
3.613868733714446e-05
3.503789636506569e-05
3.396906193575081e-05
3.293421371249354e-05
3.192967909985359e-05
3.095684824320935e-05
3.0012723413957694e-05
2.9098212476723687e-05
2.8210847740941982e-05
2.7351175303311394e-05
2.6517145320543024e-05
2.5709034388173956e-05
2.4925123513413333e-05
2.41654902990064e-05
2.342867903603334e-05
2.2714622169193836e-05
2.2022074715729602e-05
2.135086492123235e-05
2.0699917567331035e-05
2.0068987812992467e-05
1.945713819396231e-05
1.8864074318718444e-05
1.828897140281738e-05
1.7731503227436376e-05
1.7190937979153674e-05
1.6666930888187314e-05
1.61588275476212e-05
1.5666274503627737e-05
1.5188682433361304e-05
1.4725696467237336e-05
1.4276782530513882e-05
1.3841589621083191e-05
1.3419631037835133e-05
1.301056341499276e-05
1.2613941063588054e-05
1.2229430882727604e-05
1.185662302881146e-05
1.14951964247444e-05
1.1144772832160721e-05
1.0805044306200435e-05
1.0475660711745972e-05
1.0156327858938934e-05
9.846720787767133e-06
9.54655932320332e-06
9.255541217737787e-06
8.97340030871254e-06
8.699854960801787e-06
8.434652825789501e-06
8.177531077243935e-06
7.928250850484952e-06
7.686566562363533e-06
7.452252403014304e-06
7.22507866216268e-06
7.004832099150714e-06
6.791297663851829e-06
6.584274153115245e-06
6.383560097234214e-06
6.1889657872505905e-06
6.000302364839231e-06
5.8173910577354445e-06
5.640054744112557e-06
5.468125036591604e-06
5.301435752405793e-06
5.139828345009927e-06
4.9831468450645805e-06
4.83124201801138e-06
4.683967441105859e-06
4.541182679897992e-06
4.402750241794175e-06
4.2685380008526425e-06
4.138416827928829e-06
4.0122624347922015e-06
3.889953527023632e-06
3.7713732069154465e-06
3.656407526398173e-06
3.5449465492383685e-06
3.43688321805174e-06
3.332114153509712e-06
3.2305387638932614e-06
3.1320598433867393e-06
3.0365828691995096e-06
2.9440164450325688e-06
2.854271745799091e-06
2.7672628440565065e-06
2.682906263887881e-06
2.601121220738062e-06
2.521829264986742e-06
2.444954450149116e-06
2.3704230470758514e-06
2.2981636595135373e-06
2.2281069938074292e-06
2.1601859322291058e-06
2.0943353471432943e-06
2.0304921460768e-06
1.9685951156586624e-06
1.9085849474326233e-06
1.8504041080682609e-06
1.793996844780862e-06
1.7393090812297448e-06
1.6862884109925544e-06
1.63488400620475e-06
1.5850466042253541e-06
1.5367284292916103e-06
1.4898831777562143e-06
1.4444659420591007e-06
1.4004331974250413e-06
1.3577427327075386e-06
1.316353636590374e-06
1.2762262339481936e-06
1.2373220668638891e-06
1.1996038428274789e-06
1.16303541305388e-06
1.127581725862364e-06
1.0932088010706968e-06
1.0598836918490303e-06
1.0275744571141293e-06
9.962501281845511e-07
9.658806832920348e-07
9.364370123888746e-07
9.078908956916404e-07
8.802149715583817e-07
8.533827143622497e-07
8.273684044713553e-07
8.021471083671105e-07
7.776946520164331e-07
7.539875987085261e-07
7.310032250644114e-07
7.087195018349771e-07
6.871150698635248e-07
6.661692226497514e-07
6.458618829019262e-07
6.261735874373697e-07
6.070854647303612e-07
5.885792202141792e-07
5.706371154857244e-07
5.532419533978074e-07
5.363770608309324e-07
5.20026273770108e-07
5.041739202572317e-07
4.888048058130702e-07
4.739041993803749e-07
4.5945781956867673e-07
4.454518200369234e-07
4.3187277593047593e-07
4.187076720281501e-07
4.0594388973132917e-07
3.935691955088763e-07
3.815717286119718e-07
3.699399891517923e-07
3.5866282904230273e-07
3.4772943932652933e-07
3.371293404143895e-07
3.2685237205126055e-07
3.1688868416790937e-07
3.072287271324581e-07
2.9786324163845034e-07
2.8878325146561995e-07
2.7998005367856765e-07
2.7144521017882046e-07
2.631705408402598e-07
2.551481144142916e-07
2.473702416423435e-07
2.398294676122126e-07
2.3251856496220476e-07
2.2543052606398273e-07
2.1855855692544694e-07
2.1189607151165732e-07
2.0543668361665095e-07
1.9917420185583748e-07
1.9310262425214402e-07
1.8721613112191414e-07
1.8150908068144964e-07
1.759760019802892e-07
1.7061159270065742e-07
1.6541071048276328e-07
1.6036837095106428e-07
1.55479740874577e-07
1.507401346861545e-07
1.4614500877183079e-07
1.416899602368904e-07
1.3737071821165112e-07
1.33183142777887e-07
1.291232206061479e-07
1.2518705989374157e-07
1.213708884667021e-07
1.176710476332582e-07
1.1408399264341285e-07
1.1060628389743254e-07
1.0723458887876292e-07
1.0396567616359487e-07
1.0079641200779615e-07
9.772375786365473e-08
9.47447723548614e-08
9.185659409575433e-08
8.905646048471688e-08
8.634168378223242e-08
8.370966687269027e-08
8.115788232448441e-08
7.868388406237145e-08
7.628530522031662e-08
7.395984170108574e-08
7.170526909115434e-08
6.951942199370006e-08
6.740021005752889e-08
6.534559829308659e-08
6.33536198017782e-08
6.142236251262473e-08
5.954997816426833e-08
5.773467070193544e-08
5.5974701993133846e-08
5.426838310677764e-08
5.2614079258721204e-08
5.101020402102185e-08
4.9455221832653924e-08
4.794764025490357e-08
4.6486015828486405e-08
4.506894757123469e-08
4.3695077343202434e-08
4.236308723726181e-08
4.10717009710561e-08
3.981968121668432e-08
3.8605828145058104e-08
3.742897700691796e-08
3.6288001416075254e-08
3.5181806853563956e-08
3.4109333777850785e-08
3.30695529089081e-08
3.206146905010112e-08
3.108411463419663e-08
3.0136554439777995e-08
2.9217878991781056e-08
2.8327208236587128e-08
2.7463688354197567e-08
2.6626492256160393e-08
2.5814816933069674e-08
2.5027884369794792e-08
2.4264939949914313e-08
2.3525253571143184e-08
2.2808115538158064e-08
2.2112838565443993e-08
2.1438756334438147e-08
2.078522259862936e-08
2.0151610907737094e-08
1.953731400966552e-08
1.8941743227087263e-08
1.8364327742520503e-08
1.7804514427323176e-08
1.726176591596018e-08
1.6735562477498966e-08
1.622539955864477e-08
1.57307884426916e-08
1.5251254936038405e-08
1.4786339340433496e-08
1.4335596279502205e-08
1.3898593619748878e-08
1.3474912095856606e-08
1.3064146257846243e-08
1.266590196830411e-08
1.2279797546865812e-08
1.1905463285361018e-08
1.1542540104270138e-08
1.1190680057962532e-08
1.0849546296966273e-08
1.051881137748012e-08
1.0198158373331268e-08
9.887280410256303e-09
9.585878705392625e-09
9.293665364194792e-09
9.010359523060028e-09
8.735689724110457e-09
8.469393249167703e-09
8.211214380313137e-09
7.960905490378423e-09
7.718227337197986e-09
7.482946554060455e-09
7.2548383880238765e-09
7.033683710987171e-09
6.819270525863785e-09
6.6113937438865705e-09
6.409853625199795e-09
6.214457132919238e-09
6.025017170070701e-09
5.841352337596084e-09
5.663285856331163e-09
5.4906477697791445e-09
5.323272041918292e-09
5.160998461928301e-09
5.003672555719402e-09
4.851140217830563e-09
4.703261260920882e-09
4.559887730533514e-09
4.420886404350732e-09
4.286119589455573e-09
4.1554617264544236e-09
4.028789074919659e-09
3.905975561220576e-09
3.786907631659481e-09
3.6714672710467383e-09
3.5595476054542385e-09
3.451038018287972e-09
3.3458382034997486e-09
3.24384392285694e-09
3.1449602813475586e-09
3.049090237239316e-09
2.956143691705375e-09
2.8660278573143516e-09
2.778660882548495e-09
2.693956737483301e-09
2.6118353467410177e-09
2.5322162324880465e-09
2.455025632872726e-09
2.3801873219771175e-09
2.3076301217117567e-09
2.2372846609185204e-09
2.1690839428420428e-09
2.102961713188606e-09
2.0388559855179234e-09
1.976703936385632e-09
1.916446667267653e-09
1.858026307897248e-09
1.8013869122496945e-09
1.7464735001075649e-09
1.693234280867803e-09
1.641618562440994e-09
1.5915762479647155e-09
1.5430590865391641e-09
1.4960214971665962e-09
1.450417101743831e-09
1.4062028914343591e-09
1.363336582163718e-09
1.3217772694504998e-09
1.2814849147113616e-09
1.2424212153874792e-09
1.2045478100207452e-09
1.1678287156757783e-09
1.1322291298965226e-09
1.0977152082279618e-09
1.064253203793275e-09
1.031811486945644e-09
1.0003590080864128e-09
9.698649314215935e-10
9.403004134871107e-10
9.116375757588224e-10
8.838482320160101e-10
8.569066489369503e-10
8.307862644357789e-10
8.054628695790267e-10
7.809105639694155e-10
7.571076109796904e-10
7.340301370201141e-10
7.116565780684175e-10
6.899653277100265e-10
6.689354285337873e-10
6.485482166498219e-10
6.287802897710776e-10
6.096190592261297e-10
5.910381023575134e-10
5.730283212995388e-10
5.555646093451279e-10
5.386364876260735e-10
5.222239182972946e-10
5.063126793096884e-10
4.908874859333931e-10
4.75933736865386e-10
4.6143565726221303e-10
4.4738183600442905e-10
4.3375901221526236e-10
4.2054748745912196e-10
4.077525000588042e-10
3.953288486499562e-10
3.833139404843533e-10
3.7163280471649157e-10
3.603491246714774e-10
3.493745824329625e-10
3.387701834551074e-10
3.2846899462521395e-10
3.184978960256435e-10
3.088361276784579e-10
2.9946062470032064e-10
2.9040403892385824e-10
2.8159040594069595e-10
2.7310429655605373e-10
2.648255744471667e-10
2.5687694874855505e-10
2.4910971896385803e-10
2.4166641517803233e-10
2.343944701960893e-10
2.2742517851587207e-10
2.2063122422782966e-10
2.1411046156535884e-10
2.077815092834008e-10
2.016934852640262e-10
1.958046281537451e-10
1.9014940991668623e-10
1.8466720210288945e-10
1.7946063125134915e-10
1.7435023390299786e-10
1.6960993980824624e-10
1.648474153947803e-10
1.6057616347708858e-10
1.5616394809236933e-10
1.523468131162109e-10
1.4831183503538625e-10
1.4490001906675154e-10
1.4135533802500655e-10
1.381480823833825e-10
1.3542997452653527e-10
1.3195355832301692e-10
1.3069326567152761e-10
1.262306960347903e-10
1.2707341776052594e-10
1.2164431788252994e-10
1.2342348670868475e-10
1.1971934207877233e-10
1.1905000943390753e-10
1.196314462423298e-10
1.1632341270773061e-10
1.1870520365275805e-10
1.172057563850193e-10
1.1810177141802214e-10
1.1892819194725401e-10
1.2308987509812575e-10
1.1764890971155406e-10
1.3565465070697336e-10
1.1632886754570082e-10
1.5067156463460796e-10
1.2360825991236668e-10
1.6323982313451446e-10
1.4350119226583247e-10
1.755453083243652e-10
1.7526444705262545e-10
1.9217315239128396e-10
2.1792376583840145e-10
2.1898624580352077e-10
2.7032534544169096e-10
2.601167753413236e-10
3.356451761492296e-10
3.1788541590693775e-10
4.138418375077956e-10
3.988650312813924e-10
5.04274066948085e-10
5.043845965890803e-10
6.14042046376273e-10
6.36045702218091e-10
7.486288394753515e-10
7.997062317910419e-10
9.182788696104893e-10
9.89985378396785e-10
1.1394602691949807e-09
1.2054220390952941e-09
1.4155605715382436e-09
1.4532648279219629e-09
1.7452308348486767e-09
1.7452457777566988e-09
2.1045946183712028e-09
2.1079697848369605e-09
2.475425607550985e-09
2.541946974579049e-09
2.848985346248778e-09
3.093594742761786e-09
3.121745403248267e-09
3.9012296198148635e-09
3.1210658574731473e-09
5.1154363866297205e-09
2.6933406493295006e-09
6.820899790756273e-09
1.914162555592897e-09
8.092770828119341e-09
5.1947826128337284e-09
5.533924795649405e-09
1.2460980626445876e-08
4.2578694465892925e-09
1.473677971319809e-08
8.477496263954633e-09
1.4085403726737424e-08
1.558516252977895e-08
2.272853784438542e-08
1.390323978585047e-08
4.62024603124676e-08
7.1066778169182575e-09
6.936526662168631e-08
1.6271677013494738e-08
7.946448333734851e-08
4.255299577642606e-08
8.309540927217696e-08
7.197661913433805e-08
8.348227514257036e-08
1.0479826732540803e-07
8.410388496889968e-08
1.3390588503975863e-07
9.185226833058509e-08
1.6851912782058073e-07
1.0524389855627201e-07
2.0956379886066323e-07
1.45536198667179e-07
2.4659024805656453e-07
1.9768150491625974e-07
2.901043320438848e-07
2.490863952077371e-07
3.311327948195275e-07
3.072973045160302e-07
3.7518617276226067e-07
3.497038776983073e-07
4.355985098961762e-07
3.651669729285399e-07
5.012096650916856e-07
3.7938595928710406e-07
5.630764296146729e-07
3.942303362265698e-07
6.004216864963913e-07
4.5458938823222245e-07
5.510726252717923e-07
5.394878688181823e-07
4.730219694173e-07
6.725657329459053e-07
2.6704021248826273e-07
9.967579502360643e-07
-1.926049479270258e-07
1.6047186063639692e-06
-1.0630872143441855e-06
2.589174924508362e-06
-2.4025458509149594e-06
3.874147020616341e-06
-3.737422833291514e-06
1.7297270081090515e-06
2.8557726151195724e-05
4.8355815523682365e-06
3.161784175101986e-05
1.131262292726747e-05
2.69398852909906e-05
1.5061490303880203e-05
2.2476447579507968e-05
1.3728908855155917e-05
5.921357155237706e-05
-5.179049765394341e-05
5.9069784020921156e-05
-5.892002653161744e-05
4.492427137416945e-05
-2.332328594924736e-05
4.119109925482744e-05
1.5478547576895912e-05
4.2484100493713796e-05
5.525291490942572e-05
4.371302304525637e-05
9.360501367273349e-05
4.857688364332349e-05
0.00010242528334932703
-1.5143355235742962e-05
8.978869273725812e-05
9.005737144576525e-06
7.50712305220625e-05
1.8876333272101675e-05
6.819414790336376e-05
2.2614546539176286e-05
5.774145809399724e-05
3.041726147245952e-05
4.540888676684147e-05
3.3601698359481076e-05
7.608668121759275e-05
-2.917595494607826e-05
7.815661806419417e-05
-0.00010269568003300428
6.154061799866942e-05
-0.00011213036237670457
5.008475520641974e-05
-0.00010461094857944258
-2.007829829723528e-05
-9.909750409930646e-05
-0.0001000455178554174
-9.941852259648712e-05
-0.000177406362877666
-0.00010034466065843014
-0.0002517210762263465
-0.00010827193804812584
-0.00025314541952098997
-0.0001141843570963313
-0.00023839242969487756
-0.00011572452276996294
-0.00019155510262964842
-8.067315631740336e-05
-0.00013644985614532854
-3.609049553353623e-05
-7.633666324674798e-05
-2.585552140980303e-05
-2.0093437002065772e-05
-1.7928075765304575e-05
-9.649044931705087e-06
