0.00041295277534041845
0.0004274846576367558
0.0004137579626103321
0.00040901282084076997
0.00040589849517247737
0.00040575752128903524
0.0004060375882451562
0.00040869984773955927
0.00041208704853938513
0.00042012405907667017
0.0004304710858107878
0.00044107715321294483
0.0004508533829578518
0.00045913464363996987
0.0004666691021767068
0.0004714595713579098
0.0004765098600092727
0.00048035454446738123
0.0004819155736984894
0.0004848483106231386
0.0004854074213983998
0.00048418997370048243
0.00048277552028266375
0.00047882224585761856
0.00047925508888388977
0.00047432685382289657
0.0004713416486715517
0.000466555394856251
0.00046529455126958325
0.00046161113710512837
0.0004621568773605547
0.00045794429741116563
0.0004609635347471401
0.0004596992158821774
0.00046359399722246757
0.00046110559735827933
0.0004701318262705712
0.00046939812688430167
0.00047686534057099386
0.0004801469644182824
0.0004907801844204726
0.000492424201278597
0.0005048214130642581
0.0005041767958550076
0.000509787220584775
0.0005077493725742864
0.0005117901383975812
0.0005060879895572037
0.0005067234388906605
0.0004994669914403294
0.0004953224476964923
0.0004903407613599632
0.00048358796214892526
0.0004801887682376256
0.0004730960025469316
0.00046837333235243004
0.00046643248955022156
0.0004621947556436744
0.00046235285360048334
0.00045987528700451076
0.00046237261326274176
0.00046160628031694157
0.00046371109493620246
0.00046477539941250113
0.00046581163493159407
0.0004645565175173823
0.00046653295046178596
0.00046863204944895423
0.0004719953751274044
0.0004724206666820844
0.00047574100860201256
0.00047800808326943966
0.00048402193848910854
0.0004866721918300543
0.0004898469787804653
0.0004899086375394119
0.0004931520403737922
0.0004910100757269494
0.0004940829837480742
0.0004892437058751799
0.0004933864429472035
0.0004913448666011443
0.0004937096191072425
0.0004932239323578039
0.000494013360389354
0.0004940739718132151
0.000493163195461579
0.000497393606556504
0.0004914609306658467
0.0004972369088051391
0.0004898507823411232
0.0004926480572947891
0.00048389648897195813
0.0004824079103425001
0.00047302353459785116
0.00046770067553935176
0.000462118689082497
0.0004587119022575721
0.00045225755338656234
0.0004528166371046546
0.00045267048630607805
0.0004538211455855129
0.0004599078861422283
0.0004646765542341369
0.0004719891103122061
0.00047886975677625807
0.0004839797498358473
0.0004888118537554492
0.0004893816670525649
0.0004929235293346837
0.00048771477633438836
0.0004896681480664347
0.00048614129466062364
0.00048063266187683566
0.0004795081041335713
0.0004749769721220442
0.000471355453181152
0.0004681354254020793
0.00047044571321752616
0.00046719375668995627
0.00047516573693905665
0.000471425195598358
0.0004805372056067367
0.000475531413016213
0.0004833810892414509
0.00048009937385138355
0.0004839793960144705
0.0004821059069912844
0.00048576238386835284
0.00048157453251146013
0.0004824635063123264
0.00047991958348959517
0.00048089044384296465
0.00048137813997242414
0.00047918554920707123
0.00048269807002033094
0.0004784748282157625
0.0004826260929234752
0.00048058954354319083
0.0004828839008522704
0.00048684240192299453
0.00048620664935915
0.0004906635710450154
0.0004868911333870484
0.00048672466400875234
0.0004886861960720512
0.00048007026683242126
0.000477023641103108
0.00047489085135362286
0.0004731776045115616
0.0004650082862499859
0.00046494409537516
0.00045691839501204494
0.00044885215909751296
0.00044856332557499266
0.00044142671458125547
0.00043939953104870483
0.00043594528474907043
0.00043660182235502273
0.0004353743513646292
0.0004362105809689059
0.00043759419020758766
0.0004487807162753406
0.00045351926420890903
0.00046586758335461566
0.0004648255424209334
0.00046430057356391626
0.0005011109490662587
0.0005134247628397855
0.00047240921542643594
0.0004381733041048696
0.0004463325091450865
0.000430788400303363
0.00041426217929351155
0.0004053586339334082
0.00040930644230311244
0.00041757590801985933
0.0004193478301226085
0.00040321123140638613
0.00041664128299680745
0.0004990349674926912
0.0004768952911345079
0.0004743677937063495
0.0005161312745986096
0.0004987272286566978
0.000500572768741646
0.0005333089981075929
0.0005415590417468634
0.0005219169563328986
0.0005008028294580984
0.0005439639017007995
0.0005467647353567174
0.0005264968978711398
0.0006517243150499934
0.00047037220892430184
0.0005724890469583897
0.00046242404001676086
0.003739804155474134
0.0066404487883849565
0.010994355036938939
0.01700185845942328
0.021656368505154372
0.024942927212793935
0.02610428348055101
0.023338549301820773
0.016367672170790507
0.010303966967303192
0.006166447539098863
0.0018659732198353755
-0.004222524079725485
-0.008094541312917718
-0.010900023562112374
-0.014398155606420026
-0.021619523265441958
-0.022402865658511288
-0.015145559367436053
-0.006069777833825042
-0.0005148314935689267
0.0015281233719863783
0.0022803944589535447
0.002516869087976466
0.001890593309161228
0.0047146437245659326
0.007006025859748964
0.007220531218801953
0.00532665223865632
0.004044993399967181
0.004432515237823179
0.0039054126365887136
0.0031110640886276952
0.0029014380671737554
0.0031600954876364155
0.0018642414092293119
-0.0005139426251646841
-0.0026839556217088975
-0.00518805672550104
-0.007935402481008581
-0.009529926810586746
-0.008377142626792667
-0.00553905660073062
-0.003836725868684222
-0.003312894418448682
-0.0028287079631049133
-0.001898079492665486
-0.0017057708323210752
-0.001338448154442825
0.0002067842099731711
0.0017567070414941876
0.0022038378559788904
0.0016464663474247709
0.0010268626915939782
-1.1588405436708334e-05
-0.0009100999985521856
-0.0011470889859569269
-0.00031664493479628046
0.00013063628180762864
-0.00037253586123533084
-0.001332257596659637
-0.002176534940454101
-0.0025009296316197516
-0.0022348786025389667
-0.0016169271108844086
-0.0008933497437318418
-0.0006318504551507179
-0.0009439987705034888
-0.0011428382620324818
-0.000995262465606923
-0.0007815829712866428
-0.0007737415783329509
-0.00035931545272802556
0.00036189279929366744
0.0008486674495903998
0.0009476167864149399
0.0008044178643127492
0.0007582926532551098
0.0007463550675969649
0.0007000282299605057
0.0007712487432583555
0.0007789853950402085
0.0006084006284684451
-1.445060889870061e-05
-0.0005595986816468835
-0.0008347617906945482
-0.0010568804109772284
-0.0011933794353830797
-0.0011034225669557121
-0.0007461711499025911
-0.0005022758114715958
-0.00042209249456425435
-0.0002684640894606487
5.16607902175596e-06
0.00021099745547981477
0.00041391910293593723
0.0007606189120446328
0.0009191868586322855
0.0006403065690948382
0.00021705813014404605
-2.1244185986002873e-05
-9.120866786930366e-05
-0.00016428891349563402
-0.00017099673968723039
-3.5889356962651164e-05
9.53852009667939e-05
9.355160388135799e-05
3.427853577423184e-05
9.149977144953434e-05
0.0002747112844261384
0.00030314581347169343
0.0002527782183005527
0.0001508186993043625
4.615720395353698e-05
-0.00016702806401534538
-0.0005208566051085764
-0.0006510018176003652
-0.0006066184455443234
-0.0005751624207902103
-0.0006269926240352338
-0.0005355388146395353
-0.00021539468469460133
5.637017291174414e-05
0.0001845870189839894
0.00028899660081074693
0.00047234857040177295
0.000725762854596769
0.000856260698841312
0.0008835753052873694
0.0008371685512347572
0.000647312562675082
0.000355538099877685
3.6654729441882444e-05
-0.00016845205956791693
-0.0002786821007167836
-0.00040412926936011714
-0.000524260006856233
-0.000608693334811717
-0.0006295904641575229
-0.0005782190941862941
-0.00047502439060346266
-0.00037287405572845964
-0.00024256330172168052
-0.00018819232164068002
-0.0002440983764559453
-0.00031481418826568
-0.00031742552313269697
-0.00027134080398975445
-0.00024892397162082244
-0.0001475993999679613
-8.085171148560465e-05
-7.610582892538973e-05
-6.983711288707025e-05
-2.209841418874441e-05
6.924601928909573e-05
0.0001774056610439161
0.0002785332402874695
0.000381061925070563
0.00045841677702361153
0.0005512732036579309
0.0005716225883536225
0.0005226809743931448
0.0005016712736448418
0.0004283423649951544
0.0002593494157595259
9.920056176799113e-05
-9.710789900474253e-06
-0.00010019561477440865
-0.00020228743570201027
-0.0002974798945745944
-0.00028509707921700085
-0.00022154896066019702
-0.00011566963985677929
1.565543145512415e-06
0.00010888581655622372
0.00019829104639459866
0.00028490067836176166
0.00033068855730941643
0.0003423406302700575
0.0003509814669635981
0.0003636609242388272
0.00037719165574370925
0.00043758239929269087
0.0004997696852425785
0.0005038095232941043
0.000530505308069854
0.0004983482715772543
0.0005141735030421956
0.0004855512790732265
0.0004928227317115903
0.0004717846485591653
0.00047536543827877205
0.00045844338222869314
0.00045980854938911095
0.000445695927974933
0.0004451147744718166
0.0004331663973838949
0.0004311141079082693
0.00042077505208668313
0.00041771129292766083
0.00040858896894066076
0.0004048346221221761
0.00039665512167627484
0.00039243795980666203
0.00038499641372924257
0.0003804836436795054
0.0003736265055421337
0.00036893953828739175
0.00036255298552463806
0.00035777937736253566
0.00035177875447897427
0.0003469815276233046
0.0003413034785316709
0.0003365277098584874
0.00033112455972197474
0.00032640216349670743
0.000321237788205404
0.00031659105317352273
0.00031163783512779875
0.0003070820230982687
0.000302318619204316
0.0002978638683811753
0.0002932735724131451
0.0002889262929584136
0.0002844958325463131
0.0002802597299021589
0.0002759783827370291
0.000271855207581596
0.00026771415202149235
0.0002637042496592061
0.00025969608733340864
0.00025579879996617653
0.0002519172046070157
0.00024813116567506163
0.0002443706246038163
0.00024069397395119134
0.00023704959757772355
0.00023348013854479564
0.00022994751979888133
0.00022648283372519627
0.00022305794415023765
0.0002196954736487736
0.00021637458642114425
0.00021311169575959245
0.00020989132848747038
0.00020672534719274178
0.00020360221925048056
0.00020053047342349418
0.0001975014739725928
0.0001945213086055258
0.00019158347247754247
0.00018869226718860052
0.00018584275655664695
0.00018303793651391523
0.000180274026830473
0.00017755307016403474
0.00017487213924787838
0.0001722325819034302
0.00016963210135514971
0.00016707154008753565
0.00016454906843093708
0.00016206516244990387
0.00015961833955669097
0.00015720881120010518
0.0001548353536724019
0.00015249798838187068
0.00015019568565344214
0.00014792833145359284
0.00014569504243372195
0.00014349560906231208
0.00014132925919266537
0.00013919571698912557
0.00013709429561809233
0.00013502467424892088
0.00013298623225288075
0.00013097861933115485
0.00012900126693052817
0.00012705380657104825
0.00012513571130230532
0.0001232466026423768
0.00012138598745725635
0.00011955348316481881
0.00011774862463543153
0.000115971029420292
0.00011422025603371227
0.00011249592517263669
0.0001107976157028507
0.00010912495358621317
0.00010747753553416067
0.00010585499423969518
0.0001042569423338617
0.00010268302023113923
0.00010113285498428249
9.960609537219114e-05
9.810238168799006e-05
9.662137146628026e-05
9.516271729412436e-05
9.372608567005387e-05
9.231114070327003e-05
9.091755793355355e-05
8.954501235116069e-05
8.819318851940451e-05
8.686177176609895e-05
8.555045559390485e-05
8.425893519918977e-05
8.298691289253517e-05
8.173409332623075e-05
8.050018745514566e-05
7.92849090182375e-05
7.80879774289668e-05
7.690911517777147e-05
7.574804993737611e-05
7.460451264122452e-05
7.347823901323164e-05
7.236896814296155e-05
7.127644359344756e-05
7.020041234108117e-05
6.91406255742792e-05
6.809683790169241e-05
6.706880792436951e-05
6.605629764106803e-05
6.50590728547597e-05
6.407690272311717e-05
6.31095600437535e-05
6.215682091144972e-05
6.121846491488668e-05
6.0294274872834254e-05
5.9384036966220015e-05
5.848754053237453e-05
5.76045781501534e-05
5.67349454773591e-05
5.587844130160066e-05
5.503486740957508e-05
5.420402861329484e-05
5.338573264322753e-05
5.257979015663188e-05
5.178601464846176e-05
5.10042224470296e-05
5.023423263828718e-05
4.9475867052379435e-05
4.872895019801288e-05
4.7993309242789795e-05
4.7268773955315684e-05
4.6555176681123715e-05
4.58523522907337e-05
4.516013815271543e-05
4.447837408642669e-05
4.380690233317031e-05
4.314556751261513e-05
4.2494216592925795e-05
4.1852698850165364e-05
4.122086583784253e-05
4.059857134873133e-05
3.998567138435885e-05
3.938202411886791e-05
3.878748986857003e-05
3.820193105757191e-05
3.762521218770951e-05
3.705719980572216e-05
3.6497762473605954e-05
3.594677073712215e-05
3.5404097096773115e-05
3.486961597751843e-05
3.434320370037537e-05
3.382473845320663e-05
3.3314100263063124e-05
3.2811170968005935e-05
3.231583419007055e-05
3.182797530808099e-05
3.134748143136059e-05
3.0874241373417276e-05
3.0408145626363274e-05
2.9949086335428838e-05
2.949695727416762e-05
2.9051653819726634e-05
2.8613072928752486e-05
2.818111311342132e-05
2.7755674418098442e-05
2.7336658396099383e-05
2.6923968086972185e-05
2.6517507994009993e-05
2.6117184062205128e-05
2.5722903656443804e-05
2.5334575540125986e-05
2.4952109853966473e-05
2.457541809524938e-05
2.420441309734496e-05
2.3839009009583552e-05
2.3479121277329837e-05
2.3124666622424813e-05
2.2775563023933734e-05
2.2431729699159443e-05
2.209308708492699e-05
2.17595568191967e-05
2.1431061722938398e-05
2.1107525782293693e-05
2.0788874130925932e-05
2.0475033032725152e-05
2.0165929864745418e-05
1.9861493100400713e-05
1.9561652292900762e-05
1.9266338058972514e-05
1.8975482062813238e-05
1.868901700023966e-05
1.8406876583118673e-05
1.812899552403235e-05
1.785530952120791e-05
1.7585755243617606e-05
1.732027031628932e-05
1.7058793305914583e-05
1.6801263706609437e-05
1.65476219259422e-05
1.629780927111244e-05
1.605176793537268e-05
1.580944098467297e-05
1.5570772344462326e-05
1.53357067867271e-05
1.5104189917210101e-05
1.4876168162826394e-05
1.465158875926643e-05
1.4430399738763204e-05
1.4212549918097515e-05
1.3997988886743374e-05
1.3786666995202268e-05
1.3578535343499766e-05
1.3373545769892315e-05
1.317165083972696e-05
1.2972803834439424e-05
1.2776958740746977e-05
1.258407024002262e-05
1.2394093697806516e-05
1.2206985153455013e-05
1.2022701309977987e-05
1.1841199524032208e-05
1.1662437796050576e-05
1.1486374760496037e-05
1.1312969676301903e-05
1.1142182417467426e-05
1.0973973463766402e-05
1.0808303891590178e-05
1.064513536493163e-05
1.048443012653735e-05
1.0326150989156652e-05
1.017026132693491e-05
1.0016725066941878e-05
9.865506680832153e-06
9.716571176616827e-06
9.5698840905645e-06
9.425411479215391e-06
9.28311991157344e-06
9.142976461315547e-06
9.0049486991943e-06
8.869004685526516e-06
8.735112962817543e-06
8.603242548485866e-06
8.473362927659495e-06
8.345444046150777e-06
8.219456303485269e-06
8.095370546060154e-06
7.973158060384645e-06
7.852790566421414e-06
7.734240211086445e-06
7.617479561802912e-06
7.502481600077116e-06
7.389219715376271e-06
7.277667698833836e-06
7.167799737297471e-06
7.059590407259609e-06
6.953014669044109e-06
6.848047861016826e-06
6.7446656938075205e-06
6.642844244771838e-06
6.5425599523704205e-06
6.44378961076728e-06
6.346510364457059e-06
6.250699702997219e-06
6.156335455757627e-06
6.06339578681337e-06
5.9718591898576755e-06
5.881704483364988e-06
5.792910805468333e-06
5.705457609256424e-06
5.619324657979701e-06
5.534492020494027e-06
5.450940066535138e-06
5.368649462134944e-06
5.287601165220664e-06
5.207776421197537e-06
5.129156758552751e-06
5.051723984668118e-06
4.975460181544562e-06
4.900347701772116e-06
4.826369164282596e-06
4.753507450391589e-06
4.6817456998827475e-06
4.611067307065236e-06
4.541455916941511e-06
4.47289542138818e-06
4.405369955492886e-06
4.338863893852909e-06
4.273361846931871e-06
4.208848657514012e-06
4.145309397231327e-06
4.082729363092037e-06
4.021094074028455e-06
3.9603892676007475e-06
3.900600896691387e-06
3.8417151262736205e-06
3.783718330165628e-06
3.726597087869583e-06
3.6703381815256404e-06
3.6149285928058217e-06
3.5603554998997e-06
3.506606274560845e-06
3.4536684792025978e-06
3.401529864017344e-06
3.3501783641073923e-06
3.2996020967136427e-06
3.249789358477327e-06
3.2007286227073856e-06
3.152408536708992e-06
3.1048179191979497e-06
3.0579457577016404e-06
3.0117812059925024e-06
2.966313581574632e-06
2.921532363213755e-06
2.8774271885220574e-06
2.833987851540414e-06
2.7912043003884904e-06
2.74906663494303e-06
2.7075651045428174e-06
2.666690105714237e-06
2.6264321799583635e-06
2.5867820115745878e-06
2.5477304255101026e-06
2.5092683852177356e-06
2.47138699055135e-06
2.4340774757466814e-06
2.3973312073713275e-06
2.3611396823253715e-06
2.325494525873663e-06
2.2903874897183246e-06
2.2558104500693035e-06
2.2217554058002542e-06
2.1882144765445703e-06
2.155179900929652e-06
2.122644034744715e-06
2.090599349171044e-06
2.0590384290470557e-06
2.027953971184531e-06
1.9973387826201228e-06
1.967185779002713e-06
1.9374879828984795e-06
1.9082385222337662e-06
1.8794306286705129e-06
1.8510576360636528e-06
1.8231129788640835e-06
1.795590190692073e-06
1.768482902733833e-06
1.7417848423907124e-06
1.7154898316898643e-06
1.6895917859907186e-06
1.6640847124648698e-06
1.6389627087573717e-06
1.6142199616171055e-06
1.5898507455473342e-06
1.5658494215452842e-06
1.5422104356282258e-06
1.5189283177672154e-06
1.4959976804549996e-06
1.4734132176250994e-06
1.451169703113131e-06
1.4292619898433967e-06
1.4076850082794107e-06
1.3864337656383473e-06
1.3655033441895958e-06
1.3448889007966307e-06
1.324585665151009e-06
1.3045889392636627e-06
1.284894095672387e-06
1.2654965771001546e-06
1.2463918947755231e-06
1.2275756281065076e-06
1.2090434227536822e-06
1.190790990645142e-06
1.172814107833984e-06
1.1551086148363886e-06
1.1376704141446764e-06
1.1204954710611142e-06
1.1035798107212648e-06
1.0869195196036032e-06
1.0705107414862554e-06
1.0543496807158682e-06
1.0384325958520159e-06
1.0227558060050125e-06
1.007315680582883e-06
9.921086504058449e-07
9.771311920408338e-07
9.62379845215796e-07
9.478511898296151e-07
9.335418718658993e-07
9.194485708026771e-07
9.055680363456546e-07
8.918970439571704e-07
8.784324443777795e-07
8.651711060885664e-07
8.521099777460649e-07
8.39246018420137e-07
8.265762707995207e-07
8.140977833662796e-07
8.018076881482778e-07
7.897031224975712e-07
7.777813026328163e-07
7.660394548809034e-07
7.544748741568699e-07
7.430848763369594e-07
7.31866829051589e-07
7.208181388718149e-07
7.099362401737086e-07
6.992186310295686e-07
6.886628073803688e-07
6.78266358983097e-07
6.680268389310353e-07
6.57941927854986e-07
6.480092331541832e-07
6.382265238980445e-07
6.285914606005702e-07
6.191018971847973e-07
6.097555468066989e-07
6.00550344630451e-07
5.914840557415973e-07
5.82554693621712e-07
5.737600735503459e-07
5.650982861700883e-07
5.565671925303014e-07
5.481649639013804e-07
5.398894957614735e-07
5.317390526624782e-07
5.237115433618777e-07
5.158053469657149e-07
5.080183580368543e-07
5.003490974610746e-07
4.927954074330013e-07
4.853560020313952e-07
4.780285841367304e-07
4.7081220123576517e-07
4.6370417996002833e-07
4.5670428259689255e-07
4.498088549895196e-07
4.4301925098029493e-07
4.363297982103685e-07
4.297443343334595e-07
4.232545756429479e-07
4.1686721826035555e-07
4.1057105589804854e-07
4.0437600004085417e-07
3.982674065781955e-07
3.9225904010543877e-07
3.8633217943392223e-07
3.805048315480043e-07
3.7475434272254363e-07
3.691023002828919e-07
3.635232168285561e-07
3.5804068510263826e-07
3.5262890043488877e-07
3.473095753752514e-07
3.420613562520741e-07
3.3689958550209634e-07
3.318111377949599e-07
3.2680162653054646e-07
3.218690586629367e-07
3.1700690131242475e-07
3.122262355666097e-07
3.075066938920668e-07
3.028739218153783e-07
2.9829314337765766e-07
2.9380369772702766e-07
2.89358220375099e-07
2.8500799221473387e-07
2.806944611179695e-07
2.764789057095856e-07
2.7229484303139184e-07
2.6820975537386865e-07
2.6415201740933106e-07
2.601940006728405e-07
2.562590937259582e-07
2.52425723960923e-07
2.48609528443616e-07
2.4489949565015745e-07
2.411981723646943e-07
2.3761112657495493e-07
2.3401957331361687e-07
2.305587431459242e-07
2.27066609826917e-07
2.2374128370037175e-07
2.203371245684902e-07
2.1715316108429422e-07
2.1383222022658974e-07
2.1079605965618198e-07
2.0754308967217152e-07
2.0468631351948418e-07
2.0143497650367556e-07
1.988882005223545e-07
1.9539098318227966e-07
1.9361482324535095e-07
1.8901510526834879e-07
1.8942213742264105e-07
1.8348640235281086e-07
1.8536303838723373e-07
1.784851181247456e-07
1.8160327518252565e-07
1.7401826354565293e-07
1.7779111905171971e-07
1.6937863874883158e-07
1.7351881008323237e-07
1.635312166997703e-07
1.6671318108527153e-07
1.5553853512562024e-07
1.5692055119878915e-07
1.4499799258393584e-07
1.4377643490028937e-07
1.3414936975741682e-07
1.269302007187844e-07
1.2007922902063442e-07
1.0770903387464018e-07
1.0342742777180139e-07
8.582085444662664e-08
8.261850947932745e-08
6.195743540532927e-08
5.8197389027830415e-08
3.475242162394158e-08
3.003187143269643e-08
6.351381726327557e-09
-1.3362450214252433e-09
-2.5170833590072543e-08
-3.543376389541662e-08
-6.139269756718431e-08
-7.508940246886897e-08
-1.0434171321223513e-07
-1.212044275119542e-07
-1.57629851157482e-07
-1.7494881717625079e-07
-2.2177593592760843e-07
-2.389060095171454e-07
-2.9797697829515336e-07
-3.149851982571603e-07
-3.854470171709909e-07
-4.0399051878803327e-07
-4.845741206633137e-07
-5.021509040405007e-07
-6.113103741118805e-07
-6.06197386080219e-07
-7.534642926281183e-07
-7.310567940291594e-07
-8.971477683828995e-07
-8.467787092014353e-07
-1.050561267406519e-06
-9.356788787188422e-07
-1.2845381898009354e-06
-8.530734978785055e-07
-1.928319851933106e-06
1.268746679569915e-07
-5.2452028010642395e-06
1.0925889568254705e-05
7.773063479293147e-06
2.3838921266745736e-05
2.0665420511904492e-05
3.978215824503397e-05
3.870074775755132e-05
5.019379909230212e-05
5.4179478453536566e-05
6.648340683862116e-05
7.156704058546796e-05
7.919497433555244e-05
8.662020087352542e-05
9.30699998580994e-05
9.916529740809958e-05
0.00010277533030929466
0.00011011222684247652
0.00010594937309715933
0.00011360893881979053
0.00010767297162045646
0.00011124681703933757
0.00010902758560781727
0.00011000898386061546
0.00011292681124336324
0.0001144251259485486
0.00012016555677023776
0.00012551495978096685
0.00013380275859770365
0.00014499908847461678
0.00015510667440911798
0.00016878667342579438
0.00017692082462331202
0.00019106202049119406
0.00019944088657425647
0.00021013037835236042
0.00021436601558248288
0.00022941764185105572
0.00022773000019829525
0.0002409087819866606
0.00023882956121786154
0.0002477460213469062
0.0002487060445071648
0.0002560765019378726
0.0002529385047634421
0.0002633395065800878
0.00026488647258158485
0.00027413407556682514
0.00027973861788493535
0.00029370283267412915
0.0002971387329412339
0.00031231776476886857
0.0003177911808268651
0.00033341255751005814
0.00034157175113273374
0.00035476354896443865
0.0003653030746535632
0.0003774692284814074
0.00038386152141714307
0.00039034815420094904
0.0003936910828922428
0.00039673764880058073
0.0004002317076267389
0.0004019379858980262
0.00040489043590626994
0.00039862627817378974
0.0005309433140816636
0.0005238324903217219
0.0005625764334313095
0.0005336867226460424
0.0005831533884340718
0.0005358290057540162
0.000551719014827628
0.00048373071024809854
0.0005552840374248378
0.0004424464555282132
0.0005446783456031449
0.00044940320478459913
0.0005174404715248058
0.000532693041424655
0.000523237924629526
0.0005242635031708521
0.0005415394320768341
0.0005361670757305971
0.0005518405900600853
0.0005622625063585814
0.000545865516883665
0.0005574729967252922
0.0005142768411691859
0.0005200468418165412
0.0005313490332460271
0.0004810615249264648
0.0005068764313111488
0.00047492145155593295
0.0004745829758375286
0.0004899500961295438
0.00046317073832050803
0.0004918113509340946
0.0004926831069716228
0.00047596885071410475
0.0005130445139243225
0.00046875500327447987
0.0005198086831342418
0.0004749554149289624
0.0004926450520217856
0.0004966458071408999
0.0004767916642801909
0.0005048786921729137
0.0004926514163036224
0.0005252885995521454
0.0004868304281632384
0.0005384231041282005
0.0004938104260985271
0.0005944576343046485
0.0005426936811295223
0.000582130866879083
0.0005694363899734747
0.0005904289264281986
0.0005896943614540787
0.0005869925409864087
0.000577194042988719
0.0005781858970073954
0.0005408707721801676
0.0005376899288415127
0.0005646390983140635
0.000476647974953024
0.0006128314293508044
0.0004997164292915351
0.0005742527729793794
0.0005437133898795151
0.0005309219776966692
0.0005257508180474202
0.0005186785967197315
0.00049516429745355
0.00044235809746688386
0.00046855790978761924
0.00040047353489432494
0.0004164976108619028
0.00035688718642360384
0.00038685492448803653
0.0003367567961225765
0.000388670291595093
0.00035334583148960636
0.0004145688131770569
0.00034315447694490656
0.0004705670607002886
0.0003963075635690699
0.00045666749625383144
0.0004217127437699691
0.00040484776423959235
0.0004372791490614886
0.000373461952686579
0.0004099597358094814
0.00036887585913563244
0.00038788855209455114
0.0003611638857042934
0.0003738727714347839
0.00035151763629117673
0.0003623384275551531
0.0003382174701864424
0.0003670295484893336
0.00036334985022267455
0.0003636136809397877
0.0003605964674737187
0.00035769687962900875
0.0003457537973263862
0.0003638550620170809
0.0003694600597124848
0.0003617471435616651
0.0003633329424771875
0.0003641322775359739
0.0003211003956473643
0.0003707403242263958
0.00030500623814919137
0.0003260441391285374
0.0003402041121474716
0.00033290696877843085
0.00033740194609838993
0.00035250121693644436
0.00034483495611030597
0.0003887927595258075
0.00034080699123539637
0.0004040217257321281
0.0003043252056060897
0.00035052778750203385
0.0002890134622039078
0.00030453518892659213
0.0002581421159192818
0.0003078567247112741
0.0002425816141065143
0.00034472449184697615
0.00023615288718854864
0.00029902374546876033
0.00024837811394178374
0.00032156381574988065
0.0002606105631166253
0.0003098251322102934
0.00025394264179582466
0.00027393638398088974
0.00025382960619625965
0.0002513138682230261
0.0002917819074313071
0.00027080881104549524
0.00025961963939003603
0.00037751020854460537
0.00024111107965831967
0.00039410249077517654
0.00023104047142640977
0.00042780550722141403
0.00017173102627225298
0.0005368338131012602
2.112533101776578e-05
0.0006973639142702926
-0.00019890775317686453
0.0009615078377012414
-0.0005438375737664631
0.00142514826203501
-0.001007550483197668
0.002243192643734379
-0.00205310881168013
0.0032685172137832323
-0.0029146912005396123
0.004389316493361679
-0.004237738041803973
0.006815010216668004
-0.006909395984615899
0.010354666616078978
-0.012258046920792912
0.017671657458401897
-0.02336218737069474
0.035512327647658035
-0.06077482351191252
0.16281742856198045
0.3248305910942183
0.06943646701163328
0.011564896142978202
-0.060932630197823995
0.0867442399565029
-0.03517755656760713
-0.007950808656802887
-0.015697035901181447
-0.08607793410382683
-0.17617793696577708
-0.1251305322065387
-0.10985929415883464
0.008256212962587156
0.08079942126155971
0.09288404667084994
-0.0404697457442361
-0.05139352068038419
-0.04386527230054722
-0.024508172651147794
-0.018109552077442574
0.03463661212737468
0.04496197289808634
0.018177974646922255
-0.018335007889996438
-0.0021015044587883594
0.00044505173055661435
0.0007321828505092666
-0.017342524795069727
0.010755896080947631
0.02468457898853463
0.0016023352878959934
-0.03377772896082483
-0.033801401597197266
-0.016616181060772124
-0.00436049678644836
0.005322098421617289
0.005920860257560744
0.013828560358119562
-0.007548189069044696
-0.032912340711686076
-0.031021990208872932
0.004625946996117463
0.03494613426918153
0.021652668203381263
-0.006151410199448416
-0.01955180664104607
-0.02135511501414737
-0.014828858609558241
0.003949815713007655
0.02724868910373615
0.026679197912813105
0.005373320283058499
-0.016511266628297827
-0.015530573710976332
-0.0028881946284300256
0.009616580760761727
0.010419681655339769
0.006418411302398048
-0.0019327955363132583
-0.01223985642357433
-0.01868943685120404
-0.013580845832446165
0.0006227339193618014
0.00645842353823505
0.001994686596381822
-0.0046129221685526755
-0.0034790704232952373
-0.0023432612566305576
-0.003998112332551624
-0.0024382445158379912
0.0059118009495618224
0.0116001530662907
0.007705206349815263
-3.4586452346123805e-05
-0.0033067553268112
-0.002862067189181758
-0.0021814327037194773
0.0002637526889454448
0.006059636617781677
0.006766293088741529
-8.363904305531904e-05
-0.009062087112439138
-0.009388437570209327
-0.004373985606667698
0.0013795312685363826
0.003581943133210724
0.002071947339036125
-0.0017418291451130503
-0.006770712873026653
-0.008216088769435491
-0.003312112775386211
0.004278593848232197
0.0077250388680199485
0.004469216643776929
-0.0004918195001134278
-0.002455826731777873
-0.0016328748358131764
0.0011528895989395783
0.003593821749916579
0.005283975777052844
0.004140822145298973
0.0005567212892017299
-0.0028036671536139125
-0.0027630962817662393
-0.000517778337186906
0.0009801039790143262
0.0006155860695614516
0.00033153562422418893
-0.00034073257897727026
-0.001730725656211811
-0.002787628522213792
-0.001899532404359448
0.0003456017608487674
0.0017185508684727034
0.001962907116354332
0.0013554110489023754
0.0008362697819404297
-0.0002890505945781301
-0.0006042140413796609
0.00038160481846161127
0.002373412334986587
0.0031321583666818515
0.0020344140908124956
-6.028419943161214e-05
-0.0010459873003426648
-0.0009487405904915476
0.00010564097063419278
0.0012963749939181464
0.0018430775474050278
0.0008750452567045408
-0.0008816416387260197
-0.0019784105814747077
-0.001385802087623603
0.0001409468089928861
0.0013912039381180628
0.0013964758028130052
0.0005907089165128158
-0.00020149932703475757
-0.0006114846665296477
-0.0004494064944191164
0.0004983565300940905
0.001537918551308355
0.0017054736835658314
0.001126173996935206
0.000332989888224107
0.0003087446081993235
0.0005870761508341526
0.0008429921844377427
0.0010793633282466502
0.0014516021380515036
0.001090696822116235
0.000645123085647418
4.1223899422912404e-05
8.790062096159459e-05
0.00013088132841895196
0.0006530229958886203
0.0008959764123810839
0.0010303543228213675
0.0007111873878149316
0.00023510262462263752
-0.00026823036147907015
-0.0002875997418047742
0.00036106725390223915
-0.00015671862700064446
0.0004035817855057582
4.936555220345874e-05
0.00034079738874391737
0.00010629076971643142
0.0003070814368983368
0.00012102052378248061
0.00027580968847017856
0.00013557895711469557
0.0002485128128499614
0.00014648383014120685
0.00022804922696542402
0.00015278960790446024
0.00021210036425081116
0.00015607687563540772
0.00019900094197638444
0.00015722584714326871
0.0001880596108587854
0.00015678195156963726
0.0001787759819850736
0.00015520811064360408
0.0001707424647933069
0.00015285016157256604
0.00016366128724150256
0.0001499530012263172
0.00015731536239828748
0.00014669455584445483
0.0001515435220123141
0.000143204972027286
0.0001462262467066544
0.00013957873823596673
0.00014127493745409725
0.00013588415245459687
0.00013662362957979346
0.00013217038236702956
0.00013222296700069348
0.00012847258338475557
0.0001280358176969469
0.00012481565056822463
0.00012403404869901907
0.00012121697782518231
0.00012019615609352606
0.00011768848153760961
0.00011650552602881364
0.0001142380840234835
0.00011294915803383189
0.00011087080138622724
0.00010951672734829838
0.0001075895410765585
0.00010619989613761503
0.00010439568641886811
0.00010299180737543753
0.00010128952482138
9.988671277596389e-05
9.827056132844777e-05
9.687969911098437e-05
9.53377480434198e-05
9.396648674039548e-05
9.248965184654494e-05
9.114328115132075e-05
8.972457684550952e-05
8.840666341342204e-05
8.704065363762176e-05
8.57535092127135e-05
8.443590422494655e-05
8.318092886175165e-05
8.190828909054534e-05
8.068622273471073e-05
7.945574119888839e-05
7.826684802766114e-05
7.707619041527046e-05
7.592039384432318e-05
7.476758091022587e-05
7.364456241241636e-05
7.252788343902855e-05
7.143715481466148e-05
7.035510386750273e-05
6.92960600352994e-05
6.824728895815527e-05
6.721924646928767e-05
6.620253016651281e-05
6.520475524111088e-05
6.421896598587484e-05
6.325069487193727e-05
6.229478323903771e-05
6.135523694305689e-05
6.042821761407906e-05
5.9516612507136066e-05
5.8617553656225424e-05
5.7733109062017146e-05
5.6861124370626275e-05
5.6003067941140777e-05
5.5157310554689726e-05
5.432488203112318e-05
5.350453994030623e-05
5.269699373433004e-05
5.190128621025388e-05
5.111789312248899e-05
5.034606792986328e-05
4.958611624475889e-05
4.88374474297285e-05
4.8100243553646574e-05
4.7374029661774106e-05
4.6658898432160034e-05
4.59544610432374e-05
4.5260745803726106e-05
4.45774283043994e-05
4.390449080981119e-05
4.324165734593665e-05
4.2588877547018646e-05
4.194591211567015e-05
4.131268786074791e-05
4.068899350110787e-05
4.0074740181528234e-05
3.9469738249535164e-05
3.8873888408506516e-05
3.8287017910788e-05
3.770902082375979e-05
3.7139737817704405e-05
3.657905907215436e-05
3.602683607013097e-05
3.548295711076763e-05
3.494728256657432e-05
3.4419700280419424e-05
3.390007806153132e-05
3.338830432962148e-05
3.288425324091831e-05
3.2387814511275904e-05
3.1898867821897336e-05
3.141730469347629e-05
3.0943009697862486e-05
3.0475876506120094e-05
3.0015794092391442e-05
2.9562658501819166e-05
2.911636272859801e-05
2.8676805342922173e-05
2.8243883052035635e-05
2.7817497029731684e-05
2.739754745248056e-05
2.6983938136365205e-05
2.657657252086833e-05
2.617535706975061e-05
2.5780198318063564e-05
2.5391005360605014e-05
2.5007687680195543e-05
2.4630156968365375e-05
2.4258325529058337e-05
2.389210760843297e-05
2.3531418216815646e-05
2.3176174101082207e-05
2.2826292876869554e-05
2.2481693736805473e-05
2.2142296807899092e-05
2.1808023667104577e-05
2.1478796866287623e-05
2.1154540305603136e-05
2.083517888063234e-05
2.0520638751632682e-05
2.0210847081260385e-05
1.990573222912642e-05
1.9605223553911452e-05
1.9309251550072616e-05
1.9017747700665316e-05
1.8730644576028625e-05
1.8447875719867845e-05
1.8169375717186375e-05
1.7895080107408192e-05
1.7624925432419342e-05
1.7358849166779677e-05
1.7096789749660335e-05
1.6838686531938595e-05
1.6584479795471273e-05
1.6334110711045837e-05
1.6087521348627833e-05
1.5844654642621273e-05
1.5605454397160656e-05
1.536986525805563e-05
1.5137832712983671e-05
1.49093030664654e-05
1.468422343907075e-05
1.4462541745703857e-05
1.4244206690790657e-05
1.4029167749954699e-05
1.3817375164019378e-05
1.3608779923569923e-05
1.3403333760054906e-05
1.320098913282382e-05
1.3001699219327843e-05
1.2805417903465803e-05
1.261209976654307e-05
1.2421700074310461e-05
1.2234174767756953e-05
1.2049480454015148e-05
1.1867574394224499e-05
1.168841449586378e-05
1.1511959300307016e-05
1.1338167977081198e-05
1.1167000310226749e-05
1.0998416691079121e-05
1.0832378109367066e-05
1.0668846144150325e-05
1.05077829533026e-05
1.0349151268188072e-05
1.0192914379990358e-05
1.0039036135806902e-05
9.887480928562147e-06
9.738213688306329e-06
9.591199874895914e-06
9.446405467258107e-06
9.303796962310817e-06
9.163341359152825e-06
9.02500615675405e-06
8.888759343290205e-06
8.754569392433842e-06
8.62240525278398e-06
8.49223634075274e-06
8.364032535005929e-06
8.23776416920412e-06
8.113402025417563e-06
7.990917326007807e-06
7.870281728051198e-06
7.751467316399147e-06
7.634446596302001e-06
7.519192490231376e-06
7.405678327696301e-06
7.2938778421599245e-06
7.183765162538956e-06
7.075314809174655e-06
6.968501686413676e-06
6.863301077222634e-06
6.759688638333932e-06
6.657640394173197e-06
6.5571327302280384e-06
6.4581423893418925e-06
6.360646464971188e-06
6.264622396842499e-06
6.170047964267625e-06
6.07690128316314e-06
5.985160799147426e-06
5.894805283687384e-06
5.805813828667003e-06
5.7181658408351325e-06
5.631841038500739e-06
5.5468194463136245e-06
5.463081390360223e-06
5.3806074935016355e-06
5.299378670758044e-06
5.219376126384045e-06
5.140581347774548e-06
5.062976101696825e-06
4.986542430181727e-06
4.9112626462950336e-06
4.83711933037625e-06
4.764095325826209e-06
4.692173734394101e-06
4.62133791351055e-06
4.551571472428072e-06
4.482858266730298e-06
4.415182396001857e-06
4.34852819961479e-06
4.282880254534395e-06
4.218223369664839e-06
4.154542582925991e-06
4.091823159273721e-06
4.030050585050824e-06
3.969210565879012e-06
3.909289023397845e-06
3.85027209177523e-06
3.7921461145163943e-06
3.7348976414763424e-06
3.6785134253653883e-06
3.622980418367802e-06
3.5682857703391317e-06
3.514416825166106e-06
3.4613611169875087e-06
3.409106369157481e-06
3.357640489730807e-06
3.306951570100343e-06
3.257027879692044e-06
3.2078578667070045e-06
3.1594301534553643e-06
3.1117335334319984e-06
3.064756969889653e-06
3.01848959228428e-06
2.9729206938583497e-06
2.928039730426546e-06
2.8838363168711897e-06
2.840300223725593e-06
2.797421377498995e-06
2.7551898552566345e-06
2.7135958855562838e-06
2.672629842201239e-06
2.632282246860999e-06
2.5925437625532594e-06
2.553405193535599e-06
2.5148574833971232e-06
2.476891712921772e-06
2.439499094508094e-06
2.4026709792984713e-06
2.3663988411122203e-06
2.330674288682222e-06
2.2954890552076036e-06
2.2608349993366236e-06
2.2267041038409076e-06
2.1930884643523232e-06
2.1599803094358994e-06
2.1273719731230815e-06
2.095255912301034e-06
2.063624693347463e-06
2.0324709988368936e-06
2.001787619041286e-06
1.9715674534762285e-06
1.9418035083805526e-06
1.912488897934172e-06
1.8836168373847614e-06
1.855180647481791e-06
1.8271737471495968e-06
1.7995896559056738e-06
1.7724219893627336e-06
1.7456644624710792e-06
1.7193108823992931e-06
1.6933551515928869e-06
1.6677912637429594e-06
1.6426133039071941e-06
1.6178154454091085e-06
1.5933919498305795e-06
1.5693371654164069e-06
1.5456455268595727e-06
1.5223115506687575e-06
1.4993298380623605e-06
1.476695070937097e-06
1.4544020119507909e-06
1.432445501832252e-06
1.4108204602699835e-06
1.3895218829441643e-06
1.3685448415349166e-06
1.3478844820643708e-06
1.3275360231700464e-06
1.3074947567677606e-06
1.2877560451292694e-06
1.2683153209813638e-06
1.2491680855175515e-06
1.230309907430515e-06
1.2117364237358881e-06
1.1934433364474417e-06
1.1754264122526906e-06
1.157681482370429e-06
1.1402044404040107e-06
1.122991242177851e-06
1.106037904402557e-06
1.0893405040582338e-06
1.0728951774178347e-06
1.0566981196759306e-06
1.0407455821176415e-06
1.0250338733624326e-06
1.0095593576649534e-06
9.94318454341711e-07
9.793076370147313e-07
9.645234315125428e-07
9.499624172085164e-07
9.356212247874085e-07
9.214965352431249e-07
9.075850803223762e-07
8.938836409538853e-07
8.803890463194436e-07
8.670981744580281e-07
8.540079493198072e-07
8.411153419492223e-07
8.284173690312896e-07
8.159110922740381e-07
8.035936172549191e-07
7.914620944685785e-07
7.795137159528204e-07
7.677457175361575e-07
7.56155375675763e-07
7.447400081861627e-07
7.334969740939792e-07
7.224236715265564e-07
7.115175377526983e-07
7.007760497013517e-07
6.901967211214027e-07
6.797771045785606e-07
6.695147889658123e-07
6.594073987883919e-07
6.494525962264745e-07
6.396480770891506e-07
6.299915725452472e-07
6.204808483264383e-07
6.111137038217196e-07
6.018879714310074e-07
5.928015157578414e-07
5.83852234670168e-07
5.750380566455632e-07
5.66356944037066e-07
5.578068844672157e-07
5.493859037497897e-07
5.410920509364876e-07
5.32923406645772e-07
5.248780809100767e-07
5.169542096035776e-07
5.09149965769503e-07
5.014635370481288e-07
4.938931485645032e-07
4.864370459191575e-07
4.790935053929427e-07
4.7186082668352475e-07
4.6473733759889654e-07
4.5772138855689447e-07
4.508113574824314e-07
4.440056433812137e-07
4.3730267380035284e-07
4.307008944193474e-07
4.2419877952426174e-07
4.1779482456755137e-07
4.114875479453413e-07
4.052754889060815e-07
3.991572114269218e-07
3.9313129917640036e-07
3.8719635741927844e-07
3.813510124734635e-07
3.755939129014389e-07
3.699237255475052e-07
3.643391389965609e-07
3.588388605151212e-07
3.5342161766181886e-07
3.480861567225482e-07
3.4283124302890867e-07
3.3765566039706263e-07
3.3255821105899683e-07
3.275377163968797e-07
3.225930142272161e-07
3.177229599905969e-07
3.129264271191888e-07
3.082023056509347e-07
3.035495015411664e-07
2.9896693914109075e-07
2.944535577108871e-07
2.900083134970387e-07
2.856301772038647e-07
2.813181358672385e-07
2.770711912515947e-07
2.728883609854141e-07
2.6876867727882933e-07
2.6471118707329907e-07
2.6071495080166006e-07
2.567790447342323e-07
2.529025569009179e-07
2.4908459077765087e-07
2.4532426279961703e-07
2.41620703127568e-07
2.379730543244983e-07
2.3438047303870647e-07
2.3084212716698027e-07
2.273571988705217e-07
2.2392487977794875e-07
2.2054437851058012e-07
2.1721490947015833e-07
2.1393570649050017e-07
2.1070600503725508e-07
2.0752506572690663e-07
2.0439214138095844e-07
2.0130652165432483e-07
1.982674745306702e-07
1.952743182158552e-07
1.923263344670318e-07
1.8942287153010445e-07
1.8656322204463338e-07
1.8374676574023623e-07
1.8097280242201962e-07
1.7824074587395773e-07
1.7554990155857833e-07
1.7289971447783086e-07
1.7028949972179575e-07
1.677187282753817e-07
1.651867291624018e-07
1.6269299068214817e-07
1.602368664998556e-07
1.5781784791848996e-07
1.5543533015078062e-07
1.530887909252654e-07
1.5077767577054493e-07
1.485014412662758e-07
1.4625959184467845e-07
1.4405155147455967e-07
1.4187689570052675e-07
1.3973500495589875e-07
1.3762552920278554e-07
1.3554780475084557e-07
1.3350155516245361e-07
1.3148607592235358e-07
1.295011557536402e-07
1.275460587459032e-07
1.2562062685081768e-07
1.237241088775261e-07
1.2185637546322653e-07
1.2001668292863088e-07
1.182049197854737e-07
1.1642034941628226e-07
1.1466287981381704e-07
1.129317736849305e-07
1.1122697619013466e-07
1.0954771901454732e-07
1.0789403410437523e-07
1.0626504183785775e-07
1.0466097416159115e-07
1.0308069376546714e-07
1.0152479757233324e-07
9.999172895420756e-08
9.848259393749337e-08
9.699526413997628e-08
9.553159743824757e-08
9.408841121147371e-08
9.26692368800365e-08
9.12682116939803e-08
8.98932226538196e-08
8.853152908688822e-08
8.720146615903701e-08
8.587611261857975e-08
8.459036413650464e-08
8.330102457126953e-08
8.205634737142031e-08
8.080330304817071e-08
7.959867616424976e-08
7.83788384733225e-08
7.721513170522165e-08
7.60259898963285e-08
7.490031166991484e-08
7.374428557908874e-08
7.265128339163304e-08
7.153085379747737e-08
7.04674842765679e-08
6.938588164142126e-08
6.834465010596702e-08
6.731121711834459e-08
6.628444186671661e-08
6.53011888842106e-08
6.429255456144589e-08
6.335395719321568e-08
6.236628133371447e-08
6.146953514252207e-08
6.050208033181459e-08
5.964362645438648e-08
5.87012088729133e-08
5.787261467618543e-08
5.696153311182672e-08
5.616103945782491e-08
5.527946056460564e-08
5.451022456071791e-08
5.366340342406739e-08
5.291767312537443e-08
5.2112912124480104e-08
5.13945029312346e-08
5.0623442798825025e-08
4.9943869510557515e-08
4.9196837700882234e-08
4.856670528241569e-08
4.7833241180461616e-08
4.7270062270704516e-08
4.6534504291595447e-08
4.6071120401308674e-08
4.5282755734357694e-08
4.500216401956414e-08
4.4080648888000784e-08
4.403716671527724e-08
4.3006668599618325e-08
4.315392651663315e-08
4.202505841829603e-08
4.254585246371741e-08
4.081916468698962e-08
4.2717451812841105e-08
3.858861087849166e-08
4.511005450758454e-08
3.2640046825505725e-08
5.381489628431598e-08
2.8137906294626713e-08
5.9539136114394875e-08
3.430919197160674e-08
5.7349200978967676e-08
3.924253133872572e-08
5.9456800413312284e-08
3.656892802689302e-08
5.8809620464669496e-08
2.7417574633879175e-08
3.8792175297109135e-08
1.065894651421052e-08
5.314152929890834e-09
-1.885664882252851e-08
-3.0587529378702655e-08
-4.3287097529045096e-08
-8.053240170286923e-08
-5.415509727918662e-08
-1.2403437967597325e-07
-8.414782996660555e-08
-1.533807796900294e-07
-1.2310200998020063e-07
-1.867332777641395e-07
-1.7831057186074722e-07
-2.292040368898421e-07
-2.5473526002114943e-07
-2.8577144262640145e-07
-3.4243839193513065e-07
-3.623196150638608e-07
-4.290762530812474e-07
-4.6226603160051324e-07
-5.161723960651898e-07
-5.712091117604512e-07
-6.271996182824133e-07
-7.130213517213399e-07
-7.495527748588478e-07
-8.756873830298439e-07
-8.96510865687223e-07
-1.0506314477035854e-06
-1.0701661682796992e-06
-1.2537994306238004e-06
-1.2737968195630084e-06
-1.4621713812432158e-06
-1.4851475553852994e-06
-1.7862156884593749e-06
-1.6020365055449681e-06
-2.2310995238883705e-06
-1.7967823145456988e-06
-2.4510787328467336e-06
-2.0825277830963454e-06
-2.6421779250004364e-06
-1.944442855761428e-06
-3.524680532728669e-06
-5.291082552116334e-07
-7.169757865734157e-06
7.009279283975815e-06
-2.8417031505618463e-05
7.72844468389351e-05
1.1051242577793884e-05
0.00013378078501479916
0.00013690822199636778
0.00014969751120807962
0.00017889261565725526
0.00018351452641315684
0.00020798138306338037
0.00019138932623024077
0.0002137450688310006
0.000166055009391692
0.00019520095861975175
0.0001644936932313322
0.00017283479541459337
0.00018659912695118542
0.00017331199874217836
0.00018771819792320207
0.0002495198139353572
0.0002334148568963071
0.0002572876125119547
0.0002490746850722965
0.0002431447071126892
0.0002679269025634887
0.0002486543585747362
0.00033673052266921665
0.00029452002761795235
0.00035783233271183257
0.00033995899849941066
0.0003579987733758689
0.00033532856866310285
0.0003668123702160008
0.0003603754109104108
0.00036041078577601633
0.0003642394984880302
0.0003292478427611049
0.0003408474685596911
0.0003272667480613646
0.0002963469651671673
0.0003137904358551107
0.0002751919365937342
0.0003296942654078789
0.0002523661464101967
0.00031056050059453537
0.00024802408594819307
0.0003089393603701628
0.0002750874138583053
0.0003216197434719384
0.00030902655023751734
0.0003313330564858242
0.0003751244016260612
0.00041051131814595984
0.00045416432078939576
0.0005091326618822799
0.0005127596388420636
0.0005120387675863962
0.0005429210027407233
0.0005014089613321097
0.0005508594493956157
0.0005025993079807805
0.0005292046249096046
0.0004984470091081317
0.0005037303668870583
0.0004986423886602434
0.00044592311811627087
