2.37861724438542e-05
4.24028608549638e-05
4.40943969091977e-05
6.2967986342776e-05
6.4221458224718e-05
8.05423990330954e-05
7.69964268607933e-05
8.62442739803727e-05
7.58662478771668e-05
7.82055931710351e-05
6.47126023972651e-05
6.30319639034001e-05
4.6805735498489e-05
3.82975255737983e-05
1.65183228666567e-05
3.61434970546368e-06
-1.47164372917147e-05
-1.90209863298741e-05
-2.15374240213773e-05
-1.02344934203922e-05
1.55587212477917e-07
1.65230686683671e-05
2.52385603184287e-05
3.39597437895571e-05
3.24938447696872e-05
3.08536783280436e-05
2.05349083598278e-05
1.47844914595608e-05
4.1721882216197e-06
1.43944671048783e-06
-7.99693295980698e-06
-9.69696777040747e-06
-2.0707643409052e-05
-1.97261716818165e-05
-2.69864120702706e-05
-1.96846061695149e-05
-2.22155344097068e-05
-1.07278119832446e-05
-1.29137351047478e-05
-2.56340245624446e-06
-8.7148444626065e-06
-3.91185995269212e-07
-6.33585529888621e-06
4.821233245754e-06
1.71496426089779e-06
1.48546731052854e-05
1.24652744470132e-05
2.5216860818147e-05
2.24129356795532e-05
3.37516139333348e-05
2.90985067326941e-05
3.6203074439202e-05
2.56279923762061e-05
2.82983893749143e-05
1.72637685016064e-05
2.2097072181681e-05
1.37685364767347e-05
2.06319752891154e-05
1.24552012776208e-05
2.06294910541607e-05
1.23639150976613e-05
2.0936265691306e-05
9.71462415474337e-06
1.57501456405484e-05
-5.39364782844911e-07
6.22696254850782e-06
-8.77279132133912e-06
2.75417063460366e-06
-1.20725250352191e-05
1.31286573639225e-06
-1.45481368195578e-05
2.1792756679455e-06
-1.23304663986514e-05
1.09971403320615e-05
1.35325068026685e-06
3.09940197971918e-05
2.4789624132874e-05
5.90242809787833e-05
5.35326383849354e-05
8.29776921692714e-05
6.36719844290234e-05
8.07007967488555e-05
5.75658072150789e-05
7.60982232325715e-05
5.51278169015274e-05
6.97017004107914e-05
4.2259615096286e-05
4.41194560184279e-05
5.4558275146908e-06
1.48063988399377e-07
-2.70846956180234e-05
-1.58742644079661e-05
-2.48704310533646e-05
-6.16817889093307e-06
-7.53534094876827e-06
1.0306123600114e-05
7.00680706541701e-06
1.99937706930908e-05
2.08953169880099e-05
3.57247928392911e-05
4.082037427327e-05
6.82833797380491e-05
9.53022206589472e-05
0.00011502555957907
8.70124671849872e-05
5.66492211948309e-05
4.8090877402286e-05
7.19678044604731e-05
4.47931130446453e-05
-1.5321814335754e-05
-5.05015010051407e-05
8.54041612511312e-06
2.13824922534528e-05
-4.65109206225544e-05
7.33565584013431e-05
0.00110053597555772
0.00350180314591257
0.00710817919231502
0.0109659614490108
0.0142132230610976
0.0164875132278196
0.0181545915674547
0.0195295824321875
0.0205550174509714
0.0204315265201146
0.0182801005565832
0.0136953022735643
0.00750148671361582
0.00133394959174173
-0.00322487281120475
-0.00585368628288288
-0.00736356889156418
-0.00872949845867536
-0.00990017599398422
-0.00992845310924552
-0.00792773232091412
-0.004147946658445
0.000149146011469036
0.00365299741469831
0.00582263764117339
0.00697415572549582
0.00764034680956373
0.00812812396829334
0.00827118833104945
0.00783376321145715
0.00660107432726046
0.00475788391015418
0.00270334046494677
0.00111910584757975
0.000392810821224179
0.000672320823108814
0.00156072540271287
0.00266103152911134
0.00352050474238487
0.00406003440288581
0.00414857250433053
0.00388252269327732
0.00320633279969075
0.00232296001553534
0.00140679870547949
0.000933407879938561
0.00111810613158904
0.0020191762714955
0.00310543899166913
0.00384400517463943
0.00379250450388034
0.00318343947853038
0.00244474427803018
0.00210819735135519
0.00216817396676738
0.00237269171473543
0.00216173472005283
0.00126730214992532
-0.000394227717601378
-0.00244984376184318
-0.00449025550018049
-0.00596556078696884
-0.00659461028557709
-0.00611913381899193
-0.00461541111135972
-0.00227039689379177
0.000269083778580612
0.00237128379736042
0.00345111422662379
0.00358905934230293
0.0031489025517128
0.0027520264974392
0.00255699804837431
0.00251212820184819
0.00224377334530547
0.00164955712338633
0.00066646148627928
-0.000437820068629244
-0.00146835352157405
-0.00209938657953296
-0.00231604848527561
-0.00216875482093002
-0.00198828210263448
-0.00192515049838339
-0.00209030279682197
-0.00232584226552554
-0.00251332606409138
-0.00243295940821392
-0.00202184534269777
-0.00125439940638946
-0.00033273820116139
0.000526168294864963
0.00107013924985614
0.00120598394701095
0.00091455805260109
0.000310867618975579
-0.000444155948953073
-0.0011759117132246
-0.00181365433488478
-0.0023740016754859
-0.00287781598989252
-0.00326725271914527
-0.00342348865267855
-0.00331791051051698
-0.00300032472322461
-0.00257486651184727
-0.00204897778712036
-0.00145924028546476
-0.000853301210296383
-0.000387338840662956
-0.000102452892235151
3.95250938513803e-06
7.0606379730534e-05
0.000115934930668682
0.000177561016839002
0.000173457033102755
0.000136406222657187
1.49947618621565e-05
-0.000131243043008946
-0.000362033951847409
-0.000616389695785446
-0.000949489233010593
-0.00126091343924903
-0.00154583199054085
-0.00165021271289968
-0.00160838074560103
-0.0013890142574008
-0.00114782318004089
-0.00087571591881522
-0.000648882791535316
-0.000373978622989293
-0.000109404769227974
0.000187659981747076
0.000413531926413954
0.00060102753324179
0.000690955281852495
0.000769644591236828
0.000818647985107886
0.000898378990981076
0.00092886910284094
0.000917176629614117
0.000814845099325747
0.00069830940982204
0.000561700957277215
0.00042797600206483
0.000218852298914587
-5.78632184816472e-05
-0.000392070359331939
-0.000668895994342104
-0.00084039740636678
-0.000851422187463491
-0.000748056742262416
-0.000551672670756696
-0.000334431741681102
-0.000112576080408607
6.17456173952779e-05
0.000198438324293793
0.000265458236101863
0.000284647756589373
0.000224929076806506
0.000114886635224996
-5.96349728274463e-05
-0.000231050318745488
-0.000389141916876985
-0.000467093649890531
-0.000502014919300874
-0.000473929572310959
-0.00044427442446541
-0.000375596673551556
-0.000314204492834798
-0.000221597016106024
-0.000159339483405023
-8.16303398585294e-05
-2.81544677932239e-05
6.95362721328738e-05
0.000162972229630898
0.000295895137292367
0.000394318455816022
0.000496697356324768
0.000532993544776339
0.000558663289443201
0.000516784588337557
0.000481359064434931
0.000398565456793175
0.000333765086549737
0.000220786875513815
0.000130067773778133
1.60692402916884e-05
-3.08382294804651e-05
-6.6302833396216e-05
-3.91547452317674e-05
-4.23406796749257e-05
-1.70333041496215e-05
-2.01834228444224e-05
3.75445512714379e-05
8.70671200582284e-05
0.000189088319561205
0.000265788978637806
0.000403972484981284
0.000538227001646352
0.000728704918104039
0.000859347962526977
0.000976323730884095
0.00100027899252141
0.00102756123650604
0.000987066473894313
0.000949468649610766
0.000828088916437431
0.000715831304316495
0.000560448352434057
0.000455965451983153
0.000321748762252066
0.000228652241062726
0.000107251644825432
4.58327965245124e-05
-1.98670953875215e-05
-2.69485771628716e-05
-5.23626339963151e-05
-4.52909585580091e-05
-7.71614057705431e-05
-0.000102088804448215
-0.000170303645521168
-0.000213323577573313
-0.000246640126170184
-0.000220307079681904
-0.000183989382851385
-0.00014106839857835
-0.000146240961811658
-0.000189551021929039
-0.000275981797893653
-0.000370469337269252
-0.000455545988144722
-0.000520612759651741
-0.000564129129820123
-0.000592542449970616
-0.000592855346375042
-0.000588711837112547
-0.000588782121739164
-0.000637590243647386
-0.000696949944750675
-0.000743299619534053
-0.000702595955992329
-0.00061387300611644
-0.000494038017592023
-0.00042138430537649
-0.000354090330463541
-0.000299074623455397
-0.000194611296937201
-0.000105207961097213
-3.27397838318894e-05
-5.91574048755079e-05
-0.000136191116243033
-0.000278664219907401
-0.000383769108640417
-0.000466673417782583
-0.000457911863971505
-0.000429961321604048
-0.000350144098542322
-0.00029637030886921
-0.000207157129623572
-0.000139717442888062
-3.5539902310055e-05
1.07036926044113e-05
3.73932346116367e-05
-2.62087359570156e-05
-7.48827659557486e-05
-0.000145181167560899
-0.000148372120731965
-0.000174707755797747
-0.000151336032471211
-0.000141940833059024
-4.72884106358239e-05
4.6005492739616e-05
0.000186353311095381
0.00026305484149645
0.000356324611465905
0.000407329844189603
0.000503472946847015
0.00055237004189526
0.00060484509817778
0.000576698304686956
0.000563188959197897
0.00052221828616767
0.00053983278031056
0.000538659188120736
0.000571533002784659
0.000566779641566133
0.000589848973751379
0.000574343740289658
0.000571620395973912
0.000521296958715644
0.00049003533536915
0.000433425661370903
0.000405542521509288
0.000353728980634006
0.000341169361427427
0.000343080796956422
0.000411531746658403
0.000479481472501691
0.000554561218649719
0.000575043976550837
0.000584567839432886
0.000551296585482242
0.000514861888870918
0.000436224281072133
0.000363362338729811
0.000279729484827419
0.000238293636655032
0.000207868247864573
0.000217176429365405
0.000219631744456134
0.000239469983516378
0.000230360823840872
0.000224776616707101
0.00018428022252695
0.000152910184253881
9.56734077817223e-05
6.27742850522626e-05
1.59953548133924e-05
4.93495397080128e-06
-1.7503886061144e-05
4.54976008822813e-06
2.25580010270714e-05
8.85459439116565e-05
0.000125414553690717
0.000172484036367528
0.000156533353772124
0.000153452572692991
0.000105328149355243
8.73848603385116e-05
2.09701878677894e-05
-1.28858009206408e-05
-7.66101675019246e-05
-7.06038078287533e-05
-6.99602527023054e-05
1.93739661061417e-06
4.31432425058663e-05
0.000123505833931247
0.000141310123524602
0.000171543353781175
0.00012086403920552
7.67261032595844e-05
-3.5331719283027e-05
-0.000116378049510592
-0.000233590435996824
-0.000300177202679398
-0.00038580899415052
-0.000416309639267077
-0.000451369587615702
-0.000429185806832276
-0.000410785185108591
-0.000355629630532754
-0.000317910276254313
-0.000259054618689197
-0.000213826338114366
-0.00014859354510497
-9.13700157743029e-05
-1.63479400037334e-05
5.81692227587413e-05
0.000149483677996833
0.000238091680558224
0.000321589307338553
0.000385413302539446
0.00042904655270346
0.00045147091392997
0.000442712086660295
0.000394940202250343
0.000300908439583991
0.000178369609195152
4.75061792190189e-05
-7.32728912162088e-05
-0.000177688878759314
-0.000257106788296443
-0.000296360791417651
-0.000287081531063671
-0.000241801935965966
-0.000193948868763055
-0.000164765896357539
-0.00015425073997577
-0.000141057028849396
-0.000110746503405502
-7.61100357633986e-05
-5.30539089395377e-05
-5.64436058536878e-05
-7.39529520346317e-05
-8.81418792178019e-05
-8.46620331358168e-05
-7.55531202622518e-05
-6.14513598349009e-05
-5.86068839828595e-05
-4.72828134261323e-05
-3.9910005709854e-05
-1.92522684924509e-05
-1.27861862451624e-05
3.18496865773783e-06
4.01988712034752e-06
2.1089373926805e-05
-2.21268199019169e-05
0.000258901285249032
-1.03494250135851e-05
0.000292672224089948
-4.47212235242959e-05
0.000277203178734286
-7.19775448375762e-05
0.000251079323435101
-7.17339806108825e-05
0.000273031137774371
1.75784379182796e-05
0.000306295776236156
9.15520667101374e-05
0.000339166208845628
0.000232727276737861
0.000381706276944126
0.000317690722156426
0.000336190902127278
0.000366133613017718
0.000277428217239022
0.000393465708681446
0.000166091741185319
0.000336365619374861
-1.18940592342799e-05
0.000282771113103556
-9.8821213842833e-05
0.000239088001359192
-0.000281129674315467
0.000127274426974265
-0.000288706269867407
0.000238565714317926
-0.000231837732653348
0.000235210135843704
-0.000135677931109486
0.000409455232726961
0.000100733285209007
0.000520809362282282
0.000261983370656772
0.000552073974603286
0.000330831175015053
0.000510193844690786
0.000463738748496915
0.000392301230747927
0.000180600979165996
-0.000104851710411099
0.000119664701458797
-9.52108331195283e-05
-2.07402698296672e-05
-0.000673199635952332
-0.000263111971846677
-0.000537956264941394
5.07897720758838e-05
-0.000503869973867256
0.000118189447023695
-0.000415554504630815
0.000183578772781439
-1.02383838073454e-05
0.0013061203977552
0.000841886011987132
0.000326536414709768
-0.000565167580365608
0.00154938594827254
0.00289374059145716
0.0014534086187465
-0.0022627696599375
-0.00145433792113086
0.00372464215556513
0.00499415854731342
-0.00209341567173705
-0.00796105565474688
-8.26243559136317e-05
0.0114395432500551
0.00612954580327679
-0.0164515646049684
-0.0148136573521051
0.0428107819881091
0.137557785407271
0.203534095863848
0.207460239234945
0.181535700151134
0.181655743549631
0.20421536883972
0.198277249718222
0.119835823812936
-0.00562535109555899
-0.118178761990102
-0.177090140599339
-0.193291591781996
-0.189956379420955
-0.180696413545778
-0.167010370578894
-0.148659521153502
-0.125045882485786
-0.0852679475562732
-0.0159214053811316
0.0790174442509377
0.165331368522147
0.203080807230792
0.177237926144917
0.117933239467455
0.0700380779342548
0.0553025783054515
0.0499812950301823
0.0210680325237845
-0.0373811279836499
-0.0892653624013979
-0.103296987342301
-0.0826535886381742
-0.0586342345490601
-0.0491253754457851
-0.044692208644678
-0.0272914573959354
-0.000697190747123115
0.0147879753381693
0.0100354932128219
-0.00118501215243664
0.000970909737924028
0.0181377566019267
0.0352678093448923
0.0369567642646586
0.0263029356034258
0.015269237469721
0.0115062917918166
0.00826980503199845
-0.0016644968548278
-0.0168177803020851
-0.0250103245217107
-0.0195386823632522
-0.00652324201146683
0.000831288415768722
-0.00225981941280913
-0.00822438540720305
-0.00891690586322873
-0.00483974126468258
-0.00345316244947958
-0.00738973963733187
-0.0132531201930848
-0.0156116476203643
-0.0156111649380446
-0.014587649551346
-0.0120196772878881
-0.00386302994714678
0.00856973428420379
0.0211611628476139
0.0282967685493072
0.0303985245139878
0.0286356594515027
0.0237271227051907
0.0143785735184948
0.00254116006680141
-0.00847931556054648
-0.016340949220742
-0.0224396959370381
-0.0287213057462523
-0.0340220061038223
-0.0353799556746803
-0.0309612727763815
-0.0227070189758043
-0.012902667762063
-0.00350775873524976
0.00632292188124431
0.0157106322229235
0.0240150623897369
0.0286865397796097
0.029310742334292
0.0254151135868145
0.0193364022729059
0.0122071759233166
0.00567768179620389
-0.000986617504185182
-0.00772633511285339
-0.0146383046371341
-0.0205492176971511
-0.0254357363866937
-0.028843098097701
-0.0298259766656338
-0.0271521996921117
-0.0210173637571955
-0.0139487343136153
-0.00799976442783032
-0.00314249766791622
0.00294962121540714
0.0101595761790951
0.0167398985630794
0.0197287061637042
0.0194970586578313
0.0170717118260529
0.0144226608416124
0.0112476191995989
0.00828784312135519
0.00515214639352692
0.00186092600638315
-0.00291400610320269
-0.00834989355227884
-0.0128728719803176
-0.0142796730196099
-0.0130220967547397
-0.0105948701479883
-0.00836660551446222
-0.00651770973856623
-0.00520980562209763
-0.00498097295998767
-0.00527722190722288
-0.00470714683428065
-0.00153766630913242
0.00308233800563185
0.0072089487812968
0.00885875452569311
0.00917473354320772
0.00920364862160873
0.0100720523837064
0.0104000573388541
0.00968376412869382
0.00735192766550764
0.00457876600059255
0.00168802424490361
-0.0006625955518135
-0.0029696272279106
-0.00516790735650333
-0.00733651598357254
-0.00908790297107945
-0.0102458121579567
-0.0108890358601472
-0.0107225984829579
-0.00935269713569543
-0.00615786676513506
-0.002446334053053
0.000636684334320729
0.00197536906714575
0.00345984869075825
0.00609545160722577
0.0101157748133199
0.0124151944397566
0.0120402903519769
0.009181821204747
0.00676858090782252
0.00505279064130754
0.00376477067170778
0.00136763509615696
-0.00101913293359309
-0.00265024463891615
-0.0027536623198496
-0.00251118372365069
-0.00248858817823582
-0.00277246948109946
-0.00257205766209631
-0.00144550507639259
0.00023393685783342
0.00186060545536068
0.00248922649694797
0.00260072118287154
0.00251076404280997
0.00322617721907334
0.00373235873299212
0.00378155042778246
0.00261559290094561
0.00184421141747586
0.00146384122974729
0.00172926240575716
0.00105463380680831
8.56378755743023e-05
-0.000941737339933308
-0.000986359472762643
-0.0011479034634556
-0.00166416153585905
-0.00267367913049463
-0.00316077992929961
-0.0031339384930519
-0.00301577242028945
-0.00310170935654676
-0.00316981168328066
-0.00260958448786752
-0.00189553089790453
-0.000981534473923923
-0.000453808543795668
0.000461444227920615
0.00109746286986328
0.0020146609408665
0.00236774546969706
0.00306740810968151
0.00317270590549122
0.00333893502105802
0.00271555181362248
0.00243790172884615
0.00174335792565698
0.00115192100606668
-0.000215116458462744
-0.00128949905504335
-0.00215885606042898
-0.00235737041011579
-0.00274353136557772
-0.00313164972823272
-0.00332461869526153
-0.00291039716605926
-0.00208722810263644
-0.00138996742196505
-0.000572479408040563
0.000262138636096275
0.00151099256503991
0.00220143959368829
0.00269640045581088
0.00247937598531843
0.00264887304777143
0.00243615672715783
0.00251952566366076
0.00193309975833722
0.00159545525473564
0.000669550503600388
3.08571317513388e-05
-0.000992056354027767
-0.00145516267404873
-0.00200863403403529
-0.00213343707616113
-0.00239864890728683
-0.002286158312227
-0.00211582620338023
-0.00177016337703889
-0.0013841645426299
-0.000809628796487273
0.000126078070569522
0.000921946005121624
0.00153850462901632
0.00153332942175504
0.00178140197787196
0.00185496917886895
0.00219688431557403
0.00171995370747319
0.00129484668118074
0.000477310465605625
0.000345547832219757
-0.000141491634040376
-0.000384509878512256
-0.00118600658084606
-0.0014802252257947
-0.00181959681350752
-0.00160203578319498
-0.00160747811700529
-0.00141327449036007
-0.00135158180216496
-0.00100949951836495
-0.000571218221474335
-9.63763571831602e-05
0.000340008071905831
0.000599126307267328
0.0010858562274273
0.001430674571552
0.00195083499070908
0.00187241059065568
0.00194451027205413
0.00168564559356933
0.00203402719060451
0.00192704067107874
0.00198899593308803
0.00131616491824203
0.00112676186656604
0.000726224131959427
0.000868033776991271
0.000468271711260924
0.000267754915197678
-0.000209146753794546
-0.000196226843443264
-0.000331416529456695
-0.000443616730105949
-0.000818777672012071
-0.00100500205881164
-0.000802551903108713
-0.000389612868262452
0.000123509728292818
0.000244586406032914
0.000592373250620726
0.000846959536761475
0.00160844200149631
0.00176502984233733
0.00186344322147197
0.00108886735689776
0.000690579208515262
-0.000123968733029679
-0.000414491544000851
-0.00126112640132041
-0.0016378298815146
-0.00235962292310046
-0.00250471117535388
-0.00292627081989643
-0.00286794851349446
-0.00287288590713537
-0.00235097434499086
-0.00181246412154407
-0.00113170136269572
-0.000591376306808636
-0.000157815707454597
0.000335704457309983
0.000681227849952809
0.00114372868765934
0.00107526946508399
0.00101386731337469
0.000435991074536343
0.00040974790505339
0.000163199427701593
0.000440493060338645
6.59323743651911e-05
9.65087629396025e-05
-0.000226486779192923
0.00020441486520598
0.000241510351956131
0.000595326793181635
0.00039724551241408
0.000608194619235243
0.000620841286477821
0.000968980705665229
0.00109117240355828
0.00135016586834084
0.00153200698775194
0.00165812869200158
0.00168470589379953
0.00142271767950811
0.00127110080201611
0.000867046172651299
0.000812900946941599
0.000434571065714852
0.000468169585853696
5.40534584478336e-06
-2.5505981445453e-05
-0.000489987917187264
-0.000276702012073186
-0.000445978802873503
-0.000140994539607163
-0.000420345032676121
-0.000225130440343557
-0.000318779208547067
8.36224979504866e-05
0.000119561938978253
0.000368486884608233
0.000387179765615177
0.000620263489197841
0.000749807000809906
0.000844135855824893
0.000948975135643388
0.000950377466376511
0.00113651327636365
0.00107776714380332
0.00130313544798802
0.00121114206240354
0.00145566238481815
0.00113314748360786
0.0010594693008795
0.000451842660345576
0.000291410051202804
-0.000281169728453847
-0.000403381171636414
-0.000921963500950514
-0.0010341360897808
-0.00146724364542565
-0.00161635154894847
-0.00189527672366373
-0.00178824384803723
-0.00149850266880696
-0.00103000491003018
-0.000498737373303752
-0.000193644398781121
0.000282047167571816
0.000462680136242427
0.00102842054900346
0.00116083569900606
0.00172618541779641
0.00156983800571818
0.00175562328505532
0.00106999058519704
0.000982987551283721
0.000274671284767915
0.000304385660425739
-0.000400976297650249
-0.000484405276334088
-0.00117170655400728
-0.00113392150323059
-0.00156469757593687
-0.00143928039441112
-0.00166617901110414
-0.00139495442115202
-0.00129577812731826
-0.000944303747626881
-0.000661352932461237
-0.000299301002156936
0.0001798587246526
0.000458345422600495
0.000913332469922371
0.000951153685926083
0.00136308526308447
0.00119926231432849
0.00150057437375636
0.00109007188901116
0.00128495060059299
0.000720821760615544
0.000785722526000366
7.71893815116073e-05
0.000146404654111426
-0.000353789488597895
3.80555450948674e-05
-0.00025485185436233
9.98234477001639e-05
-0.000246249277094799
-3.52473316640619e-05
-0.000262722745209781
-1.86345990965131e-05
-0.000130515587406608
1.54973954175205e-05
-3.21041065727966e-05
-1.29610796350775e-05
2.77307278262913e-05
-1.14139249921348e-05
0.000141732443695737
9.63839019361512e-06
0.000204477160185051
