4.50636268299728e-05
6.96498613673562e-05
6.13249863856432e-05
8.03943445089715e-05
6.44660570034252e-05
7.7455975711769e-05
5.53564477081488e-05
6.66598671081284e-05
4.45714313012782e-05
6.12042883516267e-05
4.166753128037e-05
6.17110681485713e-05
4.14319484397638e-05
6.21505844137268e-05
3.89941524299214e-05
5.68927122218642e-05
2.59303684919943e-05
3.93644302608778e-05
5.3476181503375e-06
2.30260097710878e-05
-5.69844924152348e-06
2.01417333591421e-05
-3.71617784833411e-06
2.49341326108885e-05
1.58922972921024e-06
3.00427594858849e-05
7.62514896827699e-06
3.76412028402747e-05
1.63432970778561e-05
4.63049973568808e-05
2.54346740327078e-05
5.18798437098221e-05
2.82947776904771e-05
4.65309586695828e-05
1.94200986443105e-05
3.33855473460781e-05
7.75069466690378e-06
2.09136254767819e-05
-6.21538302311627e-07
1.34204249013784e-05
-1.73510154878492e-06
1.42963129986784e-05
4.5057943064069e-06
2.07816944098469e-05
1.5296047296732e-05
3.0800747452604e-05
2.80022892162866e-05
4.03932531363864e-05
3.62740002287354e-05
4.18010170593556e-05
3.37966866472302e-05
3.28651848980913e-05
2.32350917482964e-05
2.05991604797969e-05
1.3151632267549e-05
1.34763628759538e-05
1.23779084885989e-05
1.71382195279215e-05
1.90888717453488e-05
2.09777952338371e-05
1.82937476750513e-05
1.5333162370728e-05
1.09053844719867e-05
7.43346224948025e-06
3.6496795878353e-06
5.55024760020786e-07
-1.14648500372955e-06
-2.13041660419817e-07
2.77950690349496e-06
4.91168020510483e-06
6.85906487982705e-06
1.09659527220252e-05
2.61789363315475e-05
4.74163125901903e-05
6.72418426929193e-05
6.47780779388072e-05
4.41233066543538e-05
1.28062402465321e-05
1.00597032212158e-06
7.09824383205891e-06
3.39518208777907e-05
5.1434835061916e-05
6.3220274698543e-05
5.23786488755256e-05
4.05383263466054e-05
1.70152009938127e-05
7.86273943417685e-06
3.66482143501591e-06
2.71370749725135e-05
5.1776007466186e-05
7.84037961929367e-05
7.3146594667076e-05
5.38074895723747e-05
2.02833497640958e-05
6.61595291957676e-06
4.89140407441014e-06
2.05473917849173e-05
3.266985313374e-05
4.37669384546712e-05
4.77376548159219e-05
4.74514830715574e-05
4.58630055694856e-05
4.18035754515493e-05
4.60919421043684e-05
4.85013234692034e-05
6.08452818441036e-05
5.83068415995988e-05
6.1331897960647e-05
4.35117262883537e-05
4.31025840292236e-05
2.92825675634661e-05
3.977215791075e-05
2.46175031328609e-05
2.84548520188368e-05
2.15736746036078e-06
5.89931607544638e-06
-1.3460661374998e-05
8.31927518771128e-06
1.17582339248382e-05
5.40332277141814e-05
5.98050508536603e-05
8.49734321626042e-05
7.41828276110054e-05
0.000105581011651267
0.000121129258389614
0.00015761836301402
0.000145784337999472
0.000185672660459473
0.000377287583989411
0.000945676307794998
0.00192675111555223
0.00319799753766515
0.00439319677512799
0.00520160240055506
0.00548966692688288
0.00537413101061884
0.00505843048247767
0.00468884216599341
0.00438151180950527
0.00424099180301135
0.00448432664666423
0.00522747742747019
0.0064869306557748
0.00795536543932661
0.00933114889014126
0.0103099461077138
0.0109374494702521
0.0112135056175259
0.0111911890494317
0.0106732624276441
0.00975359499693209
0.00863121094957118
0.00775268528223989
0.00710809586405602
0.0065221188670723
0.0056434094848289
0.0046546058843834
0.00385125474879538
0.00357603234914552
0.00356486279889708
0.0034324135003957
0.00268176614193743
0.00135511557847779
-0.000272834903746922
-0.00151532353397418
-0.00198062992195035
-0.00151610906378702
-0.000609866390673374
0.000341217029190149
0.00110538584985882
0.00202232217372042
0.00319466125342476
0.00443536663853071
0.00497476480623767
0.00437838392352037
0.00256704424936996
0.000168334767014348
-0.00227377304088304
-0.00412348773983112
-0.00512524365942018
-0.00497136829643448
-0.00387814032989668
-0.00216496299783007
-0.000530966998556159
0.000750065773128107
0.00149500048188249
0.00196406459115713
0.00212648862989937
0.0020693766787957
0.00160085335668737
0.000865619702294722
-0.000110632986551847
-0.00100026292430933
-0.00172206166798394
-0.00205517466601555
-0.0021377523222288
-0.00198913165111572
-0.00182652225113785
-0.00158334341162024
-0.00132489224076563
-0.000999093835796622
-0.000830498208452497
-0.000916496272898048
-0.00135918010250262
-0.00191446977551978
-0.00233359752276451
-0.00233446941160628
-0.00195175026413925
-0.00134282113041762
-0.000787891481678683
-0.000384435717497595
-0.000132534241349926
5.49898879830009e-05
0.000156346185229494
0.000109252155424086
-0.00013275471098183
-0.000480955078515198
-0.000790040221022464
-0.000970711361707755
-0.00105190015853279
-0.00113880974900681
-0.00126919415036691
-0.00141123110535642
-0.00147036861688451
-0.00142285509036815
-0.00127900810037352
-0.00111295717932703
-0.000931499256788424
-0.00074651536513218
-0.000515925435984207
-0.000279140164280911
-5.00347426485665e-05
9.01075959596304e-05
0.000153660029130043
0.000111558495176558
2.87617372367647e-05
-0.000112284805306684
-0.000242438780135731
-0.000384673972035421
-0.000461225460512249
-0.000523505000125774
-0.00053424107594568
-0.00059048540826567
-0.000637184872397471
-0.000717188573535671
-0.000713001762796123
-0.000683084478008295
-0.000568107671728364
-0.000496055904477838
-0.000398932896007652
-0.000369534850571252
-0.000303140035775506
-0.000310357200101029
-0.000294262050549781
-0.000358887612912322
-0.000367281529695208
-0.000414014305150235
-0.000380261441878185
-0.00040392313403802
-0.000382331705737285
-0.000445209319931242
-0.000447470845828466
-0.000484788536833539
-0.000405979989708206
-0.000353635632553092
-0.00023131402538646
-0.000197502906187146
-0.000118356972630195
-0.000110381410737657
-3.758378542153e-05
-4.70202815965406e-05
-2.32391218436528e-05
-9.23633436345529e-05
-0.000112659908125685
-0.000187854795418824
-0.000175408791735846
-0.000187809239883673
-0.000116522490106627
-0.000109184581897367
-7.27269009685833e-05
-0.000116976025168886
-0.000108639295609134
-0.000149484134040546
-0.000146022113498189
-0.000216394957530116
-0.000243601033188984
-0.000299685560965024
-0.000267604915853261
-0.000260060525523845
-0.000206332924341651
-0.000217596021665309
-0.00018756616679443
-0.0001881902359937
-0.000120051984122494
-9.65037936366281e-05
-5.19631821485464e-05
-7.63469566093855e-05
-3.68167576292793e-05
7.33194446455992e-06
0.000130610943999181
0.000184256213164438
0.000238195229127064
0.000236003678105836
0.00033216429597856
0.000424074747489729
0.000534836673324232
0.000491969808443309
0.000389946524463488
0.00019297915460049
7.04936416426237e-05
-4.25177988369165e-05
-4.69500788213624e-05
-5.94244919561399e-05
1.78283423765395e-06
3.39732085816526e-05
0.000132677925559778
0.000208421377436838
0.00033360217957445
0.000395606951467452
0.000460359112050919
0.000463122119461029
0.000499750963721603
0.00050335252447942
0.000521084946151067
0.000476484748983389
0.000436764599883096
0.000376378539220678
0.000360828620286256
0.000348817727649991
0.000372555745274879
0.000391520850883659
0.000424087391794234
0.000427645773477792
0.000408821878461084
0.000349182375519015
0.000276012276571819
0.000192782983862565
0.000122417686545601
7.10457466656249e-05
5.88261412882319e-05
8.72154452272207e-05
0.000145629137126923
0.000206466786301845
0.000249851624426234
0.000272633481389196
0.0002811785095789
0.000277714205453297
0.000253442013218999
0.000205167719115711
0.00013726179383214
7.68993860037734e-05
3.3834890982009e-05
2.11676651194499e-05
1.47322497461646e-05
1.89217998694542e-05
1.69598075992082e-05
3.78692380193864e-05
5.17947748510525e-05
6.88794010203042e-05
3.55551130722281e-05
-9.30889570783131e-06
-9.00069540309421e-05
-0.00013916388983137
-0.000206694816494045
-0.000231227757760654
-0.000274412545645284
-0.000256856437735719
-0.000264624617145728
-0.000231453111165282
-0.000264983896989907
-0.00026460603488824
-0.000326814994365742
-0.000331558458995064
-0.000395182411210652
-0.000393650476478686
-0.000451110820042909
-0.000433851259716863
-0.000474808489123848
-0.000433551274787266
-0.000448684726110584
-0.000379724354271958
-0.000378213953522744
-0.000302731199493883
-0.0003102896665968
-0.000253350288778132
-0.000285041728882901
-0.000235480263085062
-0.000243215567826255
-0.000146341451680416
-0.000120677906039532
-3.00422800693283e-05
-4.03521947606651e-05
1.83405807866821e-05
-9.27364713037941e-07
5.71851231893636e-05
2.46312606375122e-05
5.59678146802179e-05
-1.55428765472943e-06
1.88298844420402e-05
-3.33603937583971e-05
7.89137140244211e-06
-1.31995004178567e-05
6.26002846280047e-05
6.53922511678479e-05
0.000149446633048679
0.00014519576354111
0.000217080019392124
0.000200846615168891
0.000266684796483225
0.000247385313886735
0.000310968069377809
0.00028759648177669
0.000351538316931798
0.000340815422449158
0.000427955817910825
0.000437920028618463
0.000528276508181397
0.000524201442314926
0.000585945464144876
0.000548113969428945
0.000564262908622918
0.000483215403596286
0.000465798451334012
0.000382849403513769
0.000381840429925029
0.000327344850093123
0.000340981046979403
0.000299716607810505
0.000319444432603988
0.000296765659795809
0.000329122621620046
0.000321783728042369
0.000348096276581929
0.000328995695384133
0.000324811656784185
0.000281663409050573
0.000246547736468809
0.000188027866790019
0.000141807627005393
0.000101308494005301
8.43057904370177e-05
8.4459136222482e-05
8.74596925606923e-05
9.42836090072217e-05
8.94258741872941e-05
9.51257553983125e-05
8.56666423724334e-05
8.43382521553974e-05
6.06320016265204e-05
5.23213631060792e-05
2.8635155102818e-05
2.30395118541297e-05
-4.46996393361815e-06
-1.50158338990481e-05
-3.63432510371612e-05
-3.37652416802694e-05
-4.42896844823275e-05
-4.82166357037867e-05
-7.06003989042982e-05
-8.24639120137831e-05
-9.5247327651804e-05
-9.62989336414653e-05
-0.000102143447035695
-0.000106663327852706
-0.000110247260460174
-0.000103732840698085
-8.56099806403356e-05
-6.35725124983538e-05
-3.77195927167261e-05
-1.63368005714611e-05
1.07879297268722e-05
3.26322100987346e-05
5.23427737364749e-05
5.67429464944748e-05
5.47546583191143e-05
4.75081118584541e-05
4.11566347055881e-05
3.60589208666577e-05
2.54572818178675e-05
2.00220843228509e-05
7.8823232233569e-06
3.85298613274392e-06
-2.23497077925827e-05
-4.6917933256996e-05
-0.000101457644128167
-0.000134808597312343
-0.000181798686953759
-0.000187183890024941
-0.000209719241655767
-0.000197845827730058
-0.000212418042081295
-0.000184013083035478
-0.000166125929277433
-0.000101166278939761
-6.74949449956129e-05
-1.98527670485142e-05
-2.81240217426204e-05
-5.81751126244783e-06
-1.55225333744948e-05
2.34302032034509e-05
2.79581981634797e-05
5.90750164541742e-05
4.44007133057086e-05
5.91265703310928e-05
3.89750840204299e-05
5.20709992313503e-05
3.21873176420003e-05
4.07661035016247e-05
2.01999535001891e-05
3.43930193261928e-05
2.44151147430795e-05
4.92066631756171e-05
0.000503423025844357
0.000512767956000554
0.000577391099488289
0.000666480243562861
0.000568948550485074
0.000733327860108365
0.000499860341262891
0.000703422115805496
0.000341653388321365
0.00065749675369675
0.000203352485175589
0.000513503578812522
-1.18977525726625e-05
0.000430233666181615
-0.000101345670114501
0.000248354753800464
-0.000316868110728664
0.000197062609757246
-0.00016653080354111
0.000254517305412569
-0.000119248753941523
0.000359160754245663
0.000250108854737885
0.000593074090198254
0.000497989328347133
0.000765584627831661
0.000823860451779003
0.000742185796798563
0.000769447628723895
0.000666168567585376
0.000873953432035873
0.000232101834813823
0.000228555875829883
-0.000248696796897797
0.00030612291186804
-0.000471830437944118
-0.000271780619875059
-0.000882869230784599
-5.04110320447004e-06
-0.000644991570396122
-6.69859570492804e-05
-0.00037089467582293
0.000645560706988798
-0.00014138092802916
0.000332550979422285
0.000862675842762662
0.00240336726589563
0.00103613462786676
-0.00052830749485291
7.61929851349082e-05
0.00347304704336629
0.00339847571528931
-0.00153838214292036
-0.00383589280743147
0.00175637984046985
0.00789045433685079
0.0016524587044468
-0.00951605068528572
-0.00762352466748304
0.0112246764870109
0.0165238466650211
-0.00926892429624727
-0.0380789547479111
-0.00428863429934777
0.116181363653405
0.282322665421683
0.412478741254067
0.461639583024114
0.423203310216263
0.308381865094187
0.138094793016731
-0.0319710478442002
-0.138335249756695
-0.155376688928611
-0.134319150836269
-0.158373513755508
-0.259355166050257
-0.378052921706342
-0.422775143049734
-0.3393697924841
-0.143563746817566
0.0987407130950159
0.309657194162207
0.429989404250913
0.432998675879648
0.33146808125826
0.172809305687547
0.0174587615992508
-0.0866427701132997
-0.121674511732511
-0.107696559626185
-0.0831812584791832
-0.0757618144324562
-0.0824003105527735
-0.085758216527341
-0.0751425386070028
-0.0593637564287915
-0.0449443932308097
-0.0284012177248994
-0.000767263010317252
0.0270874710706117
0.0349057194861471
0.0137111970111219
-0.0156617052981758
-0.0259880645101448
-0.00690619941539918
0.0234632376895624
0.042784116312788
0.0443241827418624
0.0383833636150043
0.0341355852893366
0.0309540988842377
0.021218655117469
0.00139337514588874
-0.0215574282349396
-0.0390056678853685
-0.047667893710135
-0.0522889341172167
-0.0558031547735328
-0.0565873593420354
-0.0472889747448244
-0.0277790525453007
-0.00465174758633786
0.0111237880930896
0.0169272458056755
0.0167934852432945
0.0206242977869621
0.0314416434060144
0.0463203151168041
0.0558087457292785
0.0538519605224143
0.0397367653748032
0.0198128350654866
-0.00118314539809923
-0.0204188691035468
-0.0372195449308027
-0.0484917095257717
-0.0518887454610731
-0.0478854325752727
-0.0420868416846104
-0.0383341110708425
-0.0348190916198599
-0.026639588514119
-0.0116273877095843
0.00721868839521523
0.02391039932178
0.0335221183952839
0.0343664241080003
0.0274744033831929
0.0163287848960052
0.00561024423324695
-0.00138203746701931
-0.00385704216352892
-0.00350064402405593
-0.00271932650718097
-0.00383696718235102
-0.00748352909441083
-0.0131802366595978
-0.0178824343059892
-0.0191386662961928
-0.0153332307026156
-0.00879407923004414
-0.00217079553531661
0.00114056892243305
0.00125114752502587
-0.001240048888197
-0.00293987336810867
-0.00240850851709495
0.00154049930868643
0.00575006968799454
0.007397128889524
0.0031181925959263
-0.00471182170807496
-0.0125396580014595
-0.0154070915593955
-0.0132351768894873
-0.0072719182538291
-0.000851768132746798
0.0054627289677083
0.0103611040985337
0.0133053964060767
0.013093139153118
0.0106865922615818
0.00705822981291832
0.00311386701494485
-0.00173868906862682
-0.0074828687146567
-0.0129228506657015
-0.0165131790649503
-0.0177560879294096
-0.0170325474069621
-0.013971205918105
-0.00825360746433947
-0.000415227260780228
0.00691488482325787
0.0117348660252372
0.0134118497931274
0.0131495206449559
0.0113212350575256
0.00816156193326971
0.00414610163188486
0.00125565921311335
0.000781733895362596
0.00211001832087335
0.00288796773043681
0.00106855263200858
-0.00335877430388987
-0.00873474125622392
-0.0124222458683909
-0.0132594793188738
-0.0111928378828806
-0.00807221517183745
-0.00469244012856268
-0.00171964752885342
0.00162413823342193
0.00440635710836
0.0065202075153834
0.0073846995918621
0.0083489915397017
0.00883144253778372
0.00831763218600957
0.00546242230571527
0.0020051570912182
-0.000385733897554238
-0.000356579182314638
0.000476705040399102
0.00109609180199322
0.00125628601033735
0.00198295877707078
0.00304909637572109
0.00349604437626464
0.00272760926737468
0.00114181408215007
-0.000167267735264598
-0.0011302939029838
-0.00144668714124615
-0.00153234026452387
-0.000743736204646005
0.000323105381998416
0.00214616775984362
0.00384434880019849
0.00570659759367033
0.00631951862678157
0.0060537803272827
0.00463080599475891
0.00365166199268641
0.00259836170070776
0.00164515375455049
-7.29451014938728e-05
-0.0013930798199138
-0.00221002487297852
-0.00234876443713092
-0.00292008611541259
-0.00374997768510287
-0.00432840883834403
-0.00412872897578283
-0.00350725311882806
-0.00312509268950953
-0.00279495998435064
-0.00249595061110719
-0.00183835428518364
-0.00150410092139788
-0.000906431164758054
-0.00031284005880261
0.000978653746370531
0.0019670033807718
0.0030889818311241
0.00361209060829909
0.00421383733247094
0.00389125242066237
0.00325810648364114
0.00204779461870789
0.00137181361656704
0.000668098990103925
0.000139021280695217
-0.000684996074276054
-0.00117664751818833
-0.00152933588167652
-0.00187279401082698
-0.00239817263450163
-0.00272107205008701
-0.00229560561748938
-0.0015330720364244
-0.000738737023062887
-0.000561230391606442
-0.000205787958199678
0.000112380775945039
0.000887330525890966
0.00121684441905262
0.00185481707696773
0.00229854395817094
0.00320578557283251
0.00341882008772529
0.00339720886480414
0.00256313070769379
0.00187616659538963
0.000816951316981374
-4.9728116839032e-05
-0.00118442115874622
-0.00204016687403716
-0.00289324521363128
-0.00341370943257263
-0.00363699826065676
-0.00340391209565653
-0.00281380240536288
-0.00220739096346367
-0.00141631751594774
-0.000629566670600388
0.000511652284193581
0.00123799007652624
0.0017987430810865
0.00166469727181558
0.00174032519585802
0.00145820492433349
0.00137824668715582
0.000731811982761109
0.000374329272943458
-0.000169311435482889
-0.00029520478858425
-0.000781032939291284
-0.00111790937095778
-0.00155270741823768
-0.00150449948450354
-0.00132741619259441
-0.00106771043736052
-0.000941977196836932
-0.000858972829631356
-0.000525799442730807
-0.00019998793575312
0.00028390290415483
0.000323424707569346
0.000539766353720092
0.00045251864746762
0.000908903461930941
0.00103311497368395
0.00160226601206123
0.0016229334459878
0.00212060359122339
0.00211950435271788
0.00259048027463528
0.00243163662564602
0.00262648456446476
0.00229511323482163
0.00244873942506863
0.00219290440249489
0.00215630337133813
0.00158199236106114
0.00123094599735643
0.000825186796186997
0.000772237282947029
0.000552121231052357
0.000107104777641646
-0.000480775171722099
-0.000898423382719966
-0.000706568530957708
-0.000306641763142975
0.000427458678998363
0.000881079396283981
0.00164607685177474
0.00202171410377466
0.00248570383700106
0.00221487823983442
0.00216691358968158
0.00180788279085996
0.00181231441681387
0.00107352812107167
9.38063362589513e-05
-0.0015544103056376
-0.00280749476862477
-0.00385685043470683
-0.0041778775584068
-0.00413088109613334
-0.00357592523259377
-0.00282636015534555
-0.00209587837973914
-0.00141080293213749
-0.00100138022043517
-0.000520940313032341
-0.000397604499837285
-3.74647104914641e-05
-6.44988247641308e-06
0.000343963215486917
4.94295945915049e-05
-7.01627414853006e-05
-0.000621125386983458
-0.000353335833560939
-0.000177434632255571
0.000550962244930335
0.000668595033677215
0.00103912105435297
0.000878882122996402
0.000898556608490193
0.0003771200462062
0.000152207712998412
2.32585890654127e-05
0.000436217849946224
0.000759729865511712
0.000844793871102791
0.000607853392905814
0.000259457251510576
0.000190918878350283
0.000223265148740135
0.000734093177320486
0.00117709358817927
0.00190183766622759
0.0020407160570004
0.00220658018255323
0.00177820416387718
0.00168389733329502
0.00119597053853374
0.00115824039479536
0.000848208855838487
0.00099093614691576
0.000669794538830438
0.000426697176319627
-0.000178387654109446
-0.00028330640116299
-0.000195046334302899
0.000260444757160102
0.000561513083381896
0.000748846580226458
0.0007435830402555
0.000486331107137396
0.000155619344437606
-0.000199716181412945
-6.6668153949703e-06
0.000379052322273082
0.00111671857700468
0.00139294534259985
0.00165239522215231
0.00149365066737504
0.00160792800679932
0.00151931177000798
0.00182367449343954
0.00202629617105933
0.00240816258911917
0.00236337158888748
0.00200153228429244
0.00122412448133066
0.00035938970156567
-0.000389274208884403
-0.0011423322852589
-0.00157090768250226
-0.00198765087611175
-0.00176511151539263
-0.00161468525334316
-0.000871658625216362
-0.00060096988214038
0.000153494946270325
0.00020185156044341
0.00080682873195205
0.000761197955732061
0.00152308707966751
0.00157838493597165
0.00222521651731104
0.001891445352082
0.00211670950292229
0.00151527310625003
0.00153261328954674
0.000818800344824039
0.000750006628784022
0.000173124723209003
0.000133106328612506
-0.000444059085000142
-0.000683906868399448
-0.00117849733854365
-0.00130440675267143
-0.00149485150317948
-0.001524450284968
-0.00141255584348784
-0.00115749613218822
-0.000562849064294074
-0.000154242953893234
0.000484457815641548
0.00067707401601854
0.00123645599151645
0.00127692989579457
0.00173708028497441
0.00153692462769918
0.0017831384783128
0.00134894013615385
0.00138082687821909
0.000773399313554928
0.000699392167426724
0.000131742415649084
3.5817872697963e-05
-0.000492318695058715
-0.00060052235351392
-0.000889578441153407
-0.000889731644570186
-0.00104256991289872
-0.00110892695223271
-0.000946307507422461
-0.000692102497331561
-0.000161176687326603
-7.18079185400317e-05
0.000173893052876455
-5.52453450915571e-05
0.000189518871233528
-5.3187922601808e-05
0.000299123134806437
-2.58637294681093e-05
0.000205405513924478
-0.00024187272177935
3.43701232052981e-05
-0.000213843132516042
0.000215818450331413
1.21055489372504e-05
0.000322610428674153
0.000178789878861603
0.000452789264289832
0.000364156536216387
