-6.921355670601575e-05
-2.2450927764436433e-05
-7.179597668066135e-05
-5.498463535360035e-05
-7.727189038202005e-05
-7.232202917650506e-05
-7.648641002761306e-05
-9.11057874571193e-05
-9.275779297122287e-05
-0.00010554546320866158
-9.177481254778191e-05
-0.00012019243705801942
-0.00010706649750518417
-0.00013401870804161838
-0.00010657604250912609
-0.00015248924023937712
-0.00012294549198751557
-0.00014619201690151639
-0.00015827215245426952
-0.0001594957596697704
-0.00017209719297727247
-0.0001585963252232279
-0.00020719640057576192
-0.00015719277045749208
-0.00020250471836575685
-0.00018118958785815495
-0.00019409060837577327
-0.00020165345598744446
-0.00020876286137202417
-0.0002002302536653889
-0.00022676061898101047
-0.00021912196864304123
-0.00022420132928665203
-0.00022085752553732403
-0.000245044934899784
-0.0002169334847925969
-0.0002650196734920718
-0.00022089164687050694
-0.00023052086679493765
-0.00024423633994683365
-0.00024827553515198165
-0.00025694835091709866
-0.00025313381703126014
-0.00027326691661763865
-0.0002760240656967081
-0.00029006858466857553
-0.00024416417553515786
-0.0003308122619190318
-0.0002461381172301
-0.0003248423166502073
-0.0002747795150942536
-0.00032129519682284685
-0.0002829969281027201
-0.0003195107045340101
-0.0003228195639300459
-0.00033565783825318166
-0.0003220734074626621
-0.0003596777203810661
-0.0003401915689042269
-0.0003617455922099531
-0.00036147703781969683
-0.0003637353702503739
-0.0003796104003081169
-0.0003834029530102861
-0.00041409940056785847
-0.00038705664236573893
-0.00042018042145202
-0.00039838447188009956
-0.0004242880862620848
-0.0004088115965108336
-0.0004298688669853428
-0.00041008506249633724
-0.0004243068868191642
-0.00042605372325630936
-0.00042423229402661287
-0.00045205949565257095
-0.00043546622734488827
-0.0004653047998259676
-0.0004676053153254661
-0.00046290080414371996
-0.0004850002552175774
-0.00047811036671907163
-0.00048215073891284723
-0.0005028289671152801
-0.0005136627480633307
-0.0005405544624781117
-0.0005362015468536765
-0.0005613413129942896
-0.0005475728902860201
-0.0005613484900424999
-0.0005508862957464292
-0.0005640293518896478
-0.0005806685640992081
-0.000581079806304994
-0.0006047862107183007
-0.0005891076638953167
-0.0006128831525184488
-0.0006286795344485584
-0.0005809002219287578
-0.0006634930019037977
-0.0006072880222391098
-0.0006698480909855705
-0.0006281803045376077
-0.0006657840269018006
-0.0006059191294489306
-0.0006666894050892184
-0.0005847389482908593
-0.0006872894449783639
-0.000611166887166593
-0.0006701545288207596
-0.0004236246470919725
-0.0006427567459215383
-0.0003941511551235541
-0.00037995096234495236
-0.0006086397630442049
-0.0008763506847202719
-0.0008805457717935625
-0.0008913922445334347
-0.0009276801873501792
-0.0008135268642005128
-0.0008380042913405754
-0.0007712003502685331
-0.0009524940657360363
-0.000735485207682557
-0.0009591182921669988
-0.0004500688025717116
-0.0010047343793908139
-0.00013901676350549515
-0.001841610804614064
0.004478150311371257
0.04617531135593582
0.059536273201109116
0.08630727762620065
0.14251714752281996
0.1074093711614364
0.01487343599980372
-0.050376323943964116
-0.06702465090427447
-0.07447573607728775
-0.04581086765007119
-0.014441849058444298
-0.003480074564310631
-0.030623616026107213
-0.0532200059216886
-0.06074553445054458
-0.03924413927296801
-0.00306349284227535
0.02393100766640354
0.028092783375184123
0.018376434026730386
0.010262479636811164
0.010261736599338878
0.013182474434442384
0.019891881604257963
0.020989233941153995
0.02088234585574289
0.015820896875285234
0.01257483447915965
0.004011920031494431
-0.001615477609611951
-0.01200065680571671
-0.013589332663214826
-0.008574855236383329
0.0015531161244323572
-0.0015116055758012067
0.0044006729196753285
-7.846835228115148e-05
-0.014530341683569597
-0.026737870115930866
-0.015463611299038917
-0.005120107963831993
0.0038964154714999015
0.009936280134280093
0.01265582462772474
0.0028395645314022175
-0.004023195052936572
-0.0033095246508750486
0.005067287633788754
0.01294587721197548
0.01735887640855413
0.011364747456376768
0.004232000002030516
-0.0056259437036405915
-0.008150244934802613
-0.006731765353359937
-3.4303078439918474e-05
0.0037058956917087973
0.0022820840381834687
-0.002516241200186682
-0.006663044221804559
-0.008005722664993994
-0.005451392192229108
-0.002648973090566684
0.0012196773213051268
0.004466641065917999
0.005515553424049178
0.0031100229517812324
0.0016848129220274973
0.00033171182680507053
0.00048800381212129327
0.0011393518380309027
0.0038568340483652345
0.008419337583403684
0.007435979011807856
0.0021013795492816232
-0.0025072118501063517
-0.007114844128472595
-0.00762479123133066
-0.0070222898233984355
-0.0035492295614695892
-0.00187305159901296
-0.002322809119967008
-0.003977877447032441
-0.005510455725881928
-0.004993379383634624
-0.0024375454396418786
-0.00035897991066265677
0.0034145822560523874
0.006641655472707558
0.006873212561045377
0.0036489415210265845
0.00030749089677666513
-0.0011938194910433649
3.610645977271026e-05
0.0012571155151963965
0.0029479706064021115
0.0022400719535370633
0.00027162940928755574
-0.002510131658367578
-0.0035624777616876917
-0.002678096245045945
-0.001318457045507058
-0.0005491653598205799
3.541426283993551e-05
-0.00013565481950111427
-0.0005067737159245392
-0.0014452169758499389
-0.0015855224209661563
-0.00145595317274638
-0.0010298552614633897
-8.071550864168392e-05
0.0013305610934555095
0.001703016280687792
0.0008379944072574468
-0.0006544060155463428
-0.0010339160811271087
-0.0007667114406279772
0.00021069744885391305
0.0007228491050478343
0.001164808969573455
0.0005848567327182161
0.0006417605498727642
0.00016608038776353003
-0.0004884060302929357
-0.0017117817834959048
-0.003281833460323476
-0.0008640583521010661
0.00016990068170962328
0.00023723888384669117
-0.0010937032784818764
-0.0010090663151281036
-2.0467381105250797e-05
-0.00012155198203086745
0.00014298432691800628
0.00010549308539547245
0.00042798381948252833
0.001134064209092932
-0.00012532150975925463
-0.000859375177039355
-0.0007770491760269569
-0.00016351106696385018
0.0003677722961787181
0.0008398648213637796
0.0015081574307404706
0.0010261895147046307
0.00019550307306786976
-0.0009727891151768633
-0.0011713451769780057
-0.0004933271217832175
0.000716303411444502
0.0005578005302873301
-0.00022462628990260183
-0.0010911622496921308
-0.0013267234025825156
-0.0010503085396995195
-0.0005918017970259807
-0.0004368316622782467
-0.0002829197394550319
-0.00020168515675590644
-0.000299121566217689
-0.0002702613255670716
-0.0003008375947674254
-4.5334738943403384e-05
-3.436224686049962e-05
0.00022111678866371803
0.0002758099294920076
0.000483544159766558
0.00016814589605434224
1.2955048115740593e-05
0.00018423100028863053
-8.313543568664748e-05
7.719619606331996e-05
-7.966410317809271e-05
6.883272378715641e-05
-5.04449021011736e-05
5.6562605962419096e-05
-3.901250482479877e-05
3.785931563553361e-05
-4.6717383652920705e-05
1.3655838130268371e-05
-4.784161387057776e-05
2.034244071223296e-05
-3.4967688614917616e-05
2.0623153050974938e-05
-2.4410140274270788e-05
2.3318021211127834e-05
-2.605207023044908e-05
2.0840238528824483e-05
-2.1191094143640035e-05
2.1634316783419893e-05
-2.0437929267596243e-05
2.1388577824333038e-05
-1.6686035540916045e-05
1.9670002355567408e-05
-1.4671953005320122e-05
1.7240688926175728e-05
-1.3337676280135826e-05
1.4936059046013529e-05
-1.2292678257093132e-05
1.3467189193350085e-05
-1.0800160128283942e-05
1.2107064979161725e-05
-9.850194569836095e-06
1.0994295726782862e-05
-8.867356393057286e-06
9.838021811549606e-06
-7.988933993304794e-06
9.020259144852595e-06
-7.158000744745684e-06
8.223240533421867e-06
-6.334787820207275e-06
7.563412081188761e-06
-5.6154684743162445e-06
6.91065931967866e-06
-4.957327153963086e-06
6.331225032518923e-06
-4.3628494593714925e-06
5.8093983354753475e-06
-3.820256870410441e-06
5.34573951596486e-06
-3.3456131606540078e-06
4.920572287945891e-06
-2.912898351996405e-06
4.53898291760289e-06
-2.528877158587857e-06
4.196371368372996e-06
-2.176618567554221e-06
3.888403301851402e-06
-1.8589163974631027e-06
3.6137179639664577e-06
-1.5697857908515342e-06
3.3660288908362104e-06
-1.3076819877955344e-06
3.14521214006666e-06
-1.0686304302200827e-06
2.9477196770966684e-06
-8.512232833759016e-07
2.771807652853604e-06
-6.532796076745605e-07
2.6147568179598225e-06
-4.7303340308148256e-07
2.475186383012369e-06
-3.087335864126149e-07
2.3510059710559437e-06
-1.5864519991985217e-07
2.240987321280863e-06
-2.1481133653756743e-08
2.143584444874925e-06
1.041448663374701e-07
2.0576471724756277e-06
2.1932832798999147e-07
1.9820803474352843e-06
3.2519866237628453e-07
1.9159107994969234e-06
4.22660184751678e-07
1.8582465482436077e-06
5.125961451864225e-07
1.8082878802325175e-06
5.957577465000308e-07
1.7653148847579514e-06
6.728566588863616e-07
1.7286708235866692e-06
7.445137293667775e-07
1.6977732914119636e-06
8.113009897538215e-07
1.672084670473195e-06
8.73727110351722e-07
1.65113130001619e-06
9.32255488081575e-07
1.6344804325812284e-06
9.87303581978169e-07
1.621746496240084e-06
1.0392480205945014e-06
1.6125796283988914e-06
1.0884297306310714e-06
1.6066667932216824e-06
1.1351561620366254e-06
1.603725055851924e-06
1.1797058592569187e-06
1.6035007156548972e-06
1.2223301002860232e-06
1.6057650152525443e-06
1.2632565230428702e-06
1.6103124444864954e-06
1.302690635370191e-06
1.6169582191634868e-06
1.3408186886448284e-06
1.6255362991137324e-06
1.3778090539907375e-06
1.6358975974807382e-06
1.4138143247203615e-06
1.6479082549842087e-06
1.448972681776544e-06
1.6614482344193314e-06
1.4834094342556364e-06
1.6764099032932087e-06
1.5172382301390994e-06
1.6926968917294603e-06
1.550562251136393e-06
1.7102229436937073e-06
1.5834752258079936e-06
1.7289109731369258e-06
1.6160623781240075e-06
1.748692148609949e-06
1.648401273717957e-06
1.7695051130746202e-06
1.6805625774242048e-06
1.7912952480220049e-06
1.7126107469121504e-06
1.8140140314563827e-06
1.7446046486993571e-06
1.8376184458803661e-06
1.776598121814248e-06
1.8620704521765804e-06
1.8086404810717773e-06
1.887336512617526e-06
1.8407769749730443e-06
1.913387160381696e-06
1.8730491952862594e-06
1.940196612002312e-06
1.9054954483075325e-06
1.967742418891328e-06
1.938151091600854e-06
1.9960051528987097e-06
1.9710488348269415e-06
2.024968121892772e-06
2.004219012185086e-06
2.0546171140166576e-06
2.037689829675947e-06
2.084940168625856e-06
2.0714875872709476e-06
2.115927368245431e-06
2.1056368790178066e-06
2.1475706508194362e-06
2.1401607740969197e-06
2.179863642253545e-06
2.1750809808947994e-06
2.212801504912826e-06
2.2104179950500793e-06
2.2463808007529013e-06
2.2461912320076243e-06
2.2805993683186877e-06
2.2824191482122486e-06
2.3154562124839083e-06
2.319119350221088e-06
2.3509514050509633e-06
2.3563086930755662e-06
2.3870859950162458e-06
2.3940033691124344e-06
2.4238619278068652e-06
2.432218988911931e-06
2.4612819734722363e-06
2.4709706539148514e-06
2.4993496614936046e-06
2.5102730230939753e-06
2.5380692224928722e-06
2.5501403718058074e-06
2.5774455355987835e-06
2.590586646596509e-06
2.617484081713766e-06
2.6316255141993792e-06
2.658190901372239e-06
2.6732704058820726e-06
2.69957255703814e-06
2.715534558291407e-06
2.741636099122939e-06
2.7584310498455193e-06
2.78438903651373e-06
2.801972834351029e-06
2.8278393088979135e-06
2.8461727716024238e-06
2.8719952632321464e-06
2.8910436545477738e-06
2.9168656322657073e-06
2.936598235166456e-06
2.9624595151998064e-06
2.9828492467668017e-06
3.0087863614155e-06
3.0298094261349513e-06
3.0558559556570378e-06
3.077491532657578e-06
3.1036784052755736e-06
3.12590836593421e-06
3.1522641271283986e-06
3.1750727810078466e-06
3.201623838985446e-06
3.224997705384992e-06
3.251768550874539e-06
3.2756961521226676e-06
3.3027095567341998e-06
3.3271812320522236e-06
3.3544584282432105e-06
3.3794661666464317e-06
3.407027009685263e-06
3.432564298757587e-06
3.4604274126938037e-06
3.486489102627838e-06
3.5146720126347014e-06
3.5412541941185795e-06
3.5697734458779067e-06
3.5968733396832026e-06
3.6257446069060204e-06
3.6533604645950764e-06
3.6825986465644726e-06
3.710729661421077e-06
3.7403489710281963e-06
3.7689951974688896e-06
3.799009240537665e-06
3.828171522042383e-06
3.858593369625329e-06
3.888273273753765e-06
3.919115527027588e-06
3.949315286975698e-06
3.9805901361419655e-06
4.011312598161385e-06
4.043031875495185e-06
4.074280451808602e-06
4.106455680425343e-06
4.138234307015284e-06
4.170876744110996e-06
4.2031898428008765e-06
4.236310519640401e-06
4.269162963907948e-06
4.302772721800988e-06
4.336169806779051e-06
4.370279329552558e-06
4.404226744089535e-06
4.438846587885258e-06
4.4733503907390295e-06
4.508491010902488e-06
4.543557609076629e-06
4.5792293850640555e-06
4.614865514049652e-06
4.651078771299183e-06
4.687291477921976e-06
4.724056508513774e-06
4.760853135859933e-06
4.7981802172577875e-06
4.835568390900376e-06
4.873467802989101e-06
4.9114554191926946e-06
4.9499374597532675e-06
4.9885326746782925e-06
5.027607673988092e-06
5.066818894475608e-06
5.106497228109816e-06
5.146333103699241e-06
5.1866252052414335e-06
5.227094621090025e-06
5.268010992957498e-06
5.309123063559708e-06
5.3506742872317845e-06
5.392438351224356e-06
5.434635097426556e-06
5.477060713356084e-06
5.519913750717288e-06
5.563010693278661e-06
5.606530896514047e-06
5.650309152899991e-06
5.694507510987828e-06
5.738977279112593e-06
5.783864902191406e-06
5.829036588648399e-06
5.8746247155549265e-06
5.920508933424752e-06
5.966808937880931e-06
6.013416506523903e-06
6.060439903011946e-06
6.1077818472067016e-06
6.15554029800188e-06
6.203627847367312e-06
6.252133165699842e-06
6.3009777546159775e-06
6.350241912773523e-06
6.399855181350408e-06
6.449890314737792e-06
6.500284109928043e-06
6.551102522210135e-06
6.602288897201492e-06
6.653903064108863e-06
6.7058942804829155e-06
6.7583168561629085e-06
6.811125385488843e-06
6.864369206330853e-06
6.9180077313082055e-06
6.972085819913622e-06
7.02656723606393e-06
7.0814928062530895e-06
7.1368302242762974e-06
7.1926166852618245e-06
7.248823432960336e-06
7.305484393533299e-06
7.362574018172609e-06
7.420123290943488e-06
7.4781095617649325e-06
7.536561167233765e-06
7.595458077535103e-06
7.654826248159902e-06
7.714648018611998e-06
7.774947203171147e-06
7.835708284520805e-06
7.896953152313662e-06
7.958668228190684e-06
8.020873672267203e-06
8.083557661764325e-06
8.14673880398663e-06
8.210406865793909e-06
8.274579060681467e-06
8.339246595977093e-06
8.404425434799581e-06
8.47010809016806e-06
8.536309404509352e-06
8.60302307564495e-06
8.670262942503393e-06
8.738023778157716e-06
8.806318523554846e-06
8.875142928795737e-06
8.944509132053236e-06
9.014413771822258e-06
9.08486826985827e-06
9.155870073242894e-06
9.227429964932254e-06
9.299546128834369e-06
9.372228779413387e-06
9.445476772544474e-06
9.519299817723967e-06
9.593697384709457e-06
9.66867873531535e-06
9.744243900729806e-06
9.82040174714316e-06
9.897152819978924e-06
9.974505636578014e-06
1.0052461214437279e-05
1.0131027764420566e-05
1.0210206737877765e-05
1.0290006077663151e-05
1.0370427634690677e-05
1.0451479118581478e-05
1.0533162749346188e-05
1.0615486034709718e-05
1.0698451536061753e-05
1.0782066587884166e-05
1.086633406806271e-05
1.0951261163756349e-05
1.1036851047282852e-05
1.1123110781732944e-05
1.1210043814254683e-05
1.1297657105137837e-05
1.1385954358408652e-05
1.1474942451064271e-05
1.1564625328014562e-05
1.1655009800606679e-05
1.1746100040540067e-05
1.1837902809307675e-05
1.1930422492996591e-05
1.2023665817935836e-05
1.211763737299159e-05
1.2212343862746814e-05
1.2307790069095788e-05
1.2403982687265785e-05
1.2500926682951219e-05
1.259862875267314e-05
1.2697094038802235e-05
1.2796329249181119e-05
1.2896339695417066e-05
1.2997132106342194e-05
1.3098711957682278e-05
1.3201086008111858e-05
1.3304259890691114e-05
1.3408240401496904e-05
1.3513033327350473e-05
1.3618645508899985e-05
1.3725082882520313e-05
1.38323523408675e-05
1.3940459966311288e-05
1.4049412709294664e-05
1.4159216795313822e-05
1.4269879238445853e-05
1.438140640478596e-05
1.4493805377913528e-05
1.4607082662753898e-05
1.472124541696153e-05
1.4836300282664516e-05
1.4952254496662177e-05
1.5069114836620615e-05
1.5186888622897854e-05
1.5305582768256683e-05
1.542520468077017e-05
1.5545761407292956e-05
1.5667260447879217e-05
1.5789708983145407e-05
1.5913114608772662e-05
1.603748463900644e-05
1.6162826768702015e-05
1.6289148445686793e-05
1.6416457467907956e-05
1.6544761417006115e-05
1.6674068197030647e-05
1.6804385524079603e-05
1.6935721411829403e-05
1.706808371092455e-05
1.720148054759553e-05
1.7335919908468243e-05
1.747141003542969e-05
1.7607959051480968e-05
1.7745575317368293e-05
1.7884267093700747e-05
1.8024042862671368e-05
1.816491102362165e-05
1.8306880183221742e-05
1.844995888082416e-05
1.8594155850365523e-05
1.873947977272094e-05
1.8885939511754804e-05
1.9033543891344484e-05
1.9182301908092744e-05
1.933222253012309e-05
1.948331488950419e-05
1.963558810074784e-05
1.978905143407714e-05
1.9943714151855513e-05
2.0099585665173786e-05
2.025667538617347e-05
2.0414992869285714e-05
2.057454767830677e-05
2.0735349513915284e-05
2.0897408093547236e-05
2.106073326672511e-05
2.122533490674848e-05
2.1391223014511195e-05
2.1558407621051604e-05
2.172689888158512e-05
2.1896706987092467e-05
2.206784224955663e-05
2.2240315022386104e-05
2.2414135777202665e-05
2.258931503202054e-05
2.2765863420656372e-05
2.2943791628143666e-05
2.3123110453330186e-05
2.330383075052465e-05
2.3485963486462444e-05
2.3669519687390702e-05
2.3854510490587972e-05
2.404094709692803e-05
2.422884081720354e-05
2.44182030289571e-05
2.4609045219302106e-05
2.4801378945623655e-05
2.4995215873976993e-05
2.5190567744306342e-05
2.538744640498338e-05
2.5585863780988366e-05
2.5785831905364973e-05
2.5987362891579085e-05
2.6190468960469028e-05
2.6395162416483278e-05
2.6601455671011352e-05
2.6809361223125556e-05
2.7018891677322654e-05
2.7230059730245457e-05
2.7442878182505257e-05
2.7657359932369604e-05
2.7873517979089615e-05
2.80913654256542e-05
2.8310915472002166e-05
2.8532181430496227e-05
2.8755176704173583e-05
2.897991481889373e-05
2.9206409383175706e-05
2.9434674140443938e-05
2.966472290678217e-05
2.9896569647546107e-05
3.0130228388921244e-05
3.0365713322454352e-05
3.060303868738525e-05
3.084221890534058e-05
3.1083268431420104e-05
3.1326201921349844e-05
3.1571034048117054e-05
3.181777970832245e-05
3.206645379163044e-05
3.2317071445185945e-05
3.2569647772412186e-05
3.28241981813796e-05
3.308073798613542e-05
3.333928286425239e-05
3.359984834323945e-05
3.3862450373498e-05
3.412710469790102e-05
3.4393827544212756e-05
3.4662634880509575e-05
3.493354320483833e-05
3.5206568726995526e-05
3.5481728201584395e-05
3.575903811319533e-05
3.603851544048468e-05
3.6320176975247395e-05
3.66040399165227e-05
3.6890121347206705e-05
3.717843875147798e-05
3.7469009402170276e-05
3.776185116859099e-05
3.805698148564424e-05
3.8354418626147194e-05
3.8654180174694554e-05
3.895628471827558e-05
3.926075022151734e-05
3.9567595469096486e-05
3.9876838757852746e-05
4.0188498942776555e-05
4.0502595085660205e-05
4.08191457502427e-05
4.113817099531472e-05
4.145968858149346e-05
4.1783720608641e-05
4.211028291475644e-05
4.2439400362275035e-05
4.2771086342326126e-05
4.310536922269006e-05
4.344225918995323e-05
4.3781788615179134e-05
4.4123963882438354e-05
4.4468822652833206e-05
4.481636557686006e-05
4.516663781079975e-05
4.551963200627817e-05
4.5875403144254e-05
4.623393374552764e-05
4.6595290443488674e-05
4.6959443959921406e-05
4.732647389882875e-05
4.769633863231431e-05
4.806913061853176e-05
4.844479582429614e-05
4.8823440274761015e-05
4.920499710941214e-05
4.95895856866197e-05
4.997712675988003e-05
5.036775294551751e-05
5.076137122710059e-05
5.1158130836196844e-05
5.155791863593884e-05
5.196091306766768e-05
5.236695834463876e-05
5.277629430318733e-05
5.31886967394396e-05
5.36044620203192e-05
5.402332861660099e-05
5.444562299059203e-05
5.4871067409825725e-05
5.529996853355498e-05
5.573209595231311e-05
5.616772186294895e-05
5.6606649403580234e-05
5.704906570086531e-05
5.749492351331221e-05
5.794423469795626e-05
5.8397143123154784e-05
5.8853434578539645e-05
5.9313481091662675e-05
5.977697519555093e-05
6.024407828477871e-05
6.0715126851676546e-05
6.118913958231154e-05
6.166796813359288e-05
6.214984422763296e-05
6.263573323603711e-05
6.312534735020484e-05
6.361886693720745e-05
6.411760308851211e-05
6.461758895610903e-05
6.512395981941865e-05
6.563172468390666e-05
6.614836935872961e-05
6.666156377620192e-05
6.718805553439927e-05
6.770751221796267e-05
6.824618793464018e-05
6.87691543107508e-05
6.931959544332483e-05
6.984996784981101e-05
7.040982906557358e-05
7.094727103445012e-05
7.151843164780779e-05
7.206039974588622e-05
7.264613968391113e-05
7.319210820159495e-05
7.379309657569704e-05
7.434362001062112e-05
7.496096531289798e-05
7.551625344802936e-05
7.61468880922482e-05
7.670983834275232e-05
7.735382373370847e-05
7.792321131651087e-05
7.858101256356291e-05
7.916118094812693e-05
7.983123668173881e-05
8.042225094321708e-05
8.110704489806142e-05
8.170304148746177e-05
8.240294596227246e-05
8.300651813956115e-05
8.372519682039542e-05
8.4326796016765e-05
8.507992741940522e-05
8.566047880309905e-05
8.647244247093249e-05
8.70209960740963e-05
8.778901020819302e-05
8.850272433650729e-05
8.916864877485639e-05
8.986410728368437e-05
9.053696875145265e-05
9.141313664573161e-05
9.197357962400002e-05
9.280699387324886e-05
9.342985584738256e-05
9.438778987533943e-05
9.487230656488559e-05
9.594213645311986e-05
9.644672533162287e-05
9.726614363966552e-05
9.848357941226525e-05
9.813572315942189e-05
0.00010092197106775417
9.878293718789717e-05
0.00010347008569805394
0.00010110079640997927
8.8274763475332e-05
0.00010356246764145702
9.321687246636689e-05
8.664914450842208e-05
6.468989039217789e-05
9.011721852834889e-05
6.97197753818687e-05
7.161516019001636e-05
4.3042114548357045e-05
7.71118996193996e-05
2.939671137525997e-05
7.76845028432801e-05
2.058476310627037e-05
5.926506924522362e-05
3.266358041048806e-05
3.887448704377374e-05
2.3765898349373325e-05
4.25729891607571e-05
7.468002029938531e-06
7.884533923562225e-05
8.484830415943646e-06
7.802454612713131e-05
1.9114056056321728e-05
5.720047013926756e-05
2.718375206633636e-05
5.6538538913678406e-05
1.0836300175587473e-05
5.860440034088644e-05
1.4077089038478014e-05
4.061668988826234e-05
2.0408700689459876e-05
2.356049572449487e-05
2.456328024367393e-05
6.520459902667082e-06
2.247352264146815e-05
4.7194810276811e-05
-1.0131904412580446e-06
3.342071756651695e-05
3.9503009484102595e-05
2.9137642497242898e-05
3.80684012904647e-05
3.476845338075036e-05
3.723821094522305e-05
1.9911412878712427e-05
3.861521278858911e-05
5.72090250055391e-06
3.8566582970329884e-05
-6.701762744261105e-06
2.0390093321036635e-05
-1.6934284068044123e-05
4.194050686208005e-06
-2.900422868970138e-05
-1.2550636794439154e-05
-4.0492504110679244e-05
-2.7300450554378135e-05
-5.3451921846455684e-05
-4.248786256490992e-05
-4.928796466770717e-05
-4.001665597342077e-05
-6.554352984061416e-05
-5.0508455654629884e-05
-7.870447659294501e-05
-6.496398773385927e-05
-7.655532437510069e-05
-0.0002494552952995405
-0.00023524505297307062
-0.00025484472084096976
-0.00023754946166045887
-0.00025030987937656326
-0.0002735780893071964
-0.00028768729702887655
-0.00025475366466984594
-0.00027947202031977934
-0.0002964220707348435
-0.0002751695025933715
-0.0003300116552581601
-0.00027999436134218116
-0.0003299166623421328
-0.000271064840879623
-0.0003662713488077692
-0.0002772035470889247
-0.00034583570768843103
-0.0002909331689833313
-0.00034323303018635805
-0.0002962289055655781
-0.00034723120176326466
-0.00030347539883080464
-0.0003295292789015055
-0.0003471485239838553
-0.0003293450978845573
-0.00034995709832773335
-0.000340144788795404
-0.00034901285117532
-0.00037965428085367863
-0.00038302756270073803
-0.00038428536165989664
-0.0003715054161931041
-0.00039171518044300423
-0.00041095492111548716
-0.00039196213856030444
-0.00039756870797098576
-0.0004035958699024303
-0.0003987540498858965
-0.00041021646336530774
-0.0004041817662953347
-0.00040025267956125604
-0.00041347191168550194
-0.0003709788746271344
-0.0004209870527407721
-0.00038181267789725887
-0.00040436137364831184
-0.0003946148695842445
-0.0004101833176026763
-0.000385504902960073
-0.00041950473038727823
-0.00039307689128386726
-0.00042629496255582684
-0.000399972713834862
-0.0004352962963640602
-0.00040534381001073466
-0.0004426384586727067
-0.0004481243892646156
-0.00042687073538661297
-0.0004904593603950315
-0.0004360035234194984
-0.0004921009423871404
-0.0004330514943396048
-0.0004955567693361491
-0.0004439741084256956
-0.0004958716528244981
-0.00045556262733360326
-0.0005030731804396541
-0.0004710432765210016
-0.0004755543491161893
-0.0005193393787509095
-0.0005119208011558745
-0.0005100302718488135
-0.000518999572971269
-0.0004976237962220961
-0.0005348502484037671
-0.0005083802613323261
-0.0005148416328294476
-0.0005270912656290461
-0.0004904983540563153
-0.0005113469106335874
-0.0004839821454113006
-0.000512540006548722
-0.0004807850156950403
-0.0005225770515485198
-0.0004910864147455592
-0.0005442353133949824
-0.0005013588445965929
-0.0005549538858719981
-0.0004969757370053227
-0.0005596979670353452
-0.0004961424894890132
-0.0005674402179960138
-0.0005168755628024455
-0.0006212572891904656
-0.0005263999135070457
-0.0006076059104221754
-0.0005805144923543952
-0.0005961846532551242
-0.0005849926401084297
-0.000616453300226114
-0.0006325423726736526
-0.0006019564803464081
-0.0006379385891561091
-0.0005964046978004738
-0.0006310352133666329
-0.0006075933945483158
-0.0006266262846101995
-0.0006066368049561986
-0.0006464253267840284
-0.0004791257958964448
-0.000537624942934019
-0.0005351440750727607
-0.00024370801428522841
-0.0006631805766649501
-0.000764067285378323
-0.0009066842798670968
-0.0007792897997086603
-0.000766255289880761
-0.000801406553527784
-0.00082327279223095
-0.0008173493871452523
-0.0007152187494178015
-0.0009338020862052117
-0.0005319491608287045
-0.0009772141942372403
3.272172241987402e-05
-0.0015295664578793022
0.0010799536454204049
-0.004355495737991084
0.02512994932102904
0.056768436935119765
0.06566132351112605
0.13196811231457106
0.10659468748673755
0.0230612936704391
-0.04712861570202341
-0.058139415327473576
-0.035863456688464454
-0.02589838678277373
-0.02658688697130089
-0.019553813613040812
-0.02523815159183436
-0.04073452346595859
-0.049501885686595914
-0.017765296672453603
0.013974197484461949
0.023312572097329228
0.008573359567560203
-0.00043923893274310226
0.0012406862684926452
0.004708840830437919
0.010119129011505506
0.02090775696556091
0.022062098169373476
0.016763815790693172
0.0026629288563716387
0.0016721933900001877
0.004101561012975707
0.003901963205534719
-0.0028301933784582217
-0.0019379867363079296
0.0007564022252117947
0.003951270499369526
-0.006265817331915213
-0.015822186359485325
-0.010340755539896003
-0.0067153081926696265
-0.002825306189969732
-0.0018076169661692047
0.00048623527122800816
0.00294849901832265
-0.003743227309438254
-0.007226076479492656
-0.0010541304119367867
0.012037137459086068
0.01687135771058052
0.01011560540172134
0.0018205202939833357
-0.0016106357756982197
-0.003672228425444642
5.93446571245133e-05
0.003715380317266123
0.008182230088457696
0.004042152149366745
-0.005662438874484243
-0.009503638309791625
-0.006091272307299989
-0.0009880304805759514
0.0009659949976732657
-7.081913512734157e-05
0.00025644334884260115
-0.001358105434719634
-0.0027073332968796755
-0.0017516273350960307
0.0027270775374975205
0.005260811849287838
0.004085554461271103
0.0014888838490917263
0.0022391762301654664
0.0032984082399352887
0.004301909663163408
0.0028585732260887516
0.001768701649461342
-0.00025397428999989483
-0.003157824611410202
-0.0061529822481216885
-0.007679292402106125
-0.007806446850583338
-0.007296650516796576
-0.006299616264899608
-0.0034013645924134577
-0.00048256107824504597
0.001375973600049107
0.0014860695954162484
0.0015807074073684107
0.002536290109833997
0.004407389227257573
0.0056169887199393805
0.006062573617555104
0.004275084883925329
0.0008939989884962083
-0.0024931545150256016
-0.00354027460749386
-0.002007345468587263
0.00025219610398754643
0.0006841105070528603
-0.0005044075921198836
-0.002304342157558101
-0.002726231188331693
-0.0020275815517260378
-0.0003708482879275195
0.0009199790788227682
0.0014335858491522405
0.00044995862463573537
-0.0012392017689075055
-0.0018325422529970434
-0.0008907330512730948
0.00024627594684688655
0.0007480850194780251
0.0004568849671782294
0.0002866656214228005
-0.00024666133947122724
-0.0004379566668457845
-0.0003380899137268985
0.00033532077843813205
0.0003297786129893223
-7.857608136492841e-05
-0.00047404846770052834
-0.0002804601894080497
-0.00040072472924118055
-0.0004898914999628873
0.0007776558698579636
0.0007987031172182168
0.0001789203749694247
-0.0005954177152479081
-0.0010172340579910695
-0.0011271531871520028
-0.0015967861450488891
-0.001139254119166924
-1.4470999785855872e-05
0.0007102217369793766
0.00045165709027119726
0.000130762591769324
-0.000440028346346527
-0.00045606169800043415
-0.0003006991500574579
0.0007130400931683214
0.0004335604320462227
-8.678482284716851e-05
-0.0003187046233583436
0.00045831502640179134
0.0005949417332752815
0.0005741595906616812
0.0005381096304643006
0.0006829276516098443
-0.00017138075779303704
-0.0006025809759499118
-0.000835023125284508
-0.00021916002040042704
-0.00012518228321899523
-8.437441335651266e-05
-0.0003666631328675124
-0.00038962285055086537
-0.0005782863933297963
-0.0003728102975919677
-0.0002943750040845432
-8.144987122139762e-05
-7.391028772720182e-05
2.816790999553783e-05
-9.308872993700473e-05
-4.612032552328736e-05
-0.00010860861864890614
-4.488419281383892e-06
-5.022001533044982e-05
0.00010617055220550178
-6.29016083746185e-05
0.00012028241188062741
-2.3128691830688603e-05
0.00010402074190650896
-3.6465239846730974e-05
6.712452441680108e-05
-4.607062764579571e-05
4.9025126294227286e-05
-4.0233619928879694e-05
4.560825538322301e-05
-3.621426089047155e-05
3.761054713277099e-05
-3.7306659239552594e-05
3.0109853380253784e-05
-3.5355583060835876e-05
2.6008343145493586e-05
-3.276500309205506e-05
2.4548301247420465e-05
-2.928055406740157e-05
2.2741184446921364e-05
-2.60514146878815e-05
2.152330302677196e-05
-2.3713823191586587e-05
1.9011522360339728e-05
-2.1211384786477675e-05
1.724678798322506e-05
-1.880894514999596e-05
1.5649089493195907e-05
-1.687069609938971e-05
1.3988626990059849e-05
-1.5371378346085607e-05
1.241941375414949e-05
-1.4032404747597285e-05
1.1028107187840367e-05
-1.2866809536930812e-05
9.76334486623131e-06
-1.176363285619425e-05
8.6489505328576e-06
-1.0797182256603796e-05
7.635862691524964e-06
-9.917471152936022e-06
6.7058829653803605e-06
-9.118795753236758e-06
5.890059471877875e-06
-8.37858929828574e-06
5.149744095130592e-06
-7.714222462117928e-06
4.481550622168222e-06
-7.1179645586580496e-06
3.876827516310129e-06
-6.5839215474493545e-06
3.3302700043866436e-06
-6.10545769788042e-06
2.8339365905105695e-06
-5.676604929307199e-06
2.384459900869472e-06
-5.293740060663974e-06
1.974355351802039e-06
-4.9518099889099565e-06
1.6016118981068911e-06
-4.646588027562917e-06
1.2625068019035332e-06
-4.373784727336721e-06
9.537029857301094e-07
-4.130860302716845e-06
6.722453560883751e-07
-3.9145677561768335e-06
4.155008491002867e-07
-3.722511830860629e-06
1.8102776371355968e-07
-3.552241412117411e-06
-3.3381943858462604e-08
-3.4017230139266053e-06
-2.297721759655577e-07
-3.269058080522351e-06
-4.1003548870247606e-07
-3.1525862840551307e-06
-5.757648332297088e-07
-3.050736476993641e-06
-7.284674544711517e-07
-2.9621413735931874e-06
-8.694625866379618e-07
-2.885555703345099e-06
-9.999630278718658e-07
-2.819849925751104e-06
-1.1210435347373436e-06
-2.7640122298083264e-06
-1.233684100762888e-06
-2.7171234217931387e-06
-1.3387615486514307e-06
-2.6783600554566855e-06
-1.437075152928985e-06
-2.6469788222231727e-06
-1.5293433796442768e-06
-2.6223116132706448e-06
-1.6162161113122964e-06
-2.6037547211747725e-06
-1.6982802378221612e-06
-2.590767207296188e-06
-1.7760661691406873e-06
-2.5828607107727247e-06
-1.850053310321724e-06
-2.5795966754659297e-06
-1.9206747033165272e-06
-2.5805800277969165e-06
-1.9883220038980146e-06
-2.585455592721362e-06
-2.053349153294942e-06
-2.5939039165171103e-06
-2.1160765409098997e-06
-2.605637961441683e-06
-2.176793928727449e-06
-2.6203997586771687e-06
-2.2357637226673097e-06
-2.6379576942864996e-06
-2.2932235274842824e-06
-2.658103923839912e-06
-2.3493887094484865e-06
-2.680652033204686e-06
-2.404454513771359e-06
-2.705434988860072e-06
-2.458598116556238e-06
-2.7323032213323747e-06
-2.511980376644629e-06
-2.7611229438774597e-06
-2.5647474731337744e-06
-2.7917746111838244e-06
-2.617032359214543e-06
-2.8241515475683435e-06
-2.668956077222812e-06
-2.8581586922942555e-06
-2.7206289445395166e-06
-2.8937114818271086e-06
-2.772151624290387e-06
-2.930734837198185e-06
-2.8236160943281114e-06
-2.969162251991158e-06
-2.87510651445313e-06
-3.0089349685248656e-06
-2.9267000149944486e-06
-3.050001236735235e-06
-2.978467405461555e-06
-3.092315647351793e-06
-3.030473815511894e-06
-3.135838527042401e-06
-3.082779270991874e-06
-3.1805353974044505e-06
-3.135439216646427e-06
-3.2263764839198037e-06
-3.1885049847645323e-06
-3.2733362762440814e-06
-3.242024221795502e-06
-3.3213931300445e-06
-3.296041269107601e-06
-3.3705289087642283e-06
-3.3505975103747827e-06
-3.4207286612744842e-06
-3.4057316833662106e-06
-3.4719803317187243e-06
-3.4614801624644083e-06
-3.5242744969394223e-06
-3.517877211398437e-06
-3.5776041304318477e-06
-3.5749552155346306e-06
-3.6319643921206113e-06
-3.6327448885706878e-06
-3.68735243520997e-06
-3.691275459961592e-06
-3.7437672350927403e-06
-3.750574844798237e-06
-3.8012094349132593e-06
-3.8106697980784976e-06
-3.859681206667712e-06
-3.871586052154848e-06
-3.919186124950671e-06
-3.9333484427641485e-06
-3.979729056036689e-06
-3.995981022945379e-06
-4.041316055993996e-06
-4.05950716537168e-06
-4.103954280462442e-06
-4.123949655397588e-06
-4.167651902798713e-06
-4.1893307760773965e-06
-4.232418042026827e-06
-4.255672384316037e-06
-4.298262696707383e-06
-4.322995980268965e-06
-4.36519668672858e-06
-4.391322770637243e-06
-4.433231600990667e-06
-4.4606737257292935e-06
-4.502379750550164e-06
-4.531069631894402e-06
-4.572654127080243e-06
-4.6025311388942945e-06
-4.644068365669271e-06
-4.675078803111096e-06
-4.71663671144902e-06
-4.748733127073774e-06
-4.790373990886091e-06
-4.823514595610933e-06
-4.865295585297004e-06
-4.8994437087391385e-06
-4.9414174078430705e-06
-4.9765410121803145e-06
-5.018755883875638e-06
-5.0548271249521235e-06
-5.097327932829013e-06
-5.134322765587175e-06
-5.1771509535848725e-06
-5.215048774997675e-06
-5.2582428093665015e-06
-5.297026138095933e-06
-5.34062181749278e-06
-5.380276004377603e-06
-5.42430673870889e-06
-5.464819707321172e-06
-5.509316770533094e-06
-5.550678780985195e-06
-5.5956715375394465e-06
-5.637874976173506e-06
-5.683391087742519e-06
-5.72643027662434e-06
-5.772495887035073e-06
-5.816366912338714e-06
-5.86300681567443e-06
-5.907707373463064e-06
-5.954945165533964e-06
-6.000474423459485e-06
-6.048332639113527e-06
-6.094691111051579e-06
-6.1431913474605665e-06
-6.1903807813615405e-06
-6.2395438103949414e-06
-6.287567087200118e-06
-6.33741295667171e-06
-6.386273999791324e-06
-6.436822125347011e-06
-6.486525819002209e-06
-6.537795066870937e-06
-6.5883471828573044e-06
-6.640355945183624e-06
-6.691763077359514e-06
-6.744529340275458e-06
-6.796798845330157e-06
-6.8503402507825496e-06
-6.9034801959771096e-06
-6.957814097964329e-06
-7.01183321338371e-06
-7.066976728673882e-06
-7.1218843653454695e-06
-7.177854420040662e-06
-7.233660512117843e-06
-7.29047388341346e-06
-7.347188914346036e-06
-7.404862269090079e-06
-7.462497241504696e-06
-7.52104717089547e-06
-7.57961358042352e-06
-7.639056632532383e-06
-7.698566443704015e-06
-7.758919151769896e-06
-7.819384777131036e-06
-7.88066368674447e-06
-7.942097968297333e-06
-8.004319661829233e-06
-8.066735854925198e-06
-8.129916973986254e-06
-8.193328732823075e-06
-8.257485998649167e-06
-8.321907363892623e-06
-8.387057596837198e-06
-8.452502984829656e-06
-8.518663121559808e-06
-8.585147314863372e-06
-8.65233442490669e-06
-8.719872564202244e-06
-8.78810386494993e-06
-8.856711442666658e-06
-8.926004313681982e-06
-8.99569716785138e-06
-9.066069163620792e-06
-9.136863473483228e-06
-9.208332336202988e-06
-9.280244618676382e-06
-9.352828289576129e-06
-9.425875395720104e-06
-9.499592025968178e-06
-9.573791139465921e-06
-9.648659100553527e-06
-9.724027735942548e-06
-9.800065629554764e-06
-9.876621631519668e-06
-9.953848298614233e-06
-1.0031609841848433e-05
-1.0110044371716665e-05
-1.018902996073579e-05
-1.0268691699839947e-05
-1.0348920170010016e-05
-1.042982872957538e-05
-1.0511319248797694e-05
-1.0593494512904595e-05
-1.0676266582151784e-05
-1.0759728715675337e-05
-1.0843802173120075e-05
-1.0928571630012667e-05
-1.101396665054662e-05
-1.1100064179260998e-05
-1.11868012789161e-05
-1.1274247930854342e-05
-1.1362347969141312e-05
-1.1451165105142173e-05
-1.1540649289576614e-05
-1.1630858587595737e-05
-1.1721748475052409e-05
-1.1813371935502149e-05
-1.1905689437706566e-05
-1.199874939176635e-05
-1.2092516778703548e-05
-1.2187035893943291e-05
-1.2282275798069185e-05
-1.2378277085592788e-05
-1.247501250595148e-05
-1.2572519326549755e-05
-1.2670773634086208e-05
-1.2769809705406347e-05
-1.2869606647079456e-05
-1.297019604949907e-05
-1.3071559753645694e-05
-1.3173726937748472e-05
-1.3276681919019434e-05
-1.338045171120987e-05
-1.3485022876002833e-05
-1.3590420485913894e-05
-1.369663313773343e-05
-1.380368416446128e-05
-1.3911564009595995e-05
-1.402029444888184e-05
-1.4129867602155198e-05
-1.424030385224786e-05
-1.4351596842785249e-05
-1.446376571208731e-05
-1.457680548976433e-05
-1.4690734203336403e-05
-1.480554814438026e-05
-1.492126435100223e-05
-1.5037880264769793e-05
-1.5155412043773436e-05
-1.527385817919058e-05
-1.5393234047748894e-05
-1.55135390996642e-05
-1.5634788019601442e-05
-1.5756981135562134e-05
-1.5880132521075077e-05
-1.6004243308539133e-05
-1.612932703314897e-05
-1.6255385565928752e-05
-1.638243196995775e-05
-1.651046879572529e-05
-1.6639508693924374e-05
-1.67695548413593e-05
-1.6900619530524786e-05
-1.7032706516709878e-05
-1.716582778320307e-05
-1.7299987621139003e-05
-1.7435197748945635e-05
-1.7571462955111826e-05
-1.7708794733649943e-05
-1.7847198335950616e-05
-1.7986685068192496e-05
-1.812726061391299e-05
-1.8268936124390457e-05
-1.8411717687958783e-05
-1.85556163312462e-05
-1.8700638522528654e-05
-1.884679519154617e-05
-1.89940931644295e-05
-1.914254329882917e-05
-1.929215275950477e-05
-1.9442932354570876e-05
-1.9594889569975356e-05
-1.9748035185236223e-05
-1.990237699187351e-05
-2.0057925760084668e-05
-2.0214689573220634e-05
-2.0372679209284655e-05
-2.0531903031670447e-05
-2.0692371842030038e-05
-2.0854094272987475e-05
-2.1017081164861066e-05
-2.1181341410078484e-05
-2.1346885900953502e-05
-2.151372378139324e-05
-2.1681866007913233e-05
-2.185132196979065e-05
-2.2022102698818864e-05
-2.2194217823249494e-05
-2.2367678461416955e-05
-2.254249447501081e-05
-2.271867707830306e-05
-2.2896236361107884e-05
-2.3075183644126387e-05
-2.3255529242915138e-05
-2.34372845918453e-05
-2.362046022860419e-05
-2.3805067709563413e-05
-2.399111779237829e-05
-2.4178622162989555e-05
-2.436759179692881e-05
-2.4558038516965053e-05
-2.4749973515321108e-05
-2.4943408758279105e-05
-2.5138355653212896e-05
-2.533482631630272e-05
-2.553283237015933e-05
-2.5732386086853884e-05
-2.59334993037829e-05
-2.613618445475264e-05
-2.6340453592453496e-05
-2.6546319317729647e-05
-2.6753793898731605e-05
-2.696289010912069e-05
-2.717362043336128e-05
-2.738599782302082e-05
-2.7600034979878172e-05
-2.781574503820934e-05
-2.8033140918712037e-05
-2.8252235943415684e-05
-2.8473043252976772e-05
-2.8695576361868248e-05
-2.8919848632851517e-05
-2.9145873777682756e-05
-2.9373665382842213e-05
-2.9603237361742465e-05
-2.9834603527032454e-05
-3.0067777998039847e-05
-3.0302774815736997e-05
-3.0539608310058575e-05
-3.0778292752850034e-05
-3.101884268920992e-05
-3.126127262417254e-05
-3.150559732199837e-05
-3.1751831523825274e-05
-3.199999021758339e-05
-3.225008838350467e-05
-3.2502141237356346e-05
-3.275616400144396e-05
-3.301217212374209e-05
-3.3270181071471305e-05
-3.353020652921334e-05
-3.379226421247643e-05
-3.405637004668283e-05
-3.432253999905823e-05
-3.459079024010207e-05
-3.486113699216451e-05
-3.513359667510691e-05
-3.54081857699892e-05
-3.568492095045561e-05
-3.5963818959827546e-05
-3.624489672992049e-05
-3.6528171270195265e-05
-3.681365977490904e-05
-3.7101379523447726e-05
-3.7391347977107085e-05
-3.768358268914578e-05
-3.797810139222072e-05
-3.827492191747482e-05
-3.857406227349483e-05
-3.887554057350673e-05
-3.9179375106566846e-05
-3.94855842721002e-05
-3.9794186644298655e-05
-4.0105200913097706e-05
-4.041864594243384e-05
-4.073454071727039e-05
-4.105290439595572e-05
-4.1373756262900975e-05
-4.169711577555325e-05
-4.202300252198048e-05
-4.2351436264165515e-05
-4.2682436898843976e-05
-4.301602449671742e-05
-4.335221926789158e-05
-4.3691041596948595e-05
-4.403251201209635e-05
-4.4376651216876075e-05
-4.472348006266663e-05
-4.507301957686321e-05
-4.5425290938806554e-05
-4.578031550502503e-05
-4.613811478829089e-05
-4.649871047928409e-05
-4.6862124429299166e-05
-4.722837866863721e-05
-4.75974953922741e-05
-4.796949697527178e-05
-4.8344405961235734e-05
-4.872224507603917e-05
-4.9103037218161164e-05
-4.9486805469015223e-05
-4.9873573087104764e-05
-5.026336351510424e-05
-5.065620037748347e-05
-5.105210748413639e-05
-5.1451108830697295e-05
-5.1853228600495175e-05
-5.225849116559118e-05
-5.2666921089319875e-05
-5.30785431251369e-05
-5.349338222318989e-05
-5.3911463523824784e-05
-5.433281237067093e-05
-5.475745429654266e-05
-5.5185415044507275e-05
-5.5616720546729464e-05
-5.6051396950187776e-05
-5.6489470596706576e-05
-5.693096803742488e-05
-5.7375916037147854e-05
-5.782434155192297e-05
-5.8276271777868394e-05
-5.873173408574376e-05
-5.919075610094548e-05
-5.965336563029021e-05
-6.011959071650143e-05
-6.0589459626480104e-05
-6.10630008124656e-05
-6.15402430222685e-05
-6.202121511068008e-05
-6.250594632564472e-05
-6.299446592520873e-05
-6.348680366155318e-05
-6.398298921740143e-05
-6.448305282592525e-05
-6.498702465479163e-05
-6.54949353401643e-05
-6.60068156670328e-05
-6.652269652651307e-05
-6.704260944789776e-05
-6.756658558305147e-05
-6.809465707007835e-05
-6.862685559875527e-05
-6.916321358472729e-05
-6.970376367636168e-05
-7.024853820049737e-05
-7.07975708686419e-05
-7.135089395775621e-05
-7.190854230461838e-05
-7.247054806599454e-05
-7.303694720949602e-05
-7.360777199600169e-05
-7.418305926846667e-05
-7.476284154723243e-05
-7.534715644292233e-05
-7.593603680181157e-05
-7.652952089225027e-05
-7.712764197052228e-05
-7.773043894856774e-05
-7.83379457436229e-05
-7.895020173671755e-05
-7.956724171633402e-05
-8.018910536353565e-05
-8.081582800590487e-05
-8.14474500509324e-05
-8.208400737821415e-05
-8.272554030839272e-05
-8.337208698652602e-05
-8.402368579792227e-05
-8.468037912123588e-05
-8.534220142431519e-05
-8.60092006508854e-05
-8.66814073486391e-05
-8.735887339367254e-05
-8.804162753245793e-05
-8.872972467646907e-05
-8.94231919144439e-05
-9.012208509550583e-05
-9.082643666952111e-05
-9.153629100075856e-05
-9.225170270341912e-05
-9.297268357627304e-05
-9.369933387307799e-05
-9.443162290232246e-05
-9.516966476301458e-05
-9.591347290264368e-05
-9.666305777505436e-05
-9.741857502711235e-05
-9.817987713031727e-05
-9.89472796468815e-05
-9.972050852024889e-05
-0.00010049996308504096
-0.00010128531400297033
-0.0001020770037669554
-0.00010287469305800354
-0.00010367875359453297
-0.00010448904397797939
-0.00010530559242062068
-0.00010612876204038954
-0.00010695787817169269
-0.0001077943069044324
-0.00010863599581348391
-0.00010948589119091565
-0.00011034143763107712
-0.00011120359741813995
-0.0001120744434715687
-0.00011294917524294623
-0.00011383440855037077
-0.00011472162665164543
-0.00011562029986976127
-0.0001165220912686532
-0.00011743480123436317
-0.00011835099830577803
-0.00011927846791862443
-0.00012021030961882617
-0.00012115093262384663
-0.00012209871900893676
-0.00012305340724016664
-0.0001240154945735452
-0.00012498463733691054
-0.00012596392343003967
-0.00012694714616867415
-0.0001279442626393756
-0.00012894490188370203
-0.00012995753221866496
-0.00013097271796693767
-0.0001320034633649613
-0.00013303476490227235
-0.0001340794021057691
-0.00013513019926940275
-0.00013619332951194567
-0.0001372563948778408
-0.00013834144890855778
-0.00013942197605151525
-0.00014052184766773714
-0.00014162284215977472
-0.00014274273744366083
-0.00014386149964409466
-0.00014500036813307475
-0.00014613720616666427
-0.00014729366145336002
-0.00014845497548028304
-0.00014961948315210893
-0.0001508189128274884
-0.0001519800537490828
-0.00015322743457696402
-0.0001543979799945425
-0.00015556716159365535
-0.00015698279625382108
-0.00015788212591423003
-0.00015944819245681862
-0.00016049934804969387
-0.00016190420050135016
-0.00016311323560810426
-0.00016446070922263337
-0.00016576238754169076
-0.00016696266314390664
-0.0001685771904431839
-0.0001694700324388266
-0.0001713546458517476
-0.00017195921511326822
-0.00017440199871991365
-0.00017421349852277096
-0.00017765987766080757
-0.00017652695675968196
-0.00018070851751565166
-0.00018081569361523927
-0.00016532556464533268
-0.00018783618517347048
-0.0001530258198023178
-0.00015584443934791103
-0.000161138538035146
-0.00015749327389105527
-0.00016158686223901686
-0.00016293925857141866
-0.00016650384720469578
-0.00015005058745086732
-0.00017174569973678428
-0.00015640215601073356
-0.0001559525988131783
-0.00014539190783532035
-0.00016230389222315282
-0.0001313497927213914
-0.00014963351398256713
-0.00014036023725472695
-0.00013452704301163322
-0.0001297332309700132
-0.0001241279798647838
-0.00011789372828153967
-0.00011258570436587987
-0.0001070382512941985
-9.882371911690811e-05
-0.00011522850442275369
-8.238193754506721e-05
-0.00011962000865587774
-0.00012235360977016048
-9.899582891671277e-05
-0.00015996801412637682
-0.00013542499154260923
-0.00018976438343851253
-0.0001400351873662809
-0.00019147897037600912
-0.00014346329646018724
-0.00022180909687928487
-0.00017797158284245642
-0.00021212623489338654
-0.0002205798059482108
-0.00020856509564417072
-0.00022190025082808703
-0.00021291114864722602
-0.00020597458665227582
-0.00019792088574995426
-0.00018989905984007665
-0.00020073073774292403
-0.0001763714915214553
-0.00018383632183004216
-0.0001864026962664033
-0.00018141935645721899
-0.00018830705414980335
-0.00023746326624792558
-0.00016603317007948148
-0.0002780745587788474
-0.00017195773295383075
-0.00027321938118783173
-0.00021810845159118595
-0.0002637064689032004
-0.0002603167622267584
-0.00026313351805584906
