-0.0008012987917160796
-0.0007823383256741008
-0.0007975789745168837
-0.0008071190603025262
-0.000816618729246154
-0.000818521913574241
-0.0008292736507480173
-0.000828120688331807
-0.0008360392827323901
-0.0008350706500770005
-0.0008433926713495544
-0.0008462659889011098
-0.0008492934372676105
-0.0008552343401643302
-0.0008577648085318001
-0.0008640421659030405
-0.0008699620319262955
-0.0008708459453092268
-0.000878215651208299
-0.000878631314089899
-0.0008854069231136752
-0.0008824893766336545
-0.0008942347397202499
-0.0008876826766486895
-0.0008974370738716106
-0.0008939990044903122
-0.0009025373980637613
-0.0009000875555261937
-0.0009106037453790153
-0.0009127474361672307
-0.000923373915974074
-0.0009262891805414269
-0.0009377898062478396
-0.0009401553401970044
-0.0009475992170431216
-0.0009549455570075218
-0.0009537790104317112
-0.0009627344211988913
-0.0009630459801828101
-0.0009656856331821478
-0.0009737364434287694
-0.0009686449542376991
-0.000972286651977981
-0.0009782912767650762
-0.0009798390940526794
-0.0009902326037619933
-0.0009937148120686854
-0.0010052810494675646
-0.0010070012573807298
-0.0010250515443537033
-0.0010200104454823663
-0.0010390962129669067
-0.0010384758207379328
-0.0010465046151957663
-0.001048404986850827
-0.001059102872005452
-0.0010568418208370507
-0.0010699739619443043
-0.0010721078680859934
-0.0010865420596985614
-0.001092008646285073
-0.0011092499417721903
-0.0011156974775585508
-0.0011363310066486235
-0.0011406256666345591
-0.0011543257480153457
-0.0011553305841890947
-0.0011678495902962627
-0.0011052106776679189
-0.0010441845754185562
-0.0010487104549094586
-0.0011042448436583583
-0.0011718474553129553
-0.0012296893951815047
-0.0012923523242241908
-0.0013226550774956248
-0.0013035381446008234
-0.0012704114973780389
-0.001330118281938874
-0.0013776664618632053
-0.0013651381796628858
-0.0013145853472046115
-0.0014171943440977656
-0.001511130225470422
-0.0014635279887818692
-0.0014563618291059113
-0.0012802035729358333
-0.0013389132521101077
-0.0013352469228060597
-0.001250341869773847
-0.0014486576256130233
-0.0014096481618442193
-0.0011166113582848289
-0.0012338054854716118
-0.0011729550034097439
-0.0012614798394703704
-0.0010217460128281147
-0.0014424044966096473
-0.0013453647458547115
-0.0019389544896178676
-0.0011083360858321605
-0.0028418528408275566
0.0060286877924380965
0.03203520383332829
0.04284866816278651
0.043263929360430886
0.03273857081817331
0.029451257588348462
0.02203113227848786
0.015894008959295214
0.013053623376748237
0.0050797746033169455
-0.010822070321267533
-0.023088593386646573
-0.02585321794403533
-0.021968457344032025
-0.013252661380218958
-0.006797396757439556
0.0020095785757413185
0.01198316978713052
0.021068195005773987
0.02714509436853882
0.026306829142502916
0.02302929259334906
0.01742456108358966
0.010714453422995197
0.0019518139512321358
-0.005776987861984172
-0.012754044382549942
-0.017900591201783743
-0.02144006526365125
-0.022725248015186682
-0.02094858773206584
-0.014957031005814194
-0.008131223860497274
-0.003177708871954792
-0.0026838071548431182
-0.002284854930262375
0.0009096993111859635
0.003949381033487305
0.005095568142081867
0.008267965178817154
0.011019067270793152
0.009253805204454445
0.002539081060596606
-0.0005947158379783098
0.0008035708042453056
0.002532849228983225
0.0011203485229915077
-0.0006979018704426227
-0.0004014929353399446
-0.00043848470419099783
-0.002136694191457373
-0.0031044413574130227
-0.0018626336685913878
-0.001214214205710904
-0.0026716045743589373
-0.004201567466383917
-0.003477975376006612
-0.0027077044194352222
-0.003217007622905855
-0.0029760456673846893
-0.0021518471010285186
-0.0015879468542568307
-0.0012930692849006916
-0.00022195582998935592
0.001087153562988954
0.0009274948884225409
0.00021467278366073738
0.0003510268771795399
0.0013469752242177572
0.0016982040147175714
0.0014804736935116573
0.001629484384274418
0.0011786507266735092
-0.0004792862621302563
-0.002540263740777861
-0.0027222263458339647
-0.0019248808212874134
-0.0016041202098643914
-0.0017610493967876923
-0.0015867457713352755
-0.0013540318935839895
-0.0014063423585486778
-0.000929722222363783
0.00029990758146733465
0.000918618034649798
0.0007387652518992184
0.00035933263015478433
0.0002259610205515506
0.0002343696006038953
7.534450706686747e-05
9.60451068154744e-05
5.547795556760845e-05
-0.00038276911814462324
-0.0007838101497420366
-0.0007733324019026628
-0.00047956003200994805
-0.0006179645882430213
-0.000934344128210307
-0.0007700804379025893
-0.00040167200104458467
-0.00042259267857305913
-0.00039085816094868743
0.0003839211171512081
0.0013438917993590384
0.0014948896239722629
0.0010263392820846324
0.0004917321931980536
0.0001833320662549792
-3.1061933858428934e-05
1.8701666688124638e-05
0.0003250801749972138
0.0003305545171016623
-0.0002488179083757285
-0.0009292523428162997
-0.0011224365278136729
-0.0009062728128144237
-0.000690219952847112
-0.00045422572573977453
-0.0002544881276066146
-0.00027472557248383873
-0.0004255672371187512
-0.00017430589286319574
0.0004453614115102469
0.0008204993119725323
0.0008739859637095118
0.0008029569113702622
0.0007709628179687856
0.0007638619448444308
0.0006102146041013331
0.0005743178608246986
0.0005820018841371118
0.0004662087520178697
0.00016837281218503493
1.3145027239206059e-05
1.2073390158923294e-05
-1.7751295750032415e-05
-0.00018309090417669853
-0.00034821853667441386
-0.0004517909195548539
-0.0005362110896971486
-0.0005773187585619078
-0.0003806928124793536
-0.00014908113710016482
-6.790760282565384e-05
-0.00015210618485269218
-0.0001477342482921634
0.00010936359971628224
0.0003663146609579863
0.00042407843987276765
0.00037462879079628854
0.0002531152379226367
0.00012235866733494992
7.449984155536395e-05
0.00019649141064891862
0.00027850708619823046
0.00027698621020415
0.0001267218331120005
-1.3268426359884446e-06
-4.652292998505794e-05
-0.00011695077304966052
-0.00020867396646990507
-0.0003181266321826187
-0.0004483651808033041
-0.0005929220131289521
-0.0005425655138786099
-0.000696754718802767
-0.000815585916334389
-0.0007333023310592317
-0.0004208300900498333
-0.0003181497107062717
-0.0004683648023848889
-0.0005464449068938778
-0.0004876096175035602
-0.00029123680817653725
-0.00015862078226816073
3.4053072089759435e-05
5.218255713985401e-05
7.482708755705681e-05
0.00020828384583955497
0.0003872811425250932
0.00042254767256346565
0.00025389882702179026
0.00017964141742901984
0.00017676286797426013
0.00019167083552868052
0.00012693533363248248
-2.5386643066863828e-05
-0.0001811375340986556
-0.00024234908331691654
-0.00013258447547465172
-1.350086976607305e-05
-1.4736098113167495e-06
-7.527596401159207e-05
-2.608474436544049e-05
0.00016741453110395433
0.00042621160922331244
0.0005946090799821941
0.0006886115018661346
0.0006821032610984378
0.0006564901319484557
0.0005917758960199288
0.00046736005581763035
0.0003077447750262939
0.00021795447556720188
0.00015486116464538015
6.367276896598419e-05
-8.552868122240195e-05
-0.00013493849247118376
-0.00016350156322348874
-0.00011260274735933683
-8.095791938421914e-05
-9.741477474282095e-05
-3.8170812287594374e-05
-6.468065917057301e-05
-9.267194745743746e-06
-3.4417108196082376e-05
4.8037249891214046e-06
-2.3100417991578584e-05
7.850206488578394e-06
-1.173495261881973e-05
1.5411400019033053e-05
-5.0955370326253376e-06
1.5483894729123013e-05
-5.873559114304466e-06
1.1706195523222788e-05
-9.379408101417222e-06
7.5806962084156305e-06
-1.0878362147465092e-05
6.063845527480523e-06
-1.243090155801659e-05
3.544697931107769e-06
-1.3478039405907826e-05
2.5290409753400125e-06
-1.344937893217569e-05
1.8413346003760367e-06
-1.3159733955929806e-05
1.3241050296575814e-06
-1.2386502894225584e-05
1.1140492753510689e-06
-1.1489624037628495e-05
7.29914263208366e-07
-1.0963798122329575e-05
2.922792575617804e-07
-1.0487767733627997e-05
-8.394408864285312e-08
-1.0133880437260606e-05
-4.82865636266504e-07
-9.871235509863077e-06
-9.104996909047527e-07
-9.669480940035056e-06
-1.3211906221255974e-06
-9.482555385005348e-06
-1.7236742989876555e-06
-9.32073487536645e-06
-2.1026034527194632e-06
-9.157876618489272e-06
-2.453534920442114e-06
-9.006167822397243e-06
-2.7875725030286798e-06
-8.871956442682571e-06
-3.1037476281488025e-06
-8.7491539199438e-06
-3.3993334889502805e-06
-8.642969962878357e-06
-3.682610271253748e-06
-8.55460242052541e-06
-3.952919719496842e-06
-8.48171652336003e-06
-4.2126712468042e-06
-8.423560489635414e-06
-4.463199997790154e-06
-8.37877116991034e-06
-4.7050869093659105e-06
-8.345764944604284e-06
-4.938869094575941e-06
-8.324170387301582e-06
-5.1653866863143796e-06
-8.313145344709385e-06
-5.3848569915565915e-06
-8.311965492910117e-06
-5.597830224272381e-06
-8.320182978133488e-06
-5.804984560708014e-06
-8.337344712647937e-06
-6.0068160388018765e-06
-8.362908874245435e-06
-6.203901312196516e-06
-8.396492975736546e-06
-6.396773894386384e-06
-8.437649133373384e-06
-6.5858973155320235e-06
-8.485991487495266e-06
-6.771722045685537e-06
-8.541173188127723e-06
-6.954655318133947e-06
-8.602861864125122e-06
-7.135054481756473e-06
-8.670755195166937e-06
-7.31326702570602e-06
-8.744583432929081e-06
-7.489613461034882e-06
-8.824091976796346e-06
-7.664394775409682e-06
-8.909047465947465e-06
-7.837896442986794e-06
-8.999237225522076e-06
-8.010387690445529e-06
-9.09446419039095e-06
-8.182120475791965e-06
-9.19454940130797e-06
-8.3533333533329e-06
-9.299329791442467e-06
-8.52424956977293e-06
-9.408656512854417e-06
-8.695079103431945e-06
-9.52239472116486e-06
-8.866019984112028e-06
-9.640422453450527e-06
-9.037258803920177e-06
-9.762629241434747e-06
-9.20897182739907e-06
-9.88891574372694e-06
-9.381325958976103e-06
-1.0019192765137186e-05
-9.554479329855481e-06
-1.0153380622789088e-05
-9.72858203351825e-06
-1.0291408579040338e-05
-9.903776763338454e-06
-1.0433214253658448e-05
-1.0080199309584446e-05
-1.0578743062678031e-05
-1.0257979138285703e-05
-1.0727947761342803e-05
-1.043723988782214e-05
-1.0880787944595426e-05
-1.0618099829637286e-05
-1.1037229611363542e-05
-1.0800672316475975e-05
-1.1197244765479702e-05
-1.0985066195784779e-05
-1.136081103407776e-05
-1.1171386183398552e-05
-1.1527911322791427e-05
-1.1359733223035738e-05
-1.1698533498675449e-05
-1.1550204812097806e-05
-1.1872670093394006e-05
-1.174289530683885e-05
-1.2050318030968363e-05
-1.1937896207413624e-05
-1.2231478376072166e-05
-1.213529642318452e-05
-1.2416156099414737e-05
-1.233518251973626e-05
-1.2604359861727158e-05
-1.2537638950413973e-05
-1.2796101813705772e-05
-1.2742748271534952e-05
-1.2991397411089481e-05
-1.2950591343619162e-05
-1.319026524418507e-05
-1.3161247519161178e-05
-1.3392726880864239e-05
-1.3374794818054957e-05
-1.3598806721440491e-05
-1.359131009123104e-05
-1.3808531865460745e-05
-1.3810869173951133e-05
-1.4021931988867666e-05
-1.4033547029141215e-05
-1.4239039231123921e-05
-1.4259417881451637e-05
-1.4459888091507674e-05
-1.4488555343313776e-05
-1.4684515334150689e-05
-1.4721032532686692e-05
-1.4912959900615735e-05
-1.4956922183693155e-05
-1.5145262830181886e-05
-1.5196296750603496e-05
-1.5381467187036094e-05
-1.5439228505688572e-05
-1.562161799384296e-05
-1.5685789630973607e-05
-1.586576217104054e-05
-1.593605230486971e-05
-1.611394848231038e-05
-1.619008878422283e-05
-1.636622748483537e-05
-1.644797148114042e-05
-1.6622651484304767e-05
-1.6709773035936376e-05
-1.688327449465756e-05
-1.6975566386365467e-05
-1.7148152202191184e-05
-1.7245424832944372e-05
-1.7417341933121722e-05
-1.7519422101174603e-05
-1.769090262538771e-05
-1.779763240062375e-05
-1.796889480339894e-05
-1.808013048121667e-05
-1.825138055640762e-05
-1.8366991687002583e-05
-1.8538423519616395e-05
-1.8658292007408796e-05
-1.8830088858170287e-05
-1.8954108126373843e-05
-1.9126443253763954e-05
-1.925451746942079e-05
-1.942755489383794e-05
-1.9559598249123682e-05
-1.9733493463004856e-05
-1.9869429508537944e-05
-2.0044330136591987e-05
-2.018409116328891e-05
-2.0360137576312133e-05
-2.050366404226752e-05
-2.068098992797496e-05
-2.0828229927139636e-05
-2.100696282081294e-05
-2.1157871590316414e-05
-2.133813336845287e-05
-2.149267283220723e-05
-2.1674580171779606e-05
-2.183271851747946e-05
-2.2016383323189082e-05
-2.2178094610376747e-05
-2.236362441212738e-05
-2.2528888209256807e-05
-2.2716386532282517e-05
-2.28851875805765e-05
-2.3074754289903964e-05
-2.3247082192179714e-05
-2.343881381341561e-05
-2.3614662746048126e-05
-2.3808652764131864e-05
-2.3988021210581266e-05
-2.4184360348177524e-05
-2.4367250852475205e-05
-2.4566027329326798e-05
-2.4752446268247104e-05
-2.4953746043173002e-05
-2.5143703415611674e-05
-2.5347610411906134e-05
-2.5541119644276804e-05
-2.5747715960206976e-05
-2.5944793726852813e-05
-2.6154159832131858e-05
-2.6354825889656237e-05
-2.6567040808834087e-05
-2.67713178431539e-05
-2.6986459326944144e-05
-2.719437281249039e-05
-2.7412517498038536e-05
-2.7624095568036685e-05
-2.784531912864731e-05
-2.8060592455801634e-05
-2.8284969741288974e-05
-2.8503971428080908e-05
-2.873157659595961e-05
-2.89543420740009e-05
-2.9185248712610144e-05
-2.9411815650257032e-05
-2.9646096894319222e-05
-2.987650511209009e-05
-3.0114233750780915e-05
-3.03485251439078e-05
-3.0589773723118616e-05
-3.082799219127332e-05
-3.107283310905081e-05
-3.131502449175675e-05
-3.1563530088546255e-05
-3.180974210674065e-05
-3.206198475031523e-05
-3.231226695340923e-05
-3.25683191191878e-05
-3.282272283700033e-05
-3.3082657183493e-05
-3.334123548302425e-05
-3.360512492367259e-05
-3.386793257041586e-05
-3.413585034141807e-05
-3.440294376460417e-05
-3.4674963489298436e-05
-3.494640075115199e-05
-3.522259650113395e-05
-3.5498437269564813e-05
-3.5778883622845665e-05
-3.6059189147659356e-05
-3.634396124411256e-05
-3.662879433613669e-05
-3.691796793038398e-05
-3.7207392943832405e-05
-3.75010444559047e-05
-3.7795127273253703e-05
-3.8093333837020476e-05
-3.8392141856540614e-05
-3.869498136628086e-05
-3.8998583492132156e-05
-3.9306134647361504e-05
-3.9614601281740303e-05
-3.992694363020128e-05
-4.024034666772967e-05
-4.055756064702567e-05
-4.087597347101935e-05
-4.1198140448980294e-05
-4.152163792997212e-05
-4.184884024361371e-05
-4.217749873908509e-05
-4.250981973243084e-05
-4.28437170887537e-05
-4.318124114985333e-05
-4.352045670545819e-05
-4.386326930230777e-05
-4.420788389261632e-05
-4.4556071608315914e-05
-4.490616757182094e-05
-4.525981813891921e-05
-4.56154793248534e-05
-4.5974681659167755e-05
-4.633599343622629e-05
-4.6700837669971795e-05
-4.706788693648219e-05
-4.7438464450930314e-05
-4.781133964597067e-05
-4.818774310366095e-05
-4.856653421942802e-05
-4.894885759600424e-05
-4.933365619111136e-05
-4.972199480681935e-05
-5.0112894020763396e-05
-5.050734457166025e-05
-5.090443914008459e-05
-5.130509972910754e-05
-5.1708486000106614e-05
-5.211545616780637e-05
-5.25252321190604e-05
-5.2938612874439336e-05
-5.3354878131378625e-05
-5.37747719823985e-05
-5.419762783686298e-05
-5.4624138821030704e-05
-5.505368825108503e-05
-5.548692196605579e-05
-5.592326965642147e-05
-5.63633332905825e-05
-5.680658565389155e-05
-5.725358801693598e-05
-5.7703853215665315e-05
-5.815790476946213e-05
-5.8615292738646834e-05
-5.907650562794265e-05
-5.954112809860993e-05
-6.000961618218797e-05
-6.048158670549317e-05
-6.0957465587194604e-05
-6.143689955912483e-05
-6.192028661933162e-05
-6.240730130612508e-05
-6.289831573318525e-05
-6.339303029771553e-05
-6.389179312017766e-05
-6.439432864863533e-05
-6.490096276681704e-05
-6.541144229596973e-05
-6.592607251476492e-05
-6.644462106020221e-05
-6.69673741216652e-05
-6.749411870659227e-05
-6.802512332296999e-05
-6.856019300731202e-05
-6.909957989435181e-05
-6.964310580504125e-05
-7.019100771594228e-05
-7.074312307733588e-05
-7.129967483668473e-05
-7.18605150018827e-05
-7.242585354037129e-05
-7.299555602317885e-05
-7.356982041236944e-05
-7.414852491958827e-05
-7.473185640734562e-05
-7.531970487202329e-05
-7.591224691838401e-05
-7.650938353363312e-05
-7.711128184707686e-05
-7.771785310031493e-05
-7.832925567450156e-05
-7.894541038269871e-05
-7.95664675338158e-05
-8.019235687899812e-05
-8.082322128345884e-05
-8.14589988491763e-05
-8.209982558193916e-05
-8.274564739004626e-05
-8.339659396331832e-05
-8.405261851175303e-05
-8.471384491450602e-05
-8.538023321541737e-05
-8.60519019531797e-05
-8.672881757203857e-05
-8.741109370745787e-05
-8.809870280244657e-05
-8.879175399632556e-05
-8.949022535890605e-05
-9.019422191198625e-05
-9.090372700759079e-05
-9.161884190269539e-05
-9.233955491261657e-05
-9.306596385774669e-05
-9.379806172135985e-05
-9.453594319306266e-05
-9.527960565099083e-05
-9.602914093874502e-05
-9.678455057652734e-05
-9.754592382744248e-05
-9.831326612015227e-05
-9.908666438466842e-05
-9.986612774205993e-05
-0.0001006517410200731
-0.00010144351683270447
-0.00010224153812058384
-0.00010304582080638454
-0.00010385644614459858
-0.00010467343319650992
-0.00010549686171801946
-0.0001063267537521856
-0.00010716318773159042
-0.00010800618853651258
-0.00010885583343991928
-0.00010971215002616739
-0.00011057521456182823
-0.00011144505721282476
-0.00011232175338261543
-0.00011320533570602975
-0.00011409587885763091
-0.00011499341783772997
-0.00011589802671770297
-0.00011680974276845549
-0.00011772863957616405
-0.00011865475659530906
-0.00011958816703748726
-0.00012052891246128815
-0.00012147706580772775
-0.0001224326706668592
-0.0001233957998068104
-0.00012436649878283534
-0.00012534484028218834
-0.00012633087176516553
-0.00012732466592487907
-0.00012832627207190578
-0.00012933576298689822
-0.0001303531897813158
-0.0001313786254005784
-0.00013241212271234833
-0.00013345375489991242
-0.0001345035765470979
-0.0001355616611441078
-0.00013662806495494108
-0.00013770286184226348
-0.00013878610971843747
-0.00013987788288084444
-0.00014097824086186798
-0.00014208725845279627
-0.0001432049967812048
-0.00014433153118865614
-0.00014546692437627433
-0.00014661125228974757
-0.00014776457918518884
-0.0001489269816638064
-0.00015009852552083945
-0.00015127928806226345
-0.0001524693366092934
-0.00015366874921998697
-0.00015487759473084743
-0.00015609595199736996
-0.00015732389136293573
-0.0001585614925241971
-0.0001598088273252614
-0.00016106597634614936
-0.00016233301292751054
-0.00016361001857355747
-0.00016489706811924378
-0.0001661942440324722
-0.00016750162264208608
-0.00016881928741800553
-0.00017014731618433733
-0.00017148579345038358
-0.00017283479853836558
-0.0001741944170332639
-0.00017556472975984686
-0.0001769458234144078
-0.00017833778033014432
-0.0001797406883493425
-0.00018115463132090145
-0.00018257969826713632
-0.0001840159745613121
-0.00018546355043909163
-0.0001869225128079484
-0.00018839295314988238
-0.0001898749599174953
-0.00019136862587175793
-0.0001928740410220823
-0.0001943912994409458
-0.0001959204927075038
-0.0001974617162375131
-0.00019901506319416676
-0.00020058063036755075
-0.0002021585125206847
-0.00020374880784861484
-0.00020535161273053682
-0.00020696702679765097
-0.00020859514806189944
-0.00021023607762223046
-0.00021188991514061142
-0.00021355676321475133
-0.0002152367231757333
-0.00021692989914988842
-0.0002186363941583444
-0.0002203563138852581
-0.00022208976306364522
-0.00022383684896487961
-0.00022559767805634714
-0.00022737235922631736
-0.00022916100069858726
-0.00023096371301105535
-0.00023278060616229994
-0.00023461179237769595
-0.00023645738344521214
-0.0002383174933181437
-0.00024019223559087729
-0.00024208172597645517
-0.00024398607990936273
-0.0002459054148777162
-0.0002478398481989994
-0.000249789499156457
-0.0002517544869773139
-0.00025373493278439614
-0.0002557309577194927
-0.00025774268480024097
-0.00025977023710080355
-0.0002618137395534213
-0.00026387331721327916
-0.00026594909689614586
-0.0002680412057816148
-0.00027014977248175534
-0.00027227492639789305
-0.00027441679797090895
-0.0002765755187693668
-0.00027875122127545026
-0.00028094403897412003
-0.00028315410688552363
-0.0002853815599289909
-0.0002876265359361091
-0.00028988917148510074
-0.0002921696066752221
-0.0002944679805646013
-0.00029678443475426885
-0.0002991191113236585
-0.000301472153411221
-0.00030384370531514856
-0.00030623391337053236
-0.0003086429223958646
-0.00031107088296595067
-0.00031351794086580424
-0.00031598424902713057
-0.00031846995723185806
-0.0003209752174647886
-0.00032350018659783484
-0.00032604501354047653
-0.0003286098628903307
-0.0003311948813737478
-0.0003338002393523361
-0.0003364260839375455
-0.0003390725882625929
-0.0003417399041636825
-0.00034442820134352944
-0.0003471376442779053
-0.0003498683911771056
-0.0003526206257338418
-0.0003553944924251451
-0.0003581901871832979
-0.000361007858279606
-0.00036384769457239725
-0.0003667098581600196
-0.0003695945341992391
-0.00037250188377113886
-0.0003754321090851476
-0.0003783853535130852
-0.00038136183817534953
-0.0003843617187903282
-0.00038738515907766545
-0.0003904324359850159
-0.0003935035571786469
-0.0003965989653645398
-0.0003997185476340339
-0.00040286279590373564
-0.00040603164940501875
-0.0004092254563446982
-0.00041244439087480007
-0.0004156884575911887
-0.00041895861626960814
-0.00042225396925405325
-0.0004255758453025841
-0.0004289237200258804
-0.0004322981576325947
-0.0004356996146371644
-0.00043912778934680936
-0.0004425834198671095
-0.00044606674296250945
-0.00044957618690130154
-0.00045311630032968554
-0.0004566811949953844
-0.0004602772771348497
-0.0004639007061511087
-0.0004675518265645834
-0.00047123586432405826
-0.0004749433607670324
-0.0004786885872592457
-0.0004824553947110282
-0.0004862613041462002
-0.0004900900263526838
-0.000493956695084188
-0.0004978488654061634
-0.0005017764337789834
-0.0005057350538841842
-0.0005097219812849987
-0.0005137487549138841
-0.0005177974940172938
-0.0005218916823145816
-0.0005260065327920126
-0.0005301671408211722
-0.0005343526755381932
-0.000538579272966494
-0.0005428367536112338
-0.0005471331135729757
-0.0005514610944026901
-0.000555831260824249
-0.0005602306341194905
-0.0005646695723007717
-0.000569173921440594
-0.0005736432515503504
-0.000578260909877587
-0.0005827993203436181
-0.0005874763512648071
-0.0005921453306268333
-0.0005968406495707305
-0.0006016487363760935
-0.0006063697424944746
-0.0006113060586491401
-0.0006160727715613084
-0.0006211184915875557
-0.0006259515113817213
-0.0006310795823311587
-0.0006360042718301487
-0.0006411988241884783
-0.0006462179919730731
-0.0006515256681755532
-0.0006565151160034807
-0.0006624952422311083
-0.0006621643823313412
-0.0006695948647840953
-0.0006724113554469808
-0.0006727702029302959
-0.0006798223118999463
-0.0006740102232048684
-0.0006820012064241495
-0.0006779085145084077
-0.0006854786569344931
-0.0006823647892064037
-0.0006875324280736765
-0.000687480640783539
-0.0006895349900717163
-0.000692830604280539
-0.0006942439897139585
-0.0007003300226321189
-0.000699420851193468
-0.000703896760677159
-0.0007056561853691398
-0.0007064230833489323
-0.0007119456069984442
-0.0007110077449348217
-0.0007202270857720667
-0.0007181363735744552
-0.0007262999847317588
-0.000731216011942603
-0.0007316439489429051
-0.0007381339714997816
-0.000738214871935701
-0.0007432028279761687
-0.0007403310327548559
-0.0007464168406886204
-0.0007418903459662979
-0.000749253569191685
-0.0007413525738055249
-0.0007503331326575604
-0.0007404391330092866
-0.0007558976598015048
-0.0007436806024080286
-0.0007597065774768947
-0.0007511744588244973
-0.0007630712825354956
-0.0007591184009242317
-0.000769183433723903
-0.000764193857884881
-0.0007762439669046637
-0.0007706362256953482
-0.0007832645237819016
-0.0007774713456502153
-0.0007905802132193411
-0.0007841359715083376
-0.0007952183670127098
-0.0007958970932376707
-0.0008010452656939659
-0.0008036901889657204
-0.000806106033151298
-0.0008083333313794408
-0.0008113544827266623
-0.0008098742244910351
-0.0008156944371610429
0.0006275409595681405
0.0009106696805774982
0.0006496409711134942
0.000982624091904628
0.0006745932500889875
0.0010582807376152774
0.0007050670804485808
0.0010652281463358923
0.0007397004936364173
0.000994862713218022
0.0006979976034571728
0.0010193196177498201
0.0006915063754275041
0.0010487705204429948
0.000725892387166416
0.0011035420436656574
0.000742079562163306
0.0011778130214576395
0.0008236179702722795
0.0010129776205200457
0.0008611046201528478
0.0008129405984753073
0.0008574565416368144
0.0007941346617195469
0.0008003679819888919
0.000823914945966816
0.0007848618037489415
0.0008370783477316151
0.0008479090743456629
0.0007575703925843617
0.0009933940744845501
0.000868052968930028
0.0011010044698627499
0.000893708466856569
0.0010404570487717352
0.0008425368429597095
0.0010554481860651694
0.000748932261843178
0.0010989607307744806
0.0008267386354061848
0.0009359228955855129
0.0008295666923199203
0.0010241647738645561
0.0007474180155131519
0.0012754778911782745
0.00032193363447351615
0.001861276086177195
-0.0005180637776447186
-0.0006887625971844779
0.0009741750498003991
-0.0007627713814106527
0.00278224545248122
-0.000589211655250461
0.003561778211859918
-0.00031519920391439313
0.002431426052452864
-0.00044535757032148943
0.0020559121134933744
-0.0009605901621942663
0.004069555134802684
-0.0018606859052580802
0.007270642505023851
-0.00630938982929161
0.012464220064831215
-0.014834777943496111
0.026247233607212338
-0.04327156168053056
0.09278439548084018
0.7329083831683185
0.34948641436361555
0.23668469629243324
-0.13863078766558173
-0.12578491518093432
-0.21111158121536422
-0.24439954959938226
-0.05271279434907018
-0.03990845705677078
0.10737950095062418
0.10012447476055225
-0.22219843063226585
-0.1795415729325658
-0.22030927570255426
-0.061825503782517346
-0.031030358362981167
0.018248959438930352
-0.018310379298882642
0.021735591604109754
0.0382379108734276
0.06261972826913872
0.07054068965314961
0.08289772342844963
0.09085743924934431
0.0689457020673514
0.007786300502129577
-0.028855634834066037
-0.034035726833387445
-0.009730713747655866
0.036823606439326154
0.02489647941978214
0.027842363811130748
-0.010611797973024365
-0.021654792081231316
-0.026298845701086378
-0.020215873813114186
0.010346021405614896
0.01020266736775819
-0.004907601176238112
-0.04344887030647615
-0.054245350416147475
-0.0771198152355969
-0.05084046599845298
0.0016354947785014958
0.05298166175541141
0.0070048570504844905
-0.04151265986054694
-0.03154572902699747
0.020953370850241383
0.030672925039282303
0.0270308693646389
0.03385330657138749
0.024507282964520382
-0.008131228698026946
-0.034234797488070394
-0.016250897274893154
0.012210420308198185
0.01369536396140842
0.015422991575743804
-0.0006588611477583866
-0.006540585110276243
-0.02401331580135816
-0.014832984812167042
-0.003477113020584889
0.007828787516551345
0.0034183737361610208
0.00033309094613156
-0.005067060332762957
-0.006115394131036873
-0.008518890127476263
-0.007243053834266406
-0.0019021529885486536
0.012066151250088069
0.015738294270148407
0.006804872444967447
-0.011270547909431744
-0.011311163261337836
-0.003667881884793207
0.006810722734598847
0.0059053830835679695
0.006115671983846558
0.0006672438674870413
-0.007029524376929408
-0.015693629692712863
-0.007071485294500409
0.006749686814552154
0.015573060514237675
0.008689755743313102
-0.0011544524042423582
-0.008365397501212842
-0.007040845179853593
-0.0021339331317730627
0.007333503957221613
0.01120964707767223
0.00778267033442819
-0.0033486590468327047
-0.00785954520565893
-0.005672813899773639
0.0012393961046367424
0.003834842056399812
0.004462061691154726
0.003105625271243866
0.0007483017031346699
-0.003917468828385735
-0.005325591734117747
-0.0027240348054485353
0.0018275172063620289
0.002107068434714268
0.0010960376725838894
-0.0008791510344933915
-0.001028827365602429
-0.002494950660300712
-0.0030687046806358144
-0.0014439723317552415
0.0028202095038569715
0.003924445618887207
0.002783696576972126
-0.0009569094699534269
-0.0025982282970800977
-0.003286949822781283
-0.0013931033741776725
0.0003198621006999863
0.0022285685680336876
0.00024735500117745054
-0.0025199996738129444
-0.005353420476565876
-0.0033030702376063976
-0.0008829960448021486
0.0019309372392813176
0.001637637757280156
0.0013361218915757273
-0.0011111219572011635
-0.0016781948720855774
-0.001514742715799277
0.0012220169801978025
0.0029846015638462955
0.002831845304902461
0.00043156028476715267
-0.0008256608889071352
-0.0013541186292434556
-0.0002438487810249388
-0.00023034754209727906
0.0011435567225572332
0.0007435689086094518
0.00023712150709131032
-0.0008098513429142624
-0.0010631777257838523
-0.0007170050009846786
-0.00026689514049890034
0.00017632148599457586
0.0006092178486092315
0.0007049087513584379
0.0005958251834312259
-0.0001441579657861003
0.0006545316517225233
-0.0004984016015710129
0.0003841071705761181
-0.00054527083167147
0.0003563329705965098
-0.00038156806699149676
0.00036958218514019487
-0.0003080530139205306
0.0003004194790669388
-0.00031815334470296
0.0002312646917779078
-0.00029648596143778364
0.0002441729077220793
-0.0002530799613903252
0.00023698026342276838
-0.00022927652043382474
0.00023043980667703678
-0.0002229690094968825
0.00021595076812547237
-0.000211055632674922
0.00020585563949634093
-0.0002001866426242446
0.00019521236681118126
-0.00018499122291636637
0.00018384571955761588
-0.0001733010402663674
0.00016730206659885816
-0.00016145417260452898
0.0001528634909072836
-0.00014919894634207942
0.0001415034160818903
-0.00013754919476276277
0.00013107144397244818
-0.00012801596976651534
0.00012173903072314673
-0.0001191059588006426
0.00011316650726013195
-0.00011099627025523478
0.00010532371349165426
-0.00010320716269954797
9.800151127325725e-05
-9.593821732026958e-05
9.110291653917325e-05
-8.919237627960565e-05
8.448985140077463e-05
-8.290785574652498e-05
7.83709136537975e-05
-7.699529863236911e-05
7.266857971453757e-05
-7.15180444774313e-05
6.736770473126947e-05
-6.645936217099485e-05
6.245243790968557e-05
-6.177405145694505e-05
5.791324361750078e-05
-5.744016204625339e-05
5.3705690688150474e-05
-5.341526764263225e-05
4.980703955261099e-05
-4.967906384396176e-05
4.617947340554104e-05
-4.620864916263267e-05
4.280585034406722e-05
-4.298363090276652e-05
3.967033619780723e-05
-3.998605006089569e-05
3.675594143889011e-05
-3.7204207844413546e-05
3.404736911707857e-05
-3.462233398330051e-05
3.1531445648256314e-05
-3.222709982917196e-05
2.919469637773532e-05
-3.00049954385317e-05
2.7024279760311912e-05
-2.7943566775505956e-05
2.500824781066969e-05
-2.603106003728044e-05
2.3135007175201637e-05
-2.425675439467577e-05
2.139433066149274e-05
-2.261044945024734e-05
1.977662350838559e-05
-2.1083061324150627e-05
1.8273046813185733e-05
-1.966617198965029e-05
1.687544533165643e-05
-1.8351946313689147e-05
1.5576311150320347e-05
-1.7133125476012088e-05
1.43685944718502e-05
-1.6002938994531137e-05
1.324576942701995e-05
-1.4955078355569234e-05
1.2201733577995414e-05
-1.398367871954158e-05
1.123082117621783e-05
-1.3083287835074673e-05
1.0327771993861928e-05
-1.2248837759568825e-05
9.487703782630127e-06
-1.147563682689888e-05
8.706082549055083e-06
-1.075932839248589e-05
7.978705606119171e-06
-1.0095871550539967e-05
7.301670698203928e-06
-9.481515749032443e-06
6.6713544504600625e-06
-8.91277929122988e-06
6.0843921599958335e-06
-8.386428442946035e-06
5.537657781194867e-06
-7.899460965287222e-06
5.028247869945726e-06
-7.4490884428152215e-06
4.553465798794523e-06
-7.032722235785849e-06
4.110807117962945e-06
-6.647959268506675e-06
3.6979460191583977e-06
-6.2925688251898315e-06
3.312722839821959e-06
-5.96448027677084e-06
2.9531319026498103e-06
-5.661771659493803e-06
2.6173105843415624e-06
-5.382658913592373e-06
2.303528970225852e-06
-5.1254860153537515e-06
2.0101803063353896e-06
-4.888715817102842e-06
1.7357721916744229e-06
-4.670921506109288e-06
1.4789184030862892e-06
-4.470778767014542e-06
1.238331288044717e-06
-4.2870584603756e-06
1.012814739582979e-06
-4.118619847596431e-06
8.012576394162113e-07
-3.964404272522107e-06
6.026277891281288e-07
-3.82342931104767e-06
4.1596625009396315e-07
-3.6947833260362467e-06
2.4038209655392537e-07
-3.577620412891088e-06
7.504754484001508e-08
-3.471155703734744e-06
-8.080657317572053e-08
-3.374661014339834e-06
-2.2789501162925885e-07
-3.287460799899578e-06
-3.668820103043275e-07
-3.2089284010554018e-06
-4.983849117396692e-07
-3.1384825551682106e-06
-6.22977523980525e-07
-3.075584165588034e-06
-7.411932455345495e-07
-3.01973329488226e-06
-8.535279601080189e-07
-2.9704663745584725e-06
-9.604427287095325e-07
-2.9273536136533405e-06
-1.0623662914681017e-06
-2.8899965976408436e-06
-1.159697388455937e-06
-2.858026052655156e-06
-1.2528069131319958e-06
-2.831099770737259e-06
-1.3420399128469956e-06
-2.808900688215611e-06
-1.4277174523714097e-06
-2.7911350990320397e-06
-1.5101383324710518e-06
-2.7775309917872464e-06
-1.589580698239685e-06
-2.767836514718479e-06
-1.6663035238594689e-06
-2.7618185431863528e-06
-1.740547996569421e-06
-2.759261350763451e-06
-1.81253879617772e-06
-2.759965379575506e-06
-1.8824852923025794e-06
-2.763746095713667e-06
-1.950582645895635e-06
-2.7704329248743643e-06
-2.0170128398774812e-06
-2.7798682688128136e-06
-2.0819456318162555e-06
-2.7919065883704906e-06
-2.1455394428973075e-06
-2.8064135566066573e-06
-2.2079421785371756e-06
-2.8232652651430726e-06
-2.2692919936896996e-06
-2.8423474962915862e-06
-2.3297180029224415e-06
-2.8635550411264254e-06
-2.389340940907661e-06
-2.8867910718791308e-06
-2.448273775286676e-06
-2.911966551655959e-06
-2.5066222722053277e-06
-2.938999694022948e-06
-2.56448552952461e-06
-2.9678154582172688e-06
-2.621956464526898e-06
-2.9983450824363003e-06
-2.6791222714431934e-06
-3.030525645148288e-06
-2.736064844486262e-06
-3.06429966649268e-06
-2.7928611717239343e-06
-3.099614731636585e-06
-2.8495837026444593e-06
-3.1364231466248817e-06
-2.9063006846685724e-06
-3.1746816122509014e-06
-2.963076480512819e-06
-3.2143509283138333e-06
-3.019971861478385e-06
-3.2553957133167914e-06
-3.0770442808699706e-06
-3.2977841539303526e-06
-3.1343481290881797e-06
-3.3414877593680725e-06
-3.1919349630926686e-06
-3.386481142370057e-06
-3.2498537320749254e-06
-3.432741816085383e-06
-3.308150976731594e-06
-3.48025000293517e-06
-3.366871022390805e-06
-3.5289884574608854e-06
-3.426056150418466e-06
-3.5789423031319656e-06
-3.4857467662297026e-06
-3.6300988821430513e-06
-3.5459815503693926e-06
-3.6824476142838236e-06
-3.6067975983967993e-06
-3.7359798653732387e-06
-3.6682305539215143e-06
-3.7906888295915e-06
-3.730314733143593e-06
-3.8465694167238995e-06
-3.793083236582756e-06
-3.903618149361104e-06
-3.856568057656468e-06
-3.9618330656271405e-06
-3.920800177935335e-06
-4.021213631661075e-06
-3.98580966468054e-06
-4.081760662064116e-06
-4.05162575353401e-06
-4.143476241631869e-06
-4.118276929688982e-06
-4.206363655692941e-06
-4.185791002188935e-06
-4.270427326092438e-06
-4.254195174625624e-06
-4.335672753000828e-06
-4.323516109713376e-06
-4.402106457514776e-06
-4.393779989943236e-06
-4.4697359319796365e-06
-4.465012574784278e-06
-4.538569593682932e-06
-4.53723925455268e-06
-4.6086167407483404e-06
-4.610485098150463e-06
-4.679887514270531e-06
-4.6847749013523385e-06
-4.75239286001634e-06
-4.76013322908309e-06
-4.826144495811025e-06
-4.836584457813912e-06
-4.9011548816108724e-06
-4.914152812373582e-06
-4.977437190410369e-06
-4.99286240312421e-06
-5.055005282763605e-06
-5.072737257501422e-06
-5.133873683418411e-06
-5.153801355136907e-06
-5.214057560387359e-06
-5.236078654700309e-06
-5.29557270589464e-06
-5.31959312393554e-06
-5.378435516212397e-06
-5.404368765169528e-06
-5.462662979119435e-06
-5.4904296411419215e-06
-5.548272657664318e-06
-5.577799898595268e-06
-5.63528267834984e-06
-5.666503791116988e-06
-5.723711717687185e-06
-5.756565698178612e-06
-5.813578993703154e-06
-5.848010150395202e-06
-5.9049042567082925e-06
-5.940861842787526e-06
-5.997707781883873e-06
-6.0351456567842065e-06
-6.092010360321835e-06
-6.130886678799147e-06
-6.187833293979283e-06
-6.2281102112471875e-06
-6.285198389748611e-06
-6.326841798283064e-06
-6.384127961770857e-06
-6.4271072319176115e-06
-6.484644820109269e-06
-6.528932570800533e-06
-6.586772270751465e-06
-6.632344153299731e-06
-6.690534111602065e-06
-6.737368614158091e-06
-6.795954638585445e-06
-6.844032897371504e-06
-6.903058637276456e-06
-6.9523642634693064e-06
-7.011871385179634e-06
-7.062390308284507e-06
-7.12241865422254e-06
-7.1741389732612126e-06
-7.2347267108882894e-06
-7.287638557823995e-06
-7.348822316314554e-06
-7.402917728831481e-06
-7.464732729373644e-06
-7.520005534792577e-06
-7.58248570955267e-06
-7.638931416288698e-06
-7.702109520307416e-06
-7.759725215570869e-06
-7.823632930579918e-06
-7.882417187980544e-06
-7.947085219405653e-06
-8.00703801380717e-06
-8.072496180737366e-06
-8.133618808153358e-06
-8.199896127509838e-06
-8.262191131163762e-06
-8.329315895284927e-06
-8.392786997308329e-06
-8.460786848162863e-06
-8.525438888177866e-06
-8.59434088508167e-06
-8.660179761045637e-06
-8.730010444006966e-06
-8.797043058067153e-06
-8.867828508136305e-06
-8.936062719094862e-06
-9.0078286127393e-06
-9.077273189113388e-06
-9.150044851337358e-06
-9.220709430997343e-06
-9.294511883167766e-06
-9.366406933282445e-06
-9.441264938878785e-06
-9.514401721491539e-06
-9.59033982867244e-06
-9.664730367925367e-06
-9.741772949253824e-06
-9.817430002091732e-06
-9.89560129319167e-06
-9.972538321540575e-06
-1.0051862454706247e-05
-1.0130093600891482e-05
-1.0210594638577174e-05
-1.0290134702678304e-05
-1.0371836669246376e-05
-1.0452701088559807e-05
-1.0535627999814362e-05
-1.0617832829708934e-05
-1.070200871911009e-05
-1.0785570616261841e-05
-1.087101956219797e-05
-1.0955955769199888e-05
-1.1042701919497522e-05
-1.1129030250861625e-05
-1.1217097846079327e-05
-1.1304836676113983e-05
-1.1394250070702501e-05
-1.1483418322413667e-05
-1.1574202007137019e-05
-1.1664819142320586e-05
-1.1756997763526233e-05
-1.1849083774159025e-05
-1.1942682153532908e-05
-1.2036257553796857e-05
-1.2131300704130293e-05
-1.2226386524635813e-05
-1.2322899670111354e-05
-1.2419517452658471e-05
-1.2517526043529729e-05
-1.2615697834714168e-05
-1.2715227563829708e-05
-1.2814975913136642e-05
-1.2916052728911484e-05
-1.3017400683387227e-05
-1.312005081023724e-05
-1.3223021916591512e-05
-1.3327271864514018e-05
-1.3431890158909637e-05
-1.3537766737434492e-05
-1.3644056753425032e-05
-1.3751587084118513e-05
-1.3859573849675857e-05
-1.3968785380883211e-05
-1.4078494417581362e-05
-1.4189414937127364e-05
-1.4300872260622098e-05
-1.4413529906828065e-05
-1.452676202647182e-05
-1.4641185300663401e-05
-1.4756219225804494e-05
-1.4872437003120515e-05
-1.4989300243177219e-05
-1.5107341783202098e-05
-1.5226062348606875e-05
-1.534595730948553e-05
-1.5466563717534028e-05
-1.558834216341845e-05
-1.57108634396279e-05
-1.5834555854317596e-05
-1.595902153684898e-05
-1.6084658832031442e-05
-1.6211098976891703e-05
-1.6338712504614192e-05
-1.6467157689265986e-05
-1.659677925149733e-05
-1.6727260579776958e-05
-1.6858922438122028e-05
-1.699147154592259e-05
-1.7125206432880118e-05
-1.7259855492628715e-05
-1.7395696623236437e-05
-1.7532478351437245e-05
-1.7670459429185246e-05
-1.7809407090164995e-05
-1.7949562320780394e-05
-1.809070973544046e-05
-1.823307383582069e-05
-1.837645538689341e-05
-1.8521063596517885e-05
-1.86667142358099e-05
-1.8813602323879478e-05
-1.8961557578138673e-05
-1.9110761856814098e-05
-1.9261057838463854e-05
-1.9412615171638574e-05
-1.956528858269987e-05
-1.9719236397387633e-05
-1.9874324539173415e-05
-2.0030700833170018e-05
-2.0188241613771935e-05
-2.0347084969440758e-05
-2.0507116913323978e-05
-2.0668466505288988e-05
-2.0831028759858445e-05
-2.099492436761103e-05
-2.11600567134344e-05
-2.132653873047636e-05
-2.1494281589079793e-05
-2.1663391034001727e-05
-2.1833785478661896e-05
-2.2005564006486117e-05
-2.2178651770213406e-05
-2.2353141682802068e-05
-2.252896516815651e-05
-2.2706209424672532e-05
-2.2884811714191772e-05
-2.3064853943503306e-05
-2.324627880973169e-05
-2.3429163320566363e-05
-2.3613455235218465e-05
-2.3799227028120174e-05
-2.3986431173684142e-05
-2.417513595259768e-05
-2.43652982326939e-05
-2.4556982415772227e-05
-2.4750149464883645e-05
-2.4944860197504207e-05
-2.514107939408875e-05
-2.5338864560107283e-05
-2.5538184037289177e-05
-2.573909227088179e-05
-2.5941560925939623e-05
-2.614564162442285e-05
-2.635130913397187e-05
-2.6558612469524193e-05
-2.676752929733732e-05
-2.6978106231406035e-05
-2.719032364444443e-05
-2.740422593699326e-05
-2.761979601482794e-05
-2.783707624134414e-05
-2.805605189177174e-05
-2.8276763454672133e-05
-2.849919842225733e-05
-2.8723395563046757e-05
-2.8949344445459903e-05
-2.917708225943713e-05
-2.9406600520163594e-05
-2.9637934969848722e-05
-2.9871078951307405e-05
-3.0106066880957166e-05
-3.0342893818129714e-05
-3.058159296721375e-05
-3.082216100018665e-05
-3.10646300178528e-05
-3.1308998208687006e-05
-3.155529666789612e-05
-3.180352501300892e-05
-3.205371342556317e-05
-3.23058628716106e-05
-3.256000270460799e-05
-3.281613516183549e-05
-3.307428884998445e-05
-3.333446720838998e-05
-3.359669817167599e-05
-3.3860986316552186e-05
-3.412735897499516e-05
-3.439582180202525e-05
-3.466640159170461e-05
-3.4939105022337146e-05
-3.521395841189907e-05
-3.549096941101594e-05
-3.577016391733008e-05
-3.605155050790424e-05
-3.6335154713180544e-05
-3.6620985994192744e-05
-3.6909069563825886e-05
-3.719941572623349e-05
-3.749204942379756e-05
-3.778698176826164e-05
-3.808423747525357e-05
-3.838382842982486e-05
-3.868577916092903e-05
-3.899010229801926e-05
-3.92968222221084e-05
-3.9605952277112916e-05
-3.9917516732078124e-05
-4.023152962112425e-05
-4.0548015135670554e-05
-4.086698797599439e-05
-4.118847228598555e-05
-4.151248341176456e-05
-4.183904548101403e-05
-4.216817446503485e-05
-4.2499894503352995e-05
-4.283422217539164e-05
-4.317118165960126e-05
-4.351079012744684e-05
-4.385307182036861e-05
-4.4198044488887034e-05
-4.454573246048875e-05
-4.4896154051234116e-05
-4.524933369874564e-05
-4.560529027279332e-05
-4.596404834191452e-05
-4.632562731995071e-05
-4.669005192639835e-05
-4.7057342110381345e-05
-4.742752276179051e-05
-4.780061435648536e-05
-4.81766419731781e-05
-4.855562660784508e-05
-4.8937593546625406e-05
-4.9322564298412224e-05
-4.971056437439635e-05
-5.010161579102577e-05
-5.049574430073423e-05
-5.089297242403065e-05
-5.12933261688518e-05
-5.169682855881368e-05
-5.210350586913766e-05
-5.251338162565235e-05
-5.292648238710724e-05
-5.334283217704607e-05
-5.376245785167582e-05
-5.418538393290176e-05
-5.4611637583761784e-05
-5.5041243827621034e-05
-5.5474230147153875e-05
-5.5910622076284404e-05
-5.635044740837493e-05
-5.6793732199178373e-05
-5.7240504575038694e-05
-5.769079109953652e-05
-5.814462026161657e-05
-5.860201911077696e-05
-5.906301653850341e-05
-5.952764005740787e-05
-5.999591898852435e-05
-6.0467881298719713e-05
-6.094355675476897e-05
-6.142297378459134e-05
-6.19061626165721e-05
-6.239315212869493e-05
-6.28839730352431e-05
-6.337865466343241e-05
-6.38772282103748e-05
-6.437972349485803e-05
-6.488617215297905e-05
-6.539660455902145e-05
-6.591105273064633e-05
-6.642954769007364e-05
-6.695212174053639e-05
-6.747880668863358e-05
-6.800963497555386e-05
-6.854463937227152e-05
-6.908385232812231e-05
-6.962730760930701e-05
-7.017503789263782e-05
-7.072707741744748e-05
-7.128345997673303e-05
-7.184421892483198e-05
-7.240939014876817e-05
-7.29790057196495e-05
-7.355310388426628e-05
-7.41317157825893e-05
-7.471488114703015e-05
-7.530263169754721e-05
-7.589500674679982e-05
-7.649204032905439e-05
-7.70937709263838e-05
-7.77002342408446e-05
-7.831146790172492e-05
-7.892751009599746e-05
-7.954839530605051e-05
-8.017416825820698e-05
-8.080485364611557e-05
-8.144051278630442e-05
-8.208114653164827e-05
-8.272684700065666e-05
-8.337758544372988e-05
-8.403347697358114e-05
-8.469448735316451e-05
-8.536072034656238e-05
-8.603217476889444e-05
-8.670890369679861e-05
-8.739096806022846e-05
-8.807836084934444e-05
-8.877119332194403e-05
-8.946941493681077e-05
-9.017318816550816e-05
-9.088238769746444e-05
-9.159728424527978e-05
-9.231761427155698e-05
-9.304380595865258e-05
-9.377544998081687e-05
-9.451307595904505e-05
-9.525625077818137e-05
-9.600544160423335e-05
-9.676036095863406e-05
-9.752122917029292e-05
-9.828808477647163e-05
-9.906079046547822e-05
-9.983977251967909e-05
-0.00010062447718905325
-0.00010141576185957748
-0.00010221270635916708
-0.00010301631817317026
-0.00010382594793719173
-0.00010464178258425298
-0.00010546450344308882
-0.00010629263193648016
-0.00010712858344305749
-0.00010796935968848415
-0.0001088184022718249
-0.00010967242914223553
-0.00011053423948011718
-0.00011140208902414571
-0.00011227650232848666
-0.000113158281476765
-0.00011404942254989326
-0.0001149510954588269
-0.00011585782747795662
-0.00011677985279055347
-0.00011770028722533823
-0.00011864456115608579
-0.0001195744429800397
-0.00012054571708399603
-0.000121479365912528
-0.00012247247221633699
-0.00012342286814654834
-0.00012442405717614157
-0.00012540676832067704
-0.0001264077009639048
-0.00012743467761713607
-0.00012843076178553105
-0.00012950428466864707
-0.000130519377168856
-0.00013162767917779
-0.0001326471310196649
-0.00013383484261190667
-0.00013479421512071783
-0.00013608455525424305
-0.00013698658687666052
-0.00013835320468187987
-0.0001392735109152516
-0.00014061997100904035
-0.0001416578692800272
-0.0001429389724380975
-0.00014410464367524585
-0.00014533049893551003
-0.00014661842176946945
-0.0001477942564741255
-0.00014919875381110698
-0.0001503448308246315
-0.0001518039463030349
-0.00015306097793545137
-0.0001543856772597621
-0.00015595987252674985
-0.0001572195634272633
-0.00015907059396359346
-0.00016006879953637393
-0.00016219682021229032
-0.00016316595196258325
-0.00016511327557670007
-0.0001666143875233058
-0.00016792305733264248
-0.00016995684480179338
-0.00017107939958941557
-0.0001737556197744447
-0.00017305100562222883
-0.00017925097455256597
-0.00017362574359924832
-0.00018603300879202825
-0.00017307830557451362
-0.0001945177501141357
-0.00017060743868869098
-0.00020607630714737646
-0.00016902341988235536
-0.00014991346606202383
-9.886817381826729e-05
-8.856466414333686e-05
-8.105719735318484e-05
-1.9945178971678135e-05
-7.695465313761751e-05
4.096775190225166e-05
-6.5115631009912e-05
1.363009499213974e-05
-4.3159286087890436e-05
0.00012522148774243153
-0.00019370685656593112
0.00022063693760424052
-0.00021809993837731967
0.00020094767700121197
-0.00019829407081335855
0.00016311238392068862
-0.0001061061173765563
0.00019693683781104449
-8.158959645206826e-05
0.00019472581456387791
-6.81394293402457e-05
0.00017998424092165177
-6.856644044887783e-05
0.00024171509007653302
-8.951359908932182e-06
0.0003115797386247631
7.237077467479522e-05
0.000312686892188416
0.00016909960306079225
0.0002926906693327367
0.00018133219192887707
0.00035943906134043287
0.00015729386802885135
0.0004417365793856175
0.00028382421352374243
0.0005121402559726965
0.00037442474572600324
0.000519158726565165
0.0004572636239382453
0.0005127196542345731
0.0004576124543162633
0.0005172205004295708
0.0005107631128607665
0.0005149783027729962
0.0005859511152896738
0.0005146223070881312
0.0006639437787743288
0.0005927499438445831
0.0006575121327799288
0.0006227150211124563
0.0007173712779290914
0.0007053276680703522
0.0007073154658509889
0.0007466915806381903
0.0007627508687349615
0.0007624228245379877
0.000841177703502235
0.0006332264156489972
0.0008599276422614835
