-0.0005235696218272542
-0.0005297264538114314
-0.0005332672353419224
-0.0005618069855224995
-0.0005671831201572183
-0.0005781700792860063
-0.0005940414777128098
-0.0006012231170862982
-0.0006109090592026547
-0.000620297455889156
-0.0006270408426335039
-0.000637160352942868
-0.0006377634153774006
-0.0006487293467850959
-0.0006563394695980208
-0.000659848291090132
-0.0006745405024129945
-0.0006712336536543687
-0.0006914652401058523
-0.0006904795850472977
-0.0007020962492076698
-0.0007113050562218004
-0.000719713449176205
-0.0007304096681741152
-0.0007397053344409877
-0.0007442995015607555
-0.00075995183423278
-0.0007645868599798283
-0.0007732971375242571
-0.0007869355135402737
-0.0007873910148967688
-0.0008020947125465197
-0.0008093361101560455
-0.0008107874001058184
-0.0008314935836981307
-0.0008255993348351253
-0.0008528096943009972
-0.0008371224762228821
-0.0008746101957577725
-0.0008500827292249526
-0.0008889417100350859
-0.0008711613222102737
-0.0008971308147187065
-0.0008880833204435188
-0.000902051070617273
-0.0009019386865019924
-0.0009020656052003713
-0.0009050240970271858
-0.0009121576914762279
-0.0009152639242566343
-0.0009348870118813394
-0.0009363437683842205
-0.0009534484705858112
-0.0009582344610771608
-0.0009842092649851916
-0.0009864912460194844
-0.0010059141330052675
-0.0010146700542966692
-0.0010165698601625744
-0.0010294398640506913
-0.0010302479054520646
-0.0010317556379835218
-0.0010494632967974085
-0.0010464657596525374
-0.0010708424429416229
-0.0010688478217012265
-0.0010850314901237907
-0.0010922473467110897
-0.001107248440736478
-0.0010998405350237518
-0.0010471668097117486
-0.0010190436810888818
-0.001033802356528475
-0.0010826239578014003
-0.0011249375004525987
-0.0011550202796313364
-0.0012201465104491494
-0.001220670660594434
-0.0012647641524497035
-0.001461227842425843
-0.0011869708017043614
-0.0013685627608645047
-0.0014808594680155239
-0.0014124403630769544
-0.0010918855093236446
-0.0012307954800815039
-0.0012977718994160244
-0.0010960526055304866
-0.0012147376993700458
-0.0011836218520139311
-0.0010371937651709026
-0.0010545966144714933
-0.0009135781463636755
-0.0010849065480944978
-0.0013087430629592097
-0.0011602419811196493
-0.0009139926875966982
-0.0009804085193640003
-0.0005299868532848145
0.044371350020139755
0.07372771523699098
0.06904322636070498
0.049220112053124224
0.03775407648950377
0.029142417022081413
0.0132131615211102
0.009259650042503662
-0.005845742005274746
-0.030103062158507575
-0.05050993621879478
-0.04893582305342404
-0.035776677832694226
-0.028869736524484595
-0.029354238877201472
-0.019804194555943136
-0.003009316692902756
0.008745854269241165
0.018600144378598676
0.022223373469501068
0.020099657788231702
0.014259789938627216
0.010813393284908095
0.016017409785626987
0.027566071616835768
0.031584243716773444
0.02564211700983583
0.020039736762847926
0.012469000246575705
0.003498697806026968
0.0009844876968381198
0.002311828265929161
-0.003305917321440727
-0.014603426221905177
-0.02382420910820601
-0.02645233704293417
-0.02601261892511354
-0.024326137029199023
-0.019570187729193854
-0.009825192471763533
-0.0034253225814162864
-0.0048057837133534675
-0.0057060356830107
0.0011875485598154972
0.00941535926270987
0.01189082870811154
0.011938212693656296
0.013618686849044855
0.014254918867881248
0.01053661738153984
0.006528291988952897
0.005686355875915419
0.0042038070216035735
0.0011261891490580351
-0.001715470349565096
-0.00238684269780674
-0.0025362371326378037
-0.004655362832207752
-0.0072705569982040525
-0.008959315075351812
-0.010488682549019513
-0.010602375754998426
-0.007667869809521437
-0.002926004865466754
-0.0012042367649535432
-0.002131716393799189
-0.00200400841333413
-0.0005606740236012491
0.0010931981512484431
0.0030526773163003047
0.005610195839191655
0.007245402669543443
0.006090890762533817
0.0027581104899421565
0.0006837389110175645
0.0007196232926827404
0.0010347686513199673
0.0007883915986411881
0.00012792686106404732
-0.000615124718844958
-0.0018849671308172299
-0.0030856711976667097
-0.0034401035862119717
-0.0029543565539802245
-0.0024744600420685946
-0.0023669722671670603
-0.0017876355457156017
-0.0009237672623880218
-0.0006199036681232306
-0.0004965076224968891
-0.0002854476629682095
5.905637753964173e-05
0.00020982525715990206
0.0006457543807297007
0.0016581990591417123
0.002588857430999786
0.0022382845130106905
0.0009855459702491384
-0.0002856920744373771
-0.0006891744162387483
-0.0005530693517547671
-8.079920219769303e-05
0.0002562234918754787
8.647974998390241e-05
-0.0007020646185866621
-0.001306374626405955
-0.0012194617228450807
-0.00044248420405714427
0.0005823878258024882
0.0013359660097284763
0.0013799560961030746
0.0009069928560734529
0.00032603973931218696
3.012196250323514e-05
5.297812902035669e-05
9.715093958763895e-05
9.458586741682475e-05
-7.483740433187862e-07
-0.00017493943628277885
-0.0004359841987422068
-0.0006383426913881395
-0.0006108678309075144
-0.00046687448941059396
-0.0003387202611449925
-0.00011346295641287557
5.996355336934054e-05
0.00024374709014561623
0.000312561104631767
0.00036548379558109894
0.0002563843886946815
0.00011359841397896205
0.0001748584154421861
0.0004036553728887028
0.0005481096226484471
0.0005316919274842647
0.00031050387816024456
5.344897147583784e-06
-0.0002743412726537283
-0.00032728013545092575
-0.00011087873117719818
0.0001881643682862233
0.0003735275927385807
0.0003716324282524473
0.00016733736568463658
-3.60442523495216e-05
-5.772642246245422e-06
0.0001460482959229041
0.000258280791521743
0.0002023553944775193
5.712586191391102e-05
-0.0001036380278293389
-0.00012338088786045803
-0.00010884428786400889
1.1153531634215403e-05
0.0001370722002102329
0.00017130744746481595
4.441120163051615e-05
1.4145656981514839e-05
-4.164627932125626e-05
-0.00015612310795827094
-0.0003518181921126861
-0.000342890800220087
-0.0003315036797671562
-9.393976392581282e-05
-0.00011572736690135
-0.0006510168771235712
-0.0007635447951959086
-0.0005957263959583767
-0.00037953690844119936
-0.0008104435915021989
-0.0010081170276579044
-0.0011041247290211002
-0.0010068331652912472
-0.0007052449693523078
-0.0002533064195362097
0.0001160422906295146
0.00014471625687133944
0.0001763729698615705
0.0003136639491462625
0.0005516716408573421
0.00047901304600905456
0.0003359047030404345
0.00023406019046963184
0.00017982913883561944
8.962188161027427e-05
3.187250688082297e-05
2.0580021228444996e-05
-0.00011925071926828951
-0.00035267046736465763
-0.000428202352680633
-0.0002466731639535295
-2.3193310599602495e-05
7.159269663781642e-05
0.00014747639473783
0.000222454424613153
0.00023709342779672297
0.00022438160251964077
0.00038448287063724005
0.0005757102850515816
0.0006138026882608969
0.0005216236275511937
0.00046291001756388256
0.0004543592907100601
0.0003764062923293034
0.0002638251406053272
0.00019449227616029395
0.00023636133892521462
0.00025870913200770867
0.0001552137092012462
-8.425006742333534e-06
-0.0001528349997389948
-0.00019481527124308229
-0.0002029411734297626
-0.0002568156751208419
-0.0002841903422710353
-0.00028403025136298344
-0.0002088423135079716
-9.168088494231004e-05
6.133762830891917e-05
0.0002108625691250781
0.0003568753615217265
0.0004208231817953847
0.00048824003191217156
0.0005147287581864779
0.0005412552103980997
0.0004906316269692468
0.00038584179940224855
0.00014934524161969916
-9.348250674907753e-05
0.00010177156536106432
-0.00018156413757080942
4.7892304879414766e-05
-0.0001526555065091348
1.9453314274778515e-05
-0.00011292635525242823
1.634013732509552e-05
-7.440691160218009e-05
1.0379424947775566e-05
-5.779597863386939e-05
8.581899748034613e-06
-3.788478331929065e-05
2.2308467525378255e-05
-2.092537565028065e-05
2.5174643372292358e-05
-1.3239742048767396e-05
2.3318117292729297e-05
-1.3484479694891273e-05
2.1001476275623755e-05
-9.661870547949267e-06
1.8744755313312202e-05
-9.457546174081101e-06
1.4079583059073365e-05
-9.253267118682135e-06
1.0049309841066688e-05
-8.660024139642503e-06
6.281425440840126e-06
-7.133496383353137e-06
3.568871732207053e-06
-5.254475731863734e-06
2.448546757597911e-06
-3.7193408604489255e-06
1.6553003815498579e-06
-2.930303891917653e-06
1.2393649178987342e-06
-2.2856063884039903e-06
1.0210448490100606e-06
-1.750307784504062e-06
8.596705882717333e-07
-1.3548259808547451e-06
6.041053517880264e-07
-1.0739433997618286e-06
3.674676616628996e-07
-8.686313969660212e-07
1.1917468751123164e-07
-7.156487358252412e-07
-7.734828272884867e-08
-5.990541549371524e-07
-2.2763274872168726e-07
-5.20357594724504e-07
-3.4074366481097896e-07
-4.794348182663062e-07
-4.1370700917396815e-07
-4.5173035795385667e-07
-4.499067921619974e-07
-4.39814306791241e-07
-4.6907902446493514e-07
-4.3655092174071626e-07
-4.810100680093443e-07
-4.3851319819938894e-07
-4.909986905114912e-07
-4.4218336941494185e-07
-5.013064147312354e-07
-4.479845588031828e-07
-5.111165473888415e-07
-4.5551947088200845e-07
-5.206624016764264e-07
-4.657975339751163e-07
-5.296394939102809e-07
-4.779908565062489e-07
-5.378002764523638e-07
-4.912977133965032e-07
-5.452046599428717e-07
-5.052758433174084e-07
-5.525434142042776e-07
-5.194930438189201e-07
-5.600429189155272e-07
-5.335849445789291e-07
-5.680259249642682e-07
-5.473996286433757e-07
-5.765991584492708e-07
-5.609157656580018e-07
-5.85821491377197e-07
-5.742037605767011e-07
-5.956628682589164e-07
-5.873979576050473e-07
-6.060599086095408e-07
-6.005734517096351e-07
-6.16926239370842e-07
-6.137996024374874e-07
-6.282227354773278e-07
-6.271157106992747e-07
-6.399292039466209e-07
-6.405436650570862e-07
-6.520315708764129e-07
-6.540919417243052e-07
-6.645213800251376e-07
-6.677766921435284e-07
-6.773880415174641e-07
-6.816153000251124e-07
-6.906203488601936e-07
-6.956316131005724e-07
-7.042060767136621e-07
-7.09849333526899e-07
-7.181336117486475e-07
-7.242907031747639e-07
-7.323930496022299e-07
-7.389755749101544e-07
-7.46978646343037e-07
-7.539208946539741e-07
-7.618872637791055e-07
-7.691403329946472e-07
-7.771184927650616e-07
-7.846452903508688e-07
-7.926737271013451e-07
-8.00445795143441e-07
-8.085556804145883e-07
-8.165510699022216e-07
-8.247677783981139e-07
-8.329700471720186e-07
-8.41314023327809e-07
-8.497113951019028e-07
-8.581988380441312e-07
-8.66783597934398e-07
-8.754271682060886e-07
-8.841949268149104e-07
-8.930044852294551e-07
-9.019534441832074e-07
-9.109367486047001e-07
-9.200670061549493e-07
-9.292303594091102e-07
-9.385433509936166e-07
-9.47892092236619e-07
-9.573901601155847e-07
-9.669290276046057e-07
-9.766151328315792e-07
-9.863484947414132e-07
-9.962260347765777e-07
-1.0061580358892356e-06
-1.016230733917004e-06
-1.0263653836140984e-06
-1.0366372209508591e-06
-1.0469784560380785e-06
-1.0574536218768238e-06
-1.0680053541115876e-06
-1.078688203866513e-06
-1.0894543622931943e-06
-1.1003493809736147e-06
-1.1113339484724281e-06
-1.1224457213784194e-06
-1.1336527638960005e-06
-1.1449859550931101e-06
-1.1564196419369362e-06
-1.1679789814411851e-06
-1.1796435973100998e-06
-1.1914338759867022e-06
-1.2033338266606184e-06
-1.2153598968848035e-06
-1.2274997106691862e-06
-1.2397664896776563e-06
-1.2521508163215972e-06
-1.2646632913003366e-06
-1.2772969007357623e-06
-1.290060134196948e-06
-1.3029479153352913e-06
-1.3159670498664783e-06
-1.3291140096703571e-06
-1.34239427250027e-06
-1.355805536022573e-06
-1.3693522433258227e-06
-1.3830330535302736e-06
-1.3968516140973276e-06
-1.4108073320544278e-06
-1.4249032515179112e-06
-1.439139356954034e-06
-1.4535182416420926e-06
-1.4680403332552566e-06
-1.4827078939600813e-06
-1.4975216901315673e-06
-1.5124837457678169e-06
-1.527595085438067e-06
-1.542857566762387e-06
-1.5582724108018434e-06
-1.573841363643327e-06
-1.5895657960654096e-06
-1.6054473844668302e-06
-1.6214876141884917e-06
-1.6376881235957816e-06
-1.6540504864193204e-06
-1.6705763266590878e-06
-1.6872672873178207e-06
-1.704124995463086e-06
-1.721151149690521e-06
-1.7383473929804736e-06
-1.7557154700093957e-06
-1.7732570487036096e-06
-1.7909739135631804e-06
-1.808867763946698e-06
-1.8269404200921334e-06
-1.8451936172395305e-06
-1.8636292091826464e-06
-1.8822489699793239e-06
-1.9010547858910008e-06
-1.9200484718443584e-06
-1.9392319464710457e-06
-1.958607066879822e-06
-1.9781757843995423e-06
-1.9979399992127466e-06
-2.017901696196162e-06
-2.0380628192062135e-06
-2.0584253875951435e-06
-2.0789913893156146e-06
-2.0997628795443478e-06
-2.1207418907622433e-06
-2.1419305150717255e-06
-2.163330829714331e-06
-2.1849449651254003e-06
-2.2067750436964974e-06
-2.2288232354405167e-06
-2.2510917083359827e-06
-2.2735826733459976e-06
-2.296298344383425e-06
-2.319240974559564e-06
-2.3424128242851314e-06
-2.3658161901216686e-06
-2.389453379516188e-06
-2.4133267336141147e-06
-2.437438607514746e-06
-2.461791388253177e-06
-2.4863874793698006e-06
-2.511229314751775e-06
-2.5363193471020706e-06
-2.5616600584514094e-06
-2.587253951300846e-06
-2.6131035570784366e-06
-2.639211429099651e-06
-2.6655801490769473e-06
-2.6922123218401435e-06
-2.719110580644778e-06
-2.7462775832789305e-06
-2.773716015405626e-06
-2.801428588411996e-06
-2.8294180416734175e-06
-2.857687141219538e-06
-2.8862386812610475e-06
-2.9150754834913464e-06
-2.944200398289276e-06
-2.973616304063068e-06
-3.0033261081710235e-06
-3.0333327468978213e-06
-3.0636391860654395e-06
-3.094248420945254e-06
-3.1251634768784996e-06
-3.156387409301235e-06
-3.187923304291809e-06
-3.219774278664754e-06
-3.2519434804298636e-06
-3.2844340890591497e-06
-3.317249315801425e-06
-3.350392403976717e-06
-3.383866629219157e-06
-3.417675299955086e-06
-3.451821757687252e-06
-3.4863093773117738e-06
-3.5211415673997934e-06
-3.5563217706607256e-06
-3.591853464103101e-06
-3.627740159513023e-06
-3.663985403711857e-06
-3.700592779073476e-06
-3.737565903705049e-06
-3.774908431870155e-06
-3.812624054290838e-06
-3.850716498660057e-06
-3.8891895298331556e-06
-3.928046950262573e-06
-3.9672926004036616e-06
-4.006930359174332e-06
-4.046964144205996e-06
-4.087397912243767e-06
-4.128235659527752e-06
-4.169481422267821e-06
-4.211139277027144e-06
-4.253213341057563e-06
-4.2957077727445725e-06
-4.338626772067838e-06
-4.381974580964024e-06
-4.425755483702248e-06
-4.469973807352465e-06
-4.514633922283757e-06
-4.559740242503045e-06
-4.605297226078792e-06
-4.651309375644508e-06
-4.697781238835463e-06
-4.744717408715002e-06
-4.7921225242563564e-06
-4.84000127073253e-06
-4.888358380287887e-06
-4.9371986322903e-06
-4.9865268538690265e-06
-5.036347920392946e-06
-5.086666755959972e-06
-5.137488333850464e-06
-5.18881767701089e-06
-5.240659858617939e-06
-5.293020002518703e-06
-5.345903283712067e-06
-5.399314928923767e-06
-5.453260217102088e-06
-5.507744479982951e-06
-5.5627731025634924e-06
-5.618351523583448e-06
-5.6744852361569195e-06
-5.731179788277016e-06
-5.788440783331661e-06
-5.846273880756071e-06
-5.904684796498739e-06
-5.963679303649244e-06
-6.023263232930211e-06
-6.083442473305001e-06
-6.144222972635609e-06
-6.205610738199176e-06
-6.267611837253509e-06
-6.33023239767134e-06
-6.393478608616001e-06
-6.457356721059019e-06
-6.521873048420397e-06
-6.587033967152614e-06
-6.652845917473442e-06
-6.719315403997707e-06
-6.786448996050354e-06
-6.85425332890054e-06
-6.922735103985413e-06
-6.991901089954851e-06
-7.0617581226974785e-06
-7.132313106474964e-06
-7.20357301471576e-06
-7.275544890359125e-06
-7.348235846783304e-06
-7.4216530684095405e-06
-7.495803811534852e-06
-7.57069540474652e-06
-7.646335249949371e-06
-7.722730823074737e-06
-7.799889674806222e-06
-7.87781943108949e-06
-7.956527794100569e-06
-8.036022542976494e-06
-8.11631153467638e-06
-8.197402704664906e-06
-8.279304067565323e-06
-8.362023718131665e-06
-8.445569831955864e-06
-8.529950666357443e-06
-8.615174561081096e-06
-8.701249939294586e-06
-8.7881853083466e-06
-8.875989260482327e-06
-8.964670473796902e-06
-9.054237713132258e-06
-9.144699830931913e-06
-9.23606576802528e-06
-9.328344554568541e-06
-9.421545310983723e-06
-9.515677248830021e-06
-9.610749671642104e-06
-9.706771975895485e-06
-9.803753651994938e-06
-9.901704285208805e-06
-1.0000633556498414e-05
-1.0100551243540155e-05
-1.0201467221752653e-05
-1.0303391465231676e-05
-1.0406334047660974e-05
-1.0510305143370457e-05
-1.0615315028401537e-05
-1.072137408150142e-05
-1.0828492785005834e-05
-1.0936681725971266e-05
-1.1045951597319715e-05
-1.1156313198811327e-05
-1.1267777438072902e-05
-1.138035533164848e-05
-1.1494058006214654e-05
-1.160889669965559e-05
-1.1724882762071e-05
-1.1842027656966187e-05
-1.1960342962391844e-05
-1.2079840372117073e-05
-1.2200531696668652e-05
-1.2322428864604794e-05
-1.2445543923684502e-05
-1.256988904205919e-05
-1.2695476509372826e-05
-1.282231873808449e-05
-1.2950428264743794e-05
-1.3079817751076643e-05
-1.3210499985318722e-05
-1.3342487883472048e-05
-1.3475794490646133e-05
-1.361043298223601e-05
-1.3746416665275355e-05
-1.3883758979736944e-05
-1.4022473499890103e-05
-1.416257393565469e-05
-1.4304074133897565e-05
-1.444698807981647e-05
-1.4591329898360098e-05
-1.4737113855612348e-05
-1.488435436016281e-05
-1.5033065964550015e-05
-1.5183263366793306e-05
-1.533496141167725e-05
-1.548817509227927e-05
-1.5642919551537356e-05
-1.5799210083683593e-05
-1.595706213577158e-05
-1.611649130916446e-05
-1.627751336106555e-05
-1.644014420607552e-05
-1.660439991792059e-05
-1.6770296730922972e-05
-1.69378510415401e-05
-1.710707941001121e-05
-1.7277998562080033e-05
-1.745062539059515e-05
-1.762497695710696e-05
-1.7801070493775288e-05
-1.7978923404880313e-05
-1.815855326863025e-05
-1.83399778386992e-05
-1.8523215046211712e-05
-1.870828300155696e-05
-1.8895199995989497e-05
-1.908398450348414e-05
-1.9274655182621893e-05
-1.9467230878417684e-05
-1.966173062408801e-05
-1.985817364305977e-05
-2.0056579350899813e-05
-2.025696735715219e-05
-2.0459357467180248e-05
-2.066376968423131e-05
-2.0870224211429515e-05
-2.1078741453846132e-05
-2.1289342020344303e-05
-2.1502046725723725e-05
-2.171687659269407e-05
-2.1933852854055195e-05
-2.2152996954629908e-05
-2.2374330553672243e-05
-2.259787552670215e-05
-2.2823653967968152e-05
-2.3051688192229284e-05
-2.3282000737446357e-05
-2.3514614366513804e-05
-2.3749552069960377e-05
-2.398683706789572e-05
-2.4226492812354315e-05
-2.4468542990031014e-05
-2.4713011523737956e-05
-2.495992257596654e-05
-2.520930054973131e-05
-2.546117009294489e-05
-2.57155560987378e-05
-2.5972483709877086e-05
-2.6231978319459013e-05
-2.6494065575082644e-05
-2.6758771379908506e-05
-2.702612189660084e-05
-2.7296143548307414e-05
-2.7568863023351518e-05
-2.7844307275403702e-05
-2.8122503528630195e-05
-2.8403479278436632e-05
-2.8687262294660606e-05
-2.897388062666627e-05
-2.926336259970123e-05
-2.955573682881351e-05
-2.985103220597073e-05
-3.0149277922178908e-05
-3.0450503449653773e-05
-3.075473856408695e-05
-3.1062013332220834e-05
-3.1372358124625384e-05
-3.168580361458573e-05
-3.200238078112917e-05
-3.232212091316473e-05
-3.2645055614118545e-05
-3.29712167976677e-05
-3.330063670548563e-05
-3.36333478900823e-05
-3.396938324004317e-05
-3.430877596590481e-05
-3.465155960835745e-05
-3.4997768056849854e-05
-3.534743551117705e-05
-3.570059655715518e-05
-3.605728606585934e-05
-3.641753933201697e-05
-3.6781391914123766e-05
-3.714887982817372e-05
-3.752003933255233e-05
-3.789490718534166e-05
-3.8273520348237986e-05
-3.8655916346581366e-05
-3.9042132858176266e-05
-3.9432208170513865e-05
-3.982618074678415e-05
-4.022408955795033e-05
-4.06259739952605e-05
-4.103187358856571e-05
-4.144182879067301e-05
-4.1855879647485344e-05
-4.2274067659359874e-05
-4.269643353162005e-05
-4.3123019621785046e-05
-4.355386755402709e-05
-4.398902033774356e-05
-4.442852067531428e-05
-4.487241221923764e-05
-4.532073866419899e-05
-4.57735445396486e-05
-4.6230874272459085e-05
-4.669277350877011e-05
-4.715928747956115e-05
-4.763046248147909e-05
-4.8106345665364065e-05
-4.858698228985222e-05
-4.907242337064775e-05
-4.9562711491204614e-05
-5.005790218681576e-05
-5.0558036496464785e-05
-5.10631715151298e-05
-5.1573351201100064e-05
-5.208862921611234e-05
-5.2609056645935674e-05
-5.313468170040558e-05
-5.366556196761897e-05
-5.4201743447242386e-05
-5.4743285376129304e-05
-5.5290236567296074e-05
-5.584265401736496e-05
-5.640059134359504e-05
-5.6964103552845395e-05
-5.753324667367218e-05
-5.8108078343153e-05
-5.868865064887624e-05
-5.9275031644462134e-05
-5.9867261264234545e-05
-6.046542485592084e-05
-6.10695464403851e-05
-6.167972858755035e-05
-6.229598323228159e-05
-6.291842496319324e-05
-6.354705617108781e-05
-6.41820070657888e-05
-6.482325956531617e-05
-6.547097507336947e-05
-6.612510612553392e-05
-6.678582332632875e-05
-6.745312324795306e-05
-6.81270593193491e-05
-6.880783747345619e-05
-6.94952333712476e-05
-7.018976133355546e-05
-7.089091853054361e-05
-7.159941332173924e-05
-7.231467692761116e-05
-7.303735904868713e-05
-7.376705944427912e-05
-7.450418858531184e-05
-7.524861723556906e-05
-7.60005020926692e-05
-7.675991653130314e-05
-7.752692085125426e-05
-7.830153173282207e-05
-7.908404990842992e-05
-7.987416643912178e-05
-8.067215711758278e-05
-8.147945815885306e-05
-8.229265841301929e-05
-8.311858224737561e-05
-8.39472071597798e-05
-8.479051057779657e-05
-8.563669913565566e-05
-8.649550491664389e-05
-8.736218115186489e-05
-8.82361260281508e-05
-8.912319302883769e-05
-9.001328312651345e-05
-9.092008003464469e-05
-9.18285099338695e-05
-9.27548078578542e-05
-9.368290446908284e-05
-9.462763626239424e-05
-9.557762396490482e-05
-9.653958116362295e-05
-9.751212985189585e-05
-9.849303359249842e-05
-9.948443137924314e-05
-0.0001004914015056309
-0.00010149828841081758
-0.00010253207984264531
-0.00010355725355824796
-0.00010461391910347034
-0.00010566147960968178
-0.00010674270378685166
-0.00010780987865963501
-0.00010892054573054082
-0.00011000416473412166
-0.00011114549936842421
-0.00011225007073548121
-0.00011341316413221447
-0.00011456289505904632
-0.00011567389085554922
-0.00011693167943185867
-0.00011800245497266618
-0.0001193251573085672
-0.0001204294767415382
-0.0001217453108303514
-0.00012288968132484826
-0.0001242242729018756
-0.00012541197574517625
-0.00012672968027262546
-0.00012802573685230176
-0.00012926631615569478
-0.00013067263146292196
-0.00013194013795966505
-0.00013328530090945742
-0.0001347482671595849
-0.00013595565170732883
-0.00013750341475959752
-0.00013904572541062433
-0.000138800360113373
-0.00015167027200599945
-0.0001513957635660811
-0.000159710549988004
-0.0001623535499088106
-0.00016278897396810677
-0.00017053720895431095
-0.0001755761344051349
-0.00018317007341470235
-0.00018383635135323881
-0.00019768048988312386
-0.00019199575714004265
-0.00021083154252286092
-0.0002075689002220849
-0.00021718906512934724
-0.0002238787594114253
-0.00022436295240005973
-0.00023280060934860447
-0.00023899437062014235
-0.00024037097768363918
-0.00025337119439524855
-0.0002543745760723027
-0.0002674717655014512
-0.00026517808031066944
-0.0002769591009044563
-0.00027519326168169624
-0.00029142348451082026
-0.00028291719552879155
-0.00031680846726446314
-0.00029927465265416116
-0.0003242704785120636
-0.0003300181415549909
-0.00033726221572698745
-0.0003426862783615025
-0.0003549776235730451
-0.00035207765177022753
-0.0003708161965390769
-0.00036951667130259773
-0.0003760241983955845
-0.0003825081168349184
-0.00038704660038696805
-0.00039309229159262586
-0.0003986513345381347
-0.00041001377990252514
-0.00041076060341016377
-0.0004229691787740671
-0.0004184617160174567
-0.0004407927147639589
-0.00043154297051889836
-0.0004518738962782001
-0.00045247781886211756
-0.0004638378873139411
-0.0004628546633807497
-0.00047658090257029573
-0.00048267539530402905
-0.0004890587569213559
-0.0004973445223721879
-0.0005090372866428335
-0.0005104332956257006
-0.0005309996907684065
-0.0005189777151691729
-0.0005533054648189767
-0.0011610682308268692
-0.0009575258222079077
-0.0011608823209079472
-0.0009873907828309692
-0.0011091827609806565
-0.0009879103004213003
-0.0010617340391891681
-0.0010165238731484807
-0.0010705623375530907
-0.0010449056496276165
-0.001100459040860789
-0.0010256672399232146
-0.001068953555906414
-0.001072664601386262
-0.0010001247640372903
-0.0010727469707824382
-0.0008635530706518811
-0.0010225818130559273
-0.0009004198510784655
-0.0010184490626712495
-0.0008917743265870506
-0.0009968400376535935
-0.0008577853685909288
-0.0009631752552097933
-0.0008859921452240596
-0.000894517611021547
-0.0008727057174665434
-0.0008263621516302892
-0.0008801157816218951
-0.0007405316919353352
-0.0008916230341753874
-0.0006720634905413894
-0.0008252673280598083
-0.0008874145866021176
-0.0007561154570066986
-0.000946824950147284
-0.0007314823811979287
-0.0009092516575692698
-0.0007279109601404203
-0.0008887155409502326
-0.0006939290707927671
-0.0009115164372030332
-0.0006542002484539968
-0.0008943746129505656
-0.0006057352420611107
-0.000940213292821375
-0.00035051114715811644
-0.0012343353690318075
0.0003630675940395331
-0.0027664406147552036
-0.0009115778354744442
-0.0013905042738746433
-0.0011559667727005258
7.11959357867297e-05
-0.0014857239099464697
0.0006126164129712962
-0.0022609505792363254
0.0005455541976120109
-0.0026560885590419196
0.0009404171682071021
-0.0031047872969537735
0.0032205701414991066
-0.004752007011503108
0.005979747283445044
-0.009406658367698502
0.012097866426983014
-0.01994160699858205
0.03151389293303689
-0.0690302436157724
0.2703676560321869
0.5349808002765271
0.26523049249516906
0.12850751151341666
-0.09717657983598244
-0.09120230482354262
-0.10457791700079679
-0.046859421278412736
-0.01576838050971402
-0.03762830303781993
0.04820875729755369
-0.07592295687645775
-0.2759552277885887
-0.22128347431466025
-0.14762205839209913
-0.05421438838012053
0.014433144549999045
0.013978534672025505
0.003405922216336274
0.027725989922917235
0.056369916790220076
0.0902734513432543
0.08449438782624141
0.05048745614107562
0.057204077842132425
0.058630018570204
0.02245096857739391
-0.02409241757063659
-0.029303729836718764
0.01434678181299242
0.06459883991313381
0.04182693576157724
-0.008577236536220296
-0.05793260273649273
-0.04841653948713398
-0.03668099711157838
-0.01736851693926421
-0.01322408942970452
0.004052761194035342
-0.016279194372698584
-0.0510921270245262
-0.06442027311907286
-0.038367018410879354
0.00027642170500083934
0.01574450689387861
0.020465807218580677
0.01764910635167545
0.005454486325758702
-0.00567942499576406
0.005313835948086247
0.024545695782376857
0.02795007489384054
0.012449994688365173
-0.004413418780573487
-0.0037221447842238553
-0.012394688187507781
-0.0168133939045935
-0.01702131686903491
-0.0013260859719207907
0.011243096467309949
0.006321424439457704
-0.0064938622075548765
-0.01513716342753813
-0.011549495198605757
-0.004029621852452597
0.004189013214845268
0.00915881026459935
0.011499914658679061
0.0032509465396187392
-0.008742346905943794
-0.01363330538166407
-0.0029326166088452198
0.009079562725587341
0.014167879789853868
0.009073023773337744
-4.988353189259694e-05
-0.009555697125055667
-0.013725901422206744
-0.007151334384359441
0.004926630389187235
0.009243409019688741
0.0017348497479290266
-0.006066501413187417
-0.008854927435262908
-0.005068188805108476
-0.0006912931312998637
0.004745217379592803
0.009054844866659783
0.00819149632720148
0.0024701501895526934
-0.0025758722096524645
-0.0017472291219855544
0.0029480004206638736
0.005719587803270846
0.004287623218389339
0.0012939824982981423
-0.0020173410200825096
-0.004607701788654134
-0.006230446716902426
-0.0044324021329963485
-0.0006833073093328415
0.001804785285002057
0.0011405238814194032
-0.001056499575329664
-0.0028764740216802123
-0.0037812019404242898
-0.00333486118339393
-0.0004975271266962521
0.0031314745306561973
0.003803991580651731
0.0006805577218970255
-0.0031941036591793632
-0.004402450447295837
-0.002749347594307892
-9.644422979026884e-05
0.0019066374649444465
0.0029200352636987786
0.0019470301547522295
-0.0013232769227695018
-0.003409080226210849
-0.002748705007258184
-0.00010371013969253035
0.0013259032349053827
0.0001644312348929678
-0.002009322906234892
-0.00414394918983045
-0.004526628144867964
-0.003421534369723348
-0.0014988699403541764
0.0003540242829521284
0.0003591533623132307
-0.0004824275942979404
-0.00202785237183803
-0.0017015756920499172
-0.0008506232668138592
0.0002654992326739879
0.0007314751975278112
0.0013035011829271384
0.0010109596395020842
2.048903046117205e-05
-0.0007368834993785617
-0.00046019703817139733
0.0001985724068839026
0.0011215707076250477
0.0006309193370900583
0.0005973658881326333
-0.00041701463992032284
-0.0012455446880715718
-0.0022694635391436626
-0.0018674342762911422
-0.0013682501685723615
-0.0004495506976584297
-0.0007370397223413552
-0.0007963449760897412
-0.0013259142820795037
-0.0011855856441936152
-0.0012226063845951142
-0.0005006108212131088
0.00015918770762150938
1.1742459941797942e-05
-0.0003780719277017471
-0.001733456359656695
-0.0012063743207888387
-0.0014523750899822785
0.0033326296294881666
-0.002162525442906023
-0.001827559526885971
-0.0009264905357153092
0.0010232845544991566
0.0004954708310297921
-0.0022886229309365385
-0.004020959835194417
-0.003563820745845661
-0.001125180348771999
0.0012671575418224858
-0.001445543218927209
-0.0007626926676883227
-0.0002760719234572372
0.00019823043844641953
-0.001430731276015313
-0.0017904604888087068
-0.0016170124023493014
0.00021489314046209073
0.0002811971406874458
7.025461130777454e-05
-0.0014705539978089235
-0.0007746760619601969
-0.0006213718978789183
0.0001881276043315881
-0.0013182179989660353
-0.0022383123444899697
-0.002117351980340924
-3.3745966228062576e-05
0.0002478251501713193
-0.001066710838747347
-0.0021551217572557805
-0.0010818218400829574
0.00024844044109280307
0.0008457158492828436
0.00022630243934256954
0.0007324975770249342
0.00017757033675913983
0.00018638019002970485
0.0002593158077156811
7.164547769264256e-05
7.914641670119264e-05
-7.182163766494354e-05
3.282134807102582e-05
4.037891247194673e-06
4.605136049351679e-05
-6.978449764759168e-06
3.941779197162774e-06
-2.9735625130686283e-05
-4.617369858456405e-05
-5.658823707535804e-05
-8.540886264955003e-06
-3.877218842318728e-06
-3.0500147399198894e-06
-1.9664112634855456e-05
-5.101786521091668e-06
-1.1921411194473622e-05
3.1821586518494544e-06
-6.008178399350428e-06
7.101186751982116e-06
-5.411646707128556e-06
8.002834041281198e-06
-2.7893124453368047e-06
1.0857589389736853e-05
-4.170108725844472e-06
5.186030638897629e-06
-5.086480936730231e-06
2.8075202717715896e-06
-3.926256387382912e-06
1.5062773653589745e-06
-2.7076373886037158e-06
6.980839680618186e-07
-3.0420673677739865e-06
-2.625369471874017e-07
-2.7579972644029894e-06
-2.3587104864175763e-07
-2.582399208467549e-06
-4.225651399672979e-07
-2.2926607574969533e-06
-4.388661086435837e-07
-2.0271623081677057e-06
-4.845730310166574e-07
-1.836917686436533e-06
-7.010309123668424e-07
-1.7478870886351015e-06
-8.174489872583585e-07
-1.5749331682039731e-06
-9.40691607226134e-07
-1.507866935854794e-06
-1.0811163525394725e-06
-1.4698479481457631e-06
-1.202700169209564e-06
-1.4547743644142963e-06
-1.2778033432817026e-06
-1.4551236560914754e-06
-1.340500184461406e-06
-1.4679807006272652e-06
-1.3818862541919476e-06
-1.4826107163131569e-06
-1.424038025602068e-06
-1.5019101160751664e-06
-1.46382048968525e-06
-1.5210444976637878e-06
-1.5010004861953918e-06
-1.539328866416792e-06
-1.5365656632505137e-06
-1.5628588968200768e-06
-1.5732043170072624e-06
-1.589002741260101e-06
-1.607985270134834e-06
-1.6179722376190341e-06
-1.6422067736390593e-06
-1.6491363204001151e-06
-1.6759641328877029e-06
-1.6822233395502248e-06
-1.7096022399266768e-06
-1.7164830169299691e-06
-1.743625029064326e-06
-1.7518482167051298e-06
-1.778130587095847e-06
-1.7877126765330782e-06
-1.8132529587945676e-06
-1.8241769079441195e-06
-1.849151839678799e-06
-1.8612800372947596e-06
-1.8858710539360925e-06
-1.899065232611498e-06
-1.9233134404862684e-06
-1.9375667445680833e-06
-1.9615333057222597e-06
-1.9768470678517027e-06
-2.0005259688826455e-06
-2.016904153469192e-06
-2.0403343876699252e-06
-2.0577473364563614e-06
-2.0809828040898405e-06
-2.099376936547169e-06
-2.122495936563969e-06
-2.141792686464203e-06
-2.164888266100785e-06
-2.1850148869053277e-06
-2.208180554447007e-06
-2.2290627367329858e-06
-2.2523804738721395e-06
-2.2739590733255417e-06
-2.2974983763030714e-06
-2.3197279475947025e-06
-2.343545742752775e-06
-2.3663949630655734e-06
-2.3905356522595364e-06
-2.4139825502621725e-06
-2.438483226536916e-06
-2.46251332446947e-06
-2.48740529964174e-06
-2.5120079839677407e-06
-2.5373196260898567e-06
-2.5624875277962438e-06
-2.5882448000670273e-06
-2.6139731267157615e-06
-2.640199953390151e-06
-2.6664863413339767e-06
-2.6932042749149183e-06
-2.7200489960731503e-06
-2.7472775775842827e-06
-2.7746833939261764e-06
-2.8024401710633265e-06
-2.8304120592076085e-06
-2.8587130228959265e-06
-2.8872577614029622e-06
-2.9161177202965613e-06
-2.945243527119768e-06
-2.9746765077974698e-06
-3.004392657041891e-06
-3.0344122072648613e-06
-3.064728806351528e-06
-3.0953482268079e-06
-3.1262760218379784e-06
-3.1575084958498754e-06
-3.189058780881217e-06
-3.220917463000062e-06
-3.253102018623737e-06
-3.2856000916392557e-06
-3.3184311532797293e-06
-3.3515818678060694e-06
-3.385072089735937e-06
-3.4188888074762266e-06
-3.4530512350583464e-06
-3.487547469500224e-06
-3.522395507622473e-06
-3.5575849627062645e-06
-3.593132349377637e-06
-3.6290289539241127e-06
-3.6652897425441117e-06
-3.701907676953182e-06
-3.738896224099149e-06
-3.7762499387871545e-06
-3.813980898005262e-06
-3.85208512746274e-06
-3.890573450479259e-06
-3.929443224359445e-06
-3.9687041630846395e-06
-4.008354813391131e-06
-4.048403924550477e-06
-4.088851092092817e-06
-4.129704243805918e-06
-4.17096388615661e-06
-4.2126372611821575e-06
-4.254725659290012e-06
-4.297235763037026e-06
-4.340169529700095e-06
-4.383533194444707e-06
-4.427329279046294e-06
-4.4715636711174095e-06
-4.516239367900916e-06
-4.561361994271458e-06
-4.60693494758798e-06
-4.65296366330319e-06
-4.699451877089936e-06
-4.746404893190073e-06
-4.793826734888346e-06
-4.8417226240493605e-06
-4.890096831910995e-06
-4.9389545389716405e-06
-4.988300230782117e-06
-5.038139077751663e-06
-5.088475756174354e-06
-5.139315452557663e-06
-5.190663013372038e-06
-5.242523663001337e-06
-5.294902402782145e-06
-5.347804512369214e-06
-5.401235135867738e-06
-5.4551996230695066e-06
-5.509703251999065e-06
-5.564751453482342e-06
-5.62034963390301e-06
-5.676503314447877e-06
-5.73321802602644e-06
-5.790499387595062e-06
-5.848353051503101e-06
-5.906784740836515e-06
-5.965800228990847e-06
-6.0254053481888226e-06
-6.085605991955692e-06
-6.146408105906984e-06
-6.207817704769608e-06
-6.269840852332793e-06
-6.332483685001793e-06
-6.3957523871347375e-06
-6.459653219157679e-06
-6.524192489244745e-06
-6.589376583610352e-06
-6.655211937583345e-06
-6.7217050649198245e-06
-6.788862530907371e-06
-6.8566909793705264e-06
-6.925197107962607e-06
-6.9943876933811365e-06
-7.064269568845455e-06
-7.1348496460835e-06
-7.2061348959391744e-06
-7.278132368594974e-06
-7.350849176111145e-06
-7.424292508520405e-06
-7.498469621807684e-06
-7.573387850211308e-06
-7.649054595326016e-06
-7.725477338512963e-06
-7.802663630480027e-06
-7.880621102025916e-06
-7.959357456507356e-06
-8.038880477409223e-06
-8.119198022918031e-06
-8.200318032540227e-06
-8.282248522817468e-06
-8.364997592032652e-06
-8.448573417871113e-06
-8.532984261499892e-06
-8.618238465207166e-06
-8.704344455502861e-06
-8.791310742255621e-06
-8.879145921226322e-06
-8.967858673017155e-06
-9.057457766145768e-06
-9.147952055882846e-06
-9.239350486343152e-06
-9.331662090768938e-06
-9.424895993189863e-06
-9.519061408047851e-06
-9.614167642654336e-06
-9.71022409629969e-06
-9.807240263132655e-06
-9.905225731204176e-06
-1.0004190185572675e-05
-1.0104143407645171e-05
-1.020509527568643e-05
-1.0307055767562858e-05
-1.041003496113314e-05
-1.0514043032606654e-05
-1.0619090263894898e-05
-1.0725187036157561e-05
-1.0832343835609948e-05
-1.0940571252930945e-05
-1.104987998401107e-05
-1.1160280835086382e-05
-1.1271784714909677e-05
-1.1384402645882048e-05
-1.1498145757785159e-05
-1.1613025292290776e-05
-1.1729052604518e-05
-1.1846239160674698e-05
-1.1964596543397453e-05
-1.2084136450968273e-05
-1.2204870698065236e-05
-1.2326811217963907e-05
-1.2449970061943047e-05
-1.2574359402507184e-05
-1.2699991533920136e-05
-1.282687887298453e-05
-1.2955033960501824e-05
-1.3084469462994438e-05
-1.3215198173076949e-05
-1.3347233011481095e-05
-1.348058702784559e-05
-1.3615273402284476e-05
-1.3751305446862842e-05
-1.3888696605727569e-05
-1.4027460458340029e-05
-1.4167610719565673e-05
-1.4309161241014499e-05
-1.4452126012972982e-05
-1.4596519165266764e-05
-1.4742354969043541e-05
-1.4889647838264776e-05
-1.5038412330425704e-05
-1.5188663148881908e-05
-1.5340415143488432e-05
-1.5493683313089212e-05
-1.564848280578633e-05
-1.5804828921259283e-05
-1.5962737111853225e-05
-1.6122222984560428e-05
-1.6283302302538003e-05
-1.6445990985721783e-05
-1.6610305113593914e-05
-1.677626092636518e-05
-1.694387482601041e-05
-1.7113163378944946e-05
-1.7284143316725897e-05
-1.7456831538198436e-05
-1.763124511126868e-05
-1.780740127392544e-05
-1.7985317436648024e-05
-1.816501118409239e-05
-1.834650027611809e-05
-1.8529802650272403e-05
-1.8714936423148195e-05
-1.8901919892741828e-05
-1.9090771539657936e-05
-1.9281510028962973e-05
-1.947415421231502e-05
-1.966872313009793e-05
-1.986523601214818e-05
-2.006371228112369e-05
-2.026417155346922e-05
-2.0466633641422986e-05
-2.0671118555830076e-05
-2.0877646506672724e-05
-2.1086237906161806e-05
-2.1296913370702497e-05
-2.1509693722488593e-05
-2.172459999153463e-05
-2.1941653418356896e-05
-2.216087545540632e-05
-2.2382287769610702e-05
-2.2605912244387863e-05
-2.2831770981480114e-05
-2.305988630388247e-05
-2.3290280757481963e-05
-2.3522977113308446e-05
-2.3757998370114563e-05
-2.3995367756062327e-05
-2.423510873181961e-05
-2.447724499233736e-05
-2.472180046874349e-05
-2.496879933230065e-05
-2.5218265995054353e-05
-2.5470225112929692e-05
-2.5724701588463947e-05
-2.5981720572994943e-05
-2.624130746942642e-05
-2.6503487933736574e-05
-2.67682878787737e-05
-2.703573347547731e-05
-2.7305851158198648e-05
-2.7578667622446366e-05
-2.7854209832923506e-05
-2.813250502312504e-05
-2.8413580698637315e-05
-2.869746464088073e-05
-2.8984184904529316e-05
-2.927376982982111e-05
-2.956624803682e-05
-2.9861648433239345e-05
-3.0160000215617017e-05
-3.0461332870701345e-05
-3.076567618136083e-05
-3.107306022753385e-05
-3.1383515389456e-05
-3.169707235107589e-05
-3.201376210209368e-05
-3.233361594380535e-05
-3.2656665488664765e-05
-3.298294266510231e-05
-3.331247972169181e-05
-3.364530922761585e-05
-3.3981464077899684e-05
-3.4320977497052495e-05
-3.466388304117565e-05
-3.501021460107685e-05
-3.536000640654534e-05
-3.571329302948841e-05
-3.6070109386940503e-05
-3.643049074510063e-05
-3.679447272245074e-05
-3.716209129266297e-05
-3.753338278985165e-05
-3.790838391113174e-05
-3.8287131719768035e-05
-3.86696636488052e-05
-3.9056017506368954e-05
-3.944623147747505e-05
-3.9840344129261516e-05
-4.023839441412369e-05
-4.064042167370679e-05
-4.104646564220696e-05
-4.145656645121042e-05
-4.187076463284007e-05
-4.2289101124471686e-05
-4.271161727282353e-05
-4.313835483749887e-05
-4.3569355995151356e-05
-4.4004663343727435e-05
-4.444431990726586e-05
-4.488836913923072e-05
-4.5336854927022826e-05
-4.578982159735446e-05
-4.624731391911219e-05
-4.6709377108753e-05
-4.717605683463824e-05
-4.7647399220934115e-05
-4.8123450852942395e-05
-4.86042587813265e-05
-4.908987052698816e-05
-4.958033408551839e-05
-5.007569793193823e-05
-5.057601102601299e-05
-5.108132281603987e-05
-5.1591683244682105e-05
-5.210714275366015e-05
-5.262775228855629e-05
-5.315356330377744e-05
-5.368462776821482e-05
-5.422099816991782e-05
-5.4762727521141395e-05
-5.5309869364012225e-05
-5.5862477775011504e-05
-5.6420607371670053e-05
-5.698431331672331e-05
-5.755365132444209e-05
-5.812867766566838e-05
-5.870944917308365e-05
-5.9296023247458235e-05
-5.988845786303852e-05
-6.048681157301604e-05
-6.109114351606111e-05
-6.170151342185098e-05
-6.231798161639157e-05
-6.294060902793143e-05
-6.3569457194536e-05
-6.420458826843136e-05
-6.484606502307798e-05
-6.549395085919847e-05
-6.614830981068907e-05
-6.680920655096451e-05
-6.747670640027824e-05
-6.815087533163173e-05
-6.883177997619831e-05
-6.951948763128483e-05
-7.02140662668816e-05
-7.091558453200392e-05
-7.162411176102855e-05
-7.233971798185435e-05
-7.306247392144466e-05
-7.379245101379333e-05
-7.452972140695744e-05
-7.527435796822858e-05
-7.602643429443535e-05
-7.678602471701285e-05
-7.755320431067315e-05
-7.83280488999491e-05
-7.911063506662111e-05
-7.990104015783328e-05
-8.069934229348565e-05
-8.150562037427083e-05
-8.231995408891144e-05
-8.314242392196522e-05
-8.397311116291117e-05
-8.481209791271564e-05
-8.565946709301284e-05
-8.651530245377671e-05
-8.73796885816824e-05
-8.825271090873448e-05
-8.913445572042287e-05
-9.002501016427636e-05
-9.092446225834059e-05
-9.183290090034632e-05
-9.275041587609108e-05
-9.367709786860484e-05
-9.461303846661933e-05
-9.555833017415628e-05
-9.651306641939066e-05
-9.747734156399915e-05
-9.845125091244061e-05
-9.943489072142692e-05
-0.00010042835820921759
-0.00010143175156557887
-0.00010244516996078926
-0.00010346871355687505
-0.00010450248351599994
-0.00010554658201110496
-0.00010660111223603786
-0.00010766617841542672
-0.00010874188581567936
-0.00010982834075437579
-0.00011092565061195553
-0.00011203392384114485
-0.00011315326997872683
-0.00011428379965539048
-0.00011542562460741348
-0.00011657885768752928
-0.00011774361287579592
-0.00011892000529140339
-0.00012010815120306944
-0.00012130816804190297
-0.0001225201744115966
-0.000123744290101977
-0.00012498063609762012
-0.0001262293345947052
-0.0001274905090067925
-0.00012876428398483463
-0.00013005078542019648
-0.00013135014046723064
-0.0001326624775463592
-0.00013398792636331583
-0.00013532661791972728
-0.0001366786845238689
-0.000138044259810524
-0.00013942347874316264
-0.00014081647764171447
-0.00014222339417852264
-0.00014364436741246738
-0.00014507953777954615
-0.00014652904713253437
-0.00014799303872472028
-0.00014947165726227236
-0.0001509650488703609
-0.00015247336116551153
-0.00015399674320447918
-0.0001555353455673521
-0.0001570893203108877
-0.0001586588210264062
-0.00016024400284317674
-0.00016184502241296578
-0.00016346203800540098
-0.00016509520939577554
-0.00016674469804902237
-0.00016841066693990578
-0.00017009328077719887
-0.00017179270581270698
-0.0001735091100568038
-0.00017524266309900524
-0.00017699353634258392
-0.00017876190275053962
-0.0001805479372019045
-0.00018235181610019738
-0.0001841737178602974
-0.0001860138224263827
-0.0001878723117705059
-0.00018974936950467422
-0.0001916451811775766
-0.0001935599341807172
-0.0001954938176920545
-0.0001974470229622672
-0.00019941974286186948
-0.00020141217261960003
-0.00020342450878848623
-0.0002054569507940931
-0.0002075096987425543
-0.00020958295659128545
-0.0002116769278174811
-0.0002137918211864362
-0.000215927843602201
-0.0002180852084511381
-0.000220264126805262
-0.00022246481568196502
-0.0002246874918134436
-0.0002269323744013398
-0.00022919968728230943
-0.0002314896510436661
-0.000233802496914964
-0.00023613844747391892
-0.0002384977403956807
-0.00024088060150627747
-0.0002432872741737614
-0.0002457179876997756
-0.0002481729920165276
-0.00025065251837403345
-0.0002531568254515223
-0.00025568614477595314
-0.00025824074381504414
-0.0002608208579759066
-0.00026342675500476106
-0.0002660586890513741
-0.0002687169086208322
-0.0002714017076394272
-0.0002741132984592368
-0.0002768520214499249
-0.0002796180610452831
-0.00028241178122260114
-0.0002852333720911554
-0.00028808318637548336
-0.0002909614458489272
-0.00029386848343469557
-0.0002968045426490276
-0.00029976995986641993
-0.000302764974820065
-0.00030578994239537386
-0.0003088451034441017
-0.0003119308067407005
-0.0003150473316490182
-0.0003181949820171869
-0.00032137410469897847
-0.00032458494638653765
-0.00032782791922474465
-0.000331103223137444
-0.0003344113315193586
-0.0003377523788583126
-0.0003411269553512911
-0.0003445350283059669
-0.0003479774561045751
-0.00035145384149759
-0.0003549655429089431
-0.0003585115569878991
-0.0003620939391639217
-0.000365711068141068
-0.00036936532952944103
-0.0003730553655529181
-0.0003767824710929709
-0.00038054734451164335
-0.00038434843649620036
-0.00038818975623354567
-0.0003920664772229463
-0.0003959854517415996
-0.00039993971262547315
-0.00040393755988138175
-0.0004079711003066016
-0.00041204940439902756
-0.00041616361019103853
-0.00042032428369077066
-0.000424520410366596
-0.00042876556590012126
-0.00043304483546458645
-0.0004373761304695689
-0.000441742131331177
-0.0004461530337488183
-0.0004506169738074991
-0.0004550983954828766
-0.0004596714550510377
-0.00046422604431469014
-0.0004688980573058967
-0.00047354238616080513
-0.0004782956748345473
-0.0004830435777821969
-0.00048787421861907
-0.0004927266948269201
-0.0004976425301765407
-0.0005025969676072011
-0.0005076052424202722
-0.0005126702079643439
-0.0005177640909622364
-0.0005229426733841924
-0.0005281225590303583
-0.0005334159116379432
-0.000538698752697405
-0.0005440899120085982
-0.0005494815941547316
-0.0005549744612466214
-0.0005604775874349932
-0.0005660706806334785
-0.0005716819889943527
-0.0005774088898254509
-0.0005830862160819753
-0.0005890016902399299
-0.0005946930058718849
-0.0006008287931268752
-0.0006065271262134949
-0.0006128881898199729
-0.0006185978674881805
-0.0006250966482304401
-0.0006312731542158431
-0.0006371927117461869
-0.0006443181211821473
-0.0006495637255601993
-0.0006573941625210942
-0.0006626082227688132
-0.0006706184298711395
-0.000675719680167876
-0.0006844029583568945
-0.000689246269498513
-0.0006980252211093779
-0.000703129224753849
-0.0007120148168772743
-0.0007168650222169511
-0.000726728297702102
-0.0007304870334768378
-0.0007419662810638659
-0.0007448345215826007
-0.0007556364877667537
-0.0007676188236562017
-0.0007152187809813595
-0.0007853373497078153
-0.0007268797244751046
-0.000789767542666131
-0.0007570987422933495
-0.0007519541368826849
-0.0007250356386034051
-0.0007695518849397259
-0.0006927409758525488
-0.0006733418033565627
-0.0007140886017082699
-0.0006702925580882417
-0.0007227253885998888
-0.0006963779343906532
-0.0007389284522958672
-0.0007177979268561951
-0.0007652140976858873
-0.0006855009506866391
-0.0007686767680059386
-0.0008124110567078744
-0.0007680241005000371
-0.0008471049856354843
-0.0007987901641011291
-0.0008568862220773854
-0.0008236889514086007
-0.0008643137757612697
-0.0008481404411403853
-0.000867881924413099
-0.0008707896846811662
-0.0008767899146412155
-0.0008942812649062912
-0.0008978420972492062
-0.0008554930653235043
-0.000926161184181294
-0.0007951768777932406
-0.001056944688861484
-0.0007558505973922486
-0.0010536506333800111
-0.0009254051738089318
-0.0009712679299732507
-0.0010002383425919297
-0.0009185340405059994
-0.0010316308062257116
-0.0008864931859304491
-0.0009685820894239805
-0.0010357432542165417
-0.000902381658483626
-0.0010755819858891359
-0.0009332877079898366
-0.0010760745451013026
-0.0009774567865205972
-0.0010738566388637438
-0.0010248919626168035
-0.0010252177493336296
-0.0010456074650091376
-0.0011521110504497788
-0.0010056797427246671
-0.001188981931147954
-0.0010390566900860057
-0.0011936295888970718
-0.001033183875221526
