-0.0007813353373247782
-0.000771324699837617
-0.0007934820573308863
-0.0007894111321892514
-0.0008024123967744659
-0.0008146963252921911
-0.0008193719236753766
-0.0008269317009391349
-0.0008314419556303905
-0.0008392452576358554
-0.000856902520982405
-0.0008475495576678448
-0.0008745073766413724
-0.0008249765472949878
-0.0008981575681723747
-0.0008275782391739101
-0.000878025915352252
-0.0008452938052795785
-0.0008938461510048046
-0.000867212311296129
-0.0008809613242132016
-0.0008932839378282802
-0.0008588687510630719
-0.0009250387707072893
-0.0008322664501669996
-0.0009685586149655085
-0.0008086660298761053
-0.0009784421246312334
-0.0008398302621095241
-0.000944325360166283
-0.0008855698848676589
-0.0009429740875072866
-0.0009007966249240726
-0.0009048650243599252
-0.000884139860699128
-0.0008944363787360337
-0.0008587361817012142
-0.0009109691530735493
-0.0008812665581700383
-0.000909855762685827
-0.0009141774090093482
-0.0009172862492520088
-0.0009255448062209993
-0.0009548909968699665
-0.0009514169664064035
-0.0009795736626336956
-0.0010135358729749713
-0.0009941307209630455
-0.0010317123758598816
-0.001003213380008301
-0.00099897433709774
-0.00099814285892867
-0.000976771177892636
-0.0009699444198309509
-0.0009291496544694394
-0.0009919089888630217
-0.0009593636179369724
-0.0009875282394552559
-0.0009719104619162016
-0.001041049741991248
-0.0010008017102186091
-0.0010908879860412007
-0.0010529647362536305
-0.0011073028434945356
-0.001077443277393252
-0.0011367341412056107
-0.001105046487928708
-0.0011221636853082848
-0.0015703126602515363
-0.001590464305566884
-0.0014327738695148738
-0.0013350149741702111
-0.0011589117871104227
-0.0009652826892222123
-0.0007893146536842271
-0.0009079317405400441
-0.0007252255396460294
-0.0008738868215362115
-0.0007538629036459852
-0.0012136271991022734
-0.0008569743477788981
-0.0011949461444405352
-0.000646236063358935
-0.0013743706918578657
-0.00031562450089471343
-0.0009928737393391986
0.002991630560121626
0.00014124004676129524
0.11074497913961297
0.21591437825247473
0.1797848088010497
0.08079873058834747
0.020567361395036322
0.013659924029740884
-0.005705402216014789
-0.03958628073173873
-0.10061550147776951
-0.12526046406762661
-0.11725885151484942
-0.06189973622329986
-0.04547310499150111
-0.06642556120917817
-0.06506714561505858
-0.03476692800230653
0.010976557893773574
0.04487884991546765
0.06665121405708929
0.06093958812740469
0.025520724077687684
0.00645594671360453
0.01113713008920803
0.04970583762427737
0.06706134305757996
0.039490822938030294
0.0025374110284941283
-0.011815386534249605
-0.019001215429598116
-0.018252856074710236
-0.007931231624942862
-0.014979387229286968
-0.02209860570610009
-0.01485364053540781
-0.01079060378681448
-0.020408144161044386
-0.029418326465624055
-0.023068075878873204
-0.012344700972749395
-0.00024297378970808956
0.006092535874816885
0.006102460248982694
0.00852716610897526
0.008072408912862447
0.00609231620436612
0.00931349907524619
0.017730953839055617
0.020729340502085622
0.01786753424083854
0.018358466420493588
0.01696292624515414
0.01443413794459981
0.004730354020589189
-0.001783944010562942
-0.004073971206412487
-0.0031198690222485007
-0.0047608153276646765
-0.01083167779993686
-0.018815646945791208
-0.023590910246110302
-0.023287592085876274
-0.016573843476872605
-0.009757814645668491
-0.0034796895392853276
-0.0027482968449401186
-0.00036431508176222843
0.0017977961531486916
0.003491588514907607
0.005125140424776981
0.010337029772750566
0.013577739738585753
0.01341571933920301
0.009764333248010845
0.006429712952461756
0.0017385893692821088
-0.0008027114258176257
-0.0022065313222968098
-0.0002725491777612384
0.0009022530542457056
-0.0005355198845905765
-0.004224548624688611
-0.006207127426960627
-0.00665638273601729
-0.005202382415496818
-0.0033387846738535476
-0.0012308712372126349
-0.0004165943367629595
0.00042069430948765045
0.000650812741857537
0.000687293474117061
-0.00033650245391559725
-8.76848091668379e-06
0.0009014500822272889
0.003282496528925177
0.004073579818897558
0.004189121718330439
0.0028073620829433595
0.0015986383433026496
9.821118819375329e-05
0.00017547084520973429
0.0004474385066323074
0.0013023702100036316
0.0008738003627974596
0.00027147579663894066
-0.0009916899943423802
-0.0014968915224625376
-0.0019126154705666337
-0.0011951802515860535
-0.0005356091997980516
0.00044412125675114726
0.0004419357888329024
0.00022082643709731416
-0.0006100931013010753
-0.0009518606820164907
-0.0008713240939496852
-7.4464034494802e-05
0.0006828193196054196
0.001509482270262729
0.0013238490450258546
0.001069641461909789
0.0004975416885311561
0.00043004609899381614
0.00029309340147926283
0.0008599309435481249
0.001021897594855362
0.0010774875762001735
0.0005816640428193862
0.00018088409250759428
-0.0005851270379780629
-0.0006862498893778178
-0.0007429632105786788
1.3791861098610796e-05
0.00041011047636605846
0.0008574699901924091
0.0006701789686372032
0.0008134745972597384
0.0007840500936620589
0.0010253257104740569
0.0012913433008732763
0.001956513509295068
0.002062507218068422
0.0018432883302390622
0.0012416143784631743
0.0010911140016616903
0.0006598110353601757
0.00035243599743349887
-5.0643455971866624e-05
0.0002372091797547081
0.0005500177042661385
0.0004511334060621403
-0.00017259030728092396
-0.0005620355408434267
-0.0007347388001262642
-0.0007435241153945427
-0.0004202105356504275
-0.00013537874280408174
-0.00015341312480039946
0.00015575918941713294
-3.6760267921024823e-06
0.00015466515194181366
-6.77061679280599e-05
7.36537321057768e-05
-0.00014394233448304167
5.333477554308468e-05
-8.736018608630085e-05
0.0001029671610453363
-3.525291869961765e-05
0.00012013354927611173
-4.965101040060329e-05
7.987811638751705e-05
-7.153510160002577e-05
6.398136171149556e-05
-6.913134187402253e-05
6.89534687577806e-05
-6.0695909688748525e-05
6.607931601900396e-05
-6.270433351800392e-05
5.643461471531127e-05
-6.752441699559573e-05
4.775448303869748e-05
-6.571058410859707e-05
4.736032536363726e-05
-5.86664371796264e-05
4.9430357073793594e-05
-5.3526257061812404e-05
4.724164147322036e-05
-5.228576960673788e-05
4.3390171952822427e-05
-5.123463124623149e-05
4.116179368992195e-05
-4.844367898417564e-05
3.996159871823678e-05
-4.565468048151327e-05
3.836056361115295e-05
-4.386287837352857e-05
3.607279477494253e-05
-4.2452787007678434e-05
3.390174249557883e-05
-4.084409239180146e-05
3.220379514371082e-05
-3.9072039097537295e-05
3.060683934922947e-05
-3.750425937186074e-05
2.8901122938834907e-05
-3.615640940717458e-05
2.7238477884720036e-05
-3.480629643462681e-05
2.575383026321153e-05
-3.342267585129682e-05
2.438676303927504e-05
-3.211038351373306e-05
2.303781542533237e-05
-3.090804498131168e-05
2.1711390862441042e-05
-2.9775013908036708e-05
2.0455081091686148e-05
-2.867428658923077e-05
1.927211257247112e-05
-2.7617493800817385e-05
1.8136555630497955e-05
-2.6624568127233512e-05
1.703640291652356e-05
-2.5688899651879878e-05
1.598042450638798e-05
-2.4796403857400726e-05
1.4974266090345947e-05
-2.3944210170922793e-05
1.4011611775627063e-05
-2.3135888506393637e-05
1.3086113216663553e-05
-2.2371126333947216e-05
1.2197306143082095e-05
-2.1645317273814358e-05
1.1345969645173949e-05
-2.0955306324718973e-05
1.0530275737469935e-05
-2.0300728619511695e-05
9.747095124585672e-06
-1.9681045833144778e-05
8.994562632765616e-06
-1.9094366501418804e-05
8.27191972370582e-06
-1.8538649354595883e-05
7.578014458508725e-06
-1.80126160596047e-05
6.911163163925258e-06
-1.7515327488090097e-05
6.269850609369525e-06
-1.7045576176470125e-05
5.652953119635021e-06
-1.6602002091878606e-05
5.05943138910393e-06
-1.618342460237552e-05
4.488124358087713e-06
-1.5788849185555728e-05
3.937869504789959e-06
-1.541729796225577e-05
3.4076351040669695e-06
-1.5067762615960517e-05
2.8964769166819893e-06
-1.4739282001561041e-05
2.4034602163950465e-06
-1.4430981751544978e-05
1.927662707534774e-06
-1.414203651318828e-05
1.4682133003592751e-06
-1.3871639719323023e-05
1.0242975823373211e-06
-1.3619014214369136e-05
5.951353684386165e-07
-1.3383427823263419e-05
1.7997103504653264e-07
-1.3164189333238511e-05
-2.219188037977035e-07
-1.2960637024134192e-05
-6.11220791894504e-07
-1.2772136381671234e-05
-9.88589785888257e-07
-1.2598083844331384e-05
-1.3546542283093994e-06
-1.2437906899501368e-05
-1.7100165244331167e-06
-1.2291060436861673e-05
-2.0552519673427624e-06
-1.2157024266146112e-05
-2.3909099984656965e-06
-1.203530289662681e-05
-2.7175165853874847e-06
-1.1925425295811459e-05
-3.035575561570708e-06
-1.1826943501498871e-05
-3.34556908810962e-06
-1.173943105861391e-05
-3.647958396608671e-06
-1.1662482107288401e-05
-3.943185013323705e-06
-1.1595710751150954e-05
-4.231671864322146e-06
-1.1538750197897466e-05
-4.513824052382147e-06
-1.1491251770388367e-05
-4.790029573386884e-06
-1.1452884051601359e-05
-5.060660138464165e-06
-1.1423332181152365e-05
-5.326072002606944e-06
-1.1402297162592043e-05
-5.586606696333495e-06
-1.1389495138385474e-05
-5.8425916826482325e-06
-1.1384656692526988e-05
-6.094341010666753e-06
-1.1387526222823201e-05
-6.3421559665299485e-06
-1.139786135030945e-05
-6.586325686020952e-06
-1.1415432336822455e-05
-6.8271277245844295e-06
-1.1440021525360201e-05
-7.064828602088729e-06
-1.1471422809145103e-05
-7.299684332053609e-06
-1.150944113489287e-05
-7.5319409288053226e-06
-1.1553892023861544e-05
-7.761834886129207e-06
-1.160460111268146e-05
-7.989593634850824e-06
-1.1661403715432228e-05
-8.215435979591623e-06
-1.17241444085453e-05
-8.439572519411062e-06
-1.1792676635244415e-05
-8.662206047865828e-06
-1.1866862326938288e-05
-8.883531933805491e-06
-1.1946571541787947e-05
-9.10373848675601e-06
-1.2031682121389775e-05
-9.323007305285166e-06
-1.2122079363180785e-05
-9.541513610988872e-06
-1.221765570799194e-05
-9.759426565981999e-06
-1.2318310441839647e-05
-9.976909577529697e-06
-1.2423949412656253e-05
-1.019412058880266e-05
-1.2534484759481497e-05
-1.0411212357201369e-05
-1.264983465543352e-05
-1.0628332719473006e-05
-1.2769923061197938e-05
-1.08456248464903e-05
-1.2894679492269148e-05
-1.1063227485501315e-05
-1.3024038795226948e-05
-1.1281275192683016e-05
-1.3157940935858928e-05
-1.1499898555096174e-05
-1.3296330797133056e-05
-1.1719224403173656e-05
-1.3439157986758053e-05
-1.1939376014374892e-05
-1.3586376654327304e-05
-1.2160473306978184e-05
-1.3737945316112546e-05
-1.2382633025926834e-05
-1.3893826689917406e-05
-1.2605968922064318e-05
-1.405398753675831e-05
-1.283059192051393e-05
-1.421839851062293e-05
-1.3056610286424659e-05
-1.4387034016780315e-05
-1.3284129779117022e-05
-1.4559872074257962e-05
-1.3513253802511848e-05
-1.4736894187490836e-05
-1.374408354752046e-05
-1.491808522329768e-05
-1.3976718130777422e-05
-1.5103433295207691e-05
-1.4211254724934725e-05
-1.5292929651182507e-05
-1.444778868518043e-05
-1.5486568570116654e-05
-1.4686413670805809e-05
-1.5684347260598065e-05
-1.4927221759220878e-05
-1.5886265766593523e-05
-1.5170303559399953e-05
-1.6092326878511293e-05
-1.541574831696307e-05
-1.630253604623379e-05
-1.5663644017024648e-05
-1.6516901300251164e-05
-1.5914077483391296e-05
-1.673543317457044e-05
-1.616713447167393e-05
-1.6958144633587045e-05
-1.6422899760683392e-05
-1.718505100475072e-05
-1.6681457239725505e-05
-1.7416169913369775e-05
-1.6942889992431425e-05
-1.7651521221655447e-05
-1.720728037722896e-05
-1.789112697063051e-05
-1.747471010492998e-05
-1.8135011326078003e-05
-1.7745260313656915e-05
-1.8383200526989223e-05
-1.801901164087207e-05
-1.8635722837556013e-05
-1.829604429245889e-05
-1.8892608501397593e-05
-1.857643811012195e-05
-1.915388969938373e-05
-1.8860272635581123e-05
-1.941960050910548e-05
-1.9147627172691424e-05
-1.968977686755715e-05
-1.9438580848085544e-05
-1.9964456536246335e-05
-1.973321266882837e-05
-2.024367906798346e-05
-2.0031601578963292e-05
-2.052748577691002e-05
-2.0333826513717476e-05
-2.081591970951968e-05
-2.0639966451985636e-05
-2.110902561866057e-05
-2.095010046790954e-05
-2.1406849939247853e-05
-2.1264307779801867e-05
-2.170944076561657e-05
-2.158266779865971e-05
-2.2016847830953854e-05
-2.1905260174086337e-05
-2.232912248791984e-05
-2.223216483995897e-05
-2.2646317691997844e-05
-2.2563462058713415e-05
-2.296848798562565e-05
-2.289923246371646e-05
-2.329568948380718e-05
-2.323955710085534e-05
-2.362797986176174e-05
-2.358451747049874e-05
-2.3965418344240846e-05
-2.3934195565409764e-05
-2.430806569449868e-05
-2.4288673910885018e-05
-2.4655984207176804e-05
-2.464803560215745e-05
-2.5009237700187696e-05
-2.501236434117291e-05
-2.5367891509172382e-05
-2.538174447387829e-05
-2.573201248306775e-05
-2.5756261024758762e-05
-2.6101668979544693e-05
-2.613599973155624e-05
-2.6476930863576686e-05
-2.652104708150973e-05
-2.6857869505212884e-05
-2.691149034120072e-05
-2.7244557779014842e-05
-2.7307417594846724e-05
-2.7637070067325538e-05
-2.770891777293668e-05
-2.8035482258392575e-05
-2.8116080685944078e-05
-2.843987175097344e-05
-2.852899705567684e-05
-2.8850317457076072e-05
-2.8947758546290632e-05
-2.926689980628472e-05
-2.9372457795801026e-05
-2.9689700752101873e-05
-2.9803188446824e-05
-3.0118803776850117e-05
-3.0240045176191925e-05
-3.0554293898840587e-05
-3.068312372536851e-05
-3.099625768076396e-05
-3.113252093095897e-05
-3.14447832381094e-05
-3.1588334752708554e-05
-3.1899960246848806e-05
-3.2050664303871724e-05
-3.2361879955813033e-05
-3.251960988089254e-05
-3.283063519605246e-05
-3.2995272991389116e-05
-3.330632039230872e-05
-3.347775638373877e-05
-3.3789031575445584e-05
-3.396716407560161e-05
-3.4278866395183555e-05
-3.446360138343635e-05
-3.477592413409652e-05
-3.496717495048794e-05
-3.5280305720684975e-05
-3.5477992775559555e-05
-3.5792113745087593e-05
-3.59961642420278e-05
-3.63114524739382e-05
-3.652180014642287e-05
-3.683842786705209e-05
-3.7055012727163185e-05
-3.737314759331978e-05
-3.75959156932934e-05
-3.7915721048609186e-05
-3.814462425341669e-05
-3.846625937314451e-05
-3.87012551443704e-05
-3.902487547056727e-05
-3.926592666109348e-05
-3.959168402667412e-05
-3.9838758684546116e-05
-4.016680152849755e-05
-4.0419872711626795e-05
-4.075034628545082e-05
-4.100939188486641e-05
-4.134243844956115e-05
-4.160744102117524e-05
-4.1943200036654357e-05
-4.221414664251459e-05
-4.2552754948750604e-05
-4.282963700485802e-05
-4.3171228995780506e-05
-4.3454042129242e-05
-4.379874991978757e-05
-4.408749383180699e-05
-4.4435447417178614e-05
-4.4730125754108285e-05
-4.5081453163699475e-05
-4.538207339427076e-05
-4.573690083877705e-05
-4.6043474137872145e-05
-4.64019261505117e-05
-4.6714467289133386e-05
-4.707666686173777e-05
-4.7395194103251256e-05
-4.776126281657786e-05
-4.808579781735191e-05
-4.845585596640906e-05
-4.878642368341332e-05
-4.916059039834818e-05
-4.949721900081748e-05
-4.9875612362377175e-05
-5.021833314844252e-05
-5.06010703000344e-05
-5.0949917618912065e-05
-5.1337114874095086e-05
-5.169212605161304e-05
-5.208389899695812e-05
-5.2445114266113854e-05
-5.2841577861199515e-05
-5.320904029710964e-05
-5.3610308971763915e-05
-5.3984064430405865e-05
-5.4390252175582797e-05
-5.477034923420795e-05
-5.5181569692738255e-05
-5.556805959849008e-05
-5.598442615151211e-05
-5.6377362769035114e-05
-5.6798988618441716e-05
-5.7198428382792404e-05
-5.762542663394123e-05
-5.803142850834258e-05
-5.8463912246469255e-05
-5.887653767830826e-05
-5.93146200445555e-05
-5.9733932930466006e-05
-6.017772719630113e-05
-6.0603793845275433e-05
-6.105341348196193e-05
-6.148630258247332e-05
-6.194186133066243e-05
-6.238164392201881e-05
-6.284325585928507e-05
-6.329000530409454e-05
-6.37577849091197e-05
-6.421157686735185e-05
-6.468563908340651e-05
-6.51465514911135e-05
-6.562701178787662e-05
-6.609512483577015e-05
-6.658209926909092e-05
-6.70574953848457e-05
-6.75511006550467e-05
-6.803386448711417e-05
-6.853421799643783e-05
-6.902443639928931e-05
-6.9531656306929e-05
-7.002941832939856e-05
-7.054362360644616e-05
-7.104902048099635e-05
-7.157033096339609e-05
-7.208345609727553e-05
-7.261199253791567e-05
-7.313294150677223e-05
-7.366882562671103e-05
-7.419769616853408e-05
-7.474105070709187e-05
-7.527794271941924e-05
-7.582889148319608e-05
-7.63739070201875e-05
-7.693257493146055e-05
-7.748581820363047e-05
-7.805233134804297e-05
-7.861390872317118e-05
-7.91883943962406e-05
-7.975841440118083e-05
-8.034100115459134e-05
-8.091957447934592e-05
-8.1510392166577e-05
-8.209763166893243e-05
-8.26968114897984e-05
-8.329283220139948e-05
-8.390050674704635e-05
-8.450542588127707e-05
-8.512172917722111e-05
-8.57356661372588e-05
-8.636073368775333e-05
-8.69838100769104e-05
-8.761777890733773e-05
-8.825011853969979e-05
-8.889312723973919e-05
-8.953485615246613e-05
-9.018704491807723e-05
-9.083829138436449e-05
-9.149980206023711e-05
-9.216069660374939e-05
-9.283167272495569e-05
-9.350234813508287e-05
-9.418293496923913e-05
-9.486352631774345e-05
-9.555387090555423e-05
-9.624451556267035e-05
-9.694476676012302e-05
-9.764560441453713e-05
-9.835591293419981e-05
-9.906708561122296e-05
-9.978760406249864e-05
-0.00010050925614407512
-0.0001012401390756934
-0.00010197241732292825
-0.00010271382126290083
-0.00010345687483587153
-0.00010420895833283415
-0.00010496293881531103
-0.00010572586248026243
-0.00010649092390301371
-0.00010726485045026888
-0.0001080411493154812
-0.0001088262436034479
-0.00010961393891008233
-0.00011041036798370009
-0.00011120962125478385
-0.00011201755438643949
-0.00011282852969516776
-0.0001136481384258927
-0.00011447100242393319
-0.0001153024606068937
-0.00011613738255448323
-0.0001169808663956487
-0.00011782801818886334
-0.00011868370628957914
-0.00011954326249358796
-0.0001204113358943124
-0.00012128347377254219
-0.00012216411599398462
-0.0001230490155410771
-0.00012394241262855986
-0.00012484025660322866
-0.00012574659717001172
-0.00012665757112868955
-0.0001275770463991826
-0.0001285013387302248
-0.0001294341425847411
-0.0001303719445439564
-0.00013131827356283412
-0.00013226977930931984
-0.00013322983281814258
-0.00013419523945141555
-0.00013516921956592228
-0.00013614872716306392
-0.0001371368388351882
-0.000138130650489772
-0.0001391331015532696
-0.00014014142341450228
-0.0001411584246315162
-0.00014218146594427683
-0.00014321323105235894
-0.00014425120419793623
-0.00014529794995747565
-0.0001463510704953881
-0.00014741301673763276
-0.00014848150344739524
-0.00014955887312352947
-0.00015064294804816795
-0.00015173596727852096
-0.0001528358557673804
-0.00015394475389105824
-0.0001550606846443713
-0.00015618569427069772
-0.00015731789938456977
-0.0001584592564442646
-0.00015960797145640548
-0.000160765915252034
-0.00016193137919059887
-0.0001631061524480867
-0.00016428860787969543
-0.0001654804568000254
-0.00016668014987932938
-0.00016788932419106728
-0.00016910650471286498
-0.00017033325772397795
-0.0001715681791740957
-0.00017281276782562242
-0.00017406568743253754
-0.00017532837235372214
-0.0001765995511429228
-0.0001778805967040804
-0.00017917029955398045
-0.00018046997392024872
-0.00018177846961665387
-0.00018309704481408147
-0.00018442460607996655
-0.00018576235809389656
-0.00018710926161139796
-0.00018846647044185874
-0.00018983299694611775
-0.00019120994663353964
-0.00019259638096402588
-0.00019399335968670885
-0.00019539999083133082
-0.00019681729094221952
-0.0001982444121386037
-0.00019968233019809517
-0.00020113023900277514
-0.00020258907582526402
-0.0002040580741951468
-0.00020553813491175273
-0.0002070285292352552
-0.00020853012341284294
-0.00021004222462627772
-0.0002115656658525892
-0.00021309979050978395
-0.00021464539551650704
-0.00021620186539889072
-0.0002177699564085884
-0.0002193490964859351
-0.00022094000137863243
-0.00022254214185533612
-0.00022415619278832948
-0.00022578166779005864
-0.00022741920290271316
-0.00022906835019957254
-0.00023072971318921325
-0.00023240287443909388
-0.00023408841557364917
-0.00023578593675209632
-0.00023749601157101174
-0.00023921824379047676
-0.00024095321416975693
-0.00024270051222239145
-0.0002444607443014519
-0.0002462334708890271
-0.00024801933132219384
-0.0002498178597410915
-0.0002516297189272595
-0.0002534544285499995
-0.00025529266158441817
-0.0002571439372235948
-0.00025900892296928024
-0.0002608871580157693
-0.00026277927696064483
-0.0002646848718637503
-0.0002666045120127856
-0.0002685378706000366
-0.0002704854267618767
-0.0002724469620354348
-0.0002744228338360398
-0.0002764129586930893
-0.00027841756517218096
-0.00028043666678658234
-0.0002824704951534763
-0.00028451886783620317
-0.00028658250403123907
-0.00028866045022741746
-0.000290754334503462
-0.0002928623896403062
-0.0002949868497404808
-0.00029712550950536636
-0.00029928099979264133
-0.0003014507289997556
-0.0003036376146298601
-0.00030583895754995047
-0.0003080575653269927
-0.00031029114491991773
-0.0003125417222285496
-0.0003148082703341577
-0.0003170909998538268
-0.00031939139380104085
-0.0003217061024366006
-0.00032404205609937
-0.0003263862088508235
-0.0003287631054465223
-0.0003311342928891906
-0.000333549147692248
-0.00033595919429577244
-0.0003384016281579236
-0.00034085332127094595
-0.0003433258395612298
-0.00034581606597063616
-0.00034831709166961635
-0.0003508494456510411
-0.0003533819545738072
-0.00035596011425274897
-0.0003585200736447077
-0.0003611478083218444
-0.0003637352525015618
-0.0003664101479711815
-0.00036902816560932875
-0.00037174793653976107
-0.00037439568394044315
-0.00037715884687563087
-0.0003798492174791109
-0.0003826478483420318
-0.00038538986702252613
-0.00038821792479015174
-0.00039100634970761286
-0.00039387079066964883
-0.00039669810292120543
-0.00039960345393654645
-0.0004024820645527061
-0.00040541630623926184
-0.0004083438531034718
-0.0004113245647508687
-0.0004142849543957716
-0.00041732369993503077
-0.0004203052409001151
-0.0004234236638296059
-0.0004263833750222448
-0.0004296463227441358
-0.0004324937022902077
-0.000436018022000011
-0.0004386642453645508
-0.00044240118978949687
-0.0004452325205881527
-0.0004485117589433929
-0.00045208399066517385
-0.0004548895741845289
-0.0004587131080996485
-0.00046147603440413985
-0.0004653736472958799
-0.0004679861552094452
-0.00047230983770503703
-0.00047442767793602104
-0.00047979730788911754
-0.0004806330483706697
-0.0004876789500116059
-0.00048653290040714947
-0.0004962156917777232
-0.0004915159389230483
-0.0005062252150689224
-0.00049497827824555
-0.0005165407509264577
-0.0005186451324554699
-0.00048512115836558945
-0.0005553157044292294
-0.0004848277187575237
-0.0005261463331194359
-0.000504649571413808
-0.0005257773330154293
-0.0005427818733368325
-0.0005613972769010513
-0.0005585129077532807
-0.000592549195178033
-0.000529964761248826
-0.000603816414086799
-0.0005442243498043861
-0.0006004066908375872
-0.0005720035768589476
-0.0006083324784853642
-0.0005826367006075497
-0.0006334864307476883
-0.0006072905591083153
-0.0006334890586049127
-0.000640302598301805
-0.0006333699947470434
-0.0006141744717959446
-0.0006667573367271917
-0.0005798415218103217
-0.0006421437526522977
-0.0006150526707724363
-0.0006582211297492761
-0.0005860421441050943
-0.0006921426527545495
-0.000592148503362025
-0.000695315149584246
-0.0006246849427259305
-0.0006719583840599047
-0.0006401398794297504
-0.0006784024319632944
-0.0006646501799383426
-0.0006850164078370341
-0.0006862240550892622
-0.0006621054523330247
-0.0006673788129738817
-0.0006746943908741022
-0.0006672728080236478
-0.000685391488430219
-0.0006843700411135361
-0.0007006728055385775
-0.0007136545671670257
-0.0007106177431866834
-0.0007296047237539757
-0.0007188036126354888
-0.000739965849412257
-0.0007255617245938771
-0.00071574143330246
-0.0007606864511593748
-0.000733766428675737
-0.0007677170438170117
-0.0007709162160229814
-0.0007960688795296257
-0.0007761061278841944
-0.0008112033882908048
-0.0007898237713519982
-0.000938697924593826
-0.0009094022077400182
-0.0009174109449268227
-0.0009457912483712579
-0.0009479538726701911
-0.0009485010847221427
-0.0009602053867759789
-0.0009880723652834432
-0.0009788113427500454
-0.0010195764153409044
-0.0010152201600529408
-0.0010173864648481165
-0.0010155164575003425
-0.0010199776002199404
-0.001005199058874083
-0.001020943204888974
-0.0010028833552384751
-0.001045781314113567
-0.0010427226312756856
-0.0010469353270704793
-0.001098247037268199
-0.0010223571394539748
-0.0011156243041311954
-0.0009955318146789194
-0.001093988357948495
-0.0009610934422306259
-0.0010547641984677194
-0.0009207054555178192
-0.0010540557432992602
-0.0009282587901084144
-0.0010686579020265027
-0.0009490862034265184
-0.0010866619531595748
-0.0009724311114962422
-0.0011109536002162058
-0.0010236207442546345
-0.0011378840100387487
-0.0010956426176987211
-0.001169666597350918
-0.001134372261915179
-0.0011996792376084788
-0.0011124868176124536
-0.0011965198673157323
-0.0010603343144133485
-0.00114488351483116
-0.0010319181176754973
-0.0011385773071109948
-0.0010881412176988014
-0.0012071985643126576
-0.0011362478108227828
-0.001254839328864111
-0.0011708336066716233
-0.001277682614470844
-0.0011971880642207048
-0.0012894647395446156
-0.001191660482860927
-0.0014014749525194672
-0.0010531869189293332
-0.0020202448796663953
-0.0015805460120967907
-0.0018533030541491569
-0.0017775765937523822
-0.0015377845209882729
-0.0012935140258897439
-0.0009955241821150618
-0.0012486227087109688
-0.0007284879976374114
-0.0011596957043037755
-0.0007556088811446556
-0.0017607075615828625
-0.0005789056211368296
-0.002346206356204703
-0.00026611825294994384
-0.0033824924239313926
0.0015185308220955725
-0.005848998433447694
0.006674720022917909
-0.01683794860869456
0.11393066903419029
0.23119852791206205
0.18717231375273932
0.18108778931703912
0.11461332445516668
0.07163196612778823
-0.013008731140837008
-0.04991822321429538
-0.0976584025977518
-0.17659988475417054
-0.17672737064528204
-0.12816105544265596
-0.10863504124920911
-0.06626698417335018
-0.032542294639634095
0.016124752244228463
0.02225028114352192
-0.0026990031616576427
0.021524046885881366
0.04858275564823575
0.05154941963460901
0.023588966886999654
0.03366101129577537
0.041640611292778365
0.05463850744313703
0.04876640293197763
0.03543775027577308
0.007617290238258579
-0.010107078275100989
-0.017959562829274047
-0.011687509322274647
-0.009270141541101904
-0.01624151535668379
-0.034941441001487
-0.04649733283269636
-0.04177796052996756
-0.019437016197190876
-0.008954686254565455
-0.004186744721586769
-0.0038124022116127225
-0.0010491025999772312
-0.002312935516795414
0.0005222850441244033
0.012477386329129408
0.022022026977078748
0.014773424013134013
0.0022681148485359792
-0.0017331567853165655
0.0072075400517188914
0.012598357746574685
0.009884642003424957
0.0039971332715772155
-0.0005088776461399813
-0.005490249187552777
-0.00443433908682987
-0.005394006122745104
-0.0028217263530281676
-0.008728638560629255
-0.0124986091836963
-0.014496796721168074
-0.007829678873138903
-0.002045579510216171
6.14042180681287e-05
-0.0024362923767493193
-0.0010550149092483196
0.003602335823367147
0.009081700180745948
0.012002471255141957
0.01332710617949986
0.010469207824252105
0.0035527600098106023
-0.0010567238780059274
0.001958609761521208
0.006102183518768816
0.006003145606841984
-0.0010643989191394276
-0.0057123717279151595
-0.007415347025266394
-0.004696840290955755
-0.0026807099467808593
-0.0003617825292249922
-0.0016202054606324348
-0.004010653551977423
-0.007142271745592175
-0.004701741206461065
0.0005207629094200563
0.004923963074082162
0.0036941914281802455
0.0010768853162556112
-0.00014697719454834094
0.0020918671396736458
0.00430085688308027
0.005417882615621728
0.004041151589354365
0.002014165188385347
-0.001262341774519767
-0.0024386653750149995
-0.0015167732355177352
0.0005731737379474312
7.973391160750326e-05
-0.0014075710402323696
-0.002399158001800207
-0.0011712677423465676
-0.000350877701311609
1.872171681596116e-05
-0.0009345739608344472
-0.0012553504873552834
-0.0015531735021763458
-0.0008742223363906428
7.326065621036395e-05
0.0014119106930745241
0.0008789648024738717
-0.00041382052238815814
-0.0011558869936109596
0.0003558639770456005
0.0018724801526261812
0.0024306584695358837
0.0011164464631615385
-0.00042441298930258114
-0.0014481549143337026
-0.0012124539076051803
-0.0005264222345686576
0.0006520547126944472
0.0004989900063940918
-0.00017724904847362012
-0.0013414321487629209
-0.0009257908118437065
-4.483860996766834e-06
0.001212810276380873
0.0008513741825234879
7.496543852798798e-07
-0.0007900299074818286
-0.0007391600362560025
-0.0002874561613118113
0.0004640900933646304
0.0008183184548942648
0.0008707884597080849
0.0006692425265341336
0.0005991931021542378
0.0010906470417386231
0.0017712645460852073
0.001764426375964948
0.001506395474342829
0.001100249989928523
0.0008132492394511105
0.0006218550438002382
0.00018043286413879682
-0.0004255909852626796
-0.0010081827873752252
-0.0012700785663205924
-0.0011753408117401187
-0.0008260475608986301
-0.0004843732495864196
-0.0005096147975732544
-0.0009022119267194084
-0.0009889033299686867
-0.0005916667136153621
9.049381371775568e-05
0.0003801138720934296
0.00019844438834900607
-0.0003828184900903369
-0.000191846392757014
-0.0006552314475008102
0.0006485894332928641
0.001010511722178051
-0.0007866765726939218
-7.662394255159855e-05
0.00018442234772562038
0.0009349913554990692
4.5593272049919615e-05
-0.0008446548977952865
-0.0011700261280727896
-0.0009224073064796291
-0.0007189132631001194
0.00021167413357616258
0.00025055616028013837
0.0010516927669860423
0.0006150986259420103
0.0008754910875947243
0.00042491229588689994
0.00016281020859212686
0.00016364408698283118
0.0003850755678807789
-0.00034860219547106213
-0.0010680354339472743
-0.0015885008162901428
-0.0009199882876598271
-0.0008545945449689024
-0.0008500870765327914
-0.0011024031894181002
-0.00018117620157437613
0.00041321318439896783
0.000758319582730868
0.0006950863113589247
0.0009682466253980208
0.0006647648176581705
0.0007579597007371917
0.000803564934991135
0.001147238223092845
0.0007314111787184447
0.00022419867770202817
-5.608834399114604e-05
0.000229330495130925
0.00021731866484257914
0.00025827211547060187
-0.000163752944694178
-7.912932972989795e-05
-0.000403150726647777
-0.0002146270486354546
-6.390952002277473e-05
0.00043865082645285646
0.0002915715366642542
0.00034525698502180013
-8.873344358359891e-05
0.00013971922280929842
-0.00026413367722779256
-2.9736961910544857e-06
-0.00023483587959083243
5.407732568499661e-05
-0.0001707946544824354
0.00013086099494667578
-9.129532942619535e-05
0.0001345468060372462
-0.00011315951721509976
9.507605037201828e-05
-0.0001300849036041276
8.86788008893616e-05
-0.00011190373450417168
9.9618546001132e-05
-9.532132860233408e-05
9.6048265832024e-05
-0.00010029193417550809
8.428068472374035e-05
-9.93123070510888e-05
7.846680082484068e-05
-9.355040533099557e-05
7.860075650498828e-05
-8.582798284565766e-05
7.586278702659175e-05
-8.258542990365937e-05
7.015667162170198e-05
-8.232152838038252e-05
6.406562536986661e-05
-7.97366313326704e-05
6.12724066150613e-05
-7.538079191627268e-05
5.926786163711837e-05
-7.16946195364649e-05
5.618044573129922e-05
-6.924382266516852e-05
5.2680541634771204e-05
-6.687492765290024e-05
4.975467896997052e-05
-6.417037912230715e-05
4.724258835048662e-05
-6.146770726102302e-05
4.473724906564787e-05
-5.916185155647319e-05
4.213306391611868e-05
-5.704980711742323e-05
3.965227260685315e-05
-5.494213886450203e-05
3.7409291429836176e-05
-5.286625094903536e-05
3.525269821924061e-05
-5.094229754127721e-05
3.312419887180687e-05
-4.916269684260635e-05
3.107100869889027e-05
-4.745343301211947e-05
2.9136461459914253e-05
-4.5799178401524144e-05
2.7299231715551637e-05
-4.422795887619956e-05
2.552670395966866e-05
-4.2751578381505177e-05
2.3815222163882724e-05
-4.135364584495656e-05
2.217822820943971e-05
-4.002014857609716e-05
2.0614511700035604e-05
-3.875187661773116e-05
1.9113198467940072e-05
-3.7553084948872004e-05
1.7668546436099908e-05
-3.641946335352275e-05
1.628092497655512e-05
-3.534475152653082e-05
1.4949928548262797e-05
-3.432615267998291e-05
1.3671538281381096e-05
-3.3362976954252194e-05
1.244185348016195e-05
-3.245334105318851e-05
1.1258911687874167e-05
-3.1594062454652855e-05
1.0121310565809757e-05
-3.07824936676281e-05
9.026823960366466e-06
-3.001696597292817e-05
7.972906265246195e-06
-2.9295842449306424e-05
6.957472615986096e-06
-2.8617109424039153e-05
5.978857074642014e-06
-2.797878325189998e-05
5.0353350821820755e-06
-2.737917706820787e-05
4.125070915509737e-06
-2.6816776750218218e-05
3.246337794842271e-06
-2.6290041758063364e-05
2.3975872878370793e-06
-2.579743771130051e-05
1.5773508397778045e-06
-2.5337538506941572e-05
7.841711367273865e-07
-2.4909027408041048e-05
1.66390088279832e-08
-2.451063947836652e-05
-7.2656775880707e-07
-2.4141145505171698e-05
-1.4466996686645847e-06
-2.3799374589449432e-05
-2.144963004314677e-06
-2.3484224625106975e-05
-2.8225205114813367e-06
-2.3194648812797713e-05
-3.4804810771548247e-06
-2.2929644002677016e-05
-4.119899625370203e-06
-2.2688252450653776e-05
-4.741785917516776e-06
-2.246956515736579e-05
-5.347109271869278e-06
-2.2272719078894783e-05
-5.936797638295818e-06
-2.209689198973602e-05
-6.5117375992783735e-06
-2.1941300358657365e-05
-7.072777323457666e-06
-2.1805199175300993e-05
-7.620729591298683e-06
-2.168788071656505e-05
-8.156373173471773e-06
-2.1588672167767095e-05
-8.680453704553587e-06
-2.1506933669810865e-05
-9.193685222254593e-06
-2.1442057141794757e-05
-9.6967520303551e-06
-2.1393465148548344e-05
-1.0190310172801271e-05
-2.136060945163651e-05
-1.0674988580927636e-05
-2.134296954882202e-05
-1.1151390268208418e-05
-2.1340051468223247e-05
-1.1620093631079615e-05
-2.1351386689873555e-05
-1.2081653673236397e-05
-2.1376531039623496e-05
-1.2536603086283336e-05
-2.141506357777141e-05
-1.2985453272735398e-05
-2.1466585566978953e-05
-1.3428695366399126e-05
-2.15307195241542e-05
-1.3866801222538801e-05
-2.1607108310454665e-05
-1.4300224342913572e-05
-2.1695414240247045e-05
-1.472940074703747e-05
-2.1795318232857984e-05
-1.5154749813177e-05
-2.1906519013469602e-05
-1.5576675089397444e-05
-2.2028732354059774e-05
-1.5995565064580046e-05
-2.2161690343101728e-05
-1.6411793901999997e-05
-2.230514068974525e-05
-1.6825722140012978e-05
-2.2458846059881382e-05
-1.723769736336825e-05
-2.262258344578466e-05
-1.7648054845803562e-05
-2.2796143566081173e-05
-1.8057118163009034e-05
-2.2979330289309152e-05
-1.846519977595669e-05
-2.31719600875379e-05
-1.8872601591810728e-05
-2.3373861515477157e-05
-1.9279615498538072e-05
-2.3584874713974968e-05
-1.9686523876454032e-05
-2.3804850936615107e-05
-2.009360008653656e-05
-2.4033652098797396e-05
-2.0501108937906465e-05
-2.4271150347999592e-05
-2.090930713397869e-05
-2.451722765463956e-05
-2.1318443700608625e-05
-2.477177542314999e-05
-2.1728760394130825e-05
-2.5034694120186938e-05
-2.2140492092153824e-05
-2.5305892921381138e-05
-2.2553867167191718e-05
-2.5585289375503086e-05
-2.296910784524516e-05
-2.5872809084237967e-05
-2.3386430546845256e-05
-2.6168385396988734e-05
-2.3806046215857227e-05
-2.647195912253592e-05
-2.4228160632231812e-05
-2.6783478251982583e-05
-2.4652974712565008e-05
-2.7102897697112377e-05
-2.5080684797226354e-05
-2.7430179041226492e-05
-2.5511482926171932e-05
-2.7765290302262714e-05
-2.5945557102257687e-05
-2.8108205707265616e-05
-2.6383091543897294e-05
-2.845890547904887e-05
-2.6824266927722953e-05
-2.881737563239229e-05
-2.726926062005631e-05
-2.9183607781745256e-05
-2.7718246899934452e-05
-2.955759895793879e-05
-2.8171397172815156e-05
-2.9939351435027495e-05
-2.8628880175014088e-05
-3.0328872564821814e-05
-2.909086217023983e-05
-3.0726174621503364e-05
-2.955750713844825e-05
-3.113127465338705e-05
-3.002897695706774e-05
-3.154419434322228e-05
-3.0505431574832627e-05
-3.1964959875201236e-05
-3.0987029179369756e-05
-3.239360181071815e-05
-3.147392635758305e-05
-3.2830154968399626e-05
-3.1966278250600104e-05
-3.3274658313763115e-05
-3.246423870252341e-05
-3.372715485279736e-05
-3.2967960403561974e-05
-3.418769153252935e-05
-3.3477595027707084e-05
-3.46563191478827e-05
-3.399329336609385e-05
-3.5133092252826164e-05
-3.451520545465702e-05
-3.56180690769383e-05
-3.5043480697822594e-05
-3.6111311449245754e-05
-3.557826798689132e-05
-3.661288472262045e-05
-3.611971581584019e-05
-3.7122857708584605e-05
-3.66679723928763e-05
-3.764130261116036e-05
-3.7223185747934916e-05
-3.816829496812923e-05
-3.778550383519288e-05
-3.870391359500291e-05
-3.8355074634564284e-05
-3.924824053361517e-05
-3.8932046248304556e-05
-3.9801361004503886e-05
-3.95165669967439e-05
-4.036336336196673e-05
-4.010878550865899e-05
-4.093433905526221e-05
-4.0708850811363396e-05
-4.151438258900397e-05
-4.1316912415206955e-05
-4.2103591490622e-05
-4.193312039924921e-05
-4.270206627826655e-05
-4.2557625491375375e-05
-4.3309910433032676e-05
-4.319057914857396e-05
-4.392723037411386e-05
-4.38321336342969e-05
-4.4554135436017335e-05
-4.4482442093900264e-05
-4.5190737848521e-05
-4.514165862773954e-05
-4.5837152719619084e-05
-4.580993836429776e-05
-4.64934980208862e-05
-4.6487437529400314e-05
-4.715989457454949e-05
-4.7174313515819106e-05
-4.783646604351432e-05
-4.787072495011623e-05
-4.852333892353211e-05
-4.8576831759816286e-05
-4.9220642537342336e-05
-4.9292795237063525e-05
-4.992850903046131e-05
-5.0018778103507605e-05
-5.0647073370234386e-05
-5.075494457204566e-05
-5.137647334510498e-05
-5.1501460409192346e-05
-5.211684956717144e-05
-5.2258492995655055e-05
-5.286834547606027e-05
-5.302621138643035e-05
-5.3631107344229156e-05
-5.380478636925201e-05
-5.440528428415914e-05
-5.459439052377113e-05
-5.519102825767008e-05
-5.5395198278863564e-05
-5.5988494085986405e-05
-5.620738596985239e-05
-5.679783946243162e-05
-5.703113189516832e-05
-5.7619224965535856e-05
-5.7866616372350896e-05
-5.8452814074336223e-05
-5.8714021793927415e-05
-5.9298773185036124e-05
-5.957353268248346e-05
-6.0157271629156586e-05
-6.0445335745687445e-05
-6.102848169228618e-05
-6.132961993106237e-05
-6.191257863530711e-05
-6.222657647986024e-05
-6.280974071591139e-05
-6.313639898180732e-05
-6.372014921248934e-05
-6.405928342881687e-05
-6.464398844809906e-05
-6.499542826933751e-05
-6.558144581698217e-05
-6.594503446192049e-05
-6.653271181112622e-05
-6.690830552885973e-05
-6.749798004837879e-05
-6.78854476101209e-05
-6.847744730219306e-05
-6.887666951751678e-05
-6.947131353213058e-05
-6.988218278802707e-05
-7.047978191539607e-05
-7.09022017375163e-05
-7.15030588792783e-05
-7.193694351644193e-05
-7.254135413717853e-05
-7.298662816324026e-05
-7.359488072053097e-05
-7.405147865773888e-05
-7.466385501716318e-05
-7.513172097692452e-05
-7.574849680818188e-05
-7.622758415002902e-05
-7.684902930476904e-05
-7.73393003131945e-05
-7.79656791905155e-05
-7.846710476653207e-05
-7.909867665915194e-05
-7.961123602825424e-05
-8.0248255457996e-05
-8.07719358916258e-05
-8.14146529285369e-05
-8.194944948149282e-05
-8.259811005139001e-05
-8.314402531151466e-05
-8.379887148995434e-05
-8.435591534132047e-05
-8.501718563715273e-05
-8.558537503541505e-05
-8.625330466115038e-05
-8.683266342040825e-05
-8.750748455331752e-05
-8.809804314462133e-05
-8.877998517699379e-05
-8.938178053812655e-05
-9.007107031751158e-05
-9.068414567169427e-05
-9.138100773216406e-05
-9.20054124180945e-05
-9.271006920277608e-05
-9.334585851379705e-05
-9.405853058852163e-05
-9.470576561974127e-05
-9.542667187882386e-05
-9.608541938441986e-05
-9.681477724896568e-05
-9.748510950707595e-05
-9.822313511621079e-05
-9.890512980163097e-05
-9.965203819602343e-05
-0.00010034577826090944
-0.00010110178356084677
-0.00010180735712249107
-0.00010257267269889181
-0.00010329017293426372
-0.00010406501157389112
-0.00010479453662157992
-0.00010557911068688155
-0.00010632076355455443
-0.0001071152851380031
-0.00010786917361649856
-0.00010867385468989025
-0.00010944009127331587
-0.00011025514383239204
-0.00011103384564365608
-0.00011185948184775393
-0.00011265077056966797
-0.00011348720287741203
-0.0001142912046885946
-0.00011513864598969265
-0.00011595549150640377
-0.00011681415524883053
-0.00011764397947035369
-0.00011851407978441254
-0.00011935702204428578
-0.00012023877386322537
-0.00012109497778391956
-0.00012198859696116793
-0.00012285821041378052
-0.00012376391383654302
-0.0001246470889038704
-0.000125565094604882
-0.000126461987549625
-0.00012739251481529504
-0.0001283032860502388
-0.00012924655552610555
-0.00013017136958988658
-0.0001311276033844535
-0.0001320666289197491
-0.0001330360507055331
-0.000133989460440586
-0.00013497229555222996
-0.00013594026628662229
-0.00013693674181905827
-0.0001379194544113638
-0.00013892979931323483
-0.00013992743867276476
-0.00014095188384037627
-0.0001419646389209221
-0.00014300341728987784
-0.00014403148108806048
-0.0001450848277231738
-0.00014612839727740247
-0.00014719654946054167
-0.00014825582585420015
-0.00014933902317225664
-0.0001504142115387193
-0.0001515126959694584
-0.00015260400549937678
-0.0001537180214951752
-0.00015482566544768766
-0.0001559554600212939
-0.00015707965573611972
-0.00015822547854141806
-0.00015936644745374488
-0.00016052855086905882
-0.00016168651852648672
-0.00016286515773504724
-0.00016404035381748557
-0.00016523578688833668
-0.0001664284452287994
-0.0001676409331958583
-0.0001688512918045102
-0.00017008109874668584
-0.00017130939983609457
-0.00017255679295565576
-0.00017380328296858491
-0.00017506853266909708
-0.00017633346230750086
-0.00017761684227252995
-0.00017890046652983816
-0.00018020225380025487
-0.00018150483199350206
-0.00018282530704460416
-0.00018414710285020032
-0.00018548654966959937
-0.00018682783116007109
-0.00018818653732433186
-0.000189547577006751
-0.00019092583375851415
-0.0001923069086148208
-0.0001937050109401125
-0.00019510640246939701
-0.0001965246491744617
-0.00019794664343611706
-0.00019938533722468226
-0.0002008282248838636
-0.00020228767243492892
-0.00020375174880941558
-0.00020523226085485883
-0.00020671782596321615
-0.00020821971736531856
-0.00020972707597667958
-0.00021125066580705555
-0.0002127801274932219
-0.00021432573911033372
-0.00021587761829846663
-0.0002174455794265872
-0.00021902019545479883
-0.0002206108382627873
-0.00022220851543666622
-0.00022382217661626798
-0.00022544324426795447
-0.00022708026511312752
-0.0002287250576608843
-0.00023038578414843469
-0.0002320546411582191
-0.00023373942402812908
-0.00023543269027558337
-0.00023714188511323906
-0.00023885991064652906
-0.00024059387796716597
-0.00024233701816968323
-0.00024409612350277947
-0.0002458647391583523
-0.00024764935313330717
-0.00024944381049226495
-0.00025125430892537125
-0.0002530749797715977
-0.000254911743753788
-0.0002567590054736329
-0.0002586224214579265
-0.00026049665711147594
-0.0002623871170016595
-0.0002642887154000646
-0.0002662066166225118
-0.0002681359724279777
-0.0002700817180001483
-0.0002720392318096901
-0.00027401323043252997
-0.00027599930887182164
-0.00027800197497438784
-0.00028001703080910936
-0.0002820487846581947
-0.000284093236828137
-0.0002861545046579498
-0.00028822877834801583
-0.0002903199924553588
-0.00029242451916319323
-0.0002945461180318236
-0.00029668133562290406
-0.0002988337640571424
-0.0003010001168368358
-0.0003031838261326762
-0.00030538176459855187
-0.0003075972133067958
-0.00030982719376945186
-0.00031207484733644165
-0.0003143373330043387
-0.00031661766354353093
-0.00031891312361323997
-0.00032122661093669097
-0.00032355552187436284
-0.0003259026508487615
-0.0003282654980006922
-0.0003306467592143793
-0.0003330440362321748
-0.00033545992613449264
-0.00033789213558831944
-0.00034034315652001646
-0.0003428108101071574
-0.00034529746908442197
-0.0003478010885831018
-0.0003503238997868965
-0.0003528640124641706
-0.00035542349943191857
-0.0003580006384637823
-0.00036059733338572044
-0.00036321203765220895
-0.00036584648537707444
-0.00036849929462682424
-0.00037117205313432194
-0.0003738635109559376
-0.0003765751498401326
-0.0003793058068833036
-0.00038205690533037054
-0.00038482731822258687
-0.0003876184664572723
-0.00039042919773461934
-0.00039326099440816463
-0.0003961126188603139
-0.0003989856646519919
-0.0004018787747125758
-0.000404793657623456
-0.00040772890004141076
-0.0004106861442333999
-0.0004136642470065372
-0.0004166643672510739
-0.00041968601892280793
-0.0004227295789350709
-0.00042579550362964653
-0.00042888302889942736
-0.0004319939115521704
-0.0004351261229616675
-0.00043828244782402603
-0.00044146017066526303
-0.0004446624227085666
-0.00044788650519921556
-0.00045113515342360425
-0.0004544065334051731
-0.0004577018855719192
-0.00046102179221010875
-0.00046436377513537334
-0.00046773406544514933
-0.00047112079758791043
-0.0004745456668584975
-0.00047797565224448634
-0.00048145356112643065
-0.0004849319441888201
-0.0004884620890182063
-0.0004919886478170175
-0.0004955706580448804
-0.0004991543428931905
-0.0005027775187931923
-0.0005064271346584997
-0.0005100911772005397
-0.0005138101674404339
-0.0005175143917872486
-0.0005213009184326049
-0.0005250450857547662
-0.0005289036751366626
-0.0005326846836344947
-0.0005366150993990147
-0.0005404393967458976
-0.0005444289652323151
-0.0005483053542275014
-0.0005523551842989468
-0.0005562892626898731
-0.0005603886514379823
-0.0005643935530980256
-0.0005685343708124909
-0.0005726159433678275
-0.0005768009343626156
-0.0005809611637184048
-0.0005851919636011491
-0.0005894250407306005
-0.0005936997240949954
-0.0005980042817576303
-0.0006023403104123415
-0.0006066965719979597
-0.0006111179404639858
-0.00061549277420262
-0.000620053595700225
-0.0006243676188804614
-0.0006291763212363513
-0.0006333221067393088
-0.0006383895669299072
-0.0006425566743320579
-0.0006475514448504582
-0.0006519532986918909
-0.000656878906639893
-0.000661590050370621
-0.0006661024095114478
-0.0006715800084605376
-0.0006753759475167119
-0.0006816617016057313
-0.000684894634094614
-0.0006920169968579228
-0.0006943737360343809
-0.0007028952635021787
-0.0007033153918284096
-0.0007147586321866151
-0.0007114863171568515
-0.000727886331781326
-0.000718370211491825
-0.0007416393196000168
-0.0007433228148381562
-0.0007333317826217414
-0.0007745689702895282
-0.0007583150100055488
-0.0007967951296065789
-0.0007531879011570532
-0.0008322936620809125
-0.0007705832090618633
-0.0008529493810337972
-0.0008028293029234078
-0.0008444307523197011
-0.0008035884572560013
-0.0008349350885682588
-0.0007952420955719408
-0.0008609498331576815
-0.0007869118410511744
-0.0008470626977048479
-0.0007933661015832177
-0.0008421162161776179
-0.0007879250745405977
-0.0008423717748464732
-0.0008256829238800917
-0.0008307715449987901
-0.000819558056586539
-0.0008364365629645321
-0.0008172037307530855
-0.0008287365143744702
-0.0008078238900619669
-0.000828597768342109
-0.0008075391005141113
-0.0008625933051203842
-0.0007872147455702654
-0.0009087500815895687
-0.0008186903133124731
-0.0008830844229833968
-0.0008318863298219292
-0.0009149746954120209
-0.0008162843527838872
-0.0008994037840128361
-0.0008301506131109
-0.0008891996080880454
-0.0008097257300624784
-0.0008966757180702595
-0.00084258267533213
-0.0009185064801805842
-0.0008841633322565162
-0.0009203078779821707
-0.0008916365772764851
-0.0009501682362747544
-0.0008794240863782569
-0.0009489793659282106
-0.0008828671101400722
-0.0009442110467316421
-0.0008621702884527322
-0.0009535465283384315
-0.000859590636824668
-0.0009520937857331889
-0.0008984307262244362
-0.0009493572945462501
-0.0009047824026976369
-0.000957183179734652
-0.0009029948643543384
