-0.0013636872826125349
-0.0013459369366733453
-0.0014183858319502807
-0.0014147018317978753
-0.001488003243352969
-0.0015381119243660815
-0.0015353879684579749
-0.001588162618797618
-0.0015873853493966912
-0.0016327701924528453
-0.0016018621007795701
-0.0016421712915915447
-0.0016384979038344522
-0.001674708888217545
-0.0015890982853043933
-0.0017104515128741544
-0.0015412023457484774
-0.0016444204122652048
-0.001457417319029216
-0.0016501408052382264
-0.00142092961079278
-0.0016703888931481282
-0.0014147931165019237
-0.0017335394408922065
-0.0014124795900642148
-0.0017315246029941977
-0.0016198748449263046
-0.0005772723229220339
-0.001148902712705997
-0.0009436754787733473
-0.0019390006908134927
-0.0012200908786343194
-0.0024129355236647814
-0.0015638275452606837
-0.0029398795233687674
-0.0017131893555873156
-0.0034230153834140208
-0.001423380555361283
-0.0036448348532997954
3.800141824643951e-05
-0.0049431810339493655
0.00140253166062861
-0.006385969355168987
0.0048167311191733885
-0.011049520570666577
0.01706236782085292
-0.023186380995751064
0.15533280724588489
0.3709945507989593
0.3194304291313086
0.1542930395184815
0.044053937343852184
0.05510766819545815
-0.02054565676350146
-0.016902396976507576
-0.11106306144532907
-0.18745503606400932
-0.25147053245809187
-0.18559602892150473
-0.09318432190435724
-0.07814238616132917
-0.13331447972289295
-0.09646603594561139
-0.0306519171017893
0.06851264803546778
0.10667976120854718
0.12814643332823808
0.074255154507157
0.023005626874637385
-0.0024356868755830343
0.05351226522094713
0.11414276871421322
0.1135925626973894
0.027725735173524318
-0.021373463932806216
-0.04404651528370723
-0.04305563126425757
-0.02176727846658254
-0.006432841127578253
-0.026873997788534613
-0.027039227469732603
-0.03235355145357961
-0.0352352788198345
-0.04313965531072597
-0.041646994037259286
-0.030436563640774857
-0.009433574990331857
0.01612878677401982
0.014215399286437863
0.0021131610471029866
-0.00019710178413385315
0.005456838834073727
0.014992796919782546
0.02508868262904989
0.027482857074892175
0.021387074892955382
0.019375591756975338
0.01695226487956727
0.020270717307190638
0.009973019906802391
-0.005818913800737529
-0.014275129633712736
-0.014218595922704797
-0.005142970563484202
-0.0006124919166271201
-0.006000921619166318
-0.01764173871735332
-0.02648877988909669
-0.02162684541570534
-0.00830564872098812
0.007800394795086054
0.009664260431841494
0.001788783650800244
-0.00330036773518065
-0.0006468667011755387
0.0005670101919387557
0.003156409356078975
0.007461718721868437
0.008244896826137684
0.00677440589357183
0.003267459959148113
-0.00010015968655012074
-0.001341957208321706
-0.0026093113690351076
-0.0022410387765867193
0.00225722696039162
0.0039051373060033966
0.0007419273075775588
-0.004658936195408648
-0.005530793955528502
-0.003729477633719419
-0.0024273314870170825
2.8184817824157787e-05
-5.153234147621446e-05
-0.0014187618380018894
-0.0025442007145292708
-0.0010409686927204077
0.0019418661885529588
0.001431976404277711
-0.0011607066088279337
-0.0016575845817141898
0.0021079023313307736
0.003811212012252026
0.0021474865744282616
-0.0017039702157505667
-0.0025052412298214276
-0.002992905154386359
-0.0027133787483459245
-0.0007886967220879212
0.0013578880503822026
0.0026697770710642954
0.0018827658302698518
0.0011269639022460265
-0.0017319969164998716
-0.0007618046663665398
-0.0011654028847542315
0.0014840495098548537
0.0003594503819446597
0.0011468565058959537
0.00035347053337228236
-0.0005625432309603513
-0.0016395620104946843
-0.0014654568696689779
0.0002875174246757358
0.0007947702513457012
0.0009601530627904067
-0.001415813397372262
-0.000647075332617402
-0.0022957477689872765
-0.00043854537770262724
0.0003600369736249027
0.00014236462927355
-0.00023184447418961697
-0.0009024287061853574
-0.0007085325793213652
-0.0010893664995373317
-0.0004694550830823195
0.00010500554491744155
1.3223903251209266e-05
0.0003654524562690407
0.0007454614593097262
0.0016558957613161634
0.0013430214035182822
0.0011390220542045297
0.00025173532788609415
-0.0008117410297747381
-0.0005834980142705186
0.00028235851773955335
0.0012225453383747397
0.001137852223326497
0.0009326914235338492
0.00026391255085980313
0.0008165641138252857
0.0016096510142460168
0.0009368842360465441
0.0007178667955181268
-3.072529223958746e-05
0.000386316458404923
-0.0002819232225839373
0.0004821031104299796
-0.00010103091714070821
-0.00020300799117087156
-8.378122588970853e-05
-0.0002071181841680227
-6.208529980429459e-05
-0.00012959475838924975
-9.482319095984113e-05
-0.00011508308233200057
-8.391518367706721e-05
-6.53722696222713e-05
-5.5079835534270006e-05
-1.520850669891596e-05
-4.7781567926924234e-05
-1.822119074266354e-05
-3.0554543480634e-05
-1.1644181827077374e-05
-2.3475976766855022e-05
-5.885418277708221e-06
-1.7711178256838605e-05
-1.6100636828256048e-05
-9.498557088162204e-06
-1.6190512530359427e-05
-6.5429285001914524e-06
-1.3036150545371432e-05
-5.5723130117871645e-06
-1.2008564543156022e-05
-7.281903069861797e-06
-7.799688571764505e-06
-1.2347264570802856e-05
-5.679678069029688e-06
-1.359679338563098e-05
-8.506928802397057e-06
-1.2723508968538885e-05
-1.0854312632533036e-05
-1.262006167025885e-05
-1.221270258387305e-05
-1.293186466095372e-05
-1.3308065181246538e-05
-1.3161478123724184e-05
-1.372688445335727e-05
-1.3614049885195267e-05
-1.3703222472113974e-05
-1.397620601617175e-05
-1.3809856131117865e-05
-1.4127110595372767e-05
-1.3843670058112439e-05
-1.4349457690600515e-05
-1.3882600219700982e-05
-1.4469949446442934e-05
-1.4084011703821217e-05
-1.4508015962202796e-05
-1.4313912170358517e-05
-1.4572086683073502e-05
-1.454335808882953e-05
-1.4651123062699861e-05
-1.4765536489635403e-05
-1.4778171482783499e-05
-1.4923265512926552e-05
-1.4978991581569151e-05
-1.5053252230069248e-05
-1.5185883400800398e-05
-1.5214982051508819e-05
-1.5372284437301228e-05
-1.53984469713097e-05
-1.555531360952745e-05
-1.559196153006013e-05
-1.5736033849295355e-05
-1.5794522179558997e-05
-1.591765351180148e-05
-1.599709318396219e-05
-1.6107087202154094e-05
-1.6196641286662667e-05
-1.630138182223597e-05
-1.6396621299881236e-05
-1.6498731324575975e-05
-1.659607676978347e-05
-1.670048143475743e-05
-1.6795862526534466e-05
-1.6904486934702615e-05
-1.6998548092029392e-05
-1.7109612714903298e-05
-1.7204426532948115e-05
-1.7316275242024344e-05
-1.7413548327070412e-05
-1.7524534296322236e-05
-1.7625788744272974e-05
-1.7735165843121197e-05
-1.7840170139617867e-05
-1.7949104356261087e-05
-1.805638614899778e-05
-1.8166203505833213e-05
-1.8274918602376818e-05
-1.8386113752568383e-05
-1.849602179195765e-05
-1.8608755997028876e-05
-1.871983973526759e-05
-1.883402629592536e-05
-1.8946506335557647e-05
-1.9061928706715087e-05
-1.917599761625647e-05
-1.9292576920252962e-05
-1.9408281807501977e-05
-1.952602467599813e-05
-1.964338165353751e-05
-1.9762318345700053e-05
-1.9881295560344667e-05
-2.000152208345759e-05
-2.0122040710098075e-05
-2.0243661933585285e-05
-2.036567032075707e-05
-2.0488751897163114e-05
-2.0612235531094342e-05
-2.0736812984294833e-05
-2.086178730213717e-05
-2.098786608749608e-05
-2.1114372547236145e-05
-2.1241945749851665e-05
-2.1370022090683605e-05
-2.1499099209608755e-05
-2.1628763915186198e-05
-2.1759369839549278e-05
-2.1890632939293962e-05
-2.202279666151108e-05
-2.21556667025888e-05
-2.228941780682927e-05
-2.2423904950158577e-05
-2.2559269700972613e-05
-2.26953891848446e-05
-2.2832389354796208e-05
-2.2970160058245282e-05
-2.310881566729378e-05
-2.324825780616077e-05
-2.3388588287264443e-05
-2.352972299325825e-05
-2.3671747726145632e-05
-2.3814596043682116e-05
-2.3958335509087448e-05
-2.4102917683040907e-05
-2.4248393506008095e-05
-2.4394729431122773e-05
-2.4541963827506624e-05
-2.4690073500444835e-05
-2.483908891920774e-05
-2.498899282853996e-05
-2.513981154429084e-05
-2.5291530987350456e-05
-2.5444175006464245e-05
-2.55977319415147e-05
-2.575222331308133e-05
-2.5907640049163336e-05
-2.606400109178412e-05
-2.622130016288098e-05
-2.6379553535053066e-05
-2.653875765948235e-05
-2.669892638559922e-05
-2.6860058485254153e-05
-2.7022165909514832e-05
-2.718524917704444e-05
-2.73493189061404e-05
-2.7514376845741483e-05
-2.7680432737623762e-05
-2.7847489175589527e-05
-2.8015555336902056e-05
-2.8184634428597222e-05
-2.835473522154637e-05
-2.8525861442409216e-05
-2.8698021506454727e-05
-2.887121963595507e-05
-2.9045463908136302e-05
-2.9220759022065165e-05
-2.9397112747548483e-05
-2.9574530218445523e-05
-2.9753018955014517e-05
-2.9932584456756738e-05
-3.011323407340103e-05
-3.0294973592872763e-05
-3.0477810267488765e-05
-3.0661750111628936e-05
-3.084680033293188e-05
-3.1032967132856016e-05
-3.122025770577248e-05
-3.140867841879184e-05
-3.159823646985363e-05
-3.178893838157862e-05
-3.1980791364903975e-05
-3.217380209082055e-05
-3.2367977792931634e-05
-3.256332528333151e-05
-3.275985182809552e-05
-3.29575643710981e-05
-3.315647022233463e-05
-3.335657644859151e-05
-3.3557890414488836e-05
-3.37604193016376e-05
-3.39641705388679e-05
-3.4169151416355356e-05
-3.4375369433785655e-05
-3.458283198629601e-05
-3.4791546649546755e-05
-3.5001520921930916e-05
-3.5212762458062765e-05
-3.542527885873727e-05
-3.563907786059651e-05
-3.585416716637589e-05
-3.607055459713941e-05
-3.6288247957243e-05
-3.650725515518644e-05
-3.6727584096238894e-05
-3.694924277867156e-05
-3.717223920878516e-05
-3.739658147726942e-05
-3.7622277691202525e-05
-3.7849336035765006e-05
-3.807776471910088e-05
-3.830757202282522e-05
-3.8538766257153285e-05
-3.877135580153401e-05
-3.900534906862291e-05
-3.9240754537505675e-05
-3.947758072478987e-05
-3.9715836210574805e-05
-3.99555296158754e-05
-4.0196669623282326e-05
-4.0439264959431535e-05
-4.0683324411042886e-05
-4.0928856811042877e-05
-4.117587105191816e-05
-4.1424376074359996e-05
-4.167438087793445e-05
-4.19258945118634e-05
-4.2178926084348234e-05
-4.2433484754640215e-05
-4.268957974062784e-05
-4.294722031298042e-05
-4.320641580094319e-05
-4.34671755875992e-05
-4.372950911464579e-05
-4.399342587911668e-05
-4.425893543706259e-05
-4.452604740070817e-05
-4.479477144139136e-05
-4.506511728768049e-05
-4.533709472795858e-05
-4.561071360900188e-05
-4.588598383775092e-05
-4.616291538000355e-05
-4.644151826226355e-05
-4.6721802571271135e-05
-4.700377845489462e-05
-4.7287456122046406e-05
-4.7572845843564526e-05
-4.785995795192344e-05
-4.814880284218382e-05
-4.843939097191522e-05
-4.873173286212146e-05
-4.9025839096945856e-05
-4.932172032468332e-05
-4.9619387257751786e-05
-4.991885067317115e-05
-5.022012141313141e-05
-5.052321038530316e-05
-5.0828128562930425e-05
-5.113488698568801e-05
-5.1443496759977746e-05
-5.1753969058944936e-05
-5.206631512335441e-05
-5.238054626185637e-05
-5.269667385130426e-05
-5.301470933707919e-05
-5.333466423369012e-05
-5.365655012527521e-05
-5.398037866575882e-05
-5.430616157949724e-05
-5.463391066148156e-05
-5.496363777790156e-05
-5.529535486672858e-05
-5.5629073937787064e-05
-5.596480707355245e-05
-5.6302566429185935e-05
-5.664236423343766e-05
-5.6984212788670306e-05
-5.732812447169656e-05
-5.767411173387141e-05
-5.802218710178412e-05
-5.8372363177688446e-05
-5.8724652639701006e-05
-5.907906824246742e-05
-5.9435622817771304e-05
-5.979432927474045e-05
-6.0155200600525485e-05
-6.051824986050085e-05
-6.088349019901817e-05
-6.125093483961815e-05
-6.162059708562581e-05
-6.199249032078167e-05
-6.236662800986059e-05
-6.274302369846385e-05
-6.31216910138982e-05
-6.350264366591224e-05
-6.38858954472802e-05
-6.427146023361453e-05
-6.465935198425327e-05
-6.504958474311002e-05
-6.544217263849267e-05
-6.583712988410262e-05
-6.623447077960809e-05
-6.663420971094597e-05
-6.703636115066441e-05
-6.74409396589637e-05
-6.78479598830925e-05
-6.825743655975228e-05
-6.866938451425414e-05
-6.908381866130883e-05
-6.950075400508917e-05
-6.992020564073904e-05
-7.034218875535004e-05
-7.076671862646746e-05
-7.119381062465236e-05
-7.162348021244385e-05
-7.205574294677074e-05
-7.249061447707375e-05
-7.292811054832667e-05
-7.336824700033043e-05
-7.381103976851846e-05
-7.425650488383708e-05
-7.470465847439836e-05
-7.515551676593921e-05
-7.56090960821645e-05
-7.606541284465055e-05
-7.65244835746544e-05
-7.698632489268873e-05
-7.745095351998461e-05
-7.791838627837935e-05
-7.838864009160492e-05
-7.886173198547392e-05
-7.933767908842868e-05
-7.981649863175733e-05
-8.029820795138758e-05
-8.078282448776382e-05
-8.127036578679499e-05
-8.176084949996435e-05
-8.225429338529493e-05
-8.27507153079918e-05
-8.325013324122978e-05
-8.37525652664004e-05
-8.425802957432327e-05
-8.476654446532272e-05
-8.527812835048767e-05
-8.579279975174444e-05
-8.631057730290861e-05
-8.683147975035207e-05
-8.735552595346259e-05
-8.788273488530068e-05
-8.841312563362797e-05
-8.894671740139102e-05
-8.94835295075253e-05
-9.002358138745841e-05
-9.056689259377519e-05
-9.111348279720443e-05
-9.166337178727335e-05
-9.221657947278139e-05
-9.277312588278075e-05
-9.333303116706299e-05
-9.389631559723714e-05
-9.446299956709057e-05
-9.50331035936237e-05
-9.560664831773005e-05
-9.618365450465155e-05
-9.676414304497782e-05
-9.734813495537731e-05
-9.79356513794924e-05
-9.852671358857173e-05
-9.912134298221964e-05
-9.97195610890414e-05
-0.00010032138956771533
-0.00010092685020755485
-0.0001015359649293654
-0.00010214875578630142
-0.00010276524496468514
-0.00010338545478459638
-0.00010400940770089687
-0.00010463712630406924
-0.0001052686333208111
-0.0001059039516149371
-0.00010654310418825932
-0.00010718611418139828
-0.00010783300487483567
-0.00010848379968941314
-0.00010913852218726733
-0.00010979719607280038
-0.00011045984519343155
-0.00011112649354056824
-0.00011179716525039265
-0.00011247188460473262
-0.00011315067603199017
-0.00011383356410797109
-0.00011452057355674367
-0.0001152117292517003
-0.00011590705621637026
-0.00011660657962516384
-0.00011731032480458538
-0.0001180183172338464
-0.00011873058254592767
-0.00011944714652872162
-0.00012016803512545585
-0.00012089327443644271
-0.00012162289071862564
-0.00012235691038805369
-0.00012309536002010069
-0.00012383826635086262
-0.00012458565627769622
-0.00012533755685928405
-0.00012609399531881942
-0.00012685499904295386
-0.00012762059558453845
-0.0001283908126617757
-0.00012916567816100854
-0.00012994522013578202
-0.00013072946680968856
-0.00013151844657691755
-0.00013231218800291173
-0.00013311071982488208
-0.0001339140709539601
-0.00013472227047546482
-0.00013553534765080148
-0.00013635333191742538
-0.00013717625289108953
-0.0001380041403656135
-0.00013883702431487861
-0.0001396749348933357
-0.00014051790243791362
-0.0001413659574684685
-0.00014221913068944415
-0.00014307745298973494
-0.00014394095544526027
-0.0001448096693192577
-0.00014568362606376525
-0.00014656285732058587
-0.00014744739492257683
-0.0001483372708947517
-0.000149232517455102
-0.0001501331670161314
-0.0001510392521863965
-0.00015195080577086115
-0.00015286786077246887
-0.00015379045039342362
-0.00015471860803636676
-0.0001556523673055294
-0.00015659176200786724
-0.00015753682615444353
-0.00015848759396141327
-0.0001594440998516216
-0.00016040637845561579
-0.00016137446461289058
-0.00016234839337325052
-0.00016332819999821202
-0.00016431391996175624
-0.00016530558895199582
-0.00016630324287279872
-0.0001673069178443783
-0.00016831665020510867
-0.00016933247651252113
-0.00017035443354488863
-0.00017138255830238336
-0.00017241688800852028
-0.00017345746011151198
-0.00017450431228551355
-0.0001755574824321221
-0.00017661700868162148
-0.00017768292939435154
-0.0001787552831621785
-0.00017983410881020154
-0.00018091944539741652
-0.0001820113322185832
-0.0001831098088058312
-0.000184214914929913
-0.00018532669060138351
-0.0001864451760723243
-0.000187570411837789
-0.00018870243863738776
-0.00018984129745622653
-0.00019098702952699602
-0.00019213967633120504
-0.00019329927960083236
-0.00019446588131946186
-0.00019563952372430096
-0.00019682024930736019
-0.00019800810081730156
-0.000199203121260382
-0.00020040535390243984
-0.00020161484227069134
-0.00020283163015516307
-0.00020405576160995107
-0.0002052872809549986
-0.00020652623277776322
-0.0002077726619346861
-0.00020902661355302597
-0.00021028813303270724
-0.00021155726604737984
-0.00021283405854620848
-0.00021411855675556384
-0.00021541080718110684
-0.0002167108566090875
-0.00021801875210820094
-0.0002193345410311182
-0.00022065827101641882
-0.0002219899899900419
-0.00022332974616693377
-0.00022467758805350103
-0.0002260335644487765
-0.00022739772444639074
-0.00022877011743583937
-0.0002301507931050809
-0.0002315398014414952
-0.0002329371927346451
-0.00023434301757753223
-0.00023575732686864767
-0.00023718017181307194
-0.00023861160392525506
-0.0002400516750304465
-0.00024150043726710205
-0.00024295794308787063
-0.00024442424526221833
-0.00024589939687794495
-0.00024738345134330355
-0.00024887646238870055
-0.00025037848406898064
-0.0002518895707654268
-0.00025340977718731766
-0.00025493915837401294
-0.0002564777696970394
-0.00025802566686239164
-0.000259582905911865
-0.00026114954322581894
-0.0002627256355246072
-0.00026431123987146095
-0.00026590641367319314
-0.00026751121468362104
-0.0002691257010046219
-0.000270749931089705
-0.00027238396374404384
-0.0002740278581285674
-0.0002756816737604354
-0.0002773454705169621
-0.00027901930863591097
-0.0002807032487193552
-0.0002823973517344057
-0.000284101679016946
-0.0002858162922720742
-0.00028754125357821213
-0.0002892766253875209
-0.00029102247053025467
-0.0002927788522146188
-0.0002945458340310042
-0.0002963234799536925
-0.00029811185434227205
-0.00029991102194628456
-0.000301721047903209
-0.0003035419977481407
-0.00030537393740568807
-0.0003072169332057114
-0.0003090710518697335
-0.000310936360531572
-0.00031281292672011643
-0.0003147008183820798
-0.0003166001038635625
-0.00031851085193452047
-0.00032043313176769003
-0.00032236701296727726
-0.00032431256554044346
-0.00032626985993810826
-0.00032823896701051687
-0.00033021995806643893
-0.0003322129048088665
-0.0003342178794141697
-0.0003362349544509328
-0.00033826420296861003
-0.0003403056984199284
-0.0003423595147271707
-0.0003444257262505932
-0.00034650440778276434
-0.00034859563461265067
-0.00035069948241037255
-0.00035281602739966125
-0.00035494534615128793
-0.00035708751581834904
-0.00035924261389851
-0.000361410718478771
-0.00036359190798844455
-0.00036578626147915733
-0.0003679938582941433
-0.0003702147784934866
-0.0003724491023168084
-0.00037469691086701494
-0.00037695828527996343
-0.00037923330771373083
-0.0003815220602101148
-0.0003838246260003006
-0.0003861410880483167
-0.0003884715306448789
-0.00039081603774401787
-0.00039317469461528287
-0.0003955475863358978
-0.0003979347990411756
-0.00040033641904201967
-0.00040275253331545997
-0.0004051832293769293
-0.00040762859516420817
-0.0004100887192734441
-0.00041256369073496924
-0.0004150535991878096
-0.0004175585347154999
-0.0004200785881758705
-0.0004226138504499515
-0.0004251644139943339
-0.0004277303700428283
-0.00043031181319344927
-0.000432908834480503
-0.00043552153120655305
-0.00043814999380993895
-0.00044079432240889125
-0.00044345460719223315
-0.0004461309503080299
-0.0004488234428872348
-0.00045153218783058544
-0.00045425727825849915
-0.0004569988174025737
-0.00045975690003649105
-0.0004625316308515953
-0.00046532310464367883
-0.0004681314294313326
-0.00047095669824761253
-0.00047379902407614603
-0.0004766584967505526
-0.0004795352353315213
-0.00048242932685001487
-0.00048534089198440356
-0.00048827002470493445
-0.0004912168323812612
-0.0004941814378491309
-0.0004971639094803115
-0.0005001644196638633
-0.0005031829873935297
-0.0005062198304414793
-0.0005092749403305995
-0.0005123485461082988
-0.0005154406469908353
-0.0005185514587846983
-0.0005216809936441117
-0.000524829469944046
-0.0005279968832084538
-0.0005311834859606296
-0.0005343892349762016
-0.0005376144216346127
-0.0005408589728909919
-0.0005441232144985883
-0.0005474070320403455
-0.0005507108072471698
-0.0005540343629231569
-0.0005573781404135545
-0.0005607419475742836
-0.0005641261668102807
-0.0005675307671820764
-0.0005709558742368896
-0.0005744017856517028
-0.0005778682835028771
-0.0005813559721158192
-0.0005848644129815937
-0.0005883943393149517
-0.0005919452653591612
-0.0005955179317247572
-0.0005991118479782529
-0.0006027278041914861
-0.000606365186713826
-0.0006100250186837643
-0.0006137062959632644
-0.0006174106934598205
-0.0006211361858066118
-0.0006248858384301542
-0.0006286560103440364
-0.00063245143517103
-0.0006362670693219647
-0.0006401083973850638
-0.0006439705171802861
-0.0006478578783932766
-0.0006517672983162252
-0.000655701240619991
-0.0006596583063803803
-0.0006636397290514256
-0.000667644652878914
-0.0006716744828115927
-0.0006757275201499989
-0.0006798068406369555
-0.0006839078328133192
-0.0006880381695691878
-0.000692186908661525
-0.0006963686179061817
-0.0007005698442653372
-0.0007047893763170419
-0.000709054190342561
-0.0007133044089306205
-0.0007176453572015858
-0.0007219259102624946
-0.0007263294235722855
-0.0007306572471776996
-0.0007351038911660294
-0.0007394955313537322
-0.0007439803198838604
-0.0007484306010725214
-0.0007529614653085743
-0.0007574644395028167
-0.0007620427962312806
-0.000766612826065144
-0.0007712285375256682
-0.0007758691512905263
-0.0007805272721027407
-0.0007852238094446683
-0.0007899672864279824
-0.0007946914702316323
-0.0007995033201813477
-0.0008042928482956968
-0.000809132805658731
-0.0008140452352710653
-0.0008188694036260135
-0.0008239362041235906
-0.000828740671200133
-0.0008339437793041091
-0.0008387663102722893
-0.000844054740789666
-0.0008489485660117882
-0.0008542820331226102
-0.0008592696444084998
-0.0008646395065818957
-0.000869717904687272
-0.0008751477078121229
-0.0008802795443334497
-0.0008858195566983514
-0.0008908944342963
-0.0008967688968411838
-0.0009014466455325044
-0.0009077101254302937
-0.0009123614369046674
-0.0009185740963127973
-0.0009236215906236701
-0.0009294432922034973
-0.0009350227037790556
-0.0009405374504286488
-0.0009465225777901381
-0.0009517951531471515
-0.0009581987192290669
-0.0009631485362722003
-0.0009697717444210364
-0.0009752514720811902
-0.0009809648659085744
-0.0009880994887785314
-0.0009919192666294676
-0.0010014030821029049
-0.0010032693773250174
-0.0010131912262150123
-0.0010248294358542976
-0.0009679391225650771
-0.0010331482711561507
-0.0009527216552514262
-0.0010313971440745681
-0.0009498515113586601
-0.0010036017123524574
-0.0009438305880154277
-0.0009776657894114624
-0.0009322945988254061
-0.000954532223886969
-0.000928439425861639
-0.0008715239558718009
-0.0009384124224812371
-0.0008284138459963043
-0.0009332017219354301
-0.0008281403628057661
-0.0009323361901103534
-0.000824387548416166
-0.0009756104422738478
-0.0009280499070201675
-0.0009558938431380379
-0.0009639752494982803
-0.0009710315753766064
-0.0009735519046107557
-0.0009922265358755919
-0.0009562449314833562
-0.0010003636934959796
-0.0009723093757558077
-0.0009792907148453763
-0.000984152175374127
-0.0009915073928149672
-0.0009948629113486138
-0.0009765352038347256
-0.0010068571717142942
-0.0009642422125663071
-0.0010076532130409324
-0.0009733679375212708
-0.0010752220095300846
-0.0009642225558125915
-0.001135269762127499
-0.0010056323973987088
-0.0011358716521444308
-0.001009129217741332
-0.0011728795056073543
-0.0011013707175244027
-0.0011726162148013412
-0.0011417726064710618
-0.001168200865803895
-0.0012223628133987696
-0.0011676367463468174
-0.0011762540908911712
-0.0011171106022054463
-0.0012102831993044162
-0.0011778691095593458
-0.001297513560823184
-0.001286968368749579
-0.0012935017664797849
-0.0012952537444793077
-0.0013094505677557905
-0.001304465207046461
-0.0013221642508503273
-0.0013182558402361072
-0.0013234981901703163
-0.0013323391059870005
-0.0012598413759911328
-0.0011558261265533542
-0.0012398771866099314
-0.0012565624887227334
-0.0013292228113687917
-0.0013519731448825168
-0.0013378065272531545
-0.0014338531324681533
-0.0013758421778125242
-0.0015069851870940288
-0.0014565913226357858
-0.0015800681060214455
-0.0015204592493891806
-0.0015838702009838227
-0.00150380760229079
-0.001542896175449596
-0.0015200537956352
-0.0014460434572311283
-0.0015597434657628638
-0.001431088195140719
-0.001488713724833059
-0.0014893548632004437
-0.001489416182445772
-0.0015781489767504751
-0.0014865947965888734
-0.0017623516967577768
-0.000620975768519236
-0.0012125669883492707
-0.0008032850428505096
-0.0014744869261406526
-0.0012868302657301992
-0.001646203254126533
-0.001859830167902035
-0.002205210353810422
-0.0019693175927304367
-0.002771638461680279
-0.0019368554873440056
-0.0028127859240576654
-0.0007154215790710413
-0.003469163155107253
0.00016617540544515321
-0.0038961920342529864
0.0024899381412346773
-0.007501918596319835
0.010930852222530853
-0.015111664073797637
0.09379053692448688
0.2970945329131028
0.25955190774684334
0.2036416231481491
0.09681871785115637
0.07479234489192191
0.01411336993272827
-0.05120140359048274
-0.07279686250942857
-0.14926607652960544
-0.2150829881260841
-0.23193184936029232
-0.133004260673953
-0.07593332499524905
-0.0488252289613631
0.02735874651899947
0.06666793732388351
0.01224178033509554
-0.028632627521268633
0.020740566551010104
0.058819936094845766
0.08531923749091436
0.07308619328859461
0.0493001737522787
0.027356984633812097
0.019047497070551412
0.02479304982080005
0.018945902933865583
-0.007614977757127181
-0.009297995033636732
-0.012534494354032987
-0.018784898271030033
-0.04083524406482516
-0.04361307696854005
-0.03410975581275413
-0.026956246204276366
-0.01448327855680245
-0.0028810128148569238
-0.005242673132169957
-0.01200264149604626
-0.009309394072410734
-0.001691848590199729
0.012242436544753717
0.014903404078647759
0.023690743227343526
0.020329641090071966
0.010022411648830842
-0.004294498414740012
-0.007942136895415949
0.004907734673919658
0.01880706030055454
0.022771607202415958
0.008290250873714499
-0.007444570019901354
-0.014010296031001105
-0.011429643917739103
-0.007225735539108907
-0.003274327156044716
-0.003947764318489522
-0.007643132434819042
-0.012607917981833361
-0.010903578970476084
-0.0030197339205256454
0.0067848580938837605
0.012609665729275308
0.011587503517306676
0.007423548982671135
0.002949717087777086
0.00012445277812998243
-0.001099316804169439
0.0010669157647499221
0.002341952999548774
0.0012858136821486343
-0.000982882795140542
-0.002258095391989865
-0.0016764287026462162
-0.0025942494746273672
-0.0028812447779354533
-0.0006918771996025786
0.002748215257009863
0.002835070697510219
-0.001779090116225123
-0.006046371477824033
-0.006211102983056083
-0.0023384213683461013
0.0008560259851066604
0.0020285211060294918
0.0015291963521940968
0.00011699850693628271
-0.0009464425826206902
-0.0001468243457885467
0.0018240774318650458
0.004050532026522821
0.004062281093086589
0.0029292101453323393
-0.00021510954129335156
-0.0031199802788221013
-0.0039979934716948586
-0.0027546301861310586
-0.0003188705136168621
0.0005263786801953472
3.536440856578187e-05
-0.0013489214313505706
-0.0012901096607271633
0.00046345688591873085
0.0015861894415846378
0.00029182517175394094
0.0008526526267115199
0.0009765030227115905
0.000705462418799806
-0.0021790786206157585
-0.0025980582840481074
-0.0015974051010602536
8.768441514375025e-05
0.001150816905431216
0.0016016671575537608
0.0018280837444928479
0.0009121774742167355
-0.000147469624880397
-0.0014834032715643742
-0.0010708055827430604
3.1441277066771814e-05
0.0008497655821183972
-0.000248108092841842
-0.0017425614200624942
-0.0022898979480821214
-0.0016406454312359589
-0.0005749017774039752
0.0008287728514170533
0.0016008204461318161
0.0008388512128495013
-8.395101130602886e-05
-0.0005517447944878009
0.00013040487082756076
0.0014571354079935405
0.0016314611147903379
0.0015888195061190312
0.0007882230506681875
-0.0002839072191554499
-0.0007070211467629472
-0.00074153564074485
-8.556557816218432e-06
0.0008020391831119677
0.0008559056811259646
7.994361090111267e-05
5.702142091464985e-05
0.0012517421059788406
0.0009855959883640524
0.00018973625158500134
-0.00020151867645555946
0.0003310363517095376
0.0004197149903986375
0.00033842119998444154
0.0003709881588267506
0.0003999082655875728
-0.0004298253978770914
0.00024319868729208232
-0.0003487024130005142
0.00010197673474518135
-0.0002896020834694346
2.664074212224742e-05
-0.0001702977785123102
3.2112838387607324e-05
-0.00012393457234936866
3.0064866448208647e-05
-8.70668969580282e-05
7.750363416763586e-06
-8.094573730344629e-05
2.893204912789827e-05
-5.178631863849475e-05
2.4483367701565e-05
-4.1450258713759025e-05
1.64712148853865e-05
-3.894798036506138e-05
1.4150903529706611e-05
-3.18426253758551e-05
1.1790367725796123e-05
-2.4245070650242352e-05
7.3897903780684746e-06
-2.0493667400021324e-05
2.830603328023742e-06
-1.448287087472001e-05
-3.3955853309337912e-06
-1.0913028475453341e-05
-3.4969102959274173e-06
-1.2216117800899846e-05
-2.701003177844164e-06
-1.2947377829389164e-05
-3.736425132456724e-06
-1.335343625676798e-05
-5.395849052769144e-06
-1.3096221436952364e-05
-6.527025433693441e-06
-1.2584350433323364e-05
-7.569121419573853e-06
-1.1976792588646104e-05
-8.392748806056519e-06
-1.1774427998693764e-05
-8.848652163100643e-06
-1.1561737464394232e-05
-9.280834022338787e-06
-1.136410592036995e-05
-9.558402789475173e-06
-1.1301934196737348e-05
-9.773906104692826e-06
-1.1293839102497231e-05
-9.98795887707923e-06
-1.1311735715455748e-05
-1.0189078889608896e-05
-1.1335933433313458e-05
-1.0406571149152626e-05
-1.1331226934345234e-05
-1.0663627997663043e-05
-1.133786506086565e-05
-1.0887173952752545e-05
-1.140002148982078e-05
-1.1067884329123785e-05
-1.1492690048822219e-05
-1.1234352633161652e-05
-1.1600793352592616e-05
-1.1396376357114579e-05
-1.1719438172619215e-05
-1.1557517194427027e-05
-1.184156330846553e-05
-1.172131760223392e-05
-1.1964829373963546e-05
-1.1884079579987765e-05
-1.2093559829592752e-05
-1.204448271485269e-05
-1.2226386230740642e-05
-1.2204716491622712e-05
-1.2362853661817316e-05
-1.2363559943701964e-05
-1.2503782324114099e-05
-1.252109099345684e-05
-1.2648672783355372e-05
-1.2678243746964903e-05
-1.2797173208752835e-05
-1.2835567206244858e-05
-1.2948749628907056e-05
-1.2993991545150229e-05
-1.3102380211831824e-05
-1.3154349940079413e-05
-1.3257875978685339e-05
-1.3316412170480478e-05
-1.3415729411692958e-05
-1.3479899246496058e-05
-1.3576060674684698e-05
-1.3644856708510482e-05
-1.3738835760857272e-05
-1.3811349857438247e-05
-1.3904011791453645e-05
-1.3979519543629509e-05
-1.4071466399251693e-05
-1.41495382745527e-05
-1.4241117169390253e-05
-1.4321478433624614e-05
-1.4412960228076845e-05
-1.4495387491534305e-05
-1.4586979212784235e-05
-1.4671327959063507e-05
-1.4763175083962188e-05
-1.4849330943434704e-05
-1.4941573835248285e-05
-1.5029420638905172e-05
-1.5122197380598636e-05
-1.5211626098528275e-05
-1.5305068756315057e-05
-1.539597654331504e-05
-1.5490208264669998e-05
-1.5582511379981425e-05
-1.567762555590023e-05
-1.5771276138145914e-05
-1.586733299699855e-05
-1.5962307885259612e-05
-1.605935280873179e-05
-1.6155637647159368e-05
-1.6253710604366943e-05
-1.6351295285955362e-05
-1.6450433678881753e-05
-1.6549309604179784e-05
-1.6649550130302514e-05
-1.6749710300628575e-05
-1.6851087136237806e-05
-1.6952528476500906e-05
-1.705507190981315e-05
-1.715779524433459e-05
-1.726153251228532e-05
-1.7365541779252626e-05
-1.747049736814635e-05
-1.7575799576780146e-05
-1.7681995503897275e-05
-1.7788600054380994e-05
-1.789605679235701e-05
-1.80039746186874e-05
-1.8112711752619874e-05
-1.8221954812141746e-05
-1.8331991512638728e-05
-1.8442572352651626e-05
-1.8553927689842734e-05
-1.8665859357779122e-05
-1.8778552190999416e-05
-1.8891848441509858e-05
-1.9005897251787976e-05
-1.9120572608646988e-05
-1.9235995547598313e-05
-1.9352065204618005e-05
-1.946888020827142e-05
-1.9586359917690905e-05
-1.9704584830202278e-05
-1.982349078006858e-05
-1.9943143471547707e-05
-2.0063492198403685e-05
-2.0184590622907754e-05
-2.0306398985053944e-05
-2.0428961202455915e-05
-2.055224636278029e-05
-2.067629056029378e-05
-2.0801069974451722e-05
-2.0926614476672882e-05
-2.1052905892987605e-05
-2.1179969168762572e-05
-2.1307790623737138e-05
-2.143639129742101e-05
-2.156576110699457e-05
-2.1695917973773034e-05
-2.1826854723520873e-05
-2.1958586765497825e-05
-2.209110929964715e-05
-2.222443570219555e-05
-2.2358563114900783e-05
-2.249350327629987e-05
-2.2629254909706356e-05
-2.2765828447128528e-05
-2.2903223893239798e-05
-2.3041450647248534e-05
-2.3180509748930273e-05
-2.332040978698649e-05
-2.346115263910818e-05
-2.3602746260335166e-05
-2.3745193211558173e-05
-2.388850095244806e-05
-2.4032672605454463e-05
-2.4177715244131346e-05
-2.432363245676173e-05
-2.4470431017665326e-05
-2.4618114904633484e-05
-2.476669066301437e-05
-2.4916162598289803e-05
-2.5066537083945914e-05
-2.5217818702821153e-05
-2.53700137038483e-05
-2.5523126905850255e-05
-2.567716447194029e-05
-2.5832131423711045e-05
-2.598803386981366e-05
-2.6144877007904327e-05
-2.6302666917377612e-05
-2.6461408951473193e-05
-2.662110918016624e-05
-2.6781773095925656e-05
-2.6943406775084783e-05
-2.7106015837129535e-05
-2.726960637793102e-05
-2.743418413339799e-05
-2.7599755229650646e-05
-2.7766325511075917e-05
-2.793390114287105e-05
-2.8102488071654526e-05
-2.8272092509079542e-05
-2.844272049899732e-05
-2.8614378305665163e-05
-2.8787072066324866e-05
-2.8960808103179175e-05
-2.913559264382075e-05
-2.931143207245872e-05
-2.9488332705091165e-05
-2.9666300991708252e-05
-2.9845343334982972e-05
-3.0025466253586885e-05
-3.0206676236334794e-05
-3.0388979873225645e-05
-3.0572383738351945e-05
-3.075689449547818e-05
-3.0942518803680086e-05
-3.112926340234417e-05
-3.131713503598077e-05
-3.150614052162943e-05
-3.169628668880066e-05
-3.18875804336354e-05
-3.208002867120029e-05
-3.22736383788953e-05
-3.246841655758553e-05
-3.266437026716423e-05
-3.2861506595232095e-05
-3.3059832685424135e-05
-3.325935571242382e-05
-3.3460082905204316e-05
-3.366202152659311e-05
-3.38651788917559e-05
-3.406956235249179e-05
-3.427517931195388e-05
-3.448203721155736e-05
-3.469014354317429e-05
-3.4899505838936404e-05
-3.511013168115695e-05
-3.532202869370449e-05
-3.553520455001381e-05
-3.5749666966662305e-05
-3.5965423709721604e-05
-3.6182482589460635e-05
-3.640085146560789e-05
-3.6620538243238186e-05
-3.684155087707716e-05
-3.7063897368132e-05
-3.728758576717738e-05
-3.751262417237e-05
-3.773902073182615e-05
-3.7966783641863594e-05
-3.8195921149036804e-05
-3.842644154890317e-05
-3.865835318797638e-05
-3.889166446234592e-05
-3.912638381939511e-05
-3.93625197568615e-05
-3.960008082433156e-05
-3.9839075622689814e-05
-4.007951280485169e-05
-4.0321401075757955e-05
-4.056474919322643e-05
-4.080956596763706e-05
-4.105586026276176e-05
-4.130364099551656e-05
-4.155291713702413e-05
-4.180369771232377e-05
-4.2055991801034736e-05
-4.230980853746699e-05
-4.256515711126253e-05
-4.282204676732751e-05
-4.308048680635426e-05
-4.3340486585157666e-05
-4.360205551722266e-05
-4.386520307275322e-05
-4.412993877899688e-05
-4.439627222073937e-05
-4.466421304073591e-05
-4.493377093978991e-05
-4.520495567730083e-05
-4.5477777071620956e-05
-4.5752245000418856e-05
-4.60283694006941e-05
-4.6306160269668495e-05
-4.658562766481772e-05
-4.6866781704377886e-05
-4.714963256751033e-05
-4.743419049500763e-05
-4.77204657892763e-05
-4.8008468814975114e-05
-4.8298209999464436e-05
-4.858969983280448e-05
-4.8882948868497755e-05
-4.9177967723783994e-05
-4.9474767079575946e-05
-4.9773357681890534e-05
-5.00737503413215e-05
-5.037595593340542e-05
-5.067998539968533e-05
-5.098584974709943e-05
-5.129356005029748e-05
-5.160312744958409e-05
-5.1914563153136663e-05
-5.222787843658797e-05
-5.254308464355969e-05
-5.286019318628409e-05
-5.3179215545359976e-05
-5.350016327154033e-05
-5.382304798471607e-05
-5.414788137485802e-05
-5.447467520259164e-05
-5.480344129981838e-05
-5.5134191569331664e-05
-5.546693798587875e-05
-5.580169259698916e-05
-5.613846752254158e-05
-5.647727495558454e-05
-5.6818127162383634e-05
-5.716103648381761e-05
-5.7506015334979734e-05
-5.785307620585973e-05
-5.82022316619414e-05
-5.855349434454786e-05
-5.8906876971156564e-05
-5.9262392336043674e-05
-5.962005331068532e-05
-5.997987284450982e-05
-6.034186396460699e-05
-6.0706039777142515e-05
-6.10724134671286e-05
-6.144099829922688e-05
-6.18118076181e-05
-6.218485484899044e-05
-6.256015349823433e-05
-6.293771715360852e-05
-6.331755948494895e-05
-6.369969424445922e-05
-6.408413526745366e-05
-6.447089647267781e-05
-6.485999186299875e-05
-6.52514355255966e-05
-6.564524163290512e-05
-6.604142444268345e-05
-6.64399982987997e-05
-6.6840977631797e-05
-6.724437695920793e-05
-6.765021088632472e-05
-6.805849410627951e-05
-6.846924140110205e-05
-6.888246764206671e-05
-6.929818779015211e-05
-6.971641689654598e-05
-7.013717010333903e-05
-7.056046264401761e-05
-7.098630984406218e-05
-7.141472712136887e-05
-7.184572998679417e-05
-7.22793340450327e-05
-7.271555499478201e-05
-7.315440862956657e-05
-7.359591083810207e-05
-7.404007760506565e-05
-7.4486925011703e-05
-7.493646923618404e-05
-7.538872655434535e-05
-7.584371334035112e-05
-7.63014460671424e-05
-7.676194130700094e-05
-7.722521573222223e-05
-7.769128611584495e-05
-7.816016933206646e-05
-7.863188235690457e-05
-7.9106442268824e-05
-7.958386624936026e-05
-8.006417158389892e-05
-8.054737566187079e-05
-8.103349597782597e-05
-8.152255013195615e-05
-8.201455583058126e-05
-8.250953088687757e-05
-8.300749322148445e-05
-8.350846086327662e-05
-8.401245194989944e-05
-8.451948472851592e-05
-8.502957755629091e-05
-8.554274890130946e-05
-8.605901734315196e-05
-8.657840157336606e-05
-8.710092039646618e-05
-8.762659273021771e-05
-8.815543760704253e-05
-8.86874741735709e-05
-8.922272169222586e-05
-8.976119954203507e-05
-9.030292721861136e-05
-9.084792433591057e-05
-9.139621062480372e-05
-9.194780593668956e-05
-9.250273024202782e-05
-9.306100363197642e-05
-9.362264631910221e-05
-9.418767863765976e-05
-9.475612104497015e-05
-9.532799412117652e-05
-9.590331857135988e-05
-9.64821152253611e-05
-9.706440503862233e-05
-9.765020909305246e-05
-9.82395485979652e-05
-9.883244489058583e-05
-9.942891943678467e-05
-0.00010002899383202107
-0.00010063268980202035
-0.0001012400292040499
-0.00010185103402678014
-0.00010246572639196322
-0.0001030841285545582
-0.00010370626290391234
-0.000104332151964635
-0.0001049618183972672
-0.0001055952849989294
-0.00010623257470443416
-0.0001068737105870005
-0.00010751871585928962
-0.00010816761387373857
-0.00010882042812382811
-0.00010947718224485568
-0.00011013790001479225
-0.00011080260535508828
-0.00011147132233164493
-0.00011214407515558732
-0.00011282088818409818
-0.0001135017859212062
-0.00011418679301896489
-0.00011487593427840896
-0.00011556923464999425
-0.00011626671923483658
-0.00011696841328546581
-0.000117674342207038
-0.00011838453155773575
-0.00011909900705011679
-0.00011981779455204832
-0.00012054092008744605
-0.00012126840983720941
-0.0001220002901402965
-0.00012273658749466194
-0.0001234773285580854
-0.00012422254014925852
-0.00012497224924872173
-0.00012572648299991274
-0.0001264852687101185
-0.00012724863385132538
-0.0001280166060613387
-0.00012878921314482831
-0.00012956648307419622
-0.00013034844399071758
-0.00013113512420549308
-0.00013192655220043727
-0.00013272275662942583
-0.00013352376631925868
-0.00013432961027068407
-0.00013514031765949616
-0.00013595591783748656
-0.0001367764403336887
-0.0001376019148553557
-0.00013843237128901702
-0.00013926783970160672
-0.00014010835034141572
-0.00014095393363926603
-0.00014180462020970124
-0.00014266044085208207
-0.00014352142655164987
-0.00014438760848068256
-0.00014525901799956854
-0.00014613568665772188
-0.00014701764619510783
-0.0001479049285433168
-0.00014879756582673474
-0.00014969559036358444
-0.00015059903466700555
-0.000151507931446328
-0.0001524223136083718
-0.00015334221425870604
-0.00015426766670262722
-0.00015519870444630752
-0.0001561353611981217
-0.00015707767087007178
-0.0001580256675786117
-0.00015897938564611293
-0.00015993885960221584
-0.0001609041241850339
-0.0001618752143423862
-0.00016285216523244297
-0.00016383501222620028
-0.00016482379090782462
-0.00016581853707629433
-0.00016681928674669964
-0.00016782607615156036
-0.00016883894174174897
-0.0001698579201881643
-0.00017088304838319639
-0.00017191436344212276
-0.00017295190270392075
-0.00017399570373291258
-0.0001750458043201235
-0.00017610224248478814
-0.00017716505647543258
-0.00017823428477149457
-0.0001793099660847478
-0.00018039213936062013
-0.000181480843779295
-0.00018257611875763084
-0.00018367800395029473
-0.00018478653925126527
-0.00018590176479538287
-0.00018702372095979103
-0.00018815244836519742
-0.00018928798787734612
-0.00019043038060870412
-0.00019157966791984613
-0.0001927358914212714
-0.00019389909297402714
-0.00019506931469243379
-0.00019624659894419867
-0.0001974309883538252
-0.00019862252580173396
-0.00019982125442852977
-0.00020102721763380182
-0.0002022404590805389
-0.00020346102269358822
-0.0002046889526646385
-0.00020592429345033582
-0.00020716708977747678
-0.00020841738664062942
-0.00020967522930837292
-0.0002109406633197959
-0.0002122137344919969
-0.00021349448891488324
-0.00021478297296048058
-0.0002160792332768554
-0.00021738331679708837
-0.00021869527073447182
-0.00022001514258931747
-0.00022134298014808468
-0.00022267883148438766
-0.00022402274496521836
-0.00022537476924393285
-0.00022673495327542488
-0.0002281033463000545
-0.00022947999786708637
-0.00023086495781166278
-0.00023225827628404572
-0.0002336600037216119
-0.00023507019088327418
-0.00023648888881440942
-0.00023791614889274272
-0.00023935202277569785
-0.00024079656247081498
-0.00024224982025133028
-0.00024371184876546657
-0.00024518270090774025
-0.0002466624299746756
-0.00024815108949255784
-0.00024964873340711276
-0.0002511554158957067
-0.0002526711915450944
-0.00025419611521065665
-0.0002557302421091287
-0.00025727362779629404
-0.00025882632812088114
-0.0002603883993427085
-0.00026195989796411927
-0.0002635408809384779
-0.00026513140544711587
-0.00026673152913760936
-0.000268341309869865
-0.0002699608060204941
-0.0002715900760945255
-0.00027322917925917895
-0.000274878174617863
-0.000276537122187594
-0.00027820608162925265
-0.0002798851138667934
-0.00028157427908662635
-0.00028327363915334235
-0.00028498325479169983
-0.00028670318876651666
-0.0002884335024538197
-0.0002901742593730452
-0.0002919255217399031
-0.0002936873536798504
-0.00029545981834633284
-0.00029724298049063305
-0.0002990369040979857
-0.0003008416547457479
-0.0003026572970509582
-0.00030448389757985607
-0.0003063215215591293
-0.00030817023643102447
-0.00031003010832515303
-0.0003119012051262344
-0.00031378359447752687
-0.00031567734395823114
-0.00031758252363675576
-0.00031949919978902647
-0.00032142744592478234
-0.00032336732622218855
-0.0003253189180115461
-0.00032728228362116315
-0.0003292575033214313
-0.0003312446390182702
-0.0003332437723464043
-0.0003352549660359436
-0.0003372783026712727
-0.0003393138451685423
-0.00034136167882618264
-0.00034342186408228034
-0.0003454944922351238
-0.00034757961767434525
-0.0003496773414137621
-0.00035178770826416704
-0.0003539108314282906
-0.0003560467469746003
-0.0003581955736578894
-0.0003603573530187843
-0.00036253218574323334
-0.00036472015150953345
-0.000366921297152221
-0.00036913577052706916
-0.0003713635475744235
-0.00037360484376072067
-0.0003758595858932472
-0.00037812801870710285
-0.0003804100593339354
-0.0003827059549648042
-0.0003850156207868638
-0.0003873393201660175
-0.00038967693477960603
-0.00039202878346606974
-0.0003943946773602682
-0.000396775025478564
-0.0003991695275313206
-0.00040157873725124864
-0.00040400217604726703
-0.00040644060679760315
-0.0004088933408324788
-0.00041136131229959136
-0.000413843759404544
-0.0004163415483567452
-0.000418854144308828
-0.0004213820594785962
-0.0004239251845530071
-0.00042648361877261395
-0.0004290575820145646
-0.00043164697773371934
-0.0004342520977362765
-0.00043687285421722125
-0.00043950951637275736
-0.0004421619752137596
-0.00044483062135175814
-0.00044751508037500407
-0.00045021623006030417
-0.0004529328822035538
-0.00045566721010612666
-0.0004584161272481608
-0.00046118431502606893
-0.00046396570935427285
-0.0004667681403531922
-0.0004695827105453531
-0.00047241925129247843
-0.00047526799579529727
-0.00047813854162277367
-0.00048102225541578943
-0.0004839271168930438
-0.0004868460019194996
-0.0004897860435438596
-0.0004927399941817676
-0.0004957162560722715
-0.0004987048715637426
-0.0005017189099729524
-0.0005047411507922906
-0.0005077949459468211
-0.0005108504723474296
-0.0005139424625775655
-0.0005170412380059491
-0.0005201577260773905
-0.0005233147581229138
-0.0005264391640670096
-0.0005296682164691478
-0.0005327997420975816
-0.0005360853061475786
-0.000539242177204414
-0.0005425713769965372
-0.0005457740175296665
-0.0005491326911007612
-0.0005523799729408594
-0.0005557767443672478
-0.0005590682274589421
-0.0005624943577179405
-0.0005658388177894782
-0.0005692931067787879
-0.0005726737826341418
-0.0005761960794940196
-0.0005795640655918897
-0.0005831946827381581
-0.0005865421369138173
-0.0005902439582884646
-0.0005936593806062055
-0.000597332050370482
-0.0006009073714162566
-0.0006044794519057948
-0.000608238263594855
-0.0006117412899447052
-0.0006156273522471742
-0.0006191161026447168
-0.0006230794681936196
-0.0006266171083642268
-0.0006306189574002414
-0.000634208220999171
-0.0006382657821674157
-0.0006418702383032687
-0.000646023787207111
-0.0006495687155646231
-0.0006539955441657273
-0.0006572055372447948
-0.0006622649893833956
-0.0006648543485070887
-0.0006705428823442069
-0.0006728051339366398
-0.0006786449301637619
-0.0006811827737792818
-0.0006865397522595863
-0.000689609401673735
-0.0006946810960586868
-0.0006982131100834918
-0.0007026975699000895
-0.00070701841292916
-0.0007111865872943432
-0.0007153875640208672
-0.0007205325905433584
-0.000723052595913925
-0.000730836215945177
-0.000729961284950065
-0.0007414992972562084
-0.0007382475840442711
-0.0007458373073905363
-0.0007808063768928713
-0.0007255366694821387
-0.0008189511712302713
-0.0007131729046077132
-0.0008439602725299478
-0.0007171935179674967
-0.0008086117174593704
-0.000706087392810157
-0.0008270457087181174
-0.0007044103381781113
-0.0007837875028629017
-0.0007620791123350706
-0.0007478582317973397
-0.0008065916336632145
-0.0007339475045348917
-0.0008373695536069772
-0.0007390072115937146
-0.0007932476439439541
-0.0007968283252289474
-0.0007660896887124022
-0.000785397335649926
-0.0007414072012539644
-0.0008091639888021581
-0.0007906818254706107
-0.0007820682504548204
-0.0008445257824052973
-0.000764626037165525
-0.0008774140011249178
-0.0007666164206641254
-0.0008443479233155445
-0.0007671260463573931
-0.0007971755425285484
-0.0008037315328229158
-0.0008353906108373998
-0.0007880568328665406
-0.0008788800679451613
-0.0007799395670589767
-0.0008992404661749391
-0.0008336921953368381
-0.0009314867526681006
-0.0008304832710599514
-0.0009644887893182135
-0.0008265307619207186
-0.00097979221356431
-0.0008794806982512782
-0.0010238885089921008
-0.0009655873570696416
-0.0010641232121149646
-0.0010130720181019959
-0.0010577766844862418
-0.0010098603433407113
-0.0010504553497529476
-0.0011136582230952688
-0.0010285994959116918
-0.001157072696279203
-0.00102916547967713
-0.0011823018314994216
-0.001032959375444939
-0.0012176507350704913
-0.0010361344895785107
-0.0013073840397549406
-0.0010361454390533254
-0.0013289515837579188
-0.0011243527932735461
