-0.0011097770075152729
-0.001095705885717232
-0.0010583854860387928
-0.0010688221974642959
-0.0010690774465476251
-0.0010998410446745618
-0.0010990558418545876
-0.0011201251038318058
-0.0011120651166174902
-0.00113329812151196
-0.0011306103979213174
-0.0011808386641912422
-0.0011628354249184352
-0.0011959261484852778
-0.001183467623256754
-0.0011951344797369043
-0.0011881789073357669
-0.001165527990471172
-0.0011527988140344384
-0.0011237284769440828
-0.0011508386694813247
-0.0011221018117505152
-0.0011436920145248405
-0.0011369818922445573
-0.0011214956342183256
-0.0011675398593416649
-0.0011471638075895283
-0.0012285651237167751
-0.0011604251028603239
-0.0013090251571629369
-0.0011654200527343836
-0.0014238165397293717
-0.001150963143677343
-0.00154910262850994
-0.001144198516691308
-0.0016412451349905439
-0.0009141664368963526
-0.0017040264508859833
-0.00014118274207187888
-0.001813658360688069
0.00018822698200113785
-0.002212573019431719
1.3790528998463918e-05
-0.002644757890161912
0.0003111535135795314
-0.003136442808757524
0.00043109623471404985
-0.003665902413578888
0.0006080853644416225
-0.004365042880837297
0.0018648569624154887
-0.005362460622300969
0.0031356067815307546
-0.006211728639297727
0.004659121327210296
-0.00803372722043998
0.01118139324173395
-0.018427080461150224
0.09811084941110368
0.15496324901518327
0.13111421830029202
0.08246462720792787
0.045152944799727944
0.044122243321416996
-0.0021285461501097105
0.0036133528503658812
-0.01993968258386277
-0.055654700811713406
-0.10306116219125538
-0.0989109398291167
-0.08150124792618814
-0.05877801316116366
-0.04956422657681164
-0.03070414180789605
-7.075513581671327e-05
0.016302292409168685
0.03539089089384499
0.0422926528201047
0.03690039657038765
0.029998299765468882
0.016254717307912565
0.018771237351292845
0.033296262551135526
0.03300540665091596
0.0212795511736719
0.011066113023163432
0.00025129494445693556
-0.01492793281897637
-0.019248416167485488
-0.008295050877108676
0.0026628866772391837
0.0018696530289690275
-0.004869029708901272
-0.011941964241881077
-0.009344622559541119
-0.0028744280007079507
0.001303662294669182
0.010045128241475935
0.014424461724427608
0.00758890415525197
-0.002516943498547091
-0.005652909638924268
-0.004600165980003812
-0.004582564420496347
-0.004701387095327426
-0.0029007526129833008
-0.002477296673418199
-0.0018481412487748703
-0.0016671479831833784
-0.0018657447578576927
-0.0028854889763713313
-0.0028894148340742067
0.0016852624516094504
0.005604908678434705
0.004105443127250039
-0.000832162603566932
-0.003695085575157173
-0.0040672174545271795
-0.00439849739579177
-0.004120870959660402
-0.002839392483547946
-0.0005071424444536886
-0.0012292968182739301
-0.0029148399086170195
-0.003008780797035852
-0.003177142504089201
-0.0022557429987300048
-0.0011983706237834067
0.001651592877101165
0.003180377797537
0.002954159567965671
0.0014944184799133278
-0.0010130871250964156
-0.001352172597217673
-0.0003773430667809929
0.0009778977577469701
0.0015923278234205229
6.767540968714598e-05
-0.0022950211660834356
-0.003209579266262541
-0.0023573598854710826
-0.0012692232152097531
-0.0009097940136209911
-0.0002170948453660721
0.00031898082187784406
0.0005522779801655656
0.0006450749072076295
0.00032088147467805426
0.00026309842831863937
-6.099076994515551e-06
-8.407782174690295e-06
4.8905491055569925e-06
8.502255883334508e-05
9.639752499215665e-05
9.072792880041676e-05
6.321426382452041e-05
1.6622906806450233e-05
-1.4283527484637538e-05
-2.335793889053021e-05
-1.9329873077467044e-05
-2.0892797565241175e-05
-2.2825173942846752e-05
-2.641333988039551e-05
-2.6661621416788667e-05
-2.4902182350891263e-05
-2.3566489840839966e-05
-1.8492075926167424e-05
-1.4684860764786214e-05
-7.27647586228682e-06
-2.2529801651809036e-06
1.9358051810981205e-06
2.2731606514983537e-06
8.982832528597971e-07
-5.356116662266958e-07
-2.2479871724479872e-06
-2.5268632296921367e-06
-2.933912026794954e-06
-2.720360008456478e-06
-3.003286374297443e-06
-3.200443330135267e-06
-3.6843179146496844e-06
-4.119162863886459e-06
-4.528887490972322e-06
-4.850877850592873e-06
-5.013082645549476e-06
-5.100589082720716e-06
-5.065649602803792e-06
-5.030512276813144e-06
-4.971940468593075e-06
-4.957266738454824e-06
-4.942001580641238e-06
-4.917844204393247e-06
-4.8902093678980345e-06
-4.847052505498067e-06
-4.8295289605544255e-06
-4.821508527211998e-06
-4.846289910142958e-06
-4.878868006679381e-06
-4.9248429480628145e-06
-4.971455563905058e-06
-5.017653466467525e-06
-5.0633192184761176e-06
-5.10492148793958e-06
-5.147441399196758e-06
-5.187891599516036e-06
-5.230507352796442e-06
-5.2722760468370405e-06
-5.314640005290054e-06
-5.355304393391425e-06
-5.394527618712971e-06
-5.432327928156511e-06
-5.469070565386133e-06
-5.505823522887086e-06
-5.542544790108244e-06
-5.579908428894414e-06
-5.617489333683244e-06
-5.655598711142972e-06
-5.694021809020617e-06
-5.732887103743564e-06
-5.772227661838408e-06
-5.811998851975892e-06
-5.852304010821655e-06
-5.893014883113601e-06
-5.934199625168583e-06
-5.975715783252327e-06
-6.017578665362948e-06
-6.059704451709874e-06
-6.102099746885898e-06
-6.144761601438898e-06
-6.187693641559664e-06
-6.230916831485216e-06
-6.274417313477328e-06
-6.318208994836441e-06
-6.3622761125805714e-06
-6.406631739596866e-06
-6.451273442351264e-06
-6.496213505087023e-06
-6.541458431397109e-06
-6.587015240968599e-06
-6.632891594699668e-06
-6.6790895673844014e-06
-6.725614775625333e-06
-6.772467101502275e-06
-6.819650298884244e-06
-6.867164937728677e-06
-6.915013877135603e-06
-6.963198992904885e-06
-7.0117222221164396e-06
-7.060585683900064e-06
-7.109790610560136e-06
-7.159339153301001e-06
-7.209232752649394e-06
-7.259473848813831e-06
-7.310064474089868e-06
-7.361007194513214e-06
-7.412304414499728e-06
-7.463958647827576e-06
-7.515972457287803e-06
-7.568348329142554e-06
-7.621088904492411e-06
-7.674196716808636e-06
-7.727674454064825e-06
-7.78152472773728e-06
-7.835750234381003e-06
-7.89035363196641e-06
-7.945337592979483e-06
-8.000704789807602e-06
-8.056457884880774e-06
-8.112599572710443e-06
-8.16913254152445e-06
-8.226059519411168e-06
-8.283383235959123e-06
-8.34110645186732e-06
-8.399231938921762e-06
-8.457762491503006e-06
-8.516700924333627e-06
-8.576050071255783e-06
-8.63581279125661e-06
-8.695991961423915e-06
-8.75659048445095e-06
-8.81761128143459e-06
-8.879057296978923e-06
-8.940931494924955e-06
-9.003236860534816e-06
-9.065976399742033e-06
-9.129153139112204e-06
-9.19277012675912e-06
-9.256830431433817e-06
-9.321337143707796e-06
-9.386293375032338e-06
-9.451702258396483e-06
-9.51756694828206e-06
-9.583890621108688e-06
-9.650676475263505e-06
-9.717927731309596e-06
-9.785647632229842e-06
-9.853839443558138e-06
-9.922506453741362e-06
-9.991651974017559e-06
-1.0061279338672159e-05
-1.0131391905423399e-05
-1.0201993055326168e-05
-1.0273086193065734e-05
-1.0344674746931432e-05
-1.0416762169308396e-05
-1.0489351936654218e-05
-1.0562447549544013e-05
-1.0636052532967435e-05
-1.071017043660115e-05
-1.0784804834776011e-05
-1.085995932669672e-05
-1.0935637536672112e-05
-1.1011843114259621e-05
-1.1088579734589246e-05
-1.1165851098203245e-05
-1.1243660931492452e-05
-1.1322012986812822e-05
-1.140091104265815e-05
-1.1480358903849259e-05
-1.1560360401732198e-05
-1.1640919394350274e-05
-1.1722039766739334e-05
-1.1803725430769609e-05
-1.1885980325715244e-05
-1.196880841831515e-05
-1.2052213702926258e-05
-1.213620020176949e-05
-1.2220771965078519e-05
-1.2305933071169155e-05
-1.2391687627135621e-05
-1.2478039768299342e-05
-1.256499365893905e-05
-1.2652553492425002e-05
-1.2740723491262143e-05
-1.282950790751445e-05
-1.2918911022717769e-05
-1.3008937148297883e-05
-1.3099590625855872e-05
-1.319087582739558e-05
-1.3282797154711475e-05
-1.3375359040323229e-05
-1.3468565948307357e-05
-1.3562422373821685e-05
-1.3656932842870135e-05
-1.3752101913075973e-05
-1.3847934174232861e-05
-1.3944434247556073e-05
-1.404160678669852e-05
-1.4139456477918895e-05
-1.423798804016293e-05
-1.4337206225066438e-05
-1.4437115817100225e-05
-1.4537721634485959e-05
-1.4639028529022237e-05
-1.4741041386123342e-05
-1.4843765125244364e-05
-1.494720470022318e-05
-1.5051365099416549e-05
-1.515625134589603e-05
-1.5261868497764186e-05
-1.5368221648419866e-05
-1.5475315926795043e-05
-1.5583156497492377e-05
-1.5691748560884173e-05
-1.5801097353833945e-05
-1.5911208149760236e-05
-1.6022086258707158e-05
-1.6133737027639375e-05
-1.6246165841012926e-05
-1.6359378120760638e-05
-1.647337932635245e-05
-1.6588174955369146e-05
-1.6703770543859614e-05
-1.682017166646909e-05
-1.6937383936626975e-05
-1.7055413006765078e-05
-1.717426456879505e-05
-1.7293944354378467e-05
-1.7414458134939795e-05
-1.7535811722106876e-05
-1.765801096829489e-05
-1.778106176658585e-05
-1.790497005098863e-05
-1.8029741796888238e-05
-1.8155383021406968e-05
-1.8281899783631483e-05
-1.840929818469519e-05
-1.853758436827827e-05
-1.8666764521072887e-05
-1.8796844872708023e-05
-1.8927831696290346e-05
-1.9059731308562408e-05
-1.9192550070401407e-05
-1.9326294386948423e-05
-1.946097070789607e-05
-1.9596585527933193e-05
-1.9733145387141856e-05
-1.9870656871121486e-05
-2.0009126611278608e-05
-2.0148561285212018e-05
-2.0288967617186713e-05
-2.043035237830887e-05
-2.0572722386721573e-05
-2.0716084508123477e-05
-2.0860445656219217e-05
-2.1005812792755754e-05
-2.1152192927980127e-05
-2.1299593121010328e-05
-2.1448020480210276e-05
-2.159748216348968e-05
-2.1747985378532805e-05
-2.1899537383231367e-05
-2.205214548626675e-05
-2.220581704708019e-05
-2.23605594763972e-05
-2.251638023663261e-05
-2.2673286842203626e-05
-2.2831286859965536e-05
-2.2990387909220013e-05
-2.315059766268561e-05
-2.3311923846470496e-05
-2.3474374240504796e-05
-2.3637956678792898e-05
-2.3802679050155583e-05
-2.396854929810578e-05
-2.4135575421944358e-05
-2.430376547625751e-05
-2.447312757202115e-05
-2.4643669876571315e-05
-2.4815400614298e-05
-2.4988328066947508e-05
-2.5162460573768374e-05
-2.5337806532382958e-05
-2.551437439876061e-05
-2.569217268785166e-05
-2.587120997377564e-05
-2.6051494890652247e-05
-2.623303613264675e-05
-2.6415842454582126e-05
-2.659992267216695e-05
-2.6785285662620385e-05
-2.697194036510646e-05
-2.7159895780808e-05
-2.7349160973905455e-05
-2.7539745071745005e-05
-2.773165726517872e-05
-2.7924906809063683e-05
-2.811950302270867e-05
-2.8315455290555856e-05
-2.8512773062366902e-05
-2.871146585362548e-05
-2.8911543246256527e-05
-2.9113014888955402e-05
-2.9315890497625535e-05
-2.9520179855833245e-05
-2.972589281538887e-05
-2.9933039296773517e-05
-3.014162928959875e-05
-3.0351672852978623e-05
-3.056318011617149e-05
-3.077616127908356e-05
-3.099062661268519e-05
-3.120658645948925e-05
-3.14240512340868e-05
-3.164303142369571e-05
-3.186353758857438e-05
-3.208558036246756e-05
-3.230917045334708e-05
-3.253431864383427e-05
-3.2761035791588084e-05
-3.298933282996577e-05
-3.321922076851731e-05
-3.3450710693496213e-05
-3.368381376843768e-05
-3.391854123466849e-05
-3.41549044118395e-05
-3.4392914698538326e-05
-3.463258357270247e-05
-3.4873922592285056e-05
-3.511694339580827e-05
-3.536165770283711e-05
-3.5608077314724056e-05
-3.5856214114875464e-05
-3.6106080069673896e-05
-3.635768722884589e-05
-3.661104772599528e-05
-3.68661737794151e-05
-3.71230776924454e-05
-3.738177185419269e-05
-3.764226874010271e-05
-3.790458091256383e-05
-3.816872102146437e-05
-3.843470180489301e-05
-3.870253608969081e-05
-3.897223679210065e-05
-3.924381691835946e-05
-3.9517289565283895e-05
-3.979266792106012e-05
-4.006996526570954e-05
-4.034919497178922e-05
-4.063037050514636e-05
-4.091350542528957e-05
-4.119861338640384e-05
-4.148570813764657e-05
-4.177480352404684e-05
-4.2065913487172174e-05
-4.2359052065749775e-05
-4.265423339624291e-05
-4.2951471713716105e-05
-4.325078135239413e-05
-4.355217674634204e-05
-4.3855672430315185e-05
-4.416128304015688e-05
-4.4469023314089046e-05
-4.4778908092534095e-05
-4.5090952319719844e-05
-4.540517104391958e-05
-4.572157941819797e-05
-4.604019270124408e-05
-4.636102625819589e-05
-4.668409556075979e-05
-4.7009416189439665e-05
-4.733700383231245e-05
-4.766687428739186e-05
-4.799904346216785e-05
-4.833352737561075e-05
-4.86703421584073e-05
-4.900950405289245e-05
-4.935102941536966e-05
-4.969493471563451e-05
-5.004123653860892e-05
-5.038995158430069e-05
-5.07410966695519e-05
-5.109468872825055e-05
-5.145074481236172e-05
-5.1809282092325835e-05
-5.21703178585441e-05
-5.253386952201451e-05
-5.289995461470892e-05
-5.326859079109788e-05
-5.363979582841106e-05
-5.401358762801027e-05
-5.43899842158803e-05
-5.476900374351795e-05
-5.515066448907954e-05
-5.553498485813755e-05
-5.592198338437135e-05
-5.631167873059093e-05
-5.670408968970972e-05
-5.709923518569976e-05
-5.7497134274328305e-05
-5.789780614406066e-05
-5.830127011726335e-05
-5.8707545650955265e-05
-5.911665233754895e-05
-5.952860990601755e-05
-5.9943438222873264e-05
-6.036115729320796e-05
-6.078178726133055e-05
-6.120534841195363e-05
-6.163186117121635e-05
-6.20613461076384e-05
-6.249382393291495e-05
-6.292931550308024e-05
-6.336784181965819e-05
-6.380942403047215e-05
-6.425408343068133e-05
-6.470184146378788e-05
-6.515271972274686e-05
-6.560673995115868e-05
-6.606392404392633e-05
-6.652429404856858e-05
-6.698787216630891e-05
-6.745468075313593e-05
-6.792474232064638e-05
-6.839807953745378e-05
-6.887471523005418e-05
-6.93546723841786e-05
-6.983797414549832e-05
-7.032464382105211e-05
-7.081470488041336e-05
-7.130818095660643e-05
-7.180509584736941e-05
-7.2305473516273e-05
-7.280933809381343e-05
-7.33167138787811e-05
-7.382762533918009e-05
-7.43420971134911e-05
-7.48601540120214e-05
-7.53818210178659e-05
-7.590712328827721e-05
-7.643608615578654e-05
-7.696873512945141e-05
-7.750509589614374e-05
-7.804519432169296e-05
-7.858905645207609e-05
-7.913670851497981e-05
-7.968817692068217e-05
-8.024348826366601e-05
-8.080266932353371e-05
-8.136574706665498e-05
-8.193274864726902e-05
-8.250370140892654e-05
-8.307863288553317e-05
-8.365757080303483e-05
-8.424054308051434e-05
-8.482757783165665e-05
-8.541870336599248e-05
-8.601394819035158e-05
-8.661334101029393e-05
-8.721691073130308e-05
-8.782468646029878e-05
-8.843669750717149e-05
-8.905297338592834e-05
-8.967354381634251e-05
-9.02984387250083e-05
-9.092768824762619e-05
-9.156132272906904e-05
-9.219937272660051e-05
-9.284186900961516e-05
-9.348884256276115e-05
-9.414032458591787e-05
-9.479634649641334e-05
-9.54569399309864e-05
-9.61221367462242e-05
-9.679196902137154e-05
-9.74664690586495e-05
-9.81456693858093e-05
-9.882960275681976e-05
-9.95183021542846e-05
-0.0001002118007904344
-0.00010091013210914443
-0.00010161332978708866
-0.00010232142773587645
-0.00010303446010325763
-0.00010375246127489933
-0.00010447546587643067
-0.00010520350877439122
-0.0001059366250784585
-0.0001066748501428885
-0.00010741821956831911
-0.00010816676920357348
-0.00010892053514712852
-0.00010967955374918572
-0.000110443861613191
-0.00011121349559759991
-0.00011198849281779059
-0.00011276889064773163
-0.00011355472672186978
-0.0001143460389369514
-0.00011514286545371899
-0.0001159452446987772
-0.00011675321536682597
-0.00011756681642186081
-0.00011838608709955539
-0.0001192110669089253
-0.0001200417956344949
-0.00012087831333786595
-0.0001217206603597573
-0.00012256887732213067
-0.0001234230051300431
-0.00012428308497349435
-0.00012514915832952526
-0.0001260212669642821
-0.00012689945293489394
-0.00012778375859168233
-0.00012867422657990367
-0.00012957089984211577
-0.00013047382162021445
-0.0001313830354572522
-0.00013229858519973084
-0.00013322051499975302
-0.00013414886931710474
-0.00013508369292149919
-0.00013602503089434872
-0.00013697292863144807
-0.00013792743184489888
-0.00013888858656525388
-0.00013985643914390489
-0.00014083103625528622
-0.0001418124248990149
-0.00014280065240228576
-0.0001437957664219817
-0.00014479781494715842
-0.00014580684630135105
-0.00014682290914475455
-0.00014784605247669807
-0.0001488763256378937
-0.00014991377831297987
-0.0001509584605327861
-0.00015201042267675973
-0.0001530697154754344
-0.00015413639001300377
-0.00015521049772935483
-0.00015629209042301954
-0.0001573812202534209
-0.00015847793974360582
-0.0001595823017824795
-0.0001606943596276113
-0.00016181416690759366
-0.00016294177762470665
-0.00016407724615770798
-0.00016522062726416159
-0.00016637197608333664
-0.00016753134813861153
-0.00016869879934041399
-0.0001698743859885291
-0.00017105816477532877
-0.0001722501927883301
-0.00017345052751259905
-0.0001746592268338813
-0.000175876349041293
-0.0001771019528302325
-0.0001783360973049038
-0.00017957884198166517
-0.0001808302467913997
-0.0001820903720828992
-0.00018335927862515584
-0.000184637027610738
-0.00018592368065875977
-0.00018721929981762968
-0.00018852394756826746
-0.0001898376868268506
-0.00019116058094805627
-0.00019249269372795534
-0.00019383408940725633
-0.00019518483267434912
-0.00019654498866843
-0.00019791462298255963
-0.00019929380166699073
-0.00020068259123206636
-0.00020208105865173945
-0.00020348927136668517
-0.00020490729728750938
-0.00020633520479809546
-0.0002077730627588147
-0.0002092209405098132
-0.00021067890787460644
-0.00021214703516314742
-0.0002136253931754088
-0.0002151140532047616
-0.00021661308704132802
-0.00021812256697553272
-0.00021964256580153636
-0.00022117315682071038
-0.0002227144138453537
-0.00022426641120212637
-0.00022582922373550618
-0.00022740292681159153
-0.00022898759632165042
-0.00023058330868586937
-0.00023219014085689403
-0.00023380817032365414
-0.00023543747511514895
-0.0002370781338039093
-0.00023873022551019191
-0.00024039382990543145
-0.0002420690272165233
-0.00024375589822899583
-0.0002454545242917771
-0.00024716498732018754
-0.0002488873698010301
-0.00025062175479517506
-0.00025236822594290826
-0.000254126867466824
-0.00025589776417704537
-0.00025768100147392954
-0.000259476665353804
-0.00026128484241120316
-0.00026310561984538663
-0.00026493908546174755
-0.0002667853276790816
-0.00026864443553079124
-0.00027051649867235904
-0.0002724016073821806
-0.00027429985256966546
-0.00027621132577559747
-0.0002781361191810073
-0.0002800743256067845
-0.0002820260385231101
-0.0002839913520488834
-0.0002859703609615021
-0.000287963160695872
-0.00028996984735478644
-0.000291990517707742
-0.00029402526920149227
-0.00029607419995871615
-0.0002981374087887077
-0.000300214995186521
-0.00030230705934315217
-0.00030441370214496187
-0.0003065350251837923
-0.0003086711307568129
-0.00031082212187615564
-0.00031298810226936663
-0.0003151691763886654
-0.0003173654494119016
-0.0003195770272520568
-0.0003218040165569318
-0.00032404652472072914
-0.0003263046598812609
-0.00032857853093515825
-0.0003308682475292214
-0.0003331739200849916
-0.0003354956597791411
-0.00033783357858035106
-0.0003401877892127325
-0.0003425584052174687
-0.0003449455408857107
-0.00034734931135621387
-0.0003497698325035307
-0.0003522072210922267
-0.0003546615945953919
-0.000357133071433084
-0.00035962177069059095
-0.00036212781247701054
-0.00036465131750151804
-0.0003671924075970515
-0.0003697512051047634
-0.0003723278336217209
-0.000374922417124023
-0.0003775350810179091
-0.00038016595091430153
-0.0003828151540773251
-0.00038548281775587184
-0.00038816907112184816
-0.0003908740430559189
-0.0003935978647024289
-0.0003963406665548701
-0.0003991025817978806
-0.0004018837425175544
-0.00040468428399732933
-0.0004075043399136539
-0.00041034404771284885
-0.0004132035426415758
-0.00041608296438584626
-0.00041898244975710226
-0.0004219021407135667
-0.0004248421755715052
-0.000427802698578473
-0.0004307838495415232
-0.0004337857749603031
-0.00043680861615296503
-0.00043985252181639664
-0.0004429176351339523
-0.0004460041072422412
-0.00044911208298476727
-0.00045224171604856087
-0.0004553931531633285
-0.00045856655014476144
-0.0004617620558488968
-0.0004649798274164109
-0.00046822001601246554
-0.0004714827809983372
-0.0004747682755243304
-0.00047807666102537985
-0.0004814080934256351
-0.00048476273525018
-0.0004881407455887692
-0.000491542287929442
-0.0004949675236036149
-0.0004984166180518126
-0.0005018897344833083
-0.0005053870410151315
-0.0005089087023677526
-0.0005124548913497223
-0.000516025771321914
-0.0005196215224760257
-0.0005232423038162717
-0.0005268883067340942
-0.0005305596814259956
-0.0005342566350560593
-0.0005379793023888609
-0.0005417279147536991
-0.0005455025818442155
-0.0005493035736782277
-0.0005531309552135497
-0.0005569850578873822
-0.0005608658775005869
-0.0005647738251518525
-0.0005687088125511889
-0.0005726713567635654
-0.0005766612405782004
-0.0005806791460738057
-0.0005847246700331369
-0.000588798723006408
-0.0005929006682403725
-0.0005970316452644005
-0.0006011907783262123
-0.000605379502160845
-0.0006095965703195362
-0.0006138438770663903
-0.0006181196437891215
-0.0006224263650910873
-0.000626761630078618
-0.0006311286345567687
-0.0006355241590479218
-0.0006399523504040413
-0.0006444090202132424
-0.0006488985635486592
-0.0006534161154431884
-0.0006579674974397683
-0.0006625462289988322
-0.0006671593188536462
-0.0006717997355228976
-0.0006764755754696718
-0.000681181177908543
-0.0006859222031835913
-0.0006906914516303841
-0.0006954989056484153
-0.0007003331526387912
-0.0007052059950721027
-0.0007101064391507346
-0.0007150440781113221
-0.0007200114771891091
-0.0007250170773889242
-0.0007300510535269213
-0.0007351241666365892
-0.0007402249012535534
-0.0007453636442153171
-0.0007505308658985005
-0.0007557347248088275
-0.0007609704769571946
-0.0007662390252717874
-0.000771541476449314
-0.0007768782391961607
-0.000782249241389017
-0.0007876574068197844
-0.0007930995516786439
-0.0007985798636126907
-0.0008040892560148656
-0.0008096485824491389
-0.0008152240683210148
-0.0008208572296235766
-0.0008265025394776923
-0.000832209151069899
-0.000837924680755507
-0.0008437138105659569
-0.0008494874134719525
-0.0008553750297610224
-0.0008611600802813411
-0.0008671583944790846
-0.0008730057326652924
-0.0008791052956441483
-0.0008849588168788533
-0.0008912493053021223
-0.0008970641373166328
-0.0009035681073005008
-0.0009093516149868658
-0.0009159906904577762
-0.0009218237338877553
-0.00092859811275853
-0.0009344119105632871
-0.0009414513480425477
-0.0009470639855107185
-0.0009545892298449344
-0.0009597334062567944
-0.0009681208537058513
-0.0009721600123282126
-0.000982905719917826
-0.0009818038674715077
-0.0009848170095022061
-0.0009881474940495755
-0.000998380343856877
-0.0009938896021101581
-0.0010056813081033011
-0.0010087020859035206
-0.0010161432135748008
-0.0010261215703599412
-0.0010251112009072964
-0.0010339403002202372
-0.0010412274172846465
-0.0010439671311779086
-0.0010597676878650666
-0.001051655912960879
-0.001070326652305699
-0.0010633008023282929
-0.001070902347812732
-0.001073222902096889
-0.0010823135224152236
-0.0010687074913511355
-0.0010840411322134485
-0.0010657072647791807
-0.001078874799472264
-0.0010693754964398935
-0.0010804877761356607
-0.0010710483054412873
-0.0010906463821278769
-0.0010802544798186623
-0.001099689495009143
-0.00109587904728458
-0.0011011563375719377
-0.0011085164186490437
-0.001113790422193577
-0.0011071864141809268
-0.0011153412111979144
-0.0011096849589653417
-0.0011228795769810107
-0.0011213243093748922
-0.0011270733542361796
-0.0011275110901917667
-0.001115837290679915
-0.0011333834555397474
-0.0011232873358591631
-0.0011362012006416384
-0.0011291458662858267
-0.0011428968312876548
-0.0011281480288122749
-0.001144874498288439
-0.0011278226956581703
-0.0011444911323131384
-0.0011457638918912529
-0.0011552178540925081
-0.0011470872986759106
-0.001163780501242523
-0.0011755739093894614
-0.0011677592445942407
-0.0011960487491351826
-0.0011763575730054585
-0.0012086022430728288
-0.0011887583414344621
-0.0012002297158568015
-0.0011669185561782522
-0.0011663747681843473
0.0005087158364873678
0.0010111972359966893
0.00043232480076614284
0.0011034290767816632
0.0002579346704624681
0.0013329106145378
-5.863832404118339e-06
0.001491004996995205
-0.00040643149264821396
0.0017129678113698987
-0.000959563413278166
0.001936730229376789
-0.0017455142292711944
0.0027331299754285647
-0.0031109952929096567
0.0059276669207105675
-0.0030698206046286666
0.005798965946420815
-0.004401894465287057
0.00570220345019803
-0.005117315622019821
0.006552498849237618
-0.007377043499157238
0.007753925458915607
-0.009405074092117858
0.010067094229037923
-0.011939135973788586
0.012983844084278162
-0.01628351041335386
0.017921813832340143
-0.021218156422445046
0.027200904619151707
-0.03532206664142861
0.05000633193791382
-0.0787527301681733
0.21346873282939854
0.6449367172499249
0.3075702126208196
0.2095879261932203
-0.032425091963075206
0.11000777760466085
0.08425714517787294
0.028826175779617186
-0.09834788352793734
-0.1631339944875651
-0.15538946947247229
-0.12711521063443187
-0.2235680663862042
-0.3125150848303022
-0.25062440778555795
-0.06755524308256919
0.019958927515293587
-0.08412428958143273
0.0053530670199581284
0.1480867389095635
0.1366557405210766
0.03682836091978165
0.02062017686092169
0.0833362231354966
0.11916544175491398
0.1332139323643476
0.12415116790099195
0.03360917301910958
-0.04193940344887328
-0.018610075694289054
0.030025187379667716
0.04050253003951805
-0.034883211078929624
-0.09980871558443047
-0.1015164236944184
-0.09224034348779575
-0.05547936276702055
-0.027647062590767414
-0.02622284900672394
-0.022740730783113276
-0.027835047582908903
-0.03010083589386242
-0.015400204593501238
0.027164401389636647
0.0696073188110274
0.04260904500736913
0.007243777506389949
-0.008413531945422718
0.012644249829858137
0.030324686013647257
0.024252305906914753
0.008011498090044764
-0.0019952354291027483
-0.01202187198113137
-0.011206990025240324
-0.006957837640078291
-0.009513909473915167
-0.023296842311912383
-0.033106805165769
-0.016989674732650242
-0.0008201390891371568
0.0013587250667766782
-0.006728557405018133
-0.010645406128156377
-0.004513946687652504
0.0013066854395761616
0.007329207492585005
0.01790313617525856
0.021163119875243774
0.013291288234506007
-0.0013495605448236839
-0.00797610086924003
0.0002261956553361024
0.012824917642698969
0.015003317830473099
0.0017498081828428726
-0.0130542862673063
-0.017356383547916906
-0.008066822451073824
0.001824082224775862
0.0077936332094743176
0.005855197702972656
-0.001901901620783412
-0.007212396874131837
-0.0064659426285407825
0.002862324051313746
0.008987577961953186
0.00883926813286753
0.0033145819518381357
-0.0011283875465747115
-0.0036983166322729654
-0.002991692623743841
0.001755370538972465
0.005959764712430872
0.0074214287339266945
0.0029766348362668302
-0.004347554822442396
-0.005529438022470883
-0.0013645991881126047
-0.0012836648494070346
-0.002300102426212214
-0.0033902002171186042
-0.0011538766556078654
0.0024765570224354987
0.0024280642695523394
0.0002993679257477545
-0.0018744379860568378
-0.005298777657005045
0.0018143848927295958
0.0037224169877399056
0.005020306929108426
-0.002916476655335783
-0.005477518776895587
-0.002465241187933763
-1.7668201959266674e-05
0.00306969123375751
0.003049791674530006
0.003211888580957907
0.0005942713607573512
-0.0024944022904068892
-0.004084780301665887
-0.002220760185625207
0.002022747480948732
0.001937295084718823
-0.0014266540729796218
-0.0028630757509315406
-0.0035815390319421272
-0.0016055335706071923
-9.304586986897008e-05
0.001310820021680575
0.000788173667422222
0.0006792925898639933
7.093529119728487e-05
3.2312003113239753e-06
-0.0005198013964149855
-0.0006705728131349388
-0.00016604795190613286
-0.0003540057509166571
9.080286665451428e-05
8.03486875040173e-05
0.000227378067483388
0.00012332502648862691
6.156412964026121e-05
-1.9927536630189965e-05
-4.104782890518966e-05
-2.1476646932899106e-05
-6.300068521571627e-06
2.3352910583674302e-05
6.577237416755921e-06
-4.29259316320595e-06
-1.287575473952801e-05
-9.832003776876039e-06
-9.480110690414243e-06
-7.247447598811551e-06
-2.21900401138099e-07
-1.9294141967833318e-06
3.6362234243243334e-06
-1.8105270007231014e-07
2.0283005397730286e-07
-4.457285651920549e-06
-4.688218191297583e-06
-4.668539746907098e-06
-3.232120669572139e-06
-6.426986543205115e-07
-3.5018384221497875e-07
7.512905195502639e-07
-3.262093450574939e-07
-6.037895609984582e-07
-1.4025417362515183e-06
-1.46109915702213e-06
-1.6323410485693775e-06
-1.5719347773075504e-06
-1.4646991701719111e-06
-1.503152429193971e-06
-1.4202843191976578e-06
-1.52292740934572e-06
-1.5377364016124547e-06
-1.6396281252251208e-06
-1.6371869748827046e-06
-1.6375243393007902e-06
-1.6077666626466974e-06
-1.575044556412458e-06
-1.5960998082513206e-06
-1.5963374020516404e-06
-1.6377634500258252e-06
-1.6417618159123622e-06
-1.6594065242216127e-06
-1.6541002095025016e-06
-1.658295141149276e-06
-1.6616924643239692e-06
-1.668412288697782e-06
-1.6838832375258052e-06
-1.6964422484867792e-06
-1.7155053738879267e-06
-1.7294317124398953e-06
-1.7455058677869409e-06
-1.7571674080141177e-06
-1.769519317542951e-06
-1.78086298182863e-06
-1.792841043949246e-06
-1.805966531089661e-06
-1.8187635347382582e-06
-1.832322942152409e-06
-1.8449201460999168e-06
-1.8578770366326283e-06
-1.8703106866389124e-06
-1.8831382214744632e-06
-1.8960052471153881e-06
-1.9090643117487685e-06
-1.9223793952072125e-06
-1.9356757443908914e-06
-1.9492192578122146e-06
-1.9626989339574692e-06
-1.9763752159141076e-06
-1.9900558895977454e-06
-2.0039126265416e-06
-2.017868158767089e-06
-2.0319597483896973e-06
-2.046176255582517e-06
-2.0604709885313965e-06
-2.0748736737521804e-06
-2.0893384095367618e-06
-2.1039108962623253e-06
-2.1185653081949585e-06
-2.1333325274379596e-06
-2.1481987208102e-06
-2.1631715917585018e-06
-2.1782494076453933e-06
-2.1934279002052293e-06
-2.2087135867212507e-06
-2.2241004351283107e-06
-2.2395967456126853e-06
-2.255198480796629e-06
-2.2709115775580843e-06
-2.2867342521311535e-06
-2.3026685298502183e-06
-2.3187145406608663e-06
-2.3348720710255223e-06
-2.351142789893887e-06
-2.3675262970652543e-06
-2.38402470806396e-06
-2.400637871774556e-06
-2.41736737440336e-06
-2.434213378142247e-06
-2.451176869757007e-06
-2.4682584841725875e-06
-2.48545894609257e-06
-2.5027792323403667e-06
-2.520220023602307e-06
-2.5377823873026697e-06
-2.5554670331790624e-06
-2.5732749665922645e-06
-2.591206954156099e-06
-2.609263909576255e-06
-2.6274466769313914e-06
-2.645756127447451e-06
-2.664193172347354e-06
-2.6827586809760606e-06
-2.7014535894194155e-06
-2.720278774470848e-06
-2.73923516702179e-06
-2.758323661508893e-06
-2.7775451848653827e-06
-2.796900657316419e-06
-2.816391010695713e-06
-2.8360171875530145e-06
-2.855780129476168e-06
-2.8756807944662136e-06
-2.8957201366223637e-06
-2.9158991259863737e-06
-2.9362187312876806e-06
-2.956679934484072e-06
-2.977283721042139e-06
-2.99803108423256e-06
-3.018923026053787e-06
-3.0399605530557518e-06
-3.061144681312019e-06
-3.082476431848246e-06
-3.103956833846273e-06
-3.1255869227956104e-06
-3.1473677431668665e-06
-3.16930034450439e-06
-3.19138578301105e-06
-3.2136251250091145e-06
-3.2360194434999726e-06
-3.2585698187587078e-06
-3.281277337493626e-06
-3.3041430947771105e-06
-3.3271681931235086e-06
-3.3503537431806354e-06
-3.3737008635313648e-06
-3.397210679441376e-06
-3.42088432448524e-06
-3.4447229404030878e-06
-3.4687276775297385e-06
-3.4928996936061957e-06
-3.5172401531948297e-06
-3.5417502300390345e-06
-3.5664311069755162e-06
-3.5912839743124352e-06
-3.6163100297619682e-06
-3.6415104801843564e-06
-3.6668865416659676e-06
-3.6924394376632507e-06
-3.718170400440063e-06
-3.7440806707055452e-06
-3.770171497917158e-06
-3.7964441401939445e-06
-3.822899864759271e-06
-3.84953994795711e-06
-3.87636567425188e-06
-3.903378336721577e-06
-3.930579238097128e-06
-3.957969690338839e-06
-3.985551014747471e-06
-4.013324541408156e-06
-4.041291609289068e-06
-4.069453567170792e-06
-4.097811773040171e-06
-4.126367594603974e-06
-4.15512240905917e-06
-4.1840776026846535e-06
-4.213234572348831e-06
-4.242594724201531e-06
-4.272159473686036e-06
-4.3019302464176144e-06
-4.331908478250374e-06
-4.362095615186175e-06
-4.392493113114138e-06
-4.4231024374607845e-06
-4.453925064396361e-06
-4.484962480428046e-06
-4.5162161823811145e-06
-4.5476876775786546e-06
-4.579378483417077e-06
-4.611290128499703e-06
-4.64342415144929e-06
-4.675782102049836e-06
-4.708365540820672e-06
-4.741176039183557e-06
-4.774215179201042e-06
-4.807484554182026e-06
-4.840985768644868e-06
-4.874720438081677e-06
-4.908690189625668e-06
-4.942896661092382e-06
-4.977341502210655e-06
-5.012026373986259e-06
-5.046952948966745e-06
-5.082122911728758e-06
-5.117537958193629e-06
-5.153199796405043e-06
-5.189110146288419e-06
-5.225270739349537e-06
-5.26168331934512e-06
-5.298349642250146e-06
-5.335271475999967e-06
-5.372450602006244e-06
-5.409888812741995e-06
-5.4475879137705135e-06
-5.485549722855187e-06
-5.523776070851301e-06
-5.562268801109055e-06
-5.601029770233197e-06
-5.640060847006423e-06
-5.679363914274987e-06
-5.718940866768869e-06
-5.7587936134741126e-06
-5.798924076454246e-06
-5.83933419054123e-06
-5.880025904785408e-06
-5.921001180886213e-06
-5.962261995981315e-06
-6.0038103391151214e-06
-6.045648214061421e-06
-6.087777638386516e-06
-6.130200644105738e-06
-6.172919276789708e-06
-6.215935596457357e-06
-6.25925167747508e-06
-6.302869608969003e-06
-6.34679149451317e-06
-6.3910194521283985e-06
-6.43555561480021e-06
-6.480402129738043e-06
-6.525561159902626e-06
-6.571034883511798e-06
-6.616825493431511e-06
-6.662935197554974e-06
-6.709366219402602e-06
-6.756120798409322e-06
-6.803201189353259e-06
-6.850609662542385e-06
-6.89834850414045e-06
-6.946420016462444e-06
-6.994826517637068e-06
-7.043570342037467e-06
-7.09265384047069e-06
-7.142079379970825e-06
-7.191849343754649e-06
-7.241966132241328e-06
-7.292432162407311e-06
-7.343249867772239e-06
-7.394421698956981e-06
-7.445950123623462e-06
-7.4978376271448094e-06
-7.550086711639436e-06
-7.602699896621778e-06
-7.655679719438036e-06
-7.709028734770806e-06
-7.76274951578811e-06
-7.81684465321771e-06
-7.871316755268072e-06
-7.926168449142769e-06
-7.981402379720476e-06
-8.037021211066558e-06
-8.093027625607346e-06
-8.149424323526666e-06
-8.206214024825825e-06
-8.263399468168287e-06
-8.320983411294267e-06
-8.378968631283547e-06
-8.437357924238886e-06
-8.49615410616119e-06
-8.55536001270231e-06
-8.61497849868019e-06
-8.675012439416773e-06
-8.735464729637751e-06
-8.796338285040756e-06
-8.857636041139164e-06
-8.919360953794008e-06
-8.981515999966199e-06
-9.044104176961481e-06
-9.107128502934374e-06
-9.170592017374544e-06
-9.234497780619133e-06
-9.298848874549244e-06
-9.363648402571732e-06
-9.428899489637415e-06
-9.494605282245631e-06
-9.56076894935605e-06
-9.627393681403348e-06
-9.694482691635989e-06
-9.76203921520917e-06
-9.830066509988034e-06
-9.898567856792342e-06
-9.967546558749263e-06
-1.003700594255641e-05
-1.0106949357893691e-05
-1.0177380177722739e-05
-1.0248301798312931e-05
-1.03197176401712e-05
-1.0391631146995997e-05
-1.0464045787157011e-05
-1.053696505243229e-05
-1.0610392459670104e-05
-1.0684331549597192e-05
-1.075878588800705e-05
-1.0833759065576043e-05
-1.0909254697807902e-05
-1.0985276425144741e-05
-1.1061827914632394e-05
-1.1138912856561989e-05
-1.1216534969521463e-05
-1.1294697996658103e-05
-1.137340570653983e-05
-1.1452661895661664e-05
-1.1532470384628679e-05
-1.1612835024522872e-05
-1.16937596892977e-05
-1.1775248282133027e-05
-1.185730473234059e-05
-1.1939932997358932e-05
-1.2023137062090739e-05
-1.2106920938784876e-05
-1.2191288667728548e-05
-1.2276244317724339e-05
-1.2361791985857659e-05
-1.2447935797613944e-05
-1.2534679907607238e-05
-1.2622028498069466e-05
-1.2709985781759678e-05
-1.2798556000812294e-05
-1.2887743426361325e-05
-1.2977552358880377e-05
-1.3067987129582355e-05
-1.3159052100045416e-05
-1.3250751661877621e-05
-1.3343090237039924e-05
-1.3436072278454189e-05
-1.3529702270164302e-05
-1.3623984727344956e-05
-1.3718924196852098e-05
-1.3814525257239627e-05
-1.3910792518948261e-05
-1.4007730623994807e-05
-1.4105344247543165e-05
-1.420363809680799e-05
-1.4302616912020491e-05
-1.4402285466408923e-05
-1.4502648566479606e-05
-1.460371105238209e-05
-1.4705477797732208e-05
-1.480795370990308e-05
-1.491114373113056e-05
-1.5015052837350981e-05
-1.5119686039974031e-05
-1.5225048384892234e-05
-1.5331144952675235e-05
-1.5437980860196973e-05
-1.5545561259194124e-05
-1.5653891338202053e-05
-1.5762976321317956e-05
-1.587282146875424e-05
-1.5983432078051085e-05
-1.6094813483365222e-05
-1.6206971055856764e-05
-1.6319910204513205e-05
-1.643363637569145e-05
-1.654815505379957e-05
-1.666347176160904e-05
-1.6779592059937287e-05
-1.689652154879262e-05
-1.701426586718513e-05
-1.7132830693107615e-05
-1.7252221744562535e-05
-1.7372444778923635e-05
-1.7493505593810244e-05
-1.761541002763458e-05
-1.7738163958905262e-05
-1.7861773307707675e-05
-1.798624403490101e-05
-1.8111582142842086e-05
-1.8237793676229713e-05
-1.8364884721486924e-05
-1.849286140738482e-05
-1.862172990592728e-05
-1.8751496431414216e-05
-1.8882167241978526e-05
-1.9013748639115993e-05
-1.9146246968079067e-05
-1.9279668618821418e-05
-1.9414020025605022e-05
-1.95493076674165e-05
-1.9685538068494463e-05
-1.9822717798427536e-05
-1.9960853472469203e-05
-2.0099951752491907e-05
-2.0240019346239382e-05
-2.0381063008576526e-05
-2.0523089541311587e-05
-2.066610579345724e-05
-2.081011866218556e-05
-2.0955135092185287e-05
-2.11011620772218e-05
-2.1248206659061145e-05
-2.1396275929199543e-05
-2.1545377027443538e-05
-2.1695517145374444e-05
-2.1846703522341356e-05
-2.199894344953211e-05
-2.2152244269007908e-05
-2.2306613373328406e-05
-2.246205820808072e-05
-2.261858626732816e-05
-2.277620510146962e-05
-2.293492231036443e-05
-2.309474554889365e-05
-2.3255682524498528e-05
-2.341774099798473e-05
-2.3580928784306884e-05
-2.3745253753600093e-05
-2.3910723830274208e-05
-2.4077346994599185e-05
-2.4245131280747987e-05
-2.4414084780482927e-05
-2.4584215642227403e-05
-2.4755532069753764e-05
-2.492804232520499e-05
-2.5101754727434658e-05
-2.527667765416918e-05
-2.5452819540883534e-05
-2.5630188881558245e-05
-2.580879422995285e-05
-2.5988644199385014e-05
-2.616974746301546e-05
-2.63521127545829e-05
-2.6535748868494833e-05
-2.6720664660469066e-05
-2.690686904792145e-05
-2.7094371010589948e-05
-2.7283179591125408e-05
-2.747330389442663e-05
-2.766475308884752e-05
-2.7857536407339175e-05
-2.805166314657874e-05
-2.8247142668336254e-05
-2.8443984399880036e-05
-2.8642197833634187e-05
-2.884179252831678e-05
-2.9042778109300148e-05
-2.9245164269084238e-05
-2.944896076773366e-05
-2.965417743321249e-05
-2.9860824162034018e-05
-3.0068910919869114e-05
-3.027844774158221e-05
-3.048944473170055e-05
-3.070191206577203e-05
-3.091585998979017e-05
-3.113129882158043e-05
-3.134823895033402e-05
-3.156669083778532e-05
-3.1786665019136774e-05
-3.200817210223463e-05
-3.223122276949e-05
-3.245582777741641e-05
-3.2681997957300186e-05
-3.290974421617167e-05
-3.313907753704423e-05
-3.3370008979506226e-05
-3.360254968033205e-05
-3.383671085339826e-05
-3.407250379122977e-05
-3.4309939864972036e-05
-3.454903052452197e-05
-3.4789787300221126e-05
-3.5032221802452435e-05
-3.5276345722566344e-05
-3.552217083343623e-05
-3.576970898967856e-05
-3.601897212875452e-05
-3.626997227156102e-05
-3.652272152220894e-05
-3.6777232069795554e-05
-3.703351618780421e-05
-3.7291586235309326e-05
-3.7551454657781076e-05
-3.781313398724701e-05
-3.807663684318773e-05
-3.834197593315114e-05
-3.860916405289149e-05
-3.887821408706557e-05
-3.914913901104881e-05
-3.9421951889803946e-05
-3.969666587981253e-05
-3.997329422910705e-05
-4.025185027787799e-05
-4.053234745941992e-05
-4.081479930061801e-05
-4.109921942283901e-05
-4.1385621541946055e-05
-4.167401946954155e-05
-4.196442711360427e-05
-4.225685847899797e-05
-4.255132766790139e-05
-4.284784888114397e-05
-4.3146436418270374e-05
-4.344710467889124e-05
-4.374986816275782e-05
-4.405474146978284e-05
-4.4361739302801654e-05
-4.467087646660526e-05
-4.4982167869396495e-05
-4.529562852344598e-05
-4.5611273544834354e-05
-4.592911815527647e-05
-4.6249177682852966e-05
-4.6571467562464615e-05
-4.68960033366988e-05
-4.722280065567238e-05
-4.755187527932564e-05
-4.7883243077265214e-05
-4.821692002926741e-05
-4.8552922227025966e-05
-4.8891265874123624e-05
-4.9231967287107024e-05
-4.957504289635514e-05
-4.9920509246210044e-05
-5.0268382996884005e-05
-5.0618680924444104e-05
-5.097141992184179e-05
-5.132661700000651e-05
-5.168428928810343e-05
-5.2044454034565375e-05
-5.240712860832644e-05
-5.277233049918908e-05
-5.314007731898696e-05
-5.3510386802409e-05
-5.388327680715273e-05
-5.425876531587855e-05
-5.4636870436016935e-05
-5.501761040183612e-05
-5.540100357466027e-05
-5.5787068443277534e-05
-5.617582362547343e-05
-5.656728786869816e-05
-5.6961480051502577e-05
-5.7358419183469594e-05
-5.775812440705376e-05
-5.816061499750297e-05
-5.856591036515631e-05
-5.897403005494968e-05
-5.9384993748458955e-05
-5.9798821264247376e-05
-6.021553255864537e-05
-6.0635147727898346e-05
-6.105768700756086e-05
-6.148317077428662e-05
-6.191161954692851e-05
-6.234305398710198e-05
-6.277749490077322e-05
-6.321496323862539e-05
-6.365548009721255e-05
-6.409906672028703e-05
-6.454574449950203e-05
-6.499553497554041e-05
-6.544845983987545e-05
-6.590454093392383e-05
-6.636380025227509e-05
-6.682625994196138e-05
-6.729194230545689e-05
-6.776086979917468e-05
-6.823306503774907e-05
-6.8708550791208e-05
-6.918734999082686e-05
-6.966948572486383e-05
-7.015498124536817e-05
-7.064385996334577e-05
-7.11361454564536e-05
-7.163186146208738e-05
-7.21310318885709e-05
-7.263368080442792e-05
-7.313983245298226e-05
-7.3649511238995e-05
-7.41627417451228e-05
-7.467954871683002e-05
-7.519995708105392e-05
-7.572399192815136e-05
-7.625167853492426e-05
-7.67830423417245e-05
-7.731810897910443e-05
-7.785690424312e-05
-7.839945412283563e-05
-7.894578477381697e-05
-7.949592254877637e-05
-8.00498939717373e-05
-8.060772576158723e-05
-8.116944481136599e-05
-8.173507821337598e-05
-8.230465323884155e-05
-8.287819735740211e-05
-8.345573822326601e-05
-8.403730368694313e-05
-8.462292179193078e-05
-8.521262077571944e-05
-8.580642907621131e-05
-8.64043753214034e-05
-8.700648834819875e-05
-8.761279717977904e-05
-8.822333106021333e-05
-8.88381194137785e-05
-8.945719189284475e-05
-9.008057833233735e-05
-9.070830879949357e-05
-9.134041354914423e-05
-9.19769230588851e-05
-9.261786801511131e-05
-9.326327930591315e-05
-9.39131880649327e-05
-9.456762558012356e-05
-9.522662345815957e-05
-9.589021337085804e-05
-9.655842742840566e-05
-9.723129766527018e-05
-9.790885673460054e-05
-9.859113699710277e-05
-9.927817170185841e-05
-9.996999348398268e-05
-0.00010066663626117755
-0.0001013681328766768
-0.00010207451800548113
-0.00010278582461499975
-0.00010350208824422085
-0.00010422334187641278
-0.00010494962204331661
-0.00010568096160746724
-0.00010641739825590626
-0.00010715896456250451
-0.00010790569956674876
-0.00010865763537900555
-0.00010941481257838084
-0.00011017726264693928
-0.00011094502791143043
-0.00011171813898764975
-0.00011249664019531713
-0.00011328056102616769
-0.0001140699480123152
-0.0001148648293746138
-0.0001156652539871805
-0.00011647124871893774
-0.0001172828649325065
-0.00011810012812329268
-0.00011892309198948195
-0.00011975178071440629
-0.00012058625013221312
-0.00012142652310717997
-0.00012227265723331582
-0.00012312467463667168
-0.00012398263396802794
-0.00012484655885109362
-0.0001257165073261237
-0.00012659250558001538
-0.00012747461120597736
-0.00012836285259001164
-0.00012925728364716123
-0.00013015793692468377
-0.00013106485812583164
-0.00013197808865543547
-0.00013289766534910967
-0.0001338236383040414
-0.00013475603880555977
-0.000135694929246142
-0.00013664032887931906
-0.0001375923157539979
-0.0001385508944732859
-0.00013951615253105822
-0.00014048808892675433
-0.00014146679279644685
-0.00014245226342982586
-0.0001434445901397391
-0.00014444377982352906
-0.00014544990157571564
-0.00014646300184461853
-0.00014748309052785638
-0.00014851029417048455
-0.00014954451881457132
-0.00015058602035136369
-0.0001516345445042926
-0.00015269055355094329
-0.00015375353655468324
-0.0001548242751571332
-0.00015590186491046525
-0.00015698757695666954
-0.00015807990747557005
-0.00015918082121026307
-0.0001602880237480385
-0.0001614043538464733
-0.00016252651114923483
-0.00016365854759113006
-0.00016479573621747595
-0.00016594385125054363
-0.00016709618383711913
-0.00016826065520602742
-0.00016942831085108294
-0.00017060940145221008
-0.00017179228184876173
-0.00017299035683144873
-0.0001741883800996824
-0.00017540380819143243
-0.0001766170818431688
-0.00017785032028438431
-0.00017907877144535773
-0.00018033054596960918
-0.00018157433970865996
-0.000182842411824158
-0.00018410100793526593
-0.0001853852724668074
-0.00018665465207361675
-0.00018795505389541554
-0.00018923825462786414
-0.00019055809882717015
-0.0001918644576471807
-0.0001931996828273156
-0.0001945275651010866
-0.0001958827474462881
-0.00019721657107502348
-0.0001985735796897275
-0.00019991450398886002
-0.00020126698802990168
-0.00020262273646789487
-0.00020398358421821333
-0.0002053515927194841
-0.0002067283525455162
-0.00020811775640257194
-0.00020949757466559213
-0.0002109165762595994
-0.0002123017373472074
-0.00021374172038667407
-0.0002151331900936645
-0.000216586794068018
-0.0002179882121586225
-0.00021945622562614085
-0.00022085286102635233
-0.00022233096549096817
-0.00022374032420640743
-0.0002252121031867697
-0.0002266634981382661
-0.00022809168494995367
-0.00022959446476631187
-0.00023098261700566468
-0.00023256949706080155
-0.0002338846067575929
-0.00023558907780208468
-0.0002367750187233694
-0.00023865466683775302
-0.0002394571891542359
-0.0002417277237116199
-0.00024210063150758437
-0.00024460177963511395
-0.0002447724110903656
-0.000247845249993566
-0.000247280748848281
-0.0002512909552664453
-0.0002496509390369076
-0.0002546527283188837
-0.000251947846099609
-0.0002579390263087499
-0.00025400498259478023
-0.00026150703326856175
-0.0002557749327565019
-0.00026551812223350437
-0.0002571437214497099
-0.00027067243963704315
-0.00025630502604453835
-0.0002813221524081439
-0.000241298269221632
-0.0002628977020073149
-0.00024898261550203304
-0.0002461243628645235
-0.00021724959335182176
-0.00028657807493409626
-0.0002502839809468242
-0.0002936812471675196
-0.00025955354754730875
-0.00025982478599500224
-0.00023577577569929183
-0.0002188965269573264
-0.00020163495322020764
-0.00017692595393166942
-0.00017045898053556774
-0.00013044680443670756
-0.00016089832630906313
-0.00010382919005266864
-0.00016395193206774142
-0.0001706954380794011
-0.00011880277816448369
-0.00021580374644965738
-0.00015942214111260304
-0.00020805437765524046
-0.00013864371727196744
-0.00019955706357844844
-0.00011561199125995417
-0.00017927705187491955
-0.00010743825403577642
-0.00014143529556460283
-7.54750151135122e-05
-0.0001207843713324705
-6.097430268182935e-05
-8.495210413149434e-05
-3.3738281019227156e-05
-0.00011336616188362125
-7.936238005831764e-05
-7.837383330831782e-05
-5.331084130390934e-06
7.918403396183632e-05
0.0001635620444498942
0.00027248270602318186
0.000375910447269992
0.00044950876943899987
0.00038371515392825184
0.00042347553200371146
0.0003145750696086219
0.00047665169877608715
0.00031960652753521
0.00047498289936061255
0.00031433745420055524
0.00048822351419522403
0.000303791887980812
0.00042261914225985575
0.0002594887631227061
0.0003994857380680075
0.00027329870681300564
0.0004731231868573618
0.000486150366462261
0.0005250192927094416
0.0006259015671866638
0.0005163577178670248
0.0007767465477477795
