-0.004675892359865695
-0.0038488022726637637
-0.004599422209106795
-0.0038746311010162595
-0.007921406667773346
-0.005207312475762808
-0.008037860091296192
-0.007025519379917014
-0.008058211159694812
-0.00035336356660562764
-0.005850864671837774
0.006187978598636698
-0.013158903694049361
0.02193667122753215
-0.08192878526534694
0.8831222861670045
0.6916292814870455
0.5778252583466789
0.21703284413987559
0.4949072752934498
0.026596936934274985
-0.30358753261365024
-0.290112911050442
0.0740514317041542
-0.1291573011086663
-0.39150021816183744
-0.8070683604563405
-0.6136363945926888
-0.3918393998306784
-0.3951148714156
-0.14804964933144169
0.19110658542346085
0.4267727636539875
0.5698619700177847
0.09534867516564524
-0.16057015419734527
0.14212247796088603
0.23548409208708782
0.38330848881178137
0.2777512831113736
0.29498823701051113
-0.09713096731085895
-0.19322009286559894
-0.14526074138771927
-0.06620897319196759
-0.10936383668174113
-0.16130201879428951
-0.16403506998946482
-0.12232346060545539
-0.1694154712175124
-0.2729701399996812
-0.11038270035144399
-0.017343294373207745
-0.03714676081583778
0.023535365015758147
0.1700552454164593
0.12090566222022378
-0.03679289409431319
-0.04479373171351088
0.109032045877835
0.10772767626236637
0.09089766057447768
0.03787118968664101
0.08770497816843514
0.08124865295555814
-0.023868812789995662
-0.051877936831212695
-0.0695746256646532
-0.05412603337219482
-0.09791707753937469
0.015559634187328742
0.03894854356464836
0.02009674592485044
-0.10336228545819615
-0.10246850750139519
-0.056882519447031946
0.025514617109818484
0.03423327002494468
0.04178437900238299
0.014661540509705626
-0.016581707644135926
-0.0461050846821244
0.002960497284243507
0.05908677940028713
0.06265004909729771
0.03138169988317928
0.02005925125985904
0.033249071917830456
-0.00034859979245471144
-0.02546143585710399
-0.026291185958950747
-0.002609942155779298
0.009931332948618539
0.0021337770358779897
0.0012435599200342241
-0.00891952572738923
-0.02932141518749429
-0.029990711598926023
-0.017573837794637753
0.0144452674758223
0.0007045970886449212
-0.0024192412617796786
0.011904462991968711
0.020683597455102072
0.012774598322317945
-0.002989111420417138
0.004244879063893715
0.007062222777314797
0.0038351115253658892
0.01786182736616617
0.02267800350826194
0.01021759827960912
-0.013403761136878023
-0.021576719988448022
-0.0061354141813022706
0.008476642590569183
0.01314826548923546
0.005839147675342746
0.0018120021028977286
-0.004561188962234644
-0.010311101895529994
-0.0057141365907289465
0.0055687921428134585
0.00538539710872672
0.0029386202271772617
0.002979578724475484
0.004601989893379935
-0.0012489897590460468
-0.004675154310031424
0.0003575304457184948
0.004628611502970559
0.008471107115027323
0.0073222457098016495
0.005358625521620815
0.00187387587020765
-0.0005686363297336654
-0.0009263279900569462
0.0020220921281023426
-0.00026796721763891235
0.0015552443751181977
-0.0003651261648029631
0.0006798338988100879
-0.0009801187403651389
0.00024330291748523333
-0.000782544620348956
0.0003834203895318842
-0.00040208713796544677
0.000539909838389378
-0.0002760760656367375
0.0002544453724502656
-0.00029292100078835476
0.00017599324491116692
-0.00016861841898427364
0.0001665653773449252
-7.368879492488105e-05
8.340559806589883e-05
-3.382366226995469e-06
-3.423251311751303e-05
6.011871749102217e-05
-9.832459035172205e-05
0.00010680918677688153
-0.00011986460001140158
0.00013802831225644748
-0.00013935511975844098
0.00014404714225341598
-0.00015054892772834447
0.00014659531952356452
-0.00014810724172621432
0.00014340493844703945
-0.00013755111189143473
0.00013192529467757593
-0.00012417109755958304
0.00011571812288988404
-0.00010728228621066031
9.627699976491816e-05
-8.628369972494057e-05
7.481550639091758e-05
-6.37220815721967e-05
5.2594265103338795e-05
-4.247764723245217e-05
3.21058243693969e-05
-2.3510967356758685e-05
1.4480418420403506e-05
-7.2465659569336395e-06
-2.1076932864424677e-07
6.004624616817299e-06
-1.1965894736557046e-05
1.6213138847424283e-05
-2.0735761747598834e-05
2.3477698331678338e-05
-2.660076521708273e-05
2.800913314219693e-05
-2.984343567282886e-05
3.004292166892378e-05
-3.0769597245098364e-05
2.9916350081015883e-05
-2.974105972408875e-05
2.8068048692239493e-05
-2.7220117915374405e-05
2.497543758851772e-05
-2.3691346234438852e-05
2.1093259835625044e-05
-1.9579771272183744e-05
1.6809511175442694e-05
-1.5233525010128817e-05
1.2442702229805e-05
-1.0937591870657445e-05
8.247029900739292e-06
-6.919152141076951e-06
4.41877253322745e-06
-3.345826488109155e-06
1.0976757284400333e-06
-3.2886073639748145e-07
-1.6308594765316892e-06
2.0715251882435625e-06
-3.731079006300507e-06
3.842227619786458e-06
-5.211359410804478e-06
5.010697950416599e-06
-6.115538191289879e-06
5.634602331399676e-06
-6.512075324196826e-06
5.790621226926384e-06
-6.483675943350011e-06
5.565365027486446e-06
-6.1192798932255266e-06
5.048625092436698e-06
-5.5081976305148064e-06
4.328091101033892e-06
-4.735445350709071e-06
3.4851544046358984e-06
-3.878028264675884e-06
2.591726958105396e-06
-3.0022550349543056e-06
1.7080811953729125e-06
-2.1620798914172637e-06
8.81670590524835e-07
-1.3984253305681857e-06
1.469322752174415e-07
-7.394449731443035e-07
-4.740223789037254e-07
-2.0156735524223465e-07
-9.70079287641e-07
2.0896316256556816e-07
-1.339440220600853e-06
4.943147094062933e-07
-1.587802129983688e-06
6.6322844273492e-07
-1.7265198629049655e-06
7.292045094267402e-07
-1.7708332923602492e-06
7.087876619390164e-07
-1.738229135146447e-06
6.200198835520573e-07
-1.6469978433298867e-06
4.811130763062235e-07
-1.5150306709142691e-06
3.0937729453934734e-07
-1.3588831332288958e-06
1.2042046660981805e-07
-1.193109488236213e-06
-7.238676212996745e-08
-1.0298513797453966e-06
-2.582066882810159e-07
-8.786487403142362e-07
-4.28826655646513e-07
-7.464349969818311e-07
-5.78586160094631e-07
-6.376783051821513e-07
-7.041765341677352e-07
-5.54631895781409e-07
-8.043493936208887e-07
-4.976583154784296e-07
-8.79567920008509e-07
-4.6559485065316743e-07
-9.316320147829786e-07
-4.561311461586271e-07
-9.633039828433297e-07
-4.6617484564682315e-07
-9.779562371349266e-07
-4.9218665278876e-07
-9.792567000238323e-07
-5.304719547919758e-07
-9.709020274163965e-07
-5.774215126425845e-07
-9.564037688624023e-07
-6.296981965756249e-07
-9.389285961549634e-07
-6.843703550911406e-07
-9.211905052618208e-07
-7.38995174562676e-07
-9.053905375040749e-07
-7.916574849106857e-07
-8.931977541161082e-07
-8.409708465405286e-07
-8.857641911521469e-07
-8.860485487772671e-07
-8.837659787189547e-07
-9.264522893553256e-07
-8.874629945938156e-07
-9.62126043978391e-07
-8.967698213908915e-07
-9.93321858835071e-07
-9.113317473922848e-07
-1.0205234417491604e-06
-9.306004287927376e-07
-1.0443722775086914e-06
-9.539050911696982e-07
-1.0655999490247225e-06
-9.805161036485679e-07
-1.0849691740486781e-06
-1.0096989410714186e-06
-1.1032251537130763e-06
-1.0407574116661584e-06
-1.1210578367020939e-06
-1.0730659306726863e-06
-1.1390750489100564e-06
-1.1060912296252667e-06
-1.1577857391003058e-06
-1.1394044340494458e-06
-1.1775922642820978e-06
-1.172684808634734e-06
-1.1987902743663438e-06
-1.205716658166621e-06
-1.2215746782715843e-06
-1.238380932625481e-06
-1.2460500785902492e-06
-1.2706431336392734e-06
-1.2722442189342167e-06
-1.3025389161008816e-06
-1.3001230256132201e-06
-1.334158706651524e-06
-1.329606111278572e-06
-1.365632374779194e-06
-1.3605817301746113e-06
-1.3971148441760395e-06
-1.3929204958385314e-06
-1.4287732315590093e-06
-1.4264872977373276e-06
-1.4607759702320831e-06
-1.4611511514619167e-06
-1.4932840726939508e-06
-1.4967928093584468e-06
-1.5264446499266456e-06
-1.5333102021324274e-06
-1.56038653939994e-06
-1.5706218049486766e-06
-1.5952179027657376e-06
-1.6086681998548247e-06
-1.6310254892411551e-06
-1.6474120843213574e-06
-1.6678753026152019e-06
-1.686837066139802e-06
-1.7058143118252843e-06
-1.726945546575028e-06
-1.7448729396374882e-06
-1.7677560075316e-06
-1.7850679784518037e-06
-1.8092999662286911e-06
-1.8264057360744233e-06
-1.8516188553222186e-06
-1.86888514084387e-06
-1.8947610031902929e-06
-1.9125006786513345e-06
-1.9387788759107558e-06
-1.9572449924859557e-06
-1.9837266780919384e-06
-2.0031111132805647e-06
-2.02965838382843e-06
-2.0500942197263904e-06
-2.076626207847917e-06
-2.0981929755536878e-06
-2.1246795292174502e-06
-2.147410411762441e-06
-2.1738642267382223e-06
-2.1977544365703783e-06
-2.224222385308408e-06
-2.2492379841656163e-06
-2.275792311579668e-06
-2.30187890352116e-06
-2.3286087969427716e-06
-2.3556996134231026e-06
-2.3827035680317615e-06
-2.410726629491547e-06
-2.4381058532726594e-06
-2.4669899721764597e-06
-2.4948430160949943e-06
-2.5245225634537224e-06
-2.552941207226156e-06
-2.583359600369893e-06
-2.6124259941135276e-06
-2.643537996591485e-06
-2.673322937077273e-06
-2.705095856567511e-06
-2.7356580925752463e-06
-2.7680720628349995e-06
-2.7994584327359438e-06
-2.8325059236845678e-06
-2.864752171638022e-06
-2.8984369396099665e-06
-2.931569006054164e-06
-2.965904631481496e-06
-2.9999402653493347e-06
-3.034948471692257e-06
-3.069898995642598e-06
-3.105607867969764e-06
-3.141479977199305e-06
-3.177922216970636e-06
-3.2147196909818043e-06
-3.2519309872176426e-06
-3.289656252106817e-06
-3.3276738502398934e-06
-3.3663293180942596e-06
-3.4051908143074416e-06
-3.444779984723527e-06
-3.4845223802249556e-06
-3.5250506780120164e-06
-3.565709683298751e-06
-3.607185051995518e-06
-3.648794643165698e-06
-3.691227899634442e-06
-3.7338200844289266e-06
-3.777225075100865e-06
-3.8208298593312914e-06
-3.865223439082806e-06
-3.90986893314784e-06
-3.955270817306445e-06
-4.000983472461986e-06
-4.047415983577307e-06
-4.09422089667124e-06
-4.141708656376676e-06
-4.18962993149535e-06
-4.238199513544299e-06
-4.287260632836881e-06
-4.336940218713833e-06
-4.3871644154185735e-06
-4.4379834576121525e-06
-4.4893940580566834e-06
-4.5413829866239035e-06
-4.594003720177937e-06
-4.647193682383918e-06
-4.70104893607803e-06
-4.755471595335433e-06
-4.810586626990856e-06
-4.866274007467612e-06
-4.922675098909045e-06
-4.9796594870011495e-06
-5.037374056199534e-06
-5.095687942949234e-06
-5.1547446028909e-06
-5.214420676320081e-06
-5.274849265528986e-06
-5.335920428959154e-06
-5.397752004018819e-06
-5.460251430940838e-06
-5.523518243103279e-06
-5.587479443390844e-06
-5.652214890700807e-06
-5.717671797498408e-06
-5.783910376686019e-06
-5.850897433702824e-06
-5.918674682452857e-06
-5.987226939046381e-06
-6.056579384959224e-06
-6.126732580785058e-06
-6.197697690970422e-06
-6.269488343267548e-06
-6.3421044870851095e-06
-6.415569959998535e-06
-6.489876377040529e-06
-6.5650549511808015e-06
-6.641091735920014e-06
-6.718022657767331e-06
-6.795830748302159e-06
-6.874554279836034e-06
-6.954175463513112e-06
-7.034732913323077e-06
-7.116209836179863e-06
-7.1986435915671735e-06
-7.282019783069011e-06
-7.3663733262396835e-06
-7.4516932213608555e-06
-7.53801115106062e-06
-7.625320127976898e-06
-7.713648167491371e-06
-7.802992578388734e-06
-7.893377592507744e-06
-7.984804808666701e-06
-8.077294806979607e-06
-8.170853251481675e-06
-8.265497404576216e-06
-8.361236600140654e-06
-8.458085246871444e-06
-8.55605584886357e-06
-8.65516051525711e-06
-8.755414356763358e-06
-8.856827767727421e-06
-8.959417890717913e-06
-9.063193990660467e-06
-9.168174688899133e-06
-9.274368664490083e-06
-9.381795513368e-06
-9.49046381666218e-06
-9.60039370880017e-06
-9.711594085380637e-06
-9.824085259456036e-06
-9.937876776626789e-06
-1.0052988854085398e-05
-1.0169431933777784e-05
-1.0287225944625306e-05
-1.0406382394943098e-05
-1.052692081263129e-05
-1.064885386547424e-05
-1.0772200632800776e-05
-1.0896974978042567e-05
-1.1023195543139602e-05
-1.1150877366226247e-05
-1.1280038709436061e-05
-1.1410695730870377e-05
-1.1542866402631732e-05
-1.1676567914836213e-05
-1.1811818063028369e-05
-1.1948634971924773e-05
-1.2087036383035942e-05
-1.222704124485309e-05
-1.2368667373989853e-05
-1.2511934438984296e-05
-1.2656860454152152e-05
-1.2803465704591677e-05
-1.2951768517566187e-05
-1.3101789711089662e-05
-1.3253548024200201e-05
-1.3407064734195437e-05
-1.3562359076568775e-05
-1.3719452736010718e-05
-1.3878365511602042e-05
-1.4039119454536952e-05
-1.420173497937438e-05
-1.4366234486029583e-05
-1.4532639039999129e-05
-1.4700971381093053e-05
-1.4871253248394112e-05
-1.504350773151586e-05
-1.5217757253632724e-05
-1.5394025268483658e-05
-1.5572334887248296e-05
-1.575270995561595e-05
-1.5935174267692198e-05
-1.6119752090378026e-05
-1.6306467893321963e-05
-1.6495346402842226e-05
-1.6686412752667246e-05
-1.687969216238039e-05
-1.7075210420148396e-05
-1.7272993278256987e-05
-1.7473067169718193e-05
-1.7675458413166784e-05
-1.788019407935812e-05
-1.8087301090076446e-05
-1.8296807149036087e-05
-1.850873980878756e-05
-1.872312740665988e-05
-1.893999815746894e-05
-1.9159381034465628e-05
-1.9381304936371465e-05
-1.9605799480877997e-05
-1.9832894275506087e-05
-2.0062619591920683e-05
-2.0295005761859775e-05
-2.053008372646624e-05
-2.076788456249236e-05
-2.1008439895157938e-05
-2.1251781559629424e-05
-2.1497941884499744e-05
-2.174695347884406e-05
-2.1998849395646336e-05
-2.22536630292286e-05
-2.2511428179452196e-05
-2.277217904079684e-05
-2.3035950180553405e-05
-2.3302776606762624e-05
-2.3572693677913203e-05
-2.3845737229829037e-05
-2.4121943436325802e-05
-2.4401348973182233e-05
-2.4683990853837517e-05
-2.4969906611448794e-05
-2.5259134120311777e-05
-2.5551711786700286e-05
-2.584767836972049e-05
-2.6147073169259516e-05
-2.644993585101084e-05
-2.675630662340436e-05
-2.7066226084702244e-05
-2.73797353731003e-05
-2.7696876038874052e-05
-2.801769017118233e-05
-2.8342220295544604e-05
-2.8670509477298628e-05
-2.9002601238958987e-05
-2.9338539640706967e-05
-2.9678369226545168e-05
-3.002213507668182e-05
-3.036988277940219e-05
-3.072165845961132e-05
-3.107750877321067e-05
-3.143748091557092e-05
-3.180162263301191e-05
-3.2169982216928746e-05
-3.254260852951149e-05
-3.291955098533479e-05
-3.330085958624593e-05
-3.3686584896274916e-05
-3.4076778084203856e-05
-3.447149089275646e-05
-3.487077568175862e-05
-3.527468539928861e-05
-3.568327362544045e-05
-3.609659454210023e-05
-3.65147029771553e-05
-3.6937654376437276e-05
-3.736550484406253e-05
-3.779831111925137e-05
-3.823613061135949e-05
-3.867902138285145e-05
-3.912704217996256e-05
-3.95802524200497e-05
-4.0038712215133276e-05
-4.05024823690414e-05
-4.0971624393627186e-05
-4.144620051059705e-05
-4.192627366342034e-05
-4.241190752502953e-05
-4.2903166504752645e-05
-4.3400115758713024e-05
-4.39028211968441e-05
-4.441134949490183e-05
-4.4925768097571895e-05
-4.544614523472386e-05
-4.597254992208484e-05
-4.650505197864509e-05
-4.7043722028962366e-05
-4.7588631519023265e-05
-4.813985271858671e-05
-4.8697458737990626e-05
-4.926152353147998e-05
-4.983212191343682e-05
-5.040932956047338e-05
-5.099322302937735e-05
-5.158387976146513e-05
-5.218137809683411e-05
-5.278579728099794e-05
-5.339721747926968e-05
-5.40157197838637e-05
-5.4641386228515215e-05
-5.527429979494057e-05
-5.5914544426692415e-05
-5.656220503990071e-05
-5.721736753405631e-05
-5.7880118804580765e-05
-5.855054675149048e-05
-5.9228740294780754e-05
-5.9914789383751476e-05
-6.060878500933805e-05
-6.131081921654114e-05
-6.202098511699726e-05
-6.273937689949368e-05
-6.346608984574871e-05
-6.420122033981611e-05
-6.494486588289993e-05
-6.56971251042993e-05
-6.645809777761487e-05
-6.722788483033357e-05
-6.80065883607384e-05
-6.879431164731012e-05
-6.959115916727553e-05
-7.039723660686402e-05
-7.121265087700404e-05
-7.20375101263041e-05
-7.287192375648923e-05
-7.371600243584204e-05
-7.456985811568034e-05
-7.543360404314818e-05
-7.630735477773693e-05
-7.71912262048617e-05
-7.808533555318895e-05
-7.898980140970098e-05
-7.990474373380599e-05
-8.083028387466113e-05
-8.176654458762786e-05
-8.271365004936901e-05
-8.367172587514678e-05
-8.464089913496242e-05
-8.56212983706192e-05
-8.661305361421919e-05
-8.761629640197048e-05
-8.86311597948007e-05
-8.965777839456209e-05
-9.069628836257159e-05
-9.174682743667676e-05
-9.280953495070381e-05
-9.388455185247084e-05
-9.497202072239759e-05
-9.607208579143748e-05
-9.718489296224988e-05
-9.831058982733031e-05
-9.944932568878512e-05
-0.00010060125157731852
-0.00010176652027334447
-0.00010294528632766916
-0.00010413770608102093
-0.0001053439376846202
-0.00010656414112152762
-0.0001077984782281334
-0.00010904711271562256
-0.00011031021019100324
-0.00011158793817945601
-0.00011288046614685971
-0.00011418796552260108
-0.00011551060972095307
-0.00011684857416456487
-0.00011820203630910284
-0.00011957117566521378
-0.00012095617382196699
-0.0001223572144726224
-0.00012377448343795275
-0.00012520816869236793
-0.00012665846038559941
-0.00012812555087112718
-0.0001296096347297058
-0.00013111090879677225
-0.0001326295721865347
-0.0001341658263208832
-0.0001357198749537222
-0.000137291924200639
-0.00013888218256281494
-0.00014049086095697244
-0.0001421181727431428
-0.0001437643337529916
-0.0001454295623179681
-0.00014711407929768978
-0.00014881810811101254
-0.00015054187476541345
-0.0001522856078845277
-0.0001540495387400186
-0.00015583390128367635
-0.0001576389321771149
-0.00015946487082218585
-0.00016131195939395005
-0.0001631804428735258
-0.00016507056907956019
-0.00016698258870028989
-0.00016891675532722684
-0.00017087332549090917
-0.00017285255869221253
-0.0001748547174383057
-0.0001768800672763944
-0.00017892887683026125
-0.00018100141783525194
-0.00018309796517285148
-0.00018521879691007874
-0.00018736419433479747
-0.00018953444199139313
-0.00019172982772135963
-0.00019395064270072383
-0.00019619718147701175
-0.0001984697420100624
-0.00020076862571104682
-0.00020309413748220533
-0.00020544658575863536
-0.00020782628254624707
-0.00021023354346497614
-0.0002126686877917854
-0.00021513203850197877
-0.00021762392231157923
-0.00022014466972000843
-0.00022269461505552372
-0.00022527409651988293
-0.00022788345623209064
-0.00023052304027211794
-0.00023319319872765307
-0.00023589428574516272
-0.00023862665957270486
-0.0002413906826061159
-0.00024418672143880016
-0.0002470151469123777
-0.0002498763341613958
-0.00025277066266729585
-0.000255698516306365
-0.00025866028340200626
-0.0002616563567763531
-0.00026468713379933467
-0.0002677530164450001
-0.0002708544113432626
-0.00027399172983495887
-0.00027716538802260754
-0.0002803758068328393
-0.00028362341206324094
-0.000286908634449228
-0.00029023190970671
-0.000293593678610652
-0.0002969943870270754
-0.0003004344860021383
-0.0003039144317884511
-0.00030743468594497973
-0.00031099571535256765
-0.00031459799232741795
-0.00031824199462591497
-0.00032192820557117464
-0.0003256571140496335
-0.0003294292146484596
-0.00033324500764196456
-0.00033710499914515937
-0.0003410097010843327
-0.0003449596313723083
-0.00034895531385837524
-0.0003529972785294294
-0.00035708606143098525
-0.0003612222049106219
-0.0003654062574888592
-0.0003696387741683516
-0.0003739203162296692
-0.00037825145163068534
-0.000382632754706385
-0.000387064806669485
-0.0003915481952175083
-0.0003960835151190484
-0.00040067136776264717
-0.0004053123617640286
-0.00041000711255589906
-0.0004147562428748944
-0.0004195603825874854
-0.0004244201688054319
-0.0004293362462548646
-0.0004343092666491944
-0.00043933989005231436
-0.00044442878296390874
-0.00044957662131841786
-0.0004547840865541054
-0.0004600518710520462
-0.0004653806713296269
-0.0004707711967852114
-0.0004762241592101285
-0.0004817402855436378
-0.0004873203031083367
-0.0004929649568611685
-0.0004986749899810847
-0.0005044511658655929
-0.000510294243963626
-0.0005162050064283054
-0.0005221842295538316
-0.0005282327144139937
-0.0005343512548658274
-0.0005405406710237784
-0.0005468017749255779
-0.0005531354062379376
-0.0005595423950757899
-0.0005660236022774045
-0.000572579874503032
-0.0005792120969904165
-0.0005859211302704783
-0.0005927078873249801
-0.0005995732410193604
-0.0006065181332842056
-0.0006135434497204491
-0.0006206501621657764
-0.0006278391680338442
-0.0006351114709026287
-0.000642467981449261
-0.0006499097292175774
-0.0006574376528638523
-0.0006650527867726589
-0.000672756126174449
-0.0006805486756419517
-0.0006884315317842765
-0.0006964056134323045
-0.0007044721898858985
-0.0007126320127657002
-0.000720886610527736
-0.0007292364837003621
-0.0007376834999488279
-0.0007462278379095678
-0.0007548717681908033
-0.0007636150927441268
-0.0007724605366541597
-0.0007814074685299438
-0.0007904591425057065
-0.000799614408700181
-0.0008088771218720458
-0.0008182455993991635
-0.0008277242181160513
-0.0008373109412327312
-0.0008470104275799528
-0.0008568205372653207
-0.0008667459988357974
-0.0008767847247739336
-0.0008869414162639457
-0.0008972140735547515
-0.0009076074131244365
-0.0009181194273859923
-0.0009287549816688074
-0.000939511850989708
-0.0009503954617811336
-0.0009614024849232148
-0.0009725405741655214
-0.0009838026382489955
-0.000995202334070012
-0.001006723911829462
-0.0010183928512555436
-0.001030179668399938
-0.001042119177883652
-0.0010541821689010872
-0.0010663919887694518
-0.0010787448501319713
-0.0010912299698863646
-0.0011038800212797896
-0.0011166419791353028
-0.0011296066002621547
-0.0011426420344743883
-0.001155939313011146
-0.0011692463160463567
-0.0011828822510602196
-0.0011964606075420255
-0.0012104623164340728
-0.0012243005355985536
-0.0012386918539335418
-0.0012527903843155303
-0.0012675646406289573
-0.0012819458714756864
-0.0012971019936530298
-0.0013118096920877662
-0.001327292779622423
-0.001342388468846914
-0.001358174210620543
-0.0013736200635076704
-0.0013898188356036654
-0.001405535734628728
-0.0014221923010882581
-0.0014382298557144122
-0.0014552417608597558
-0.001471715219979924
-0.0014890337340619873
-0.001505995217336303
-0.0015236156091422513
-0.001541077430723503
-0.001559046128946407
-0.0015768728906516293
-0.001595437208309145
-0.001613448070548377
-0.0016325713974833429
-0.0016506969173009515
-0.001670820328774295
-0.0016883890872291156
-0.0017105411659744875
-0.0017267413482095258
-0.001751833174773008
-0.0017653008825294976
-0.001794405943236683
-0.001805094335541582
-0.0018281087193648994
-0.0019167233682574614
-0.001908271805855866
-0.0020038826161788738
-0.0019294045523318773
-0.0020450816331432087
-0.0019784510658000104
-0.0021571824121048534
-0.0020803835297040357
-0.002232402340381001
-0.002194592423925411
-0.0022353169028309847
-0.0022534479300324733
-0.0023579609226080864
-0.0023463447998069327
-0.0024605869411980785
-0.0023781553301540845
-0.00253474861305961
-0.0022811636162187836
-0.002651003625808852
-0.0023825294292597297
-0.0025000996969971115
-0.0026242102060710787
-0.002518179543518715
-0.0025066592468195696
-0.0026633477027980445
-0.002608760059256714
-0.0027590056870663484
-0.0027120819684926557
-0.002867071425175164
-0.0028172377952142757
-0.0027754009208478354
-0.003122205230042565
-0.0028237967170484657
-0.003366010461016422
-0.002853415481517324
-0.0035303984128750993
-0.00262230977102354
-0.0036778704960935965
-0.002595595163704556
-0.0038272864143014673
-0.0025491138031482896
-0.0038837706608010752
-0.002666167983787382
-0.003779909849992158
-0.0030767108112226063
-0.0036883692168380652
-0.003472804535999699
-0.0037925309458103768
-0.0038496020786194934
-0.003956570969217116
-0.003893263543160025
-0.004098933898630593
-0.003938062214846381
-0.004198938504460466
-0.004188802884053338
-0.003832254455531786
-0.004280202372629827
-0.003701173854392812
-0.004297581884650067
-0.0036028581835184093
-0.004282252875871924
-0.003695519271994019
-0.004535355699628856
-0.003610062734866068
-0.000949748038030292
-0.0009210270415547881
-0.000956923626084982
-0.0009740019061303172
-0.0009872867308343223
-0.0010016331568353935
-0.0010127548778680248
-0.0010185659653055771
-0.0010257510811091212
-0.0010244991582055952
-0.0010275650150293094
-0.0010553779713685855
-0.0010348308069231937
-0.0010841992373911008
-0.001058704870768124
-0.0010670812397985622
-0.0009101963881830377
-0.0009274946050805784
-0.0009517587813486516
-0.0010264100947565955
-0.00105243027943733
-0.0011715143736187894
-0.0012719929708009088
-0.0014187893241654646
-0.0013809532619661093
-0.0014004598194670764
-0.0014449901686281164
-0.0015417422697524743
-0.0015394815487972885
-0.0016814328022987093
-0.0016792949864975432
-0.0014264055518878546
-0.0011836713064899886
-0.0011582517411292213
-0.0009560673392083202
-0.0007122767388796692
-0.0009325229630408228
-0.001022867371630752
-0.0011945458054561694
-0.0015271265958045157
-0.001393425867563044
-0.0012395574084466555
-0.001462677974203542
-0.001677095665922453
-0.0016042173173921857
-0.0012552857865580844
-0.0019142117726238146
0.005954339057582175
0.01534254337823398
0.019292535661344586
0.01981822699529561
0.03244558788205926
0.049752879420512035
0.060831809436446255
0.05343685340523288
0.04269792755781346
0.03066682256780533
0.019884615964936424
0.012597620406133336
-0.004829445973019123
-0.0007623658069215708
0.004779170566031381
-0.011980356322081212
-0.03707130984155467
-0.043038307676609336
-0.022683081167141756
-0.009863421796024783
-0.00391980134289804
-0.0025290832849319063
-0.00495112140899728
-0.011870024259929628
-0.01465865909210754
-0.006751779136738958
0.010753713035322767
0.020752044945472885
0.01721092290957725
-0.001159853755536944
-0.010225029513628463
-0.006327807398601464
0.0057631132286247245
0.014334263862655973
0.013730031004235553
0.00558830203444931
-0.0033014735289413452
-0.008466294748062635
-0.006540596560891461
-0.0021451524031726723
-0.00046317336399294087
-0.0030072190791083932
-0.0068941774019581036
-0.008570718327109268
-0.010720618526471205
-0.01057293637453655
-0.006309242930364426
-0.0004285838411714389
0.0005176116498326219
-0.0008645533747632508
-0.0020131614190128924
1.8530738360032973e-05
-0.0002354064223173795
-0.001802076354860589
-0.0027553168646798037
-0.0004167130237784037
0.001501548992055466
0.0007885090279707904
-0.001735091710249871
-0.0036017141625101848
-0.003858276635204238
-0.0022199991813604317
-0.0004406540267507264
0.0002617884033672758
-0.0013715199273374233
-0.0038708640323956663
-0.005501280347975446
-0.0047221431346359454
-0.0020285985139077154
0.000726838362385656
0.0011937670866973078
-0.0010672044315702086
-0.0030937541682401837
-0.003724750634313446
-0.0022025800851104608
0.00023367907909062796
0.0020353375380126187
0.0015262946269426324
-0.0005845935682570465
-0.0022600572083768325
-0.0016072835012815305
0.0009998601375715423
0.0027957459956258184
0.0024426913768985474
0.0016860796229763103
0.0011543148232011577
0.0007427328491675143
1.924336566883227e-05
-0.0002383652462117914
-8.18681926872971e-05
-0.00016576090338847642
-0.0003456314898156654
-0.0004803287690172729
-0.000640381670423445
-0.001099640592891458
-0.0015864851939922443
-0.0014632640524323878
-0.00031087982182632186
0.0005760706452927596
0.0005771822813198056
-0.0003962190497008532
-0.0013304618123023114
-0.0017389754502138055
-0.0011496851900538244
4.9573230592593436e-06
0.0014703503865183879
0.0018468858662528175
0.0009327867994959391
-0.00035849172824386436
-0.0007739886231568998
-5.225676805872886e-05
0.000830473811274986
0.0009079574627570222
0.00011885888806435032
-0.0008785864371740138
-0.0013152550630297064
-0.0012863456059836107
-0.0007567866334364736
-8.672840735811789e-05
0.0001433654205091165
-0.00012638312839034408
-0.0004564172888943791
-0.00036801631952174737
-7.534569605168156e-05
0.00014090652813348505
0.00017587543442360465
6.725641453833216e-05
0.00010669162889993592
0.0001403781732865224
0.0001974858693988936
2.366501409463873e-05
-0.0002254511324665894
-0.0004007798857676083
-0.00018800956171725693
0.0002494327139223081
0.0006092612605970264
0.0004039617484584727
-3.2321926220310685e-05
-0.00033487924072920334
-0.0003867057985489422
-0.00020746992186707484
-0.00014005246272941457
-0.0001637351986124854
-0.0003677637151138257
-0.0005084173155021354
-0.0007444234490777716
-0.0006238112273268809
-0.0002620124056244695
0.00011781650262435086
0.000139947197680188
1.9489704344796493e-05
2.6827078921295923e-05
0.0001691850521744208
0.00032133653795185643
0.0002741187878850075
0.00019818911656429542
4.421290043046073e-05
-0.00017177401721482286
0.0002818375454474395
-0.0001794497378467464
0.00020844727841902574
-0.00015936121082271715
0.00012939225087423218
-0.0001271045706270132
0.00010318431176393966
-0.00010463027133927367
7.579569010081382e-05
-8.802203095280737e-05
8.095544327524394e-05
-6.649177887315092e-05
6.318532651940299e-05
-5.8851250976683185e-05
4.931881721421759e-05
-4.323702625619921e-05
3.75683292693904e-05
-2.6482929134296535e-05
1.751500161942847e-05
-6.511093202840757e-06
-1.974304048771154e-06
9.49863296063966e-06
-1.469939664266308e-05
1.7832743362539924e-05
-2.091476116523403e-05
2.2927584222245084e-05
-2.42570866522743e-05
2.5314146803413306e-05
-2.6358519490700254e-05
2.661911575316352e-05
-2.7007535786317084e-05
2.6723142927737294e-05
-2.6332618927678658e-05
2.5439793744878308e-05
-2.448159363115901e-05
2.304798844646774e-05
-2.1549119095193173e-05
1.9594976378432263e-05
-1.772149676195975e-05
1.5491584237894464e-05
-1.3474378788944303e-05
1.1274152556866798e-05
-9.391775902930534e-06
7.376006947684309e-06
-5.740075116670543e-06
3.9695836026410825e-06
-2.5866301653352565e-06
1.0678367992008666e-06
5.8975445127400065e-08
-1.3244309369253343e-06
2.188208560581213e-06
-3.192059770180944e-06
3.7847483917521105e-06
-4.527010906529985e-06
4.855503668176129e-06
-5.346190217711644e-06
5.42820788427875e-06
-5.692662061223782e-06
5.559293378593262e-06
-5.636945993692884e-06
5.332932140488585e-06
-5.27104388938957e-06
4.844147861829493e-06
-4.688713258331222e-06
4.1813935393934755e-06
-3.971169889346209e-06
3.4182127085730996e-06
-3.1849737436227235e-06
2.6150935331254463e-06
-2.385226068455119e-06
1.8224626366391324e-06
-1.617864936283032e-06
1.0815763177746433e-06
-9.193781411860028e-07
4.239215227640138e-07
-3.160598360449883e-07
-1.294244100887498e-07
1.7622275399800636e-07
-5.677130344579036e-07
5.515949925490201e-07
-8.895789640050587e-07
8.126964756383976e-07
-1.1011022249401167e-06
9.684443128857251e-07
-1.213461040361155e-06
1.0317671686861665e-06
-1.240905211658894e-06
1.017868271683031e-06
-1.1992999603015636e-06
9.430088435607046e-07
-1.105069454563178e-06
8.235498409071818e-07
-9.743052247106196e-07
6.751097359220936e-07
-8.219763851633276e-07
5.11841596307437e-07
-6.612885589907339e-07
3.458872743060302e-07
-5.032428824051655e-07
1.8704824515176e-07
-3.56421396309199e-07
4.2682365302077266e-08
-2.2698754864884825e-07
-8.220493512333185e-08
-1.1885119408192209e-07
-1.8473894264911875e-07
-3.393102445499105e-08
-2.638858296740657e-07
2.7537757979847512e-08
-3.2013359834467785e-07
6.667721052478165e-08
-3.551617129555832e-07
8.563494198106922e-08
-3.7151108273682796e-07
8.725926890047146e-08
-3.7226817619067515e-07
7.479609585847851e-08
-3.607783338618019e-07
5.162190076617168e-08
-3.404010844248144e-07
2.102337196658536e-08
-3.1431534735224583e-07
-1.397134510481516e-08
-2.853765187717423e-07
-5.0710523080504076e-08
-2.5602240822232385e-07
-8.699061761403316e-08
-2.282221246097536e-07
-1.2108842550661659e-07
-2.0346120093079657e-07
-1.517603253797968e-07
-1.8275637094790874e-07
-1.7821510285857736e-07
-1.6669353180225705e-07
-2.0006682759593855e-07
-1.5548241053545608e-07
-2.1727424138481095e-07
-1.490215802610849e-07
-2.3007281435096682e-07
-1.4696796202217624e-07
-2.3890494383433866e-07
-1.4880581453288397e-07
-2.443527573477394e-07
-1.5391130841335829e-07
-2.470768499118097e-07
-1.6160993258348489e-07
-2.4776317092588536e-07
-1.7122500472925367e-07
-2.4707933386606835e-07
-1.8211642302502166e-07
-2.456408487486964e-07
-1.9370948528720086e-07
-2.439871577709766e-07
-2.0551416535258976e-07
-2.4256684432035847e-07
-2.1713567977145595e-07
-2.4173099940754403e-07
-2.2827751408442416e-07
-2.41733465255518e-07
-2.3873827442321034e-07
-2.427365332109761e-07
-2.4840380897537313e-07
-2.448206520521998e-07
-2.5723601804146295e-07
-2.479967762112527e-07
-2.652596647713455e-07
-2.5222011575962773e-07
-2.7254833603220625e-07
-2.574042292316926e-07
-2.792105180657095e-07
-2.6343459656177556e-07
-2.8537654587636294e-07
-2.7018101358985513e-07
-2.911869865553367e-07
-2.7750834835024187e-07
-2.9678281887360563e-07
-2.8528538494367175e-07
-3.022975997762006e-07
-2.9339164562770445e-07
-3.078516537872154e-07
-3.0172221828275985e-07
-3.1354820154757407e-07
-3.101907250032299e-07
-3.1947124915757043e-07
-3.187306431639647e-07
-3.256849979025007e-07
-3.2729524160421086e-07
-3.3223449802390196e-07
-3.3585641851664237e-07
-3.391472556959704e-07
-3.444027299260498e-07
-3.4643550767286596e-07
-3.5293688578156017e-07
-3.540988998743913e-07
-3.614729639234973e-07
-3.6212733634998845e-07
-3.700335570210652e-07
-3.705038022553238e-07
-3.7864702650602445e-07
-3.792070076046386e-07
-3.8734499837553846e-07
-3.8821373928184504e-07
-3.9616019180825136e-07
-3.975008477165613e-07
-4.0512463591864476e-07
-4.070468311179068e-07
-4.1426829591416483e-07
-4.168330103420921e-07
-4.2361810351976544e-07
-4.268443112999778e-07
-4.3319736283488385e-07
-4.370696913360585e-07
-4.4302549016828063e-07
-4.4750225821761874e-07
-4.531180331680145e-07
-4.5813913790210183e-07
-4.6348691240614536e-07
-4.68981149990961e-07
-4.741408258452165e-07
-4.80032348896479e-07
-4.850857608619465e-07
-4.912994836203362e-07
-4.963255622082718e-07
-5.027914240468383e-07
-5.078625141829193e-07
-5.145185929986175e-07
-5.196978994568527e-07
-5.264924346695806e-07
-5.318325099355672e-07
-5.387249431033914e-07
-5.442670890708039e-07
-5.512282643642267e-07
-5.570026964655432e-07
-5.640143808270583e-07
-5.700409885193037e-07
-5.770948779713425e-07
-5.833844185340782e-07
-5.904807915362117e-07
-5.97036359802777e-07
-6.041825256489696e-07
-6.110011619832545e-07
-6.182098343246933e-07
-6.252841509926405e-07
-6.32571853117353e-07
-6.398915839943287e-07
-6.472771698173667e-07
-6.548305714625157e-07
-6.623339222931518e-07
-6.70108978325203e-07
-6.7774991319592e-07
-6.857353133560458e-07
-6.935327306592434e-07
-7.01718616171864e-07
-7.096898684971764e-07
-7.180683491408296e-07
-7.262288388925437e-07
-7.347942994522308e-07
-7.431572729701356e-07
-7.519064945196458e-07
-7.604830062433315e-07
-7.694151341400279e-07
-7.782141483200604e-07
-7.873305392350118e-07
-7.963591350684286e-07
-8.056631171724903e-07
-8.149267653737762e-07
-8.244233427806741e-07
-8.339262231751941e-07
-8.436217530769126e-07
-8.53367087289697e-07
-8.632689534678224e-07
-8.732593308091903e-07
-8.833756331789924e-07
-8.93613313086735e-07
-9.039525874189215e-07
-9.144397661585999e-07
-9.250107439768976e-07
-9.357497781452138e-07
-9.465611923099897e-07
-9.57554775505399e-07
-9.68615213281965e-07
-9.798665055112425e-07
-9.911843077856856e-07
-1.0026970204452153e-06
-1.0142802239577407e-06
-1.0260586646628086e-06
-1.0379149813799255e-06
-1.0499640644610572e-06
-1.0621008922629392e-06
-1.074426121646212e-06
-1.0868505794093923e-06
-1.0994580107682658e-06
-1.1121769911172363e-06
-1.12507317954081e-06
-1.138093412775265e-06
-1.1512853524964228e-06
-1.1646134762347687e-06
-1.1781085373276795e-06
-1.191751166789573e-06
-1.2055570335163177e-06
-1.219520828726721e-06
-1.2336454425850192e-06
-1.2479371693423572e-06
-1.2623886797084297e-06
-1.2770152627975852e-06
-1.2918019862257456e-06
-1.3067705531191048e-06
-1.321900942464929e-06
-1.3372188578284708e-06
-1.352701480749122e-06
-1.368376371413925e-06
-1.3842198983680682e-06
-1.400259670018703e-06
-1.4164728700620782e-06
-1.4328857162629154e-06
-1.4494774603202422e-06
-1.4662718656144281e-06
-1.4832511351205516e-06
-1.5004358729238908e-06
-1.5178117730578781e-06
-1.5353959006299787e-06
-1.553177676152386e-06
-1.5711705267526738e-06
-1.589367580117902e-06
-1.6077787551935642e-06
-1.626400664936844e-06
-1.6452400250160188e-06
-1.6642965641853894e-06
-1.683574221714927e-06
-1.7030753753445637e-06
-1.7228016880757417e-06
-1.742757669524666e-06
-1.7629432364362103e-06
-1.7833645016263576e-06
-1.8040201598439531e-06
-1.8249174199790573e-06
-1.84605424490144e-06
-1.8674384776268347e-06
-1.8890677842731303e-06
-1.9109502425648784e-06
-1.933083589027081e-06
-1.9554758089611644e-06
-1.9781250015999324e-06
-2.0010388088819266e-06
-2.0242159090844408e-06
-2.047663424484757e-06
-2.071380756045834e-06
-2.095374399896637e-06
-2.119644557784978e-06
-2.1441970545733814e-06
-2.169032914038871e-06
-2.194157296411803e-06
-2.2195720226179396e-06
-2.2452816354912985e-06
-2.271288692976079e-06
-2.2975971979534784e-06
-2.3242103607597903e-06
-2.3511317410176633e-06
-2.378365102043145e-06
-2.405913667340165e-06
-2.433781648001135e-06
-2.4619720405943263e-06
-2.4904894000317424e-06
-2.5193366009505433e-06
-2.5485184452110274e-06
-2.57803778117233e-06
-2.6078995719169135e-06
-2.638106722709267e-06
-2.66866428611217e-06
-2.699575292684688e-06
-2.7308448278650505e-06
-2.762476100686556e-06
-2.7944741883487167e-06
-2.8268425163176063e-06
-2.8595861271727514e-06
-2.892708686906358e-06
-2.9262151904198373e-06
-2.9601095557383814e-06
-2.99439672863484e-06
-3.029080880520259e-06
-3.064166915895273e-06
-3.0996592525270317e-06
-3.1355627687339876e-06
-3.171882115840497e-06
-3.2086221660098876e-06
-3.2457877872807493e-06
-3.283383868793498e-06
-3.3214154766501858e-06
-3.35988754124935e-06
-3.3988053075822804e-06
-3.438173771445289e-06
-3.4779983386552284e-06
-3.518284093155565e-06
-3.5590365852915294e-06
-3.600261007704295e-06
-3.641963041851534e-06
-3.6841480068328103e-06
-3.726821704613109e-06
-3.7699895955403163e-06
-3.8136575948306654e-06
-3.85783131585265e-06
-3.90251678281948e-06
-3.947719770935497e-06
-3.99344641225158e-06
-4.0397026499969495e-06
-4.0864947252806135e-06
-4.133828753315102e-06
-4.181711087862549e-06
-4.230148018380679e-06
-4.279146016438392e-06
-4.328711546408765e-06
-4.378851204259833e-06
-4.429571629152834e-06
-4.480879548907405e-06
-4.532781776845317e-06
-4.585285180496064e-06
-4.638396746612348e-06
-4.692123490463808e-06
-4.746472571571906e-06
-4.801451160766864e-06
-4.85706659010955e-06
-4.913326193895298e-06
-4.970237476969487e-06
-5.027807944186493e-06
-5.086045274052477e-06
-5.1449571487032625e-06
-5.2045514220072035e-06
-5.264835959606167e-06
-5.3258187931676335e-06
-5.387507977409463e-06
-5.449911724889685e-06
-5.513038284595396e-06
-5.57689605356616e-06
-5.641493479815953e-06
-5.7068391493035e-06
-5.772941713618406e-06
-5.839809952333497e-06
-5.9074527246837875e-06
-5.975879009039191e-06
-6.045097876398271e-06
-6.115118509467191e-06
-6.1859501950146024e-06
-6.257602325758363e-06
-6.3300844083454395e-06
-6.403406051371512e-06
-6.4775769854331314e-06
-6.552607041002983e-06
-6.628506176983688e-06
-6.705284451738908e-06
-6.78295205694461e-06
-6.861519285006421e-06
-6.940996565138074e-06
-7.021394429749888e-06
-7.102723550554812e-06
-7.18499470608469e-06
-7.268218815801794e-06
-7.352406910480591e-06
-7.437570162795886e-06
-7.523719861822443e-06
-7.610867439245342e-06
-7.699024448553434e-06
-7.78820258635462e-06
-7.878413676706647e-06
-7.969669687464288e-06
-8.061982719473613e-06
-8.155365018214553e-06
-8.249828967643493e-06
-8.345387097469803e-06
-8.442052081164032e-06
-8.539836739489986e-06
-8.638754042051503e-06
-8.738817107640064e-06
-8.840039208658378e-06
-8.942433769054757e-06
-9.046014370852837e-06
-9.150794750478948e-06
-9.25678880667259e-06
-9.364010595766547e-06
-9.472474340426997e-06
-9.582194424517343e-06
-9.69318540201733e-06
-9.80546199199354e-06
-9.919039087425263e-06
-1.0033931750564457e-05
-1.0150155221157003e-05
-1.02677249126238e-05
-1.0386656419573067e-05
-1.0506965514850577e-05
-1.0628668156109969e-05
-1.0751780483965901e-05
-1.087631882762879e-05
-1.100229970410149e-05
-1.1129739822802787e-05
-1.1258656085805306e-05
-1.1389065591615454e-05
-1.1520985636392217e-05
-1.1654433716858395e-05
-1.1789427532269724e-05
-1.1925984986871951e-05
-1.2064124192541666e-05
-1.2203863470579995e-05
-1.2345221354917988e-05
-1.2488216593657567e-05
-1.2632868152651883e-05
-1.2779195216806893e-05
-1.2927217193923362e-05
-1.3076953715909193e-05
-1.3228424642752686e-05
-1.3381650063785597e-05
-1.3536650301755994e-05
-1.3693445914093796e-05
-1.3852057697007933e-05
-1.4012506686991776e-05
-1.4174814164788475e-05
-1.433900165709128e-05
-1.4505090940386892e-05
-1.4673104042997403e-05
-1.4843063248792278e-05
-1.5014991099446736e-05
-1.5188910397995832e-05
-1.536484421135032e-05
-1.554281587375897e-05
-1.5722848989671767e-05
-1.5904967437063648e-05
-1.6089195370415322e-05
-1.6275557223974267e-05
-1.646407771505287e-05
-1.665478184721816e-05
-1.6847694913701652e-05
-1.7042842500612735e-05
-1.724025049057496e-05
-1.743994506592731e-05
-1.7641952712336633e-05
-1.7846300222092858e-05
-1.805301469799856e-05
-1.8262123556673728e-05
-1.8473654532444206e-05
-1.868763568072018e-05
-1.890409538203862e-05
-1.9123062345532233e-05
-1.9344565612963167e-05
-1.9568634562368322e-05
-1.979529891222549e-05
-2.0024588725161242e-05
-2.0256534412072623e-05
-2.0491166735988563e-05
-2.0728516816375742e-05
-2.0968616133121038e-05
-2.1211496530756544e-05
-2.145719022264461e-05
-2.170572979530959e-05
-2.1957148212732418e-05
-2.2211478820697564e-05
-2.2468755351195968e-05
-2.2729011926980215e-05
-2.2992283066069824e-05
-2.3258603686289177e-05
-2.3528009109897064e-05
-2.3800535068304126e-05
-2.4076217706807234e-05
-2.4355093589368466e-05
-2.463719970345282e-05
-2.4922573465009016e-05
-2.521125272331691e-05
-2.5503275766103762e-05
-2.5798681324545203e-05
-2.6097508578499726e-05
-2.6399797161603996e-05
-2.6705587166602716e-05
-2.701491915058069e-05
-2.7327834140457937e-05
-2.764437363833892e-05
-2.7964579627093886e-05
-2.828849457580003e-05
-2.861616144554614e-05
-2.8947623694953796e-05
-2.9282925286138557e-05
-2.9622110690249862e-05
-2.9965224893771617e-05
-3.0312313404076946e-05
-3.0663422255833056e-05
-3.101859801672073e-05
-3.13778877940172e-05
-3.174133924049006e-05
-3.2109000560977155e-05
-3.248092051860648e-05
-3.28571484412915e-05
-3.3237734228556704e-05
-3.36227283575124e-05
-3.401218189053715e-05
-3.440614648048579e-05
-3.480467437994372e-05
-3.5207818444957576e-05
-3.561563214606583e-05
-3.602816957023013e-05
-3.644548543451593e-05
-3.686763508544812e-05
-3.729467451569919e-05
-3.772666036069472e-05
-3.8163649918397115e-05
-3.86057011432334e-05
-3.9052872669005944e-05
-3.950522379982819e-05
-3.996281453596791e-05
-4.0425705562912024e-05
-4.089395827963261e-05
-4.1367634785165633e-05
-4.184679790945814e-05
-4.233151119796006e-05
-4.2821838945170253e-05
-4.331784617625837e-05
-4.381959868512362e-05
-4.4327163009954857e-05
-4.484060648096461e-05
-4.535999718233044e-05
-4.5885404018620925e-05
-4.641689665367608e-05
-4.6954545604750274e-05
-4.7498422151274425e-05
-4.8048598461532905e-05
-4.860514746848259e-05
-4.916814302768284e-05
-4.973765976824999e-05
-5.031377326534431e-05
-5.089655989451337e-05
-5.1486096975934933e-05
-5.20824626915724e-05
-5.268573612239678e-05
-5.3295997330736196e-05
-5.3913327159258936e-05
-5.4537807642741e-05
-5.516952137140601e-05
-5.580855245857234e-05
-5.645498522024409e-05
-5.7108905958750344e-05
-5.777040069699678e-05
-5.8439558031279253e-05
-5.9116465684149995e-05
-5.9801214637037045e-05
-6.049389432684144e-05
-6.119459818347978e-05
-6.190341741291812e-05
-6.262044790758038e-05
-6.334578275947922e-05
-6.407952027035239e-05
-6.482175560733615e-05
-6.557258936075009e-05
-6.633211901854779e-05
-6.710044732152629e-05
-6.787767427367036e-05
-6.866390478614133e-05
-6.945924129178747e-05
-7.026379130490386e-05
-7.107765908265012e-05
-7.190095573219696e-05
-7.273378633276866e-05
-7.357626659400753e-05
-7.442850186630066e-05
-7.529061275170516e-05
-7.616270471894438e-05
-7.704490406738813e-05
-7.793731483642802e-05
-7.884007101711206e-05
-7.975327427372315e-05
-8.067706490262979e-05
-8.161154715503652e-05
-8.255685965934454e-05
-8.351311973794215e-05
-8.448045202753395e-05
-8.545900212740055e-05
-8.64488616154429e-05
-8.745022807510458e-05
-8.84631333429941e-05
-8.948785379632073e-05
-9.052433677097867e-05
-9.157296066422818e-05
-9.263356444994214e-05
-9.370665571196074e-05
-9.47919351420384e-05
-9.58900690755635e-05
-9.700059646515799e-05
-9.812435498521386e-05
-9.926072575204469e-05
-0.00010041069382304413
-0.00010157352825556224
-0.0001027502959220343
-0.00010394023354880653
-0.00010514440357154048
-0.00010636209835869528
-0.00010759428788792888
-0.00010884040781584454
-0.00011010125242506824
-0.00011137646910252402
-0.00011266663768879585
-0.00011397162268280499
-0.00011529181744924307
-0.00011662722618619055
-0.0001179782432883935
-0.00011934459943315429
-0.00012072744607073414
-0.00012212507583514546
-0.00012354095774714824
-0.0001249700497603519
-0.00012642027344322339
-0.00012788141358049986
-0.00012936517901459004
-0.0001308612851492095
-0.00013237663057558707
-0.0001339098542620363
-0.00013545808059353453
-0.00013702834536686215
-0.00013860968290007269
-0.00014022251725406116
-0.00014183248620213242
-0.0001434941142073523
-0.00014513030458702014
-0.0001468425104700626
-0.0001485017439489621
-0.00015027154727860047
-0.00015194662480350974
-0.00015377784066235425
-0.00015547260447052987
-0.0001573539938026053
-0.00015908379733570752
-0.00016100799395987926
-0.00016278003055798294
-0.00016474496642060943
-0.00016656496392225756
-0.00016856732507589426
-0.00017043666549617883
-0.00017247694404280483
-0.00017440396337449395
-0.0001764621369541987
-0.00017846663716339123
-0.0001805320954820532
-0.00018261434255016857
-0.00018469213816231037
-0.00018684801522251204
-0.00018894911884873456
-0.00019115671724851064
-0.00019332058003390272
-0.00019552851760913908
-0.00019783147243639955
-0.00019995988330304127
-0.00020242696548945468
-0.00020444477492030004
-0.0002072045603353815
-0.00020880645697453348
-0.00021233840812979717
-0.0002131587655797905
-0.00021775650202780663
-0.00021750604268129102
-0.00022350309809513564
-0.00022215778033120282
-0.0002261941558176267
-0.0002493295373008457
-0.00023479804782335773
-0.0002681605615202625
-0.0002547694521390638
-0.00028436161548540473
-0.0002599358835392684
-0.0003091933691697392
-0.0002760145789398264
-0.00031309337128042174
-0.00030022536528164986
-0.00032582421252539545
-0.000314614717037651
-0.00036252709355636466
-0.000341527092009789
-0.00039435697813123075
-0.00038362211540032224
-0.00042696815418441503
-0.0004335436867762936
-0.0004538137254854204
-0.0004692913479359168
-0.0004580229668347535
-0.00048824022523372666
-0.00047993657752831297
-0.0004899241530404234
-0.0004906488460790282
-0.0005045972320162715
-0.0005008772508509618
-0.0005151441624841853
-0.0005123036730301234
-0.0005317087902209344
-0.000525822783519842
-0.0005603682993785185
-0.0005505460066197932
-0.0005977151892674471
-0.0005688612415857186
-0.0006464308539927037
-0.0005815549620752845
-0.0006741291848485244
-0.0006058738158816876
-0.0007212793705176753
-0.0005913083966765881
-0.0008217038392170246
-0.0007319060561606018
-0.0007192407946764202
-0.0007848216142490312
-0.0007091617180455508
-0.0007859100270509509
-0.0007351491740504091
-0.0007880502604626621
-0.0007465113417847551
-0.0007797329733908055
-0.0007762221436458383
-0.000802741373864671
-0.0007861677534469341
-0.0008573472406006276
-0.0007950548313733451
-0.000917634431186868
-0.0008217008608987983
-0.0009304909324314428
-0.0008638390431354882
-0.0009356673409520395
-0.0009198835079370896
-0.0009433961367970329
-0.0009520284942271702
