0.0001664479641483739
5.453080977083904e-05
-4.657173338417839e-05
0.0001677150971357384
-0.0003727661887536573
-0.0002838461840073956
-0.0005078626858276543
-0.0005948007905073164
-0.0006051401054699265
-0.0005370396994774781
-0.0004916877353379205
-0.0004984409438669941
-0.0003562280617166184
-0.0003386339011399118
-0.000205701184719468
-0.000173381996500465
-1.1414336980279357e-05
-0.00012611117732347279
7.230212150583339e-05
-0.00015019136575543184
0.00014969874974728615
-0.00019238702205268826
0.00042755709206266767
-0.00029099364678567864
0.0002621587561032785
-0.00036745235904987966
0.00022558104627202536
-0.0004418217351029939
7.098532567717444e-05
-0.0007723776543805527
7.239957722154217e-06
-0.0008940847698422313
-0.0016500795453202655
0.00013299839507977603
-0.0009920655670934246
0.000636114652195031
-0.0005204455744474694
0.0006026876133947432
0.0007092589528246181
-0.0012650809118876084
0.0031612607890884686
-0.003017060260357213
0.006420136660535963
-0.007349205807339562
0.012520037326618272
-0.014297832755189477
0.022018761212609476
-0.029058638052064552
0.04484969117287883
-0.06567457413450582
0.10673394228129313
-0.21017484826128618
0.9741763645222826
0.483785185885573
0.16061679894807135
-0.258237716992322
-0.06131747623203075
-0.005290525963718125
-0.2233190120164915
0.084209503845662
-0.1763705765002934
-0.24804604631343358
-0.4337161812636799
0.10169513394431776
0.08004654992924182
0.1688719561420959
-0.25017869817437605
-0.2718745517625355
-0.31723972145388357
-0.07497646602124397
0.06908753709319496
0.16322337722235816
0.09928670922937084
0.1054958888167992
-0.09237701592659772
0.03805827525837135
0.13533662125790774
0.14959029954790648
0.018605879346848157
-0.01707264200509971
-0.11443420120713849
-0.17146218311978673
-0.10532676494896628
-0.017652456117004667
-0.010254988915873621
-0.05967723919739215
-0.10927006354164709
-0.14889267427645475
-0.07206263926802718
0.00036296940855695784
0.02298192070547618
0.0698839584170519
0.04475789534495659
-0.047867531633941154
-0.05098908711968024
0.033206175071844736
0.07923390125790084
0.050647146533607086
0.013018334565943153
-0.005617932780583337
-0.024895191821880956
-0.01344764966882651
0.011409844073132773
0.041478638017135375
0.012561993847071646
-0.03650154898597314
-0.06263886147834771
-0.034429635707893015
-0.0042013493420842984
-0.004500600205187513
-0.008861981803526426
-0.01644391832633571
-0.028059983781397218
-0.03184114773491135
-0.013869870291140144
0.02174686477519009
0.01697860233931881
0.012247961524365669
0.006549717733499012
-0.0030709358904713025
-0.004958324528332022
0.0027798339849942726
0.020352024271376574
0.01965553415337757
0.007185033385240118
-0.010887034024404673
-0.018325782920030717
-0.005769619824452903
0.0005464727197971685
0.0036848023430881556
0.004768318620859008
-0.0006238704573437533
-0.011921519318641757
-0.013198466565871089
8.269142580379587e-05
0.008491086046732897
0.006088196224212512
0.0012136994049592616
-0.0041230902501199086
-0.0018287271311833737
-0.00011679591701697957
0.003902954693831663
0.006567297281872103
0.004272973326893002
-0.0003844635500057986
-0.002583302176007661
0.0025868109307868497
0.006259371765147891
0.003037650017563734
0.001779868827766182
-0.0009779531465796464
-0.002641686227135491
-0.004480087152772944
-0.002225597334231548
0.003515967000176205
0.0031798539742382047
-0.0004969251630413157
-0.0015132774388847761
-0.003824010035657027
-0.0017262771130883436
-0.0006576844755357067
0.0012932277693016845
0.004324548595371382
0.00048553369392254824
0.0008077007648684433
-0.0013958288313109467
0.0030702953622063446
0.004432429494135045
0.006462458894080304
0.003714804800375217
0.003273811319922952
-0.00018902981633796972
0.0011264706332952156
-0.0003298657601231733
0.0016985004270915686
0.0010797778506409384
0.0015214516020723168
-0.00019000744438937714
0.003237647106822593
0.00165829770820462
0.0005467745636812118
-0.0005403191539445521
-2.0279970531099226e-05
0.003899721912590938
0.0014877118825636542
0.0038631847054265258
0.0022500628174362556
0.003198585487624335
0.0007029840204015162
0.0031033404111084424
0.003062088174414935
0.003244283251888734
0.00046528558637991616
0.0013400377571829332
-0.0002879150083307004
-0.00024373451488083134
0.0003338693153166535
-0.00010368953159424054
0.0022582637492354553
-0.000536189905071119
0.0012110935098939707
0.0007241614551918886
0.0009454188037119988
0.0027969612749235723
0.0019661542957695967
0.002709491518891636
0.001272588675141626
0.0031598763653962955
0.002691992579241304
0.0038474024345045996
0.0018338685107763776
0.00205433014955544
0.000845439042231393
4.9374089184488386e-05
-0.0006461580736604891
0.0003439301408110296
0.001026218440913898
0.002018531963169093
0.0017175634047210432
0.0015982859374026326
0.0007181174243242731
0.001700171294112995
0.0018912881652719403
0.0018920919488775079
0.0018551633907852656
0.0019102644331238593
0.0007734270705025892
0.0006057298768665685
0.0011515500479033474
0.0017635031597269793
0.0011598924782788972
0.0006594620560131563
0.0012224102717478705
0.002279919828317195
0.0035387520890563747
0.0038494778458543415
0.0033647503080207974
0.0031849414619522553
0.002814204135339464
0.003122042651547847
0.002787534284199932
0.0026602149848607547
0.0014644643105439807
0.0004942762377077919
1.7998651676304905e-05
0.0004616616364044243
0.000529313101185903
0.0009043293320181393
0.0005906003395956458
0.0004133093004886926
0.00018199036599378382
0.0007302411692299911
0.0013594312799616688
0.0018363661731772294
0.0017887934671560954
0.002009817389368598
0.0022369367888435254
0.0027152960594589077
0.002759568429396826
0.0028499583824656742
0.0028044516039265606
0.0027840489075281315
0.00270458717518706
0.002652112401231696
0.0025669214359149393
0.0025078596272619094
0.002426675897274889
0.0023670826304109547
0.0022918843576730558
0.00223349940272122
0.002164040785514403
0.0021074934097048657
0.002043136312099126
0.0019887223848951297
0.0019288763526838517
0.0018767479196581005
0.0018209262582614535
0.0017711530815472834
0.0017189571048206492
0.0016715539103890637
0.0016226524986019198
0.0015775955118263586
0.0015317093174813065
0.0014889480016311105
0.0014458378241615983
0.0014053035524630919
0.0013647617159840875
0.0013263741638326805
0.0012882180574956355
0.0012518898690349542
0.0012159570717462413
0.001181597234579202
0.0011477418122911652
0.0011152580741253721
0.0010833477495821014
0.0010526483280725923
0.001022562301764679
0.0009935570745841279
0.0009651843330400816
0.0009377856468239578
0.0009110236365237721
0.0008851468373100378
0.0008599004137729048
0.0008354641747953776
0.00081164475951243
0.0007885712623973682
0.0007660961574852852
0.0007443111682007052
0.0007231029913902336
0.0007025358614320271
0.0006825220734869839
0.0006631056887068266
0.0006442181923879675
0.0006258888859185354
0.0006080636808554907
0.0005907611221649925
0.0005739380038537441
0.0005576050727062578
0.0005417273667711678
0.0005263100184378176
0.0005113243434197627
0.0004967714697342463
0.00048262752330019074
0.0004688908128091876
0.00045554117744149754
0.0004425749769581882
0.0004299749421115269
0.0004177361212500995
0.0004058435196033442
0.00039429133937493935
0.0003830663953336673
0.00037216238148123754
0.0003615675704372037
0.0003512753919335289
0.0003412753091272976
0.0003315606620392413
0.0003221218999841036
0.0003129523967865507
0.00030404343055286196
0.00029538849485613247
0.000286979574430702
0.00027881034103210793
0.00027087339025265184
0.00026316261034560213
0.000255671131876193
0.0002483930832785455
0.00024132206920281826
0.00023445247135320518
0.00022777831897951217
0.000221294252549442
0.00021499468511384503
0.00020887451599304273
0.00020292850791139155
0.0001971518153535243
0.0001915395217605227
0.00018608703049574854
0.00018078972079666193
0.00017564323690141945
0.0001706432321092198
0.00016578558242920025
0.0001610661960364016
0.00015648117098573835
0.00015202665319696438
0.00014769895273936216
0.00014349443784464604
0.00013940962049813232
0.00013544107721417357
0.00013158551189738118
0.0001278396965027509
0.0001242005170794219
0.00012066492920114803
0.00011722999156968481
0.0001138928324391237
0.00011065067402263198
0.00010750080709180638
0.00010444060859588964
0.00010146752235907678
9.85790716851061e-05
9.577284459737797e-05
9.304650276132796e-05
9.039777011832537e-05
8.782443909581767e-05
8.532436178253157e-05
8.289545414945658e-05
8.053568913566299e-05
7.82430994151111e-05
7.601577191564514e-05
7.385184952968599e-05
7.174952671915686e-05
6.970705046180662e-05
6.772271667474528e-05
6.579487061292777e-05
6.392190392442943e-05
6.210225465644504e-05
6.0334404788517154e-05
5.861687997155661e-05
5.694824743279648e-05
5.532711552433606e-05
5.375213192224419e-05
5.222198304975301e-05
5.0735392507578734e-05
4.929112041751767e-05
4.78879620364449e-05
4.6524747054140815e-05
4.5200338356198976e-05
4.3913631301635125e-05
4.266355260580288e-05
4.144905961276594e-05
4.026913928324716e-05
3.912280747185354e-05
3.800910799929948e-05
3.6927111947983185e-05
3.5875916808703667e-05
3.485464579261867e-05
3.386244704540748e-05
3.289849298356137e-05
3.196197956441271e-05
3.105212564815697e-05
3.016817232103907e-05
2.930938227985137e-05
2.8475039205068907e-05
2.7664447173354496e-05
2.6876930068344285e-05
2.6111831021757154e-05
2.5368511862767455e-05
2.4646352591785325e-05
2.3944750851580265e-05
2.3263121439486e-05
2.2600895804901402e-05
2.1957521588846516e-05
2.1332462149304277e-05
2.072519612570864e-05
2.0135216995564864e-05
1.9562032659308295e-05
1.9005165021941748e-05
1.8464149600637587e-05
1.7938535134564594e-05
1.7427883207075164e-05
1.6931767884581202e-05
1.6449775355812084e-05
1.598150359186112e-05
1.5526562007146848e-05
1.5084571133714385e-05
1.465516230751869e-05
1.4237977357576875e-05
1.3832668310720213e-05
1.343889709819971e-05
1.3056335275375827e-05
1.2684663746983377e-05
1.2323572501971025e-05
1.1972760353584633e-05
1.1631934689504408e-05
1.13008112269386e-05
1.0979113775549248e-05
1.0666574008149493e-05
1.03629312337844e-05
1.0067932184838757e-05
9.781330802476063e-06
9.502888031233392e-06
9.232371623387955e-06
8.969555940360752e-06
8.714221768055253e-06
8.466156131408525e-06
8.225152118855432e-06
7.99100870906358e-06
7.763530602958313e-06
7.542528060872078e-06
7.327816744773057e-06
7.119217563734265e-06
6.916556524823661e-06
6.719664588327595e-06
6.528377526723861e-06
6.342535787552672e-06
6.1619843604531724e-06
5.9865726465980346e-06
5.816154335935159e-06
5.650587281511021e-06
5.489733384050552e-06
5.3334584758212705e-06
5.181632207786058e-06
5.034127940817289e-06
4.890822642146639e-06
4.751596780642369e-06
4.616334228401721e-06
4.484922161620468e-06
4.357250970581908e-06
4.233214164755942e-06
4.112708284302916e-06
3.995632815338669e-06
3.881890105204996e-06
3.771385281339237e-06
3.66402617181516e-06
3.5597232279499513e-06
3.458389450529571e-06
3.359940317306312e-06
3.2642937115561627e-06
3.1713698540880575e-06
3.0810912378040345e-06
2.9933825609999853e-06
2.908170666511556e-06
2.8253844771286563e-06
2.744954942873745e-06
2.666814976855225e-06
2.590899402160618e-06
2.517144897453902e-06
2.4454899441013565e-06
2.3758747756258414e-06
2.308241324428667e-06
2.2425331790421055e-06
2.1786955308120137e-06
2.116675134430923e-06
2.0564202566145107e-06
1.9978806400408177e-06
1.94100745563126e-06
1.885753269100063e-06
1.8320719865185311e-06
1.779918838245003e-06
1.7292503186245624e-06
1.6800241722101294e-06
1.6321993314691915e-06
1.5857359086876317e-06
1.54059515012836e-06
1.4967394012153044e-06
1.4541320844205664e-06
1.4127376577636e-06
1.3725215992386542e-06
1.3334503599074163e-06
1.2954913521826352e-06
1.2586129124259656e-06
1.2227842852836858e-06
1.1879755816945718e-06
1.154157769704808e-06
1.1213026400907003e-06
1.0893827897904412e-06
1.0583715942449196e-06
1.0282431864069158e-06
9.98972436347693e-07
9.705349312293977e-07
9.429069491712332e-07
9.160654460688145e-07
8.899880321001571e-07
8.646529587310811e-07
8.400390932826463e-07
8.161259042250343e-07
7.928934460912549e-07
7.703223411127669e-07
7.483937622429319e-07
7.270894182122636e-07
7.063915396777446e-07
6.862828633601354e-07
6.667466164730429e-07
6.477665021324317e-07
6.293266897727107e-07
6.114117997098626e-07
5.940068881686664e-07
5.770974381433605e-07
5.606693451514974e-07
5.447089075688236e-07
5.292028115912867e-07
5.141381233132042e-07
4.995022774290092e-07
4.852830673557351e-07
4.714686321800887e-07
4.5804744904648365e-07
4.450083231632984e-07
4.32340379524776e-07
4.2003305108367917e-07
4.0807607168402704e-07
3.964594690476081e-07
3.851735539373794e-07
3.742089122321657e-07
3.6355639751115e-07
3.532071254919167e-07
3.431524641314687e-07
3.3338402653793064e-07
3.238936641322687e-07
3.1467346179800404e-07
3.057157288710588e-07
2.9701299350537447e-07
2.885579964695406e-07
2.803436856269048e-07
2.7236320991955165e-07
2.646099127832924e-07
2.5707732627389124e-07
2.49759168610697e-07
2.426493350832226e-07
2.3574189524089295e-07
2.2903108776693715e-07
2.2251131502615262e-07
2.161771400360779e-07
2.1002327815419775e-07
2.040445962253265e-07
1.9823610777555678e-07
1.9259296900331346e-07
1.8711047132524694e-07
1.8178404326881642e-07
1.7660924063640782e-07
1.7158174860955333e-07
1.6669737274224716e-07
1.619520386825224e-07
1.5734178947929278e-07
1.5286277904491183e-07
1.485112714489506e-07
1.442836367777922e-07
1.4017634962851244e-07
1.3618598341223753e-07
1.3230921057198752e-07
1.2854279596297147e-07
1.2488359908691127e-07
1.213285686623572e-07
1.1787473625738537e-07
1.1451922715894139e-07
1.1125923490406392e-07
1.0809204729076219e-07
1.0501501476875216e-07
1.0202557771885057e-07
9.912124067324932e-08
9.629958010876072e-08
9.35582438049698e-08
9.089494328040626e-08
8.830745942172216e-08
8.579363088728233e-08
8.335136577773336e-08
8.097862255751487e-08
7.86734251148613e-08
7.643384650375673e-08
7.425802302793785e-08
7.214413691187388e-08
7.009042769356294e-08
6.809518118258348e-08
6.615673272289228e-08
6.427346469070269e-08
6.244380767821654e-08
6.066623454265528e-08
5.8939263605957415e-08
5.7261453521514905e-08
5.5631406173763456e-08
5.4047760053056726e-08
5.250919575105345e-08
5.10144289105844e-08
4.956221329443242e-08
4.8151337739537475e-08
4.678062531359578e-08
4.544893288259866e-08
4.4155148927384896e-08
4.289819562552574e-08
4.167702276735831e-08
4.0490612830072076e-08
3.9337976250140155e-08
3.821815237734947e-08
3.713020541788563e-08
3.607322892089024e-08
3.504634096940766e-08
3.4048685158979096e-08
3.307942959048654e-08
3.213776548138467e-08
3.122290764871966e-08
3.0334092728130646e-08
2.9470579338973686e-08
2.8631647135644867e-08
2.7816596958555456e-08
2.7024748815835352e-08
2.6255442154817302e-08
2.5508034612710742e-08
2.4781903862347576e-08
2.4076443464024662e-08
2.339106494066677e-08
2.2725196899405983e-08
2.2078284517873157e-08
2.1449787415759973e-08
2.0839181594646365e-08
2.0245957398643336e-08
1.9669620807127863e-08
1.9109690024398523e-08
1.8565699471924726e-08
1.803719421034338e-08
1.7523733711723513e-08
1.7024890001135322e-08
1.654024665788314e-08
1.6069399144669205e-08
1.5611955092847268e-08
1.516753405966971e-08
1.4735763252411022e-08
1.4316284045398642e-08
1.3908745608156789e-08
1.3512809017568461e-08
1.312814291835624e-08
1.275442712935556e-08
1.2391350146271837e-08
1.2038608823792402e-08
1.1695908408004135e-08
1.1362963802958453e-08
1.1039496512245395e-08
1.0725237978661574e-08
1.0419925821866013e-08
1.0123304379559654e-08
9.835126798531883e-09
9.555152760817517e-09
9.283148115447545e-09
9.01888660487845e-09
8.762148735253546e-09
8.512719365787874e-09
8.27038950843538e-09
8.034957750904272e-09
7.806228441431529e-09
7.584010777023087e-09
7.368118028899806e-09
7.158372759136222e-09
6.954597240108051e-09
6.756622600821716e-09
6.564282485198997e-09
6.377418458776429e-09
6.1958745356527345e-09
6.019498403203594e-09
5.848142689730829e-09
5.681664697965508e-09
5.519925985915386e-09
5.3627912284526236e-09
5.210130704907251e-09
5.0618152545997205e-09
4.917722452348061e-09
4.777730162018601e-09
4.641723204586168e-09
4.509587606441566e-09
4.381214404128048e-09
4.256495330680343e-09
4.1353269775515344e-09
4.017606822746822e-09
3.9032378267023216e-09
3.7921243211530564e-09
3.6841742702365884e-09
3.5792967235936946e-09
3.477404823728353e-09
3.3784132902250213e-09
3.2822393600771826e-09
3.1888027307667294e-09
3.09802604707074e-09
3.0098339943432015e-09
2.9241520860517206e-09
2.840909584726596e-09
2.760035884845531e-09
2.6814646141536114e-09
2.605130164758454e-09
2.530969179788227e-09
2.458919287694032e-09
2.3889209624155736e-09
2.320915111573424e-09
2.2548456779037176e-09
2.1906571735655703e-09
2.128296488048201e-09
2.0677118510231338e-09
2.008851796714284e-09
1.951667839275237e-09
1.8961122758703874e-09
1.8421390428693951e-09
1.789702553690875e-09
1.7387595079021434e-09
1.6892671636514756e-09
1.641184556745029e-09
1.5944708105924965e-09
1.5490873889623807e-09
1.5049962352200151e-09
1.4621607258291647e-09
1.420544792473527e-09
1.3801142494454521e-09
1.340835039352617e-09
1.3026749054456666e-09
1.2656003458774712e-09
1.2295816849503677e-09
1.1945890791321967e-09
1.1605928492558482e-09
1.1275649676109611e-09
1.0954757461399678e-09
1.0642998945261523e-09
1.0340094475091988e-09
1.004576783954561e-09
9.759789706010463e-10
9.48185642848931e-10
9.211755052328241e-10
8.94920298673621e-10
8.693962828300317e-10
8.445820596711395e-10
8.204490337983261e-10
7.96977385779038e-10
7.741425358826631e-10
7.519211208534271e-10
7.302958190437414e-10
7.092393779477985e-10
6.887410667830163e-10
6.68775072213551e-10
6.493317624041428e-10
6.303969551230137e-10
6.119487633640674e-10
5.940033198387901e-10
5.765173688920475e-10
5.595231088346975e-10
5.429963234691165e-10
5.269294670734448e-10
5.113487424289465e-10
4.962156706584189e-10
4.815738157640942e-10
4.674025531848855e-10
4.5369236264993645e-10
4.404955605461468e-10
4.2773432961783903e-10
4.1549668892103264e-10
4.0370515090593084e-10
3.924002510186271e-10
3.815825178618906e-10
3.711625585871292e-10
3.6127807950120383e-10
3.5171422068172586e-10
3.426550358558156e-10
3.33947377780322e-10
3.255798638503171e-10
3.176752762755475e-10
3.099639648684177e-10
3.027017260980036e-10
2.957014260188129e-10
2.889246923307165e-10
2.826063168204218e-10
2.762945983114662e-10
2.7049758396721635e-10
2.647119311943724e-10
2.5932770102328473e-10
2.5406915411590666e-10
2.491030836465624e-10
2.4433113475150203e-10
2.3983926216580853e-10
2.354424181658099e-10
2.3159824752427838e-10
2.2732102832045964e-10
2.2447574962031203e-10
2.20048047491761e-10
2.155977445184032e-10
2.1125614452222052e-10
1.98503434176156e-10
1.8855810402645945e-10
1.6373627497248688e-10
1.3583233409580897e-10
9.873315880148947e-11
4.5131207798698725e-11
-1.049363807653636e-11
-8.420277474406601e-11
-1.7083078614893443e-10
-2.6233469216374594e-10
-3.7875001203911685e-10
-4.99257120888108e-10
-6.354702189806383e-10
-7.887484458971028e-10
-9.390104466558413e-10
-1.1186656802709277e-09
-1.2705401527418093e-09
-1.4626153899133243e-09
-1.603133297119197e-09
-1.771080224317878e-09
-1.9022203465168808e-09
-1.997718032664686e-09
-2.1101988523534662e-09
-2.1384009276856353e-09
-2.1765047589737685e-09
-2.1818643352548156e-09
-2.1086368133353683e-09
-2.077189147900102e-09
-1.9314090257682714e-09
-1.797948736507321e-09
-1.6322050295537738e-09
-1.368637391027834e-09
-1.1990037532706027e-09
-8.256867202764348e-10
-6.430237898136931e-10
-2.145617624543794e-10
2.5232922522266943e-11
4.0283007420212347e-10
7.647689551949777e-10
1.0206800170678432e-09
1.4540816315779248e-09
1.7453788670428183e-09
2.0217081794478634e-09
2.5833883284540407e-09
2.6519531343052044e-09
3.3755793754815244e-09
3.4591505953043833e-09
4.068574957841187e-09
4.29762734947825e-09
4.807079097084686e-09
5.022708926885871e-09
5.637334946073658e-09
5.835278381045687e-09
6.409723631419298e-09
6.875781998665412e-09
7.149988788968803e-09
8.101072561416452e-09
7.691656250721074e-09
1.0013773373658205e-08
7.056845706312348e-09
1.532689990256606e-08
-1.639963094143826e-09
4.146686663313026e-09
-1.9605041177289673e-08
-5.271033415733123e-08
-7.168837797780908e-08
-1.3675134323047714e-07
-1.6558188919296724e-07
-2.1784370120552649e-07
-2.752117340281985e-07
-3.098732381761997e-07
-3.546903878759271e-07
-4.3509637607888233e-07
-4.268932159040041e-07
-5.44844109496602e-07
-5.307396935350442e-07
-6.2696805671746e-07
-6.272957652968085e-07
-6.986585699348454e-07
-7.080832361348703e-07
-7.197310935790589e-07
-7.659315827668843e-07
-6.846163897150214e-07
-7.423624796614944e-07
-6.4212957506804e-07
-6.16033674642226e-07
-5.96636423605499e-07
-5.099910660511572e-07
-4.773668337129579e-07
-4.748499191142364e-07
-2.831823369825459e-07
-4.1520283119490277e-07
-1.1244983044722545e-07
-2.840604037754324e-07
3.903143079662247e-08
-1.1211166408339052e-07
1.7408267133194044e-07
9.488620940443365e-08
2.8258751053836934e-07
3.0408552135693934e-07
4.0347429051696554e-07
3.9141507605228165e-07
6.012129181443004e-07
2.761733164796665e-07
9.071485517408648e-07
3.085778043140225e-07
9.824692537869356e-07
6.809955813268792e-07
9.487183910382446e-07
9.278403277288017e-07
9.57992093595858e-07
1.0390571090063139e-06
7.748315547836254e-07
1.6758494454805622e-06
-1.1831240109144714e-08
3.188296717371048e-06
-1.1652336677821923e-06
4.989561488097935e-06
-2.5427491915815115e-06
7.322975358154196e-06
-4.660696950019912e-06
1.0353349404503866e-05
-6.2601462806847336e-06
9.902883228989946e-06
1.0519091549886228e-05
-0.00010361597817981627
-5.549420016903728e-06
-0.0002084772165915627
-0.0001704220642436416
-0.00023933374267989804
-0.00021072789916145446
-0.00026196573476200413
-8.022306994460993e-05
-0.0003563188910683801
2.1966581424948117e-05
-0.00028775428470104863
-0.00011793283833348711
-0.0001351879631773939
-0.00023461947941477365
-0.00013358835386243807
-0.00023858562513996012
-0.00012571929699078943
-0.0003344282569995721
-0.00015758009959267703
-0.00032644164136260215
-0.00019324830012188918
-0.00018903680947292972
-0.00017124406837855377
-0.00014704985040366048
-0.00016931257811401507
-1.895493607060282e-05
-0.0001245996462564264
-1.5257614825507637e-05
1.7259153807999694e-05
1.30128639862781e-05
4.5707123664653904e-05
2.9231538300816037e-05
4.570068266454764e-05
3.702961058584485e-05
3.928651435120993e-05
3.847413825578278e-05
4.741476168430625e-05
-5.831185142763458e-05
-7.885601156232573e-05
-0.00023088521886114677
-3.0006897520807197e-05
-0.0002274357755208769
-4.1810874633974385e-05
-0.00019465895098708802
-7.249142455862962e-05
-5.453786488886399e-05
-4.963554440912815e-05
-3.648662164068561e-05
7.616097234357244e-05
1.0274271753374364e-05
6.263156136308845e-05
0.0001969998326772915
0.00026990334770321533
0.0003011709241142885
0.0004357715974373233
0.00025545569626367684
0.00043445188117796976
0.00024107189447349076
0.00021476552545795363
0.00029414228971016976
0.0001647849487238645
0.00023777538547459232
6.430252887528604e-05
-8.275973457439836e-05
-5.747414143064599e-05
-9.402306457295868e-05
-9.448697376515739e-05
-0.00011875543754630882
-0.00012166391485032965
-0.00014092121769028264
-0.00014490489112043415
-0.00015924054749172733
-0.000152974256509749
-0.0001547117435630285
-0.00014875621530459655
-0.00014573821351538242
-0.00015101126895782804
-0.00014401896258766034
-0.00014247225116499924
-0.000124599515335659
-0.00011230693488188155
-7.797396566760551e-05
-5.904395602050153e-05
-2.6091611196278164e-05
-3.6379947940697846e-06
2.907368506927389e-05
5.058628043433929e-05
8.595062603858436e-05
8.632995205556715e-05
0.0001016639541489918
6.705021727469664e-05
4.943271443962809e-05
4.228543888473431e-06
-2.1987018074367298e-05
-5.718441751224541e-05
-9.582156219832268e-05
-0.00012905095904576508
-0.00016091550033151678
-0.00019645814345792248
-0.00023104221874786313
-0.00025999351405618193
-0.00026316667229539915
-0.00026135865735482324
-0.00023762791291883647
-0.0002363482105069767
-0.00019376822624980722
-0.00018015275616014109
-0.00013379709506117088
-0.00010275354989235712
-6.829695712688138e-05
-3.3350250240044754e-05
-1.545421700451984e-05
-6.201408011774327e-06
-3.817884153679667e-09
-4.083694565832664e-05
-2.3315506494978164e-06
0.00011517258454762283
8.585260628228743e-05
-1.251419242274951e-05
-0.0001020403674140805
-0.00016828773848582965
-0.00016253186353608058
-0.00028184386462685535
-0.0003637400617964143
-0.0003278933241401429
-0.00045740765846982647
-0.00033251353996876284
-0.00022070883754365142
-0.00017200740552867852
-0.0003006535432416689
-0.00014625376484190793
-6.85333673782161e-05
-0.00017915546385954438
-0.00030840283583047357
5.1204947599798216e-05
0.00019330089660576938
0.00021488678908175457
-5.3557653100424804e-05
0.00025377626606412943
0.0001521603732759866
0.00123449850421297
6.83903238455144e-05
0.005595338758603172
0.06754760013110073
0.07314773941972263
0.05838452493848749
0.03371752098430224
0.03567438940874201
0.023936818210872422
0.014886697587554489
0.0027576804292741832
-0.014803275424794194
-0.012197488103823421
-0.03685193167456338
-0.05684013733520822
-0.06490068737194384
-0.029788768130224116
-0.0032403869346382718
0.0018959744022401144
0.0021455406259738978
-0.004771194297607022
-0.004924581522057489
-0.0011004578940207262
0.01095678133501888
0.020844705685033587
0.023867578519314765
0.016647122891967583
0.008483406132145179
0.0037643293728210057
0.007123633021178202
0.012330711477923107
0.014255873758250348
0.01051791096153755
0.007028674343073265
-0.0011949800981587888
-0.010370811619784662
-0.013929744726415411
-0.009614925502685239
-0.01057385164978744
-0.017564657993158338
-0.02254440029705504
-0.020099539494819955
-0.01765076015281203
-0.018586661892413037
-0.01453841762910927
-0.007251661875488054
-0.0012336676944714026
0.0006318343757958033
0.002024044018896258
0.00164576837892915
-0.0006244380602812074
-0.0012461620223474588
3.8276381807804866e-05
0.0021067640220236517
0.00198614107871385
-0.0007616181949349722
-0.0054350995860073265
-0.007305260360604931
-0.006140921213382855
-0.004243632104557428
-0.0027458772994747665
-0.0018234503134761427
-0.0020747781106012606
-0.004342162605191239
-0.006273564202986472
-0.004610616137217775
-0.00047113090954083175
0.0015732974026085361
-0.0005578315183078688
-0.0038795917014323384
-0.00510507656132152
-0.004988103656917991
-0.003866580802712967
-0.0023526668974286607
-0.0008708048166279674
-0.0009635898102030231
-0.001854889893186891
-0.0021979197675490144
-0.0011792408312372743
0.000201117865123783
0.000866680736939005
0.0012364099481254694
0.0011687512295462887
0.00044852432922527286
-0.0007718446189883566
-0.0014869250887753138
-0.0011954489433328162
-0.0007040672951299538
-0.0007848543801195675
-0.0006773403114435381
-0.00016247382100183986
0.00023661068887382143
-0.00026531966223156144
-0.0012394873049120752
-0.0013945295584690375
-0.0008861809647177785
-0.0004782896700943612
-0.0006539616381757629
-0.0010499913981835544
-0.001426695300307966
-0.0014986246778619012
-0.0010287669651991398
1.126696315199567e-06
0.0008168760453936792
0.0008472246269028811
0.0003081920679427119
-0.00013152492732208332
-3.635099834196692e-05
0.0004310524964523222
0.0006776179848048348
0.0005035245180450609
3.15897942338622e-05
-0.0005023436235983753
-0.0008446762816827915
-0.0006805129429497224
-0.0003231273484401114
-3.411205397690954e-05
-0.00015305919860436124
-0.00030216040848492237
-0.0001632222143624517
0.00019039780447818706
0.000565130809800958
0.0005303523517798457
0.00038380590489996396
5.7918263040096124e-05
-0.00028553114031896977
-0.000494004498818404
-0.0006451059102225294
-0.0008443326370405332
-0.0009275092215316198
-0.00099844597522315
-0.0007406470252541006
-0.0006332486841258258
-0.0003482915843436309
-0.0003059981322068735
-0.00018286248742144934
-5.9799752142012004e-05
0.00021436435082839323
0.0006094411099565871
0.0007661119938265915
0.0005316796752338994
-1.9758027015634016e-05
-0.0004904824531652609
-0.0005975381874893525
-0.000496209062128761
-0.0005972522366868727
-0.0010454521466201096
-0.001401389683061005
-0.0016075676511144625
-0.0016239575342498758
-0.0014322634712035645
-0.0010805879064765805
-0.0005232507288450432
-0.00031625793297756317
-0.00032085994165459425
-0.00038115291238994024
-0.00019856645130629595
-0.00023811657451272732
-0.0005693335061735902
-0.000815258985041311
-0.000903310269694433
-0.0008736370662453442
-0.0008725502302579321
-0.0006313834169697749
-0.00032617391211003173
-0.00018212509088075165
-9.221959094616585e-05
-9.272993993658882e-06
0.00023851755714267067
0.000332578016637684
0.0002292903572290984
1.2601333604785855e-05
-0.00022929639439447236
-0.00042687439797722924
-0.0005665653985735927
-0.0005909390328723756
-0.0006303798387600299
-0.0005581284256499071
-0.00040608996142193907
-0.00021650050760735058
5.130040050102248e-05
0.00038593975746946656
0.0005911849245902699
0.0005011226471941393
0.00042431294704171847
0.0004465517853693666
0.0005277241065502917
0.0005427432410546858
0.00046685743523327693
0.00029971328436694135
0.0001108980486359734
-0.0001953379625809851
-0.0005233814201849414
-0.0008343824920192335
-0.0010845319795331312
-0.0013161460713053165
-0.0013545681503967443
-0.0011540307976816875
-0.0008809339764036662
-0.0006820354922836899
-0.0005929877759194842
-0.0003872627767832595
-0.00016878640226363986
-2.8804529751459826e-05
0.0001106891541475422
0.00021660449466834417
0.00024800229255596685
0.00022004402623896485
9.747592123024321e-05
-6.0294237774590763e-05
-0.00024518222063416386
-0.00040418772420147865
-0.0005839128243852148
-0.0005338288085035528
-0.0006451735514802487
-0.0005636603094658129
-0.0006280702194612195
-0.0005540580935286056
-0.0005922773388783767
-0.0005320180382580417
-0.0005553764482288252
-0.0005069773883800589
-0.0005207958699970526
-0.0004817069018998578
-0.0004889066269405483
-0.0004569757586663436
-0.00045947530275079176
-0.0004330350301502263
-0.00043221026285846496
-0.0004099991319845347
-0.0004068585023063688
-0.0003879295976271406
-0.0003832130466876701
-0.0003668558740318854
-0.00036110448083070734
-0.0003467845735495382
-0.00034039218339205574
-0.000327705957288696
-0.00032095757791546903
-0.0003095988638224876
-0.0003026991653251543
-0.00029243440526612085
-0.0002855288486559792
-0.0002761786936940337
-0.0002693691836681348
-0.0002607948300414011
-0.0002541513046162201
-0.0002462443420580548
-0.0002398133489915691
-0.00023248821414240117
-0.00022629925351147972
-0.00021948761617178946
-0.00021355782726603694
-0.00020720441098762444
-0.00020154203228263146
-0.00019560149957125491
-0.00019020841970955225
-0.0001846430476029097
-0.00017951668310679634
-0.00017429462570584843
-0.00016942930018769634
-0.00016452328723845456
-0.00015991124166933124
-0.0001552976012438598
-0.00015092973132060537
-0.0001465876535325265
-0.00014245404532678207
-0.00013836502544365933
-0.00013445534208467782
-0.00013060275728940616
-0.00012690651576638488
-0.00012327530160836106
-0.00011978206864511273
-0.00011635846996353223
-0.00011305799840430865
-0.00010982937599286267
-0.00010671169757029762
-0.00010366637666277842
-0.00010072186288854248
-9.784901311592545e-05
-9.506841297521156e-05
-9.235795209267222e-05
-8.97324129549475e-05
-8.71749286037259e-05
-8.469600508237234e-05
-8.228269030845974e-05
-7.994234455597701e-05
-7.766494389821541e-05
-7.54555399036656e-05
-7.330630365505361e-05
-7.12205974230682e-05
-6.919224228245206e-05
-6.722336927507064e-05
-6.530904403957417e-05
-6.345050488181078e-05
-6.164376016587817e-05
-5.988940534557984e-05
-5.818416655774088e-05
-5.652818063943627e-05
-5.491872363072407e-05
-5.3355609363846105e-05
-5.183653830158401e-05
-5.036110088029679e-05
-4.892732799730609e-05
-4.7534659656813015e-05
-4.618138660907368e-05
-4.486685168083202e-05
-4.358955230151834e-05
-4.23487728066047e-05
-4.114317708672072e-05
-3.997201891354325e-05
-3.8834098073386964e-05
-3.772865776623937e-05
-3.6654610308212935e-05
-3.561120247469636e-05
-3.459744112390903e-05
-3.3612586457687455e-05
-3.265572591437595e-05
-3.172613982262195e-05
-3.082298525927565e-05
-2.994556707847009e-05
-2.909310332682236e-05
-2.826492610680813e-05
-2.746030748249339e-05
-2.667860831584315e-05
-2.591914903876636e-05
-2.5181319913035287e-05
-2.446448508221905e-05
-2.3768064230080856e-05
-2.3091461318754613e-05
-2.2434125042565653e-05
-2.1795495879740282e-05
-2.1175050826583732e-05
-2.0572264036003733e-05
-1.998663989984952e-05
-1.9417683768646644e-05
-1.8864926397931702e-05
-1.8327902149414366e-05
-1.7806167037808483e-05
-1.7299282484755773e-05
-1.680682862458113e-05
-1.6328392180742874e-05
-1.58635762598452e-05
-1.5411991289487458e-05
-1.4973262212220409e-05
-1.4547021697708037e-05
-1.4132915412273794e-05
-1.3730596921675709e-05
-1.3339731537185227e-05
-1.2959992475471919e-05
-1.2591063652573828e-05
-1.2232636779448657e-05
-1.1884413378950628e-05
-1.154610257849526e-05
-1.1217422553984151e-05
-1.0898098842339766e-05
-1.0587865363276099e-05
-1.0286463120378828e-05
-9.99364091245616e-06
-9.709154325385043e-06
-9.432766216015305e-06
-9.164245922125419e-06
-8.903369580018708e-06
-8.649919498593915e-06
-8.40368435605721e-06
-8.164458697796067e-06
-7.932043045663975e-06
-7.7062434899561e-06
-7.486871735731576e-06
-7.273744766493075e-06
-7.066684846103563e-06
-6.8655192372584306e-06
-6.670080172136266e-06
-6.4802046137763e-06
-6.295734205181515e-06
-6.116515063823713e-06
-5.9423977164208846e-06
-5.773236920024601e-06
-5.608891587505605e-06
-5.449224629828296e-06
-5.294102876015941e-06
-5.1433969326157125e-06
-4.996981101188156e-06
-4.854733251638686e-06
-4.716534738959859e-06
-4.5822702882147745e-06
-4.451827912378345e-06
-4.325098806743505e-06
-4.2019772688826895e-06
-4.0823606010636365e-06
-3.966149032693517e-06
-3.853245630193111e-06
-3.743556222073237e-06
-3.6369893152404104e-06
-3.533456023078357e-06
-3.432869987646421e-06
-3.3351473107730983e-06
-3.240206481380445e-06
-3.147968309786739e-06
-3.058355859675288e-06
-2.971294385570658e-06
-2.88671126915524e-06
-2.8045359599003982e-06
-2.724699915110051e-06
-2.6471365437632518e-06
-2.5717811500173033e-06
-2.498570880059258e-06
-2.4274446690050737e-06
-2.358343190600782e-06
-2.291208807208336e-06
-2.225985522036591e-06
-2.162618932242586e-06
-2.101056183837604e-06
-2.041245927254428e-06
-1.9831382747512185e-06
-1.9266847586541454e-06
-1.8718382911043889e-06
-1.8185531246303895e-06
-1.7667848141001446e-06
-1.7164901794659279e-06
-1.6676272699967033e-06
-1.6201553291047028e-06
-1.5740347604680285e-06
-1.5292270948574302e-06
-1.4856949581899028e-06
-1.4434020402829855e-06
-1.4023130646066154e-06
-1.3623937588468588e-06
-1.3236108263079037e-06
-1.285931918080362e-06
-1.249325606183713e-06
-1.2137613572968592e-06
-1.1792095072422535e-06
-1.1456412362989804e-06
-1.1130285451896912e-06
-1.0813442316590452e-06
-1.0505618677861656e-06
-1.020655777994909e-06
-9.91601017590613e-07
-9.6337335199883e-07
-9.359492365349463e-07
-9.093057967256703e-07
-8.834208092344073e-07
-8.582726833974931e-07
-8.338404431765842e-07
-8.101037096090979e-07
-7.870426838630133e-07
-7.646381307584074e-07
-7.428713626305425e-07
-7.217242238071408e-07
-7.011790754407881e-07
-6.812187808607128e-07
-6.618266911087426e-07
-6.429866312704152e-07
-6.24682886841651e-07
-6.069001906784015e-07
-5.89623710194932e-07
-5.728390350798109e-07
-5.565321652514402e-07
-5.406894991116058e-07
-5.252978223468344e-07
-5.103442966908822e-07
-4.95816449405358e-07
-4.817021628729682e-07
-4.679896643194426e-07
-4.546675160554031e-07
-4.4172460630081533e-07
-4.2915013918287074e-07
-4.169336264137053e-07
-4.050648779135887e-07
-3.935339943127042e-07
-3.823313575508686e-07
-3.7144762355088314e-07
-3.608737141229184e-07
-3.5060080958301484e-07
-3.4062034142478084e-07
-3.309239847608129e-07
-3.2150365196287404e-07
-3.123514853701058e-07
-3.0345985147941205e-07
-2.948213335745106e-07
-2.864287262813883e-07
-2.782750292608873e-07
-2.7035344148304e-07
-2.626573556923525e-07
-2.5518035243297655e-07
-2.479161952438474e-07
-2.4085882508635556e-07
-2.34002355408496e-07
-2.2734106713161571e-07
-2.2086940411806565e-07
-2.1458196836528915e-07
-2.0847351555463586e-07
-2.025389505768373e-07
-1.967733234332805e-07
-1.9117182501046312e-07
-1.8572978307580682e-07
-1.8044265838606274e-07
-1.7530604098250457e-07
-1.7031564640457606e-07
-1.6546731220883635e-07
-1.6075699436780952e-07
-1.5618076397759469e-07
-1.5173480399635374e-07
-1.4741540612473136e-07
-1.4321896754510683e-07
-1.3914198795050397e-07
-1.351810667298448e-07
-1.313329001163436e-07
-1.2759427835186262e-07
-1.2396208298662682e-07
-1.204332844664371e-07
-1.1700493940278124e-07
-1.1367418820369473e-07
-1.1043825268869378e-07
-1.0729443373699854e-07
-1.0424010911044834e-07
-1.0127273121669778e-07
-9.838982496443438e-08
-9.558898566262852e-08
-9.286787719473694e-08
-9.022422984769629e-08
-8.765583858186179e-08
-8.516056108475584e-08
-8.273631604653608e-08
-8.038108142115197e-08
-7.809289268544128e-08
-7.586984125673712e-08
-7.371007288391185e-08
-7.161178611062892e-08
-6.95732307881428e-08
-6.759270652608243e-08
-6.566856135649737e-08
-6.379919035019894e-08
-6.19830342860647e-08
-6.02185782666749e-08
-5.850435061405257e-08
-5.683892147743952e-08
-5.522090169331195e-08
-5.364894170101567e-08
-5.2121730278152645e-08
-5.063799362031024e-08
-4.9196494147571435e-08
-4.779602948493111e-08
-4.643543148911619e-08
-4.5113565338506315e-08
-4.382932842654291e-08
-4.2581649593951415e-08
-4.136948809820712e-08
-4.019183289655226e-08
-3.904770173391095e-08
-3.793614027688269e-08
-3.6856221372581766e-08
-3.580704426887904e-08
-3.4787733832475354e-08
-3.379743983896594e-08
-3.283533632362015e-08
-3.190062073353539e-08
-3.0992513512550276e-08
-3.011025715248645e-08
-2.9253115781178833e-08
-2.8420374501274964e-08
-2.7611338486823508e-08
-2.6825333171681502e-08
-2.6061702778587434e-08
-2.5319810724629133e-08
-2.4599037844663316e-08
-2.3898783058133805e-08
-2.3218462200189777e-08
-2.255750791019251e-08
-2.1915368844313554e-08
-2.1291509362877936e-08
-2.0685409213858433e-08
-2.0096562684162114e-08
-1.9524478834034853e-08
-1.8968680219654324e-08
-1.842870331900462e-08
-1.790409776599583e-08
-1.739442610940525e-08
-1.6899263206198497e-08
-1.641819595625234e-08
-1.5950823181710115e-08
-1.5496754939611085e-08
-1.505561252773159e-08
-1.4627028031496958e-08
-1.4210644000401361e-08
-1.3806113074174911e-08
-1.3413097870026633e-08
-1.3031270512534401e-08
-1.2660312482181899e-08
-1.2299914422695887e-08
-1.1949775766610215e-08
-1.160960439624257e-08
-1.1279116613350376e-08
-1.0958036772358744e-08
-1.0646097033751916e-08
-1.0343037144718839e-08
-1.0048604399525568e-08
-9.76255319287819e-09
-9.484644976202362e-09
-9.214647903217632e-09
-8.952336775320743e-09
-8.697492779154506e-09
-8.449903365339781e-09
-8.209362001711067e-09
-7.975668035405982e-09
-7.748626623367907e-09
-7.528048361440422e-09
-7.313749232217177e-09
-7.105550509469479e-09
-6.903278547811063e-09
-6.706764584560147e-09
-6.515844712200701e-09
-6.330359739387722e-09
-6.150154930359246e-09
-5.9750799851496575e-09
-5.804988864816299e-09
-5.639739671797761e-09
-5.479194561171935e-09
-5.32321964936619e-09
-5.1716848536954504e-09
-5.0244637486512e-09
-4.881433579440454e-09
-4.7424750103458254e-09
-4.607472133151807e-09
-4.476312306255946e-09
-4.348886199913955e-09
-4.2250875110572735e-09
-4.104812958288795e-09
-3.987962248353915e-09
-3.874437899036107e-09
-3.76414522251442e-09
-3.6569921978748523e-09
-3.5528894733329692e-09
-3.4517501930054996e-09
-3.3534900458214063e-09
-3.2580270514461678e-09
-3.1652815656350256e-09
-3.075176234005315e-09
-2.98763590149203e-09
-2.9025875525811803e-09
-2.819960257438494e-09
-2.739685114026575e-09
-2.6616952053873377e-09
-2.585925403496281e-09
-2.512312476544293e-09
-2.440795090780795e-09
-2.371313576055023e-09
-2.3038099795924527e-09
-2.2382280374802846e-09
-2.1745130341006315e-09
-2.112611776380717e-09
-2.0524727069293723e-09
-1.994045642581682e-09
-1.9372818349516763e-09
-1.8821339586687358e-09
-1.8285560535354073e-09
-1.7765034268407871e-09
-1.725932549304218e-09
-1.6768013380249504e-09
-1.6290687550562892e-09
-1.582695138846197e-09
-1.5376417017909025e-09
-1.493870849776386e-09
-1.451346040798416e-09
-1.4100319000506095e-09
-1.3698939073489465e-09
-1.3308985757540769e-09
-1.2930133775203127e-09
-1.2562066628888854e-09
-1.220447788023802e-09
-1.1857068137391662e-09
-1.151954740472895e-09
-1.1191634311728382e-09
-1.0873055780388774e-09
-1.056354534336064e-09
-1.0262844274769051e-09
-9.970701383944184e-10
-9.6868728614646e-10
-9.411122090506076e-10
-9.143218937773378e-10
-8.882939623396004e-10
-8.630066652081346e-10
-8.384388863801138e-10
-8.145701122625436e-10
-7.913804172794778e-10
-7.6885049197996e-10
-7.469615465169246e-10
-7.256952753835217e-10
-7.050339194836913e-10
-6.849602611990434e-10
-6.65457626448842e-10
-6.46509737296108e-10
-6.281007885566674e-10
-6.102155372797111e-10
-5.928391755912095e-10
-5.75957236385264e-10
-5.595558843205818e-10
-5.436215359160348e-10
-5.281413529168583e-10
-5.131026113974063e-10
-4.984931944768296e-10
-4.843014767973337e-10
-4.705160938059567e-10
-4.571265625145232e-10
-4.441223269138414e-10
-4.314938508494931e-10
-4.192316219652978e-10
-4.073265889078387e-10
-3.9577068000878207e-10
-3.8455499136620663e-10
-3.736725882061767e-10
-3.631152202380507e-10
-3.528757831186731e-10
-3.42947569973405e-10
-3.3332239138955666e-10
-3.239949631825799e-10
-3.149564935028479e-10
-3.0620125423923283e-10
-2.977214613080273e-10
-2.8950899164971455e-10
-2.8155743883563015e-10
-2.7385600053940126e-10
-2.663984209009401e-10
-2.591731259942928e-10
-2.521709131656294e-10
-2.4538254230193485e-10
-2.387936657221798e-10
-2.3239794176522707e-10
-2.2617831013042183e-10
-2.2012685375666016e-10
-2.1423001255447584e-10
-2.084735890183929e-10
-2.0285068267592195e-10
-1.9734233425985556e-10
-1.9194344665117782e-10
-1.866379113974262e-10
-1.814166684715665e-10
-1.7627041558158918e-10
-1.7118718877336125e-10
-1.6616209582852488e-10
-1.6118607101443198e-10
-1.5625257424739525e-10
-1.5136068856342732e-10
-1.4649874632084899e-10
-1.4167364289639946e-10
-1.3687218649053798e-10
-1.3210208553676543e-10
-1.2735702428637655e-10
-1.2263987760985189e-10
-1.179475721192931e-10
-1.1329238957559495e-10
-1.0864815693173782e-10
-1.040692641654864e-10
-9.946623819728773e-11
-9.496255878546113e-11
-9.067433470597496e-11
-8.64863983245567e-11
-8.29508791841925e-11
-7.980380408150606e-11
-7.752708041785118e-11
-7.621868294924866e-11
-7.588184784300053e-11
-7.732871835268787e-11
-8.028783576695267e-11
-8.584572562899719e-11
-9.415139832049182e-11
-1.0580729489177015e-10
-1.2185540760028396e-10
-1.4200678941133152e-10
-1.6838395369873915e-10
-1.997339429266054e-10
-2.379311886402391e-10
-2.8318882525427136e-10
-3.3404235584219566e-10
-3.939629169766312e-10
-4.58483750531008e-10
-5.317534736105564e-10
-6.103696717431502e-10
-6.94878278290241e-10
-7.859757518761078e-10
-8.796055038853834e-10
-9.789072269797416e-10
-1.0782532137119938e-09
-1.1789502464554236e-09
-1.2783389746599295e-09
-1.3720661007094598e-09
-1.4634931927621792e-09
-1.5430323458852022e-09
-1.6161312563819225e-09
-1.67593470893658e-09
-1.7205038306588108e-09
-1.754321031326167e-09
-1.7640406915157142e-09
-1.7634014708514667e-09
-1.7360517319498989e-09
-1.6934864840740388e-09
-1.6273452181072776e-09
-1.5407164806122142e-09
-1.4276450344173977e-09
-1.2973441508362313e-09
-1.1356383729991919e-09
-9.6222691522551e-10
-7.581747455331564e-10
-5.464654032017943e-10
-3.0808292624927985e-10
-6.151014214032108e-11
2.0480515449793762e-10
4.81131378878355e-10
7.730385264206885e-10
1.0717478072554132e-09
1.385744244179754e-09
1.6989178992657741e-09
2.0298908378290313e-09
2.3675790020985174e-09
2.6791068797879308e-09
3.0984491001563585e-09
3.290863958400024e-09
4.051223653311724e-09
3.480098540397346e-09
2.644210291551124e-09
1.3441367983924035e-09
-1.796347212689245e-09
-4.523114428573588e-09
-8.957407741753964e-09
-1.3539852878642622e-08
-1.9757140527765227e-08
-2.7960180332912282e-08
-3.7659749808644644e-08
-5.071462906027467e-08
-6.533151434857248e-08
-8.337603617757094e-08
-1.0425445574717418e-07
-1.2668485097240556e-07
-1.5495573229428903e-07
-1.791585660865843e-07
-2.1141045238232993e-07
-2.3967583494765264e-07
-2.7115231890102037e-07
-3.033162868748378e-07
-3.3311950001484875e-07
-3.6613721388339265e-07
-3.956004444627447e-07
-4.279137603873436e-07
-4.57188190358844e-07
-4.854752618174696e-07
-5.118455514640467e-07
-5.337216735596734e-07
-5.524786757222329e-07
-5.678050422157615e-07
-5.726183355974669e-07
-5.808556480008283e-07
-5.712762484373114e-07
-5.72342885822065e-07
-5.489017902593919e-07
-5.388240469084149e-07
-5.049689780385613e-07
-4.838593028449328e-07
-4.427490995981276e-07
-4.1466729121513585e-07
-3.6071099213672367e-07
-3.318422538076127e-07
-2.6347134664435334e-07
-2.172908819698255e-07
-1.5594191504503946e-07
-1.0054488801952699e-07
-4.83510484446505e-08
8.951611350609123e-09
4.817595543413905e-08
1.1743320258925105e-07
1.417034486642793e-07
2.2130988700484744e-07
2.2491009131313244e-07
3.4347053946143236e-07
2.927715327880054e-07
4.823460438355132e-07
3.377169859189802e-07
6.58980042493075e-07
3.8204535786269967e-07
8.481039351461504e-07
5.237559369409683e-07
7.804390285332842e-07
2.0608044474888917e-06
-8.117158361194997e-06
-1.0802731998631003e-05
-1.485405356965749e-05
-1.775541066183648e-05
-2.0207578438018937e-05
-2.1935283358731552e-05
-3.0248837714121676e-05
-3.72845454639861e-05
-4.718103055483452e-05
-5.457719289363007e-05
-7.230125782041988e-05
-7.749563170028217e-05
-9.876665974100344e-05
-0.00010239623910124037
-0.00011789119171367193
-0.00012190627452700808
-0.0001304638330945837
-0.00013767903722940872
-0.0001417923000192195
-0.000147317865392637
-0.00015399284393442791
-0.00016323246062441114
-0.00016740443935913361
-0.00017935956398133952
-0.00018399152680323178
-0.0001997415113288055
-0.0001988466747797485
-0.0002134377608721573
-0.00020273505472162556
-0.0002085819939378914
-0.00019485456597995946
-0.00018579034654077082
-0.00016449148951668967
-0.000162473251677978
-0.00013709271767972553
-0.00012735245704899927
-0.00011769274798343795
-0.00010825616322085244
-0.00010804337891744004
-0.00011098348978435376
-0.00010322922596117083
-0.0001085045624089459
-0.00011213842083730236
-0.00011944204793677956
-0.00012438403351157154
-0.000118808423796523
-0.00013142619990443008
-0.0001300386333252296
-0.00014278435291610473
-0.00014539310635726296
-0.0001460124777832342
-0.00014905064976892984
-0.00013543683092665906
-0.00013996693927637103
-0.00011489346280378737
-0.00011347715094802782
-9.848004232092986e-05
-0.00010014615243708673
-9.175748104948652e-05
-7.840546083919924e-05
-7.937848468988172e-05
-6.48724917862775e-05
-8.215868362516977e-05
-8.141444875442365e-05
