0.0008056743219200073
0.001076496463186088
0.0011563120842608843
0.0011147872442187536
0.0011017006552514251
0.0009040299669824382
0.001019240398744886
0.0009391715570588315
0.000983471476766733
0.0008026418962769817
0.0009333613378212295
0.0007327496029678917
0.000782816933371453
0.0008426043021401994
0.0009204008849819432
0.0009806258606058727
0.000995330251669241
0.001267816247470784
0.0008951305114023641
0.0015035137077706049
0.0009839226662633012
0.0017372712953541225
0.001045318876362885
0.0017403553415119221
0.0007858794237141904
0.0019487320125959014
0.0004599010199057805
0.0018843928470488802
-0.00020610942919746002
0.0024066492372582125
-0.0004183735886499351
0.003340324971214842
-0.0015138560322827226
0.004579613008502551
-0.002838761013220253
0.006992247134401667
-0.0051429142439362386
0.01252665525281863
-0.013619791794083357
0.039734229041504185
0.5697633377767627
0.42823046978143425
0.2558195527536877
-0.08230876280971847
0.12763143215640255
0.30711090629822746
0.3123191955326273
-0.04439382189018626
-0.2065031900934876
-0.7797594001297867
-0.4801933056691347
-0.2612830993388049
0.023516136173606733
-0.1332609901904873
-0.25620813819719535
0.02614468621478048
0.011139362071048552
0.0470105010629316
-0.05962867705462686
0.2129353342711709
0.4001262360695591
0.1823377513258812
0.025826739519608385
-0.022847575039882474
0.10102889364198156
0.07008938224948533
-0.03058852925059166
0.04266530080962937
-0.014927869920719697
0.03724158800972464
-0.0936582337588086
-0.0664520690202203
0.014496148276904413
0.010084262083801095
-0.04569707889104772
-0.11609499938266733
-0.04689338719444784
-0.0031909481520970406
0.04706754119828397
0.027208179067551477
-0.05667231618221634
-0.09916998106030185
-0.06667261679165876
0.0276521363888751
0.0583988817089452
0.046902350825073096
0.008773588476849713
-0.030985754101919463
-0.015756933621021908
-0.03205319793127519
0.0008035316045352883
0.029514768754554874
0.028683490137266385
0.009497548472552117
-0.004874594597452478
-0.005960446299919741
-0.008175929239060742
-0.027846738312366955
-0.018581540452883467
0.012326704793574502
0.038902669015293025
0.013932699592781591
-0.023671495223604656
-0.031194882222218275
-0.022763457415610297
0.001910823065587252
0.006922350422750951
0.008999476988415928
-0.007749313780717898
-0.010470287651886366
-0.00936861214744849
0.00017213174582854588
0.004184144796034466
-0.0118688246011362
-0.009600504014953909
0.00032942814887663773
0.01016296151375523
0.01309319173141837
0.007679353724585844
-0.001949343189772235
-0.013269156706456406
-0.007751703825642312
0.006736290875964687
0.01541008801786765
0.014350973427136999
0.0015463704472434962
-0.005469713668272564
-0.005211198666099185
-0.0044588799703436975
-0.00814518342043833
-0.004044036271866582
0.0010609335419488359
0.0018902879184220529
-0.003293903838201148
-0.011197680122862742
-0.014010785105462605
-0.012108071218907127
-0.0034781620516557707
0.005038406901258934
0.0074003228013401045
0.0015883801172056119
-0.004151985793511447
-0.005158495829385865
-0.0023034976317111364
0.0018089385413820101
0.006910657065708092
0.006319434906254165
0.0024727996715692944
-0.0003242185294204317
0.001071354857048352
-0.0019227893659793987
-0.0015862084411779995
0.0009474477176244474
-0.0009729103783049229
-0.002689312206751275
-0.0047704275364827565
-0.003750472402771223
-0.0036522186103337844
-0.00572032844753649
-0.005831275228748564
-0.0014064934105071487
-0.006625956179671687
0.0004322977844683294
0.0018813600512096519
0.005972420714920607
3.1736146452834325e-05
-0.0046993986720333366
-0.0014856937997622696
0.0021895182350324905
0.0018630756962389953
-0.00019493181697408053
0.002965543758265414
0.005656083305641651
0.0015704586220311918
-0.002091192987775763
-0.0031488113106674445
-0.0013665837248325611
0.0012336165208239754
0.001216676557281415
-0.000419143428361038
-0.003010826610522579
-0.00226071224450521
-0.003451710227549123
-0.0020195694953473163
0.0003338229289164079
0.0022532808958931148
0.0016708428521835703
0.0009889001958385958
-0.0007324583952510206
0.00012295687875173367
0.0013194511464250244
0.0025808481036822505
0.0011011938295405338
3.915678308090377e-05
-0.00012701613736436032
0.0007214771790129808
0.0014949002830179957
0.00099235164894292
-0.0005897692161790195
-0.0010453219653681232
-0.00015647305460222505
0.00012682090052509837
3.0643929207796114e-05
0.00010143271795983767
-9.890275253912227e-05
-6.230118498195555e-05
-9.693580292162917e-05
-3.0877535212319894e-05
-2.6143937044706324e-05
4.3222841690712666e-06
-3.4517021283712174e-05
-3.46300102104344e-05
-1.2549879441440398e-06
2.6676773186006756e-05
1.8398935336102443e-05
2.4487139998930103e-05
1.5849200617374347e-05
-3.2740668474235887e-06
-3.6500278953057152e-06
8.429619543842345e-06
1.1494086301214353e-05
8.786203645934799e-06
9.023859440184423e-07
-4.888933814959669e-06
-2.4451344768749696e-06
6.604719288981384e-07
-1.364318363943507e-06
-2.3612939030804073e-07
-1.3700539312387969e-06
-1.5751561311822806e-06
-1.516291834425729e-06
-4.4679693630891165e-07
1.7186808406143006e-07
-2.784117185093693e-07
-2.0182934383234513e-07
-4.7631338682529306e-07
-1.0038047318057866e-07
1.9943507152588719e-07
3.504834199443557e-07
2.8115190127105463e-07
3.0634813360987806e-07
1.2018272205552294e-07
7.027910510146174e-08
1.553580272796451e-07
1.9068168984883935e-07
1.212166178959917e-07
8.405558122193818e-08
3.54404576027997e-08
3.4323062039813773e-08
5.0599021716698014e-08
4.9457162648461686e-08
3.952343939281344e-08
3.8247025879734053e-08
2.7022790417656484e-08
3.602338906935187e-08
4.048156090224499e-08
5.889519490587941e-08
5.183909966457838e-08
5.613657327277911e-08
5.569190423789557e-08
5.9046255725223214e-08
6.255236896578024e-08
6.609430920514851e-08
6.679995914423732e-08
6.722616652113725e-08
6.743955046446468e-08
6.753355860644739e-08
6.878210481904568e-08
7.00529044789927e-08
7.006600438058154e-08
7.03921805254859e-08
7.084460002828013e-08
7.161952590381028e-08
7.248711327663068e-08
7.352296611373016e-08
7.435502665572441e-08
7.524460739395276e-08
7.612491208144195e-08
7.720323927297868e-08
7.825731925350556e-08
7.943535297599705e-08
8.050744571366265e-08
8.154467044771581e-08
8.268094677313376e-08
8.376514263686366e-08
8.492291034842628e-08
8.60487093826091e-08
8.720658922463723e-08
8.833166068847233e-08
8.949449369068335e-08
9.06620080560203e-08
9.185366924856805e-08
9.30592922924713e-08
9.427490869342789e-08
9.550212826510635e-08
9.675074212145765e-08
9.801646658376406e-08
9.930234261268378e-08
1.0060403511907151e-07
1.0192544713620577e-07
1.032608655366328e-07
1.0461648413447738e-07
1.0598994287271124e-07
1.0738304832792409e-07
1.0879337312887788e-07
1.1022344712299792e-07
1.1167020475683076e-07
1.1313754710515211e-07
1.1462315710692242e-07
1.1612895340663842e-07
1.1765394590263628e-07
1.191990976369536e-07
1.2076416712483392e-07
1.2234972429788459e-07
1.2395621853586967e-07
1.2558371773226107e-07
1.2723261729602475e-07
1.2890310388449094e-07
1.305954904019845e-07
1.3231012251611884e-07
1.3404727954371976e-07
1.3580730201566762e-07
1.375904091890836e-07
1.3939696986574497e-07
1.4122722822814716e-07
1.4308153268964563e-07
1.4496020062960968e-07
1.468635460674661e-07
1.4879188100418248e-07
1.507455383183945e-07
1.5272484181049623e-07
1.547301294799186e-07
1.5676175258360833e-07
1.588200466955277e-07
1.6090537005618646e-07
1.630180641520266e-07
1.651585021249409e-07
1.67327038041315e-07
1.695240510468654e-07
1.7174990661443512e-07
1.740049890182338e-07
1.7628968103757317e-07
1.7860437176176738e-07
1.8094945303422094e-07
1.8332532502533631e-07
1.8573239371011754e-07
1.8817106754099097e-07
1.9064176061574234e-07
1.931448944717494e-07
1.9568089447034387e-07
1.9825019321111992e-07
2.008532261787066e-07
2.0349043700497015e-07
2.0616227508702192e-07
2.0886919492439128e-07
2.1161165624948228e-07
2.1439012558711716e-07
2.1720507667444787e-07
2.2005698848879228e-07
2.229463458278992e-07
2.2587364094839475e-07
2.288393714584185e-07
2.3184404186873736e-07
2.3488816305969763e-07
2.3797225410203404e-07
2.410968397519291e-07
2.4426245153147483e-07
2.474696274869497e-07
2.5071891367645267e-07
2.540108632610163e-07
2.5734603621387813e-07
2.6072500004611666e-07
2.641483299137097e-07
2.6761660836059197e-07
2.7113042559635987e-07
2.7469037911783756e-07
2.782970754313524e-07
2.8195112781093015e-07
2.8565315794584854e-07
2.8940379533960985e-07
2.932036786515869e-07
2.9705345532542616e-07
3.0095377974198763e-07
3.0490531549012476e-07
3.089087344608065e-07
3.1296471869309353e-07
3.1707395820295553e-07
3.212371521518515e-07
3.254550092476405e-07
3.2972824703350785e-07
3.3405759261887977e-07
3.384437823931129e-07
3.4288756286171215e-07
3.473896910327406e-07
3.519509318933387e-07
3.5657206212311686e-07
3.612538676684698e-07
3.659971459685522e-07
3.7080270368409184e-07
3.7567135844935196e-07
3.8060393893203344e-07
3.856012843670136e-07
3.9066424517282365e-07
3.957936828166654e-07
4.0099046989832937e-07
4.062554912967074e-07
4.115896427843804e-07
4.1699383150509226e-07
4.224689776851677e-07
4.2801601250137323e-07
4.336358808847184e-07
4.393295375724419e-07
4.45097952461314e-07
4.509421066646374e-07
4.568629955405048e-07
4.6286162538313955e-07
4.6893901764575446e-07
4.7509620617215004e-07
4.81334239240544e-07
4.876541772323197e-07
4.940570964267338e-07
5.005440863628356e-07
5.071162511435454e-07
5.137747083501509e-07
5.205205914288538e-07
5.273550486299856e-07
5.34279242158861e-07
5.412943501191016e-07
5.484015667741454e-07
5.556021021781848e-07
5.628971812159968e-07
5.70288043766305e-07
5.777759491275205e-07
5.853621707816413e-07
5.930480007367532e-07
6.008347452370451e-07
6.087237298655658e-07
6.167162976398501e-07
6.24813808186922e-07
6.330176394356399e-07
6.41329187070841e-07
6.497498659524537e-07
6.582811085233467e-07
6.669243661850191e-07
6.756811105632435e-07
6.845528314034129e-07
6.935410384863259e-07
7.02647260642647e-07
7.118730477630175e-07
7.212199703357514e-07
7.30689618164658e-07
7.402836028746335e-07
7.500035566422765e-07
7.598511343898801e-07
7.698280112232447e-07
7.799358847336568e-07
7.901764751865395e-07
8.005515249420551e-07
8.110627992847369e-07
8.217120869881411e-07
8.325012005611782e-07
8.434319758562816e-07
8.545062724438918e-07
8.657259747734194e-07
8.770929922491399e-07
8.886092593557438e-07
9.002767353376295e-07
9.120974059622505e-07
9.240732824263714e-07
9.362064026137429e-07
9.484988311597199e-07
9.609526597769563e-07
9.735700080095756e-07
9.863530222933847e-07
9.993038781698417e-07
1.0124247789879137e-06
1.0257179581989531e-06
1.039185677366699e-06
1.0528302281677653e-06
1.0666539321398626e-06
1.0806591420580564e-06
1.0948482411309675e-06
1.109223643650046e-06
1.1237877954907438e-06
1.138543175406917e-06
1.1534922939454573e-06
1.1686376955059516e-06
1.1839819563479181e-06
1.1995276881227035e-06
1.2152775359791645e-06
1.2312341800962967e-06
1.2474003357430818e-06
1.2637787534727773e-06
1.2803722207743728e-06
1.2971835607888949e-06
1.3142156342453581e-06
1.331471339648116e-06
1.3489536131727764e-06
1.3666654296445868e-06
1.384609802923542e-06
1.4027897861385724e-06
1.4212084739062547e-06
1.439868999905669e-06
1.4587745382974027e-06
1.477928307787573e-06
1.497333566791853e-06
1.5169936193066419e-06
1.5369118078131794e-06
1.5570915228441118e-06
1.577536198622831e-06
1.5982493143289547e-06
1.6192343934391326e-06
1.6404950084706466e-06
1.6620347753277306e-06
1.6838573612364127e-06
1.7059664762522847e-06
1.7283658862966237e-06
1.751059401843935e-06
1.774050883820771e-06
1.7973442447648518e-06
1.8209434476585719e-06
1.844852511073431e-06
1.8690755003631689e-06
1.8936165380460841e-06
1.918479800556549e-06
1.943669519758988e-06
1.9691899812387427e-06
1.9950455261280847e-06
2.0212405558344207e-06
2.0477795277433833e-06
2.0746669574783078e-06
2.101907419918732e-06
2.129505550035665e-06
2.15746604621727e-06
2.185793664306727e-06
2.2144932250703266e-06
2.2435696117261935e-06
2.273027773242375e-06
2.3028727219525182e-06
2.333109535334124e-06
2.363743359415707e-06
2.3947794070104667e-06
2.4262229594050957e-06
2.458079366470748e-06
2.4903540496057526e-06
2.5230525012377757e-06
2.556180284297169e-06
2.589743036345883e-06
2.6237464683868776e-06
2.658196367702481e-06
2.693098595727729e-06
2.7284590907485085e-06
2.7642838709152073e-06
2.800579031944639e-06
2.837350750031775e-06
2.8746052819321466e-06
2.9123489674112712e-06
2.9505882295499664e-06
2.9893295745986315e-06
3.0285795946244365e-06
3.06834496927727e-06
3.1086324652485064e-06
3.1494489375755164e-06
3.190801331293125e-06
3.2326966836835475e-06
3.275142124337105e-06
3.318144875544271e-06
3.3617122540581523e-06
3.4058516740534915e-06
3.450570646774953e-06
3.495876781349841e-06
3.5417777872817635e-06
3.5882814751891923e-06
3.6353957590315455e-06
3.6831286550969775e-06
3.7314882857302986e-06
3.780482880310493e-06
3.830120776315837e-06
3.880410419792278e-06
3.931360368096895e-06
3.982979291325146e-06
4.035275973474431e-06
4.088259312941961e-06
4.141938325773892e-06
4.196322146003163e-06
4.251420028926391e-06
4.307241348892529e-06
4.363795604884341e-06
4.421092420612074e-06
4.479141546139985e-06
4.537952859063124e-06
4.597536366842715e-06
4.657902208531767e-06
4.719060656611929e-06
4.7810221171333545e-06
4.843797133917069e-06
4.907396389386767e-06
4.971830705947922e-06
5.037111047706457e-06
5.103248523491075e-06
5.170254386427809e-06
5.2381400396823985e-06
5.306917032919795e-06
5.376597071747591e-06
5.4471920127438164e-06
5.518713868628202e-06
5.591174808696484e-06
5.664587163819578e-06
5.738963424672429e-06
5.8143162511110555e-06
5.8906584621820635e-06
5.9680030515111594e-06
6.0463631769407805e-06
6.125752173938206e-06
6.206183552550683e-06
6.287670997664335e-06
6.370228377477853e-06
6.453869737755354e-06
6.538609313216145e-06
6.624461522695708e-06
6.711440975169097e-06
6.799562471640486e-06
6.888841005916416e-06
6.979291771447147e-06
7.070930159549073e-06
7.163771763389875e-06
7.257832381861885e-06
7.3531280189325e-06
7.449674892614968e-06
7.547489430101157e-06
7.646588277220381e-06
7.746988295941114e-06
7.848706570984416e-06
7.951760411534052e-06
8.056167352633696e-06
8.161945161243127e-06
8.26911183716885e-06
8.377685616162752e-06
8.487684973282903e-06
8.599128625825896e-06
8.712035538110995e-06
8.826424923288802e-06
8.942316245924911e-06
9.059729226389379e-06
9.178683843667009e-06
9.29920034011553e-06
9.421299223185634e-06
9.545001269701484e-06
9.670327529135141e-06
9.797299327572143e-06
9.925938270706177e-06
1.0056266248635376e-05
1.0188305438426672e-05
1.0322078308070532e-05
1.0457607620715419e-05
1.0594916438961123e-05
1.0734028127723928e-05
1.087496635883054e-05
1.1017755114581208e-05
1.1162418692583424e-05
1.1308981709193776e-05
1.1457469104249161e-05
1.160790614520565e-05
1.1760318430409627e-05
1.1914731895378201e-05
1.2071172815404917e-05
1.2229667811327282e-05
1.2390243852782512e-05
1.2552928264352521e-05
1.2717748728976476e-05
1.2884733293200149e-05
1.3053910371529313e-05
1.322530875154642e-05
1.3398957599763776e-05
1.3574886464303793e-05
1.37531252822102e-05
1.3933704383053231e-05
1.4116654494882117e-05
1.4302006749508179e-05
1.4489792686389526e-05
1.4680044260411513e-05
1.4872793845745517e-05
1.5068074241161367e-05
1.5265918676064566e-05
1.5466360816233232e-05
1.5669434770089778e-05
1.5875175093242795e-05
1.6083616795609665e-05
1.6294795346024965e-05
1.6508746679652826e-05
1.6725507202560374e-05
1.694511379964431e-05
1.7167603840928438e-05
1.7393015185889643e-05
1.762138619115154e-05
1.785275571647085e-05
1.808716313310768e-05
1.8324648329424227e-05
1.8565251715764344e-05
1.8809014234636204e-05
1.9055977365171244e-05
1.9306183132170704e-05
1.955967411080748e-05
1.9816493436084718e-05
2.0076684809314238e-05
2.034029250666926e-05
2.0607361383692896e-05
2.0877936886443084e-05
2.1152065056029984e-05
2.1429792539572924e-05
2.1711166596476844e-05
2.1996235106388172e-05
2.2285046577743433e-05
2.2577650155249107e-05
2.287409562960578e-05
2.317443344482771e-05
2.3478714708212705e-05
2.3786991197134006e-05
2.409931536845279e-05
2.4415740368933332e-05
2.4736320042656034e-05
2.506110894104005e-05
2.539016233038885e-05
2.5723536203809284e-05
2.606128729019594e-05
2.6403473062279383e-05
2.675015174786647e-05
2.7101382338081195e-05
2.7457224600382826e-05
2.7817739086707927e-05
2.8182987142806057e-05
2.8553030921134315e-05
2.8927933389715117e-05
2.9307758343590895e-05
2.9692570414676376e-05
3.0082435084094337e-05
3.047741869336184e-05
3.087758845470667e-05
3.128301246187572e-05
3.169375970344667e-05
3.210990007396164e-05
3.2531504386104095e-05
3.2958644381430354e-05
3.3391392743764396e-05
3.3829823111545046e-05
3.427401009016215e-05
3.472402926386637e-05
3.517995721007052e-05
3.564187151173072e-05
3.6109850769989495e-05
3.6583974618331974e-05
3.706432373530013e-05
3.755097986001075e-05
3.804402580403696e-05
3.8543545465969525e-05
3.904962384631769e-05
3.9562347061881335e-05
4.0081802360307506e-05
4.060807813449207e-05
4.114126393747893e-05
4.168145049926407e-05
4.2228729740248104e-05
4.278319478835473e-05
4.334493999354552e-05
4.391406094564343e-05
4.449065448889917e-05
4.507481873893698e-05
4.566665309999637e-05
4.6266258281459256e-05
4.687373631586246e-05
4.748919057330221e-05
4.8112725782994254e-05
4.8744448047333805e-05
4.938446486388911e-05
5.0032885137987195e-05
5.068981920802024e-05
5.1355378860029176e-05
5.202967734190987e-05
5.271282940137734e-05
5.3404951271958725e-05
5.410616073523323e-05
5.4816577097351526e-05
5.553632124506193e-05
5.626551564606459e-05
5.7004284368317995e-05
5.7752753129161356e-05
5.851104925454296e-05
5.927930180033448e-05
6.0057641449447186e-05
6.084620066487429e-05
6.164511358014403e-05
6.245451615220668e-05
6.327454607164715e-05
6.410534286830521e-05
6.494704788803066e-05
6.579980434298031e-05
6.666375729554854e-05
6.753905376875565e-05
6.842584262790527e-05
6.932427480022614e-05
7.023450308065886e-05
7.115668236637352e-05
7.209096952142866e-05
7.303752350161293e-05
7.399650535242854e-05
7.49680781994117e-05
7.595240735557262e-05
7.694966026489244e-05
7.796000659690376e-05
7.898361820926625e-05
8.00206692878171e-05
8.10713361963488e-05
8.213579776871838e-05
8.321423499301709e-05
8.43068314857389e-05
8.541377295226285e-05
8.653524794199983e-05
8.767144700546833e-05
8.882256370295466e-05
8.998879364869108e-05
9.117033546158495e-05
9.236739002979437e-05
9.358016112155903e-05
9.48088550380106e-05
9.605368089757736e-05
9.73148504175242e-05
9.859257837101947e-05
9.988708193435329e-05
0.00010119858161409395
0.00010252730043452344
0.00010387346446681818
0.00010523730313111764
0.00010661904742844189
0.0001080189353230526
0.00010943720334911076
0.00011087409591320377
0.0001123298573808809
0.00011380473559092358
0.00011529899498134537
0.0001168128620343302
0.00011834663889076621
0.00011990054779212133
0.00012147488388486189
0.00012306990915427612
0.00012468588782314988
0.0001263231307558807
0.0001279818642424351
0.00012966244741187557
0.0001313650765888386
0.00013309014593498175
0.00013483785519304708
0.00013660859009837975
0.00013840258325130937
0.0001402202042918156
0.00014206172269533307
0.00014392747159568207
0.00014581775826354496
0.00014773293416992178
0.00014967326160972142
0.0001516391771379695
0.00015363088954499548
0.00015564886291810756
0.00015769336067214984
0.00015976475797945685
0.00016186342564133722
0.00016398967770752792
0.0001661439160825964
0.00016832648651912642
0.00017053775050794497
0.00017277812553556453
0.00017504796950464
0.00017734763835213939
0.00017967764019450358
0.00018203817246369928
0.00018442987072584766
0.0001868528570774441
0.0001893078480285108
0.00019179489862251636
0.0001943148203522345
0.00019686763422457703
0.00019945414417414024
0.00020207447489866434
0.00020472928933372057
0.0002074188793000245
0.00021014380268086913
0.00021290439532967186
0.00021570130653228155
0.0002185346953983494
0.0002214054841713788
0.00022431365962486305
0.00022726008939232694
0.00023024523404009515
0.00023326916178846645
0.00023633341306959554
0.00023943659527292794
0.00024258254408743751
0.0002457674942051369
0.0002489825316206321
0.0002522454695458201
0.0002555259824910674
0.0002588854350431373
0.00026220923195495807
0.0002656484998125328
0.0002690876375091066
0.0002725414033153068
0.00027608993226617136
0.00027958321568561295
0.00028323212087045906
0.00028679900636213685
0.0002905362421519392
0.00029419828295720657
0.00029803966088640045
0.00030181685725710655
0.00030572300092467563
0.00030960895603202813
0.0003135961081851147
0.0003176215063895605
0.0003216972325543972
0.00032582191780612343
0.0003300550035511755
0.0003342556403343662
0.0003386156869067868
0.0003429261978673281
0.0003473516166031601
0.0003518352932121811
0.0003563231305360238
0.00036091542203374374
0.00036558937618918217
0.00037024690669476643
0.00037512158691872625
0.00037989949524058417
0.0003848675225143518
0.0003898446953281079
0.00039481088491560064
0.00040002965399661
0.00040511711291748784
0.0004104884402351284
0.0004157848102626922
0.0004213650065459599
0.00042684649467058123
0.0004326516387455322
0.000438337383195422
0.0004443139969319901
0.00045021623644804943
0.00045635937137188825
0.00046243252460770583
0.00046879546619971787
0.00047494954732618075
0.00048159635361007085
0.0004878100681188083
0.0004947389426507697
0.0005010290950558899
0.0005081853140684479
0.0005145190976251685
0.0005222631990223752
0.0005277169218571498
0.0005377029818200525
0.0005393380493158603
0.0005582346536469876
0.0005386019494166079
0.0006231871289232374
0.00062379448473876
0.0007479381143183431
0.0006411696741805833
0.000750691735172242
0.0008646303437784483
0.0007132851323035094
0.0009956394731927623
0.0008530704739702572
0.0010906032760772911
0.0009316500647985407
0.0009713281652524858
0.0008359001908534829
0.0009826105394467033
0.0008241695366248622
0.0008880338795892919
0.0007959411810694594
0.0007594235032050284
0.0008527329370452974
0.0007548332385682813
0.0007639933018998638
0.0008181259529165749
0.0008352654743193858
0.0009292865745422017
0.0009570159975838266
0.0010682520119033156
0.001072554495085963
0.0012466968471170105
0.0010594341511710303
0.0013690148843093766
0.0009729443296503915
0.001222254273570885
0.0009448228544940668
0.0010907803953936566
0.00085643935431916
0.000945796409264513
0.0008078743700977954
0.0008349376304965881
0.0007739792450288255
0.0007279525449390006
0.0007947045184407697
0.0005963858707876413
0.0006185910728644939
0.0005562240850333564
0.0006012831307179861
0.0005211999940512857
0.0007547215451668976
0.000532104849224585
0.0007639451990221063
0.0006298724459026794
0.0008883771113210037
0.000725456824537285
0.0008085255898275228
0.0008228091089202694
0.0007635074943061204
0.0007645158795488542
0.0006061350083417473
0.0007804632376109816
0.0006493032376262906
0.0008357320292316506
0.0006646417908539037
0.0009429273520384779
0.0008235993827804527
0.001040742047186934
-0.0019989167951739205
-0.002013318133934099
-0.0020568279320657334
-0.0020928158706016477
-0.0021372332845834077
-0.0021550351623415495
-0.002181976680278732
-0.002172899424421169
-0.0021942117639467745
-0.0022198047370053024
-0.00222611673862749
-0.002252425491221054
-0.002243910261897149
-0.0022927470968869745
-0.002322922123272361
-0.002344414273413856
-0.0024035398462139853
-0.0024314055228283546
-0.0024838357832144536
-0.0025352809923683715
-0.0025702045259983148
-0.0026410539660528874
-0.0026925965689475924
-0.0027531923450238556
-0.002780535611828934
-0.002795375539489273
-0.002813921955918814
-0.0028173106796378056
-0.002834307295901368
-0.002890686831622499
-0.0028783648528013833
-0.0029594805316349743
-0.0028956359210904076
-0.0030651252875075878
-0.0029480421407589094
-0.003146957055904968
-0.0030248210314397232
-0.0034401841422240535
-0.003191090937207618
-0.003452859316754209
-0.003102632594258844
-0.003523270189441022
-0.002967929391358909
-0.0035280795849366407
-0.0025637572015485975
-0.004083334535123205
-0.0023645061046526916
-0.005111743985492139
-0.0016286955192781187
-0.007496652480198828
0.08666766325514497
0.17056807985916117
0.1279254000250411
0.07388187427065636
0.05234524987978763
0.12541227942080646
0.09209845845293627
0.004531265144638587
-0.027589397781865782
-0.06970526571129232
-0.09330579688197223
-0.1258500606982326
-0.1454506475825912
-0.10339024264901309
-0.015177638485291217
0.0195473031892517
-0.009139413303622494
-0.051766097380214586
-0.020741633371614086
0.04906211676466106
0.05918088870507594
0.025669624592396675
-0.00020529638502563106
0.008339024136864966
0.02892325184295915
0.03213314528251003
0.04972539128247928
0.055384507327032095
0.03378426783838758
0.010323707428141616
0.008879801030641694
0.01986341781798426
0.0017625393229026493
-0.015478886265804579
-0.017984518305344685
-0.02089753101309881
-0.038007069822789286
-0.03939843818076044
-0.01769780049122114
-0.005420150869258953
-0.013061410209905356
-0.026515169944833474
-0.021504178685139038
-0.00015000462566783175
0.02468077095684025
0.02483718600223042
0.011254125726012726
-0.00044477943697044607
-0.00026788026503189396
0.010681706397436382
0.018480164623257394
0.019071301893551797
0.013563852750649998
0.006310039082304523
-0.0013111601507778841
-0.00045394573327811437
0.0037078861708501674
0.0024737671921661306
-0.005950716743994819
-0.013802985635965511
-0.01482222821292941
-0.015487135892936765
-0.013494537194625865
-0.009961667373004197
-0.0075659660779675945
-0.010909902750840953
-0.015234925996414276
-0.009717052006874014
0.0010561946508673126
0.00594470939966327
0.003164181664550879
-0.00032106007378492367
0.0010546621949320848
0.005101961890869351
0.008079247210764024
0.009067757374282462
0.006697684555971415
0.0023601416210647175
-0.0008033780328089038
0.00039927681579391945
0.002437539285950268
0.003031323981645517
0.0006363131120043239
-0.004362087125309036
-0.0070202773107310825
-0.005030301391827075
-0.0013886355314369934
0.000841891547231469
0.0005291628260725704
-0.0011105165369182171
-0.003294375309096061
-0.0038665876932359265
-0.00024328943716313598
0.0031525794587509187
0.0036667239080833388
0.0006072602379738277
-0.0017349216851877784
-0.0005401736922664422
0.0012567003789596342
0.002770049237802682
0.0022068477740225245
0.0008509284083967918
-0.0008227873022120453
-0.0015923836615953381
-0.0013155602275496487
-0.00030036219166860073
0.00015928187718972965
-0.0005831962227247077
-0.0020473339397155768
-0.003588792110988538
-0.00269507246059551
0.0004921240913443227
0.0014106086607350691
-0.00029926500328670896
-0.002606277031152053
-0.002107603399085619
0.0002602191360804117
0.0009114723516104454
0.0005437384480785927
0.00013749461950281533
-0.000989663225351516
-0.001319968611126271
5.7318050247262076e-05
0.0010724788827418705
0.0008887129602154613
-3.2145324759922105e-05
-0.00011320126027219957
-0.0005084237651187353
-0.0021284429247411256
-0.0015029931216071534
0.0004015353060119799
0.0001081321916925693
-0.001871732584528228
-0.0028436481207221058
-0.0016209072516414737
-0.00013984587887174883
0.0005094724467507616
0.00036541971222746897
-0.000642926840617434
-0.0017521603974001783
-0.0013812647361287178
2.2713907917797907e-05
0.0003749064925412446
-0.0003647019474266169
-0.0007922585367027342
-0.0006020090857719227
-0.00043760939711892785
-0.00024232353911520996
0.00034592355382916627
0.0010137752304907233
0.0011374596463809548
0.0006742441243195406
0.0002506863326288769
0.00025267953459965254
0.00036061189893175525
-0.00014366826740332692
-0.0009869881530210386
-0.00157790985877387
-0.0016267758632350568
-0.0013589143712399694
-0.0011429149339048678
-0.0012955928136074081
-0.001037658067280102
-0.0007737634566876209
-0.0008369610695129791
-0.0006963866043061329
-0.0006081988193842534
-0.0009489234604537977
-0.0016996332792973078
-0.0022419706658057315
-0.0022314546793936975
-0.0019089298103648327
-0.001566990960486475
-0.0015185338435180897
-0.0015062281048560224
-0.0008820574680346686
-0.0003961108023024635
-0.0002929541598283456
0.0001251245762733622
0.0007773272213075324
0.0006276248477469068
3.71940746052296e-05
-0.00011080546495570247
0.00022271269316843413
-3.891698001568608e-05
0.00019440476384493353
-1.2191885891802928e-05
9.475498980968553e-05
1.2927357901650624e-05
5.069796384333843e-05
-5.673166266523564e-06
2.1227815486792533e-05
-1.5874075667410628e-05
-3.397068348282104e-05
-4.567583322213171e-05
-1.3160030010928329e-05
-2.2341417003647265e-05
-1.1204641073069097e-05
-1.3388167021902413e-05
-4.096349378414853e-06
-1.2107930440760704e-05
-1.843432574607281e-06
-2.6701219140285413e-06
5.1119461431351106e-06
3.3639643766234135e-06
3.8805825145430545e-06
-9.551985926282026e-08
4.56302540549359e-06
1.3182517557844492e-06
2.3558375061088436e-06
1.0825624925134107e-06
9.335169214386499e-07
4.3025482360291387e-07
2.1071504609313646e-08
3.897100201022684e-07
-8.728471748744833e-08
-8.0600596146993e-08
-4.758996085297033e-07
-5.584742000124855e-07
-4.3999729572785293e-07
-3.666087810006704e-07
-3.479030283128678e-07
-2.717682676301619e-07
-2.0078232869385646e-07
-2.0470775977853234e-07
-1.7217730607129843e-07
-7.909888879032833e-08
-8.407099459683317e-08
-4.2269457915626585e-08
-6.571233205916304e-08
-5.228954045612393e-08
-6.031885898386317e-08
-4.0625108015676994e-08
-7.205762163353408e-08
-5.730984769256389e-08
-8.781884054827847e-08
-7.851835818334374e-08
-1.0255619944184342e-07
-9.114108120728687e-08
-1.0399891445979771e-07
-1.0368203690652093e-07
-1.1025095839680847e-07
-1.1123398641552909e-07
-1.1402477575884313e-07
-1.1337312693935676e-07
-1.1538766733686589e-07
-1.1517725498608108e-07
-1.1678093920670387e-07
-1.166385191396888e-07
-1.1873880170755696e-07
-1.1820976510277701e-07
-1.2014547777568528e-07
-1.2083490387115544e-07
-1.2279580641692248e-07
-1.2393168165764383e-07
-1.2582567602561438e-07
-1.2719527029639993e-07
-1.2911937337985874e-07
-1.3075489953577255e-07
-1.327160188289902e-07
-1.3448659816556532e-07
-1.3640011772278124e-07
-1.3824183911536128e-07
-1.4006641270355178e-07
-1.4201428575591393e-07
-1.4386777192135214e-07
-1.4581046330714928e-07
-1.4770597464878674e-07
-1.4965838538967893e-07
-1.5160195675472526e-07
-1.5358892919926839e-07
-1.555945492371551e-07
-1.576249551773221e-07
-1.5968520121522126e-07
-1.617704943476187e-07
-1.6388203234480453e-07
-1.6603328740864842e-07
-1.682050820978314e-07
-1.7041642967659666e-07
-1.7264778994435055e-07
-1.749191158677537e-07
-1.7721207048126096e-07
-1.7954333222111943e-07
-1.8189973200301648e-07
-1.8429208652388264e-07
-1.8671101238997055e-07
-1.891657564765184e-07
-1.9164856475677606e-07
-1.9416720419094136e-07
-1.9671626698457637e-07
-1.9930021524056877e-07
-2.0191673019958473e-07
-2.0456824407805337e-07
-2.072539409768686e-07
-2.0997517610418532e-07
-2.1273194118049364e-07
-2.155250459208273e-07
-2.1835461217758426e-07
-2.2122157491684478e-07
-2.2412594960263864e-07
-2.270687518134834e-07
-2.3005000005459596e-07
-2.3307060908767802e-07
-2.3613073564198697e-07
-2.392311822036657e-07
-2.423722679746002e-07
-2.455546547664063e-07
-2.487788105475213e-07
-2.5204531543994175e-07
-2.5535469748303114e-07
-2.587075356137394e-07
-2.621043931458122e-07
-2.6554584497948445e-07
-2.690324882060344e-07
-2.725648980669631e-07
-2.7614369525080264e-07
-2.7976947016233964e-07
-2.834428584856793e-07
-2.8716447027091804e-07
-2.9093495190497115e-07
-2.947549361805393e-07
-2.98625078542559e-07
-3.025460351572867e-07
-3.065184753211006e-07
-3.105430735324353e-07
-3.14620516000735e-07
-3.1875149477864333e-07
-3.2293671505940856e-07
-3.2717688634947926e-07
-3.314727331131333e-07
-3.3582498322161846e-07
-3.402343799683823e-07
-3.447016711486425e-07
-3.4922761888453533e-07
-3.538129918256904e-07
-3.584585715513022e-07
-3.631651473934511e-07
-3.679335209777826e-07
-3.7276450312474904e-07
-3.776589165276501e-07
-3.826175936213691e-07
-3.8764137846912863e-07
-3.9273112566466824e-07
-3.978877014956881e-07
-4.0311198336730436e-07
-4.084048602327956e-07
-4.1376723280007587e-07
-4.1920001361893215e-07
-4.247041270924627e-07
-4.3028050978732163e-07
-4.3593011049395964e-07
-4.416538907600111e-07
-4.474528245802323e-07
-4.5332789866118264e-07
-4.592801126791627e-07
-4.6531047945492024e-07
-4.714200251422062e-07
-4.776097894456792e-07
-4.838808255955691e-07
-4.902342007821574e-07
-4.966709960020372e-07
-5.031923065454184e-07
-5.09799242186117e-07
-5.164929271139212e-07
-5.2327450048397e-07
-5.301451162871475e-07
-5.371059435118827e-07
-5.441581666977975e-07
-5.513029858418079e-07
-5.585416167799666e-07
-5.65875291225898e-07
-5.733052570256261e-07
-5.808327786910837e-07
-5.884591370150169e-07
-5.961856296539066e-07
-6.040135714246674e-07
-6.119442944716889e-07
-6.199791483005139e-07
-6.281195000343472e-07
-6.36366734848258e-07
-6.447222562150703e-07
-6.531874860060856e-07
-6.61763864590395e-07
-6.704528513938948e-07
-6.792559248320652e-07
-6.881745829535532e-07
-6.972103434965508e-07
-7.063647440071902e-07
-7.156393421803081e-07
-7.250357161637817e-07
-7.345554650012081e-07
-7.442002086123077e-07
-7.539715879607042e-07
-7.638712658871068e-07
-7.739009270763507e-07
-7.840622782175066e-07
-7.943570482717328e-07
-8.047869889298356e-07
-8.153538751430947e-07
-8.260595050586447e-07
-8.36905700325654e-07
-8.478943065853839e-07
-8.590271937504793e-07
-8.703062561420116e-07
-8.817334129947174e-07
-8.933106089327458e-07
-9.050398140389123e-07
-9.169230241145004e-07
-9.289622610771098e-07
-9.411595737179174e-07
-9.535170376537283e-07
-9.660367556695026e-07
-9.787208580455675e-07
-9.91571503173444e-07
-1.0045908777757233e-06
-1.017781197332375e-06
-1.0311447063781167e-06
-1.0446836787789127e-06
-1.0584004184518297e-06
-1.0722972595064717e-06
-1.0863765666970643e-06
-1.1006407357374431e-06
-1.115092193804991e-06
-1.1297334001779315e-06
-1.1445668462242709e-06
-1.1595950560275986e-06
-1.1748205868645709e-06
-1.1902460294831705e-06
-1.2058740088156245e-06
-1.2217071841532853e-06
-1.2377482497531885e-06
-1.2539999352375805e-06
-1.2704650060078675e-06
-1.2871462637940347e-06
-1.3040465471498555e-06
-1.3211687319312961e-06
-1.3385157317545365e-06
-1.3560904983941436e-06
-1.3738960223977055e-06
-1.3919353336752042e-06
-1.4102115018808708e-06
-1.4287276369126783e-06
-1.4474868895678495e-06
-1.466492452005812e-06
-1.4857475582918435e-06
-1.5052554849022837e-06
-1.5250195513238064e-06
-1.5450431207332613e-06
-1.5653296005224693e-06
-1.5858824426520646e-06
-1.6067051443954816e-06
-1.627801249001748e-06
-1.6491743463284414e-06
-1.6708280733794545e-06
-1.6927661147005113e-06
-1.714992203414689e-06
-1.7375101215742414e-06
-1.7603237009236605e-06
-1.7834368236067932e-06
-1.8068534224716104e-06
-1.830577482236917e-06
-1.8546130399789418e-06
-1.8789641855008338e-06
-1.9036350626963714e-06
-1.928629869504643e-06
-1.9539528591488563e-06
-1.979608340560478e-06
-2.005600679281074e-06
-2.0319342988713365e-06
-2.0586136798221143e-06
-2.085643362029861e-06
-2.113027945012825e-06
-2.1407720887647516e-06
-2.1688805144492052e-06
-2.1973580047549707e-06
-2.2262094056888903e-06
-2.255439626764732e-06
-2.2850536419421075e-06
-2.3150564904222785e-06
-2.3454532774996872e-06
-2.376249175429319e-06
-2.407449424820336e-06
-2.439059334863108e-06
-2.4710842843659285e-06
-2.5035297227032557e-06
-2.5364011708537294e-06
-2.5697042226207646e-06
-2.6034445448719443e-06
-2.637627878831388e-06
-2.672260041418524e-06
-2.7073469257487756e-06
-2.742894502358274e-06
-2.7789088200241667e-06
-2.8153960070851757e-06
-2.8523622725304073e-06
-2.8898139065396643e-06
-2.9277572819965043e-06
-2.9661988554950842e-06
-3.005145168528717e-06
-3.0446028482383498e-06
-3.0845786088224076e-06
-3.1250792528282395e-06
-3.166111672055368e-06
-3.2076828486722175e-06
-3.249799856413723e-06
-3.2924698621483294e-06
-3.3357001269140527e-06
-3.3794980069120446e-06
-3.4238709548388326e-06
-3.468826521381028e-06
-3.5143723563032893e-06
-3.560516209945774e-06
-3.6072659343119873e-06
-3.6546294844216898e-06
-3.702614919949554e-06
-3.7512304062112256e-06
-3.8004842158045893e-06
-3.850384729896933e-06
-3.900940439765382e-06
-3.952159948199751e-06
-4.004051970911242e-06
-4.0566253379989425e-06
-4.109888995632721e-06
-4.163852007264823e-06
-4.2185235553937606e-06
-4.273912943272146e-06
-4.330029596055947e-06
-4.386883062853196e-06
-4.444483018017659e-06
-4.502839262898739e-06
-4.561961727724516e-06
-4.621860472901057e-06
-4.682545691091916e-06
-4.744027708713031e-06
-4.806316987681622e-06
-4.8694241274640625e-06
-4.933359866600429e-06
-4.998135084614483e-06
-5.063760803919459e-06
-5.130248191636405e-06
-5.197608561467032e-06
-5.265853375716403e-06
-5.334994247190288e-06
-5.405042941180986e-06
-5.476011377479904e-06
-5.547911632174107e-06
-5.620755940153807e-06
-5.694556696923467e-06
-5.769326460626847e-06
-5.845077954447567e-06
-5.921824068481733e-06
-5.999577862153332e-06
-6.078352566318661e-06
-6.158161585537517e-06
-6.239018500507447e-06
-6.3209370701520855e-06
-6.403931233982599e-06
-6.488015114550043e-06
-6.57320302005493e-06
-6.659509446106603e-06
-6.7469490790494875e-06
-6.835536797933101e-06
-6.925287677327779e-06
-7.016216989701694e-06
-7.108340207377922e-06
-7.201673006762815e-06
-7.296231269624768e-06
-7.392031086481201e-06
-7.4890887590111635e-06
-7.587420802596199e-06
-7.687043950013479e-06
-7.787975153388145e-06
-7.890231587603241e-06
-7.993830652962188e-06
-8.098789978152124e-06
-8.205127423639193e-06
-8.312861084369075e-06
-8.42200929244627e-06
-8.532590620881093e-06
-8.644623886664912e-06
-8.758128153897311e-06
-8.873122737027743e-06
-8.989627203761087e-06
-9.107661378838394e-06
-9.227245347461177e-06
-9.348399458473846e-06
-9.47114432805823e-06
-9.59550084283188e-06
-9.721490163772713e-06
-9.849133729655964e-06
-9.978453260687452e-06
-1.0109470762559063e-05
-1.0242208529677508e-05
-1.0376689149118939e-05
-1.0512935504587801e-05
-1.0650970780343117e-05
-1.0790818464894922e-05
-1.09325023552884e-05
-1.1076046561004672e-05
-1.1221475508107315e-05
-1.1368813943266082e-05
-1.1518086938066874e-05
-1.1669319893449254e-05
-1.1822538543718392e-05
-1.1977768961190503e-05
-1.2135037560468331e-05
-1.2294371102974347e-05
-1.2455796701451747e-05
-1.2619341824664124e-05
-1.278503430200568e-05
-1.2952902328406811e-05
-1.3122974468953406e-05
-1.3295279663697989e-05
-1.3469847232791887e-05
-1.364670688118546e-05
-1.382588870403904e-05
-1.4007423191549854e-05
-1.4191341234377496e-05
-1.437767412876123e-05
-1.4566453581643872e-05
-1.4757711716517218e-05
-1.4951481078527519e-05
-1.5147794640224792e-05
-1.5346685807100005e-05
-1.554818842320932e-05
-1.575233677694526e-05
-1.595916560691627e-05
-1.616871010792797e-05
-1.638100593691187e-05
-1.6596089218919865e-05
-1.6813996553207905e-05
-1.7034765019761122e-05
-1.725843218536763e-05
-1.7485036110068087e-05
-1.7714615353662828e-05
-1.7947208982160498e-05
-1.818285657455602e-05
-1.8421598229519e-05
-1.866347457220904e-05
-1.890852676124724e-05
-1.9156796495644766e-05
-1.9408326021883265e-05
-1.9663158141105413e-05
-1.9921336216541588e-05
-2.0182904180708703e-05
-2.044790654303426e-05
-2.0716388397279233e-05
-2.0988395429297707e-05
-2.126397392482088e-05
-2.1543170777300945e-05
-2.1826033496043088e-05
-2.2112610213927803e-05
-2.2402949695827818e-05
-2.2697101347060372e-05
-2.299511522171492e-05
-2.3297042030758137e-05
-2.3602933151117963e-05
-2.391284063438118e-05
-2.422681721572827e-05
-2.4544916322670127e-05
-2.4867192083799852e-05
-2.5193699338872796e-05
-2.5524493647562438e-05
-2.585963129926968e-05
-2.6199169322233722e-05
-2.65431654932959e-05
-2.689167834817865e-05
-2.7244767191097596e-05
-2.760249210505901e-05
-2.7964913961871847e-05
-2.8332094432454314e-05
-2.8704095997660506e-05
-2.9080981958802153e-05
-2.9462816448078263e-05
-2.9849664439789733e-05
-3.024159176144071e-05
-3.063866510496561e-05
-3.1040952037937825e-05
-3.1448521014833274e-05
-3.186144138901171e-05
-3.227978342458483e-05
-3.270361830822919e-05
-3.313301816137385e-05
-3.3568056052259664e-05
-3.4008806008550135e-05
-3.4455343029784124e-05
-3.4907743100342364e-05
-3.5366083202466265e-05
-3.5830441329064616e-05
-3.630089649694266e-05
-3.677752876049064e-05
-3.7260419225279795e-05
-3.774965006176888e-05
-3.824530451932372e-05
-3.874746694032944e-05
-3.925622277475447e-05
-3.9771658594368666e-05
-4.029386210762573e-05
-4.082292217472856e-05
-4.135892882253439e-05
-4.190197325996866e-05
-4.245214789359377e-05
-4.3009546343292514e-05
-4.357426345805973e-05
-4.4146395332287855e-05
-4.4726039322116017e-05
-4.53132940621691e-05
-4.590825948197247e-05
-4.651103682310094e-05
-4.712172865652944e-05
-4.774043889996639e-05
-4.836727283565577e-05
-4.9002337128123516e-05
-4.964573984242654e-05
-5.0297590462650924e-05
-5.095799991016283e-05
-5.16270805629407e-05
-5.2304946274466316e-05
-5.299171239315592e-05
-5.368749578194839e-05
-5.4392414838231695e-05
-5.510658951388375e-05
-5.583014133586422e-05
-5.656319342675501e-05
-5.7305870525749584e-05
-5.805829900987214e-05
-5.882060691542216e-05
-5.959292395978799e-05
-6.037538156373253e-05
-6.116811287297226e-05
-6.197125278245433e-05
-6.278493795678318e-05
-6.360930685671729e-05
-6.444449975859527e-05
-6.529065878307011e-05
-6.614792791404634e-05
-6.70164530283145e-05
-6.789638191563986e-05
-6.878786430740511e-05
-6.969105190078541e-05
-7.060609838334397e-05
-7.153315946229887e-05
-7.247239288657524e-05
-7.342395847836406e-05
-7.43880181556945e-05
-7.536473596409432e-05
-7.635427810215268e-05
-7.735681294976566e-05
-7.837251109709363e-05
-7.940154537476748e-05
-8.044409088099613e-05
-8.150032501565006e-05
-8.257042750148879e-05
-8.365458042780902e-05
-8.475296826684075e-05
-8.586577791958304e-05
-8.699319873374604e-05
-8.813542254795307e-05
-8.929264371629854e-05
-9.046505914521529e-05
-9.165286832762107e-05
-9.285627337087636e-05
-9.40754790399951e-05
-9.531069278274551e-05
-9.656212477735017e-05
-9.782998795085863e-05
-9.911449803844526e-05
-0.00010041587358874547
-0.0001017343360459463
-0.00010307010972530981
-0.00010442342193193012
-0.00010579450290005622
-0.00010718358594680307
-0.00010859090738672564
-0.00011001670670246445
-0.00011146122645055246
-0.00011292471244626
-0.00011440741364694348
-0.00011590958237600634
-0.00011743147415057111
-0.00011897334798268181
-0.0001205354661167517
-0.00012211809442529197
-0.00012372150207877626
-0.0001253459619210889
-0.0001269917504197397
-0.00012865914764621247
-0.00013034843725461768
-0.00013205990715145673
-0.00013379384810459642
-0.00013555055636407494
-0.0001373303291644817
-0.00013913347217391525
-0.00014096028915389102
-0.00014281109501771512
-0.00014468620122701703
-0.00014658593099115143
-0.00014851060527790215
-0.0001504605540684806
-0.0001524361092797229
-0.00015443760656564894
-0.0001564653898810356
-0.00015851980101191444
-0.00016060119459176264
-0.00016270992171262748
-0.0001648463448471031
-0.000167010827223468
-0.00016920373861955
-0.00017142545337058826
-0.00017367635027740235
-0.00017595681310294512
-0.0001782672324649134
-0.0001806079980120395
-0.00018297951548960933
-0.0001853821820310868
-0.00018781641427765067
-0.0001902826229892593
-0.0001927812320783801
-0.00019531266661488612
-0.00019787735822634545
-0.00020047574648313505
-0.00020310827068721892
-0.00020577538534192287
-0.00020847753968581304
-0.0002112152018120256
-0.0002139888311076311
-0.0002167989132847635
-0.00021964591131530564
-0.00022253033492895672
-0.00022545264594859562
-0.00022841338173670248
-0.00023141300150036773
-0.00023445206994640502
-0.0002375310499704023
-0.00024065052600684997
-0.00024381097459086603
-0.00024701299597256973
-0.00025025707356999085
-0.0002535438411350229
-0.0002568737643013171
-0.00026024753348445693
-0.00026366558040510874
-0.00026712866060492297
-0.0002706371796889422
-0.000274191937305333
-0.00027779335308213604
-0.00028144220328797653
-0.00028513903525338757
-0.00028888454290617845
-0.00029267783644853313
-0.00029652201169787294
-0.00030041389060386737
-0.00030435926952757444
-0.00030835108875159646
-0.00031240017920090965
-0.0003164961087699607
-0.00032064997107274023
-0.0003248525603929002
-0.0003291112844648718
-0.00033342369977023916
-0.00033778932321811304
-0.0003422139938574517
-0.00034668954616402965
-0.00035122915842992163
-0.00035582004983120347
-0.00036047589079249193
-0.0003651881449618721
-0.0003699613067667351
-0.00037479767284271683
-0.00037969392486461345
-0.0003846534010914458
-0.00038967543403649037
-0.0003947617867581176
-0.0003999159898040849
-0.0004051324921356135
-0.00041042222856813254
-0.00041577747661369045
-0.000421200842635744
-0.0004266977882004634
-0.0004322600240465175
-0.00043789738461389924
-0.0004436044586007999
-0.0004493874580252487
-0.0004552423124104567
-0.0004611760711521152
-0.00046717881732177054
-0.0004732661258891731
-0.00047941897715892426
-0.0004856655974786622
-0.0004919696919850748
-0.0004983780921118544
-0.0005048374663725163
-0.0005114124864014635
-0.0005180371092590869
-0.0005247824568606696
-0.0005315771550087308
-0.0005384957590394007
-0.0005454585962361962
-0.0005525530472642575
-0.0005596727597226726
-0.0005669612397728661
-0.0005742238877557296
-0.0005817192479688948
-0.0005891261776519092
-0.0005968427940136588
-0.0006043791165606088
-0.0006123625131148115
-0.0006199487868181483
-0.0006283621563421145
-0.0006356901581829133
-0.0006451974116750275
-0.0006505865112461703
-0.000666738618458073
-0.0006747067353886846
-0.0006936743829289126
-0.0006964372814202945
-0.0007169621330818006
-0.000724594632838263
-0.0007419001972150744
-0.0007545153079516372
-0.000766827586648592
-0.0007896681037097425
-0.0007976301661432039
-0.0008206078716979544
-0.000822890168344477
-0.0008455665133053764
-0.0008534866450844239
-0.0008724033000819496
-0.0008837370689687284
-0.0008822500932817914
-0.0008991206761978631
-0.0009071487960220156
-0.0009255882086044616
-0.0009384327240340301
-0.0009584451711785614
-0.0009674554938894214
-0.0009837054707989637
-0.0009961683097029547
-0.0010237609925359166
-0.0010279756497297043
-0.0010549768100299398
-0.001067471829415573
-0.0010813866917795784
-0.0011044117886679912
-0.001111650494501095
-0.0011360962047846888
-0.0011520166343592041
-0.0011643274252900496
-0.0011923272229911095
-0.0012106936080220287
-0.0012368911169633183
-0.0012675000590427795
-0.0012893568273561048
-0.0013195524661781342
-0.0013421019932548088
-0.001371869781234502
-0.00139101712628036
-0.0014144165164600767
-0.0014417130801765827
-0.0014615188407134782
-0.0014838920553296164
-0.0015327723296991308
-0.0015710519041734067
-0.0015935264373074937
-0.0016587738268614635
-0.0016887372906301407
-0.001751853768256366
-0.0017652030079004597
-0.0018183674307542183
-0.001850295185844876
-0.0018930958417026494
-0.0019147130793712094
-0.001950667873848816
-0.0019854467792727593
