-0.0005183162956469842
-0.00044634594200137416
-0.000541381108091953
-0.0005335240685904036
-0.0005525818571199098
-0.000570570851659422
-0.0005415381397141602
-0.0005232195219516583
-0.0005263268873771178
-0.0005126554212826976
-0.0004988779644470542
-0.0005634266972482958
-0.0005374612750566689
-0.0005493149218156127
-0.0005364078243233082
-0.0005585534830434785
-0.0005117544002568613
-0.0005812151061762183
-0.0005061045184501779
-0.0005759128236549596
-0.0005483523812048426
-0.0005941883032314314
-0.0005980825009332103
-0.0005809209042458436
-0.0006255887690546813
-0.0005876253387578008
-0.0006091508609364595
-0.0005992845606576282
-0.000579464666408923
-0.0005883982901897242
-0.0005506251473032543
-0.0005402493402013487
-0.0005221535427742969
-0.0005181194620195045
-0.0005628696236080266
-0.0004903708778211701
-0.0005606601947270402
-0.0005393539327457137
-0.0005708078884032873
-0.0005307170168824889
-0.0005966843969652583
-0.0005341780979656687
-0.0006247868713629655
-0.0005752357223299746
-0.0006124992661992709
-0.0005628255475542676
-0.0005628972731980136
-0.0005399889580361594
-0.0005337047427788306
-0.0005090998820522118
-0.0005518379267729215
-0.0005457320307456343
-0.0005754265319397163
-0.0006026677454200156
-0.0005966357427127825
-0.0006306298751325421
-0.0006138780496883923
-0.0006507955307756297
-0.0006203029922374278
-0.0006388324100414591
-0.0006325721230277842
-0.0006164761721847439
-0.0006481178741818138
-0.0006243359848446347
-0.0006288942843781386
-0.0006120754815297756
-0.0006389527989596362
-0.0006214160210150858
-0.0006549185162376765
-0.000604536710641589
-0.0006841404148652339
-0.0006080155723269191
-0.0006430168292869023
-0.0005897228059375735
-0.0006208288074319569
-0.0005938746091021883
-0.0006015218376290504
-0.0005742837351879657
-0.0005882962599296288
-0.0005861966678684739
-0.0005676899220503817
-0.0005736421846328616
-0.0005854299047345376
-0.0005837346782200119
-0.0005741449573536048
-0.0005709572739679835
-0.0005949786614495981
-0.0005745980816234351
-0.0005524509003619839
-0.0005985623857243057
-0.0005525407821538569
-0.0005845533625202202
-0.0005724606165695598
-0.0005949762400445999
-0.0005923695123054852
-0.0006126244687644742
-0.0005774599209368144
-0.0006035390675562988
-0.0005521518778937893
-0.000585191543918524
-0.0005594806683486235
-0.0005618592200513115
-0.0005455547331423784
-0.000542497723218865
-0.0005233488545059813
-0.0005603738296848182
-0.0005254965971792789
-0.0005515275988141058
-0.0005421555714870893
-0.000534949763146377
-0.0005247679652214353
-0.0005540699990907854
-0.0005618214864116555
-0.0005392620052714629
-0.0005923563222821578
-0.0005453488159105114
-0.0005809845991521948
-0.0005985350621340461
-0.0005803973558090984
-0.0005946587526496452
-0.0006317488363052055
-0.0005997933725850086
-0.0006608932824869033
-0.000607690002513941
-0.0006523024037571486
-0.0006179297066899173
-0.0006359078382877038
-0.0006245444671998917
-0.0006188540460633273
-0.0006344027257381337
-0.0006354257212991786
-0.0006412157270649923
-0.0006312780355023462
-0.000648599850010924
-0.0005848372109314782
-0.0006645469537609788
-0.0005894950461235307
-0.0006749052357243576
-0.0005795895669969112
-0.0006943458676057393
-0.0005586738037186992
-0.0006823148234989713
-0.0005715279364165785
-0.0006911214212819704
-0.000556741148595806
-0.000714316479592
-0.0005658014141481561
-0.0007372253742229443
-0.0005815519948921755
-0.0007605849151711134
-0.0005981684635539265
-0.0007840604977287652
-0.0005759377020791354
-0.0007798207319359787
-0.0005426833912228487
-0.0007697496190337272
-0.0005788037145256847
-0.0007838835197432233
-0.0005642020373307816
-0.0007841640221793328
-0.0005356742757380901
-0.0007735434332746766
-0.0005405450679892047
-0.0007533566504692392
-0.0004910346900974612
-0.0007811947836049236
-0.0004848689622433335
-0.0007769849858782397
-0.0004639456857995719
-0.0008066931344894407
-0.0004626710336061875
-0.0008446618332105817
-0.0004603759969750192
-0.0008557745778973104
-0.00046068905591809163
-0.0008601794943370984
-0.0004562695853727055
-0.0008634834917659701
-0.00048737309358707037
-0.0008970868464129032
-0.0004895723771317955
-0.000907623832280512
-0.0004883385043755791
-0.0009085435405776028
-0.0004884375082101697
-0.0009020557032829921
-0.0004576893653677894
-0.000934813793670201
-0.00045045180573266547
-0.0009753308850791063
-0.0004095788786855797
-0.0009972073661846108
-0.00039133016661367263
-0.0009738065128268129
-0.00042170767377366046
-0.0009605899937663283
-0.00036666251173409414
-0.001002471228142272
-0.0003495528383676088
-0.0010088381326497035
-0.00032274437304987455
-0.0010446735001749907
-0.00024715279159262223
-0.0010625155642613536
-0.0002281046167954871
-0.0011024697528010051
-0.00018755553265133667
-0.001160060117005873
-0.00016972827218482336
-0.0012178045822512575
-0.00019242253116106753
-0.0012665793188115304
-0.00015884827629524667
-0.0013569348956893003
-0.00013269134121731546
-0.0014224501180936703
-0.00011079032658031784
-0.001520094255800049
-7.978148424364823e-05
-0.0015970864710376199
-8.271602670256216e-05
-0.0016623969208766673
-2.649099690172534e-05
-0.0017357313213692042
8.662251809898186e-05
-0.001787661474317935
0.00018300628519349847
-0.0018402931049106043
0.00024465991894503415
-0.0019340849054576264
0.00027100887641900474
-0.0020418090773146017
0.0002902743448366038
-0.0021512532828791946
0.0003826598293659271
-0.0022366246975044192
0.0004603176481576491
-0.0023473513875273445
0.0005391402867236947
-0.002437525698020372
0.0006441138968684571
-0.0025597691720935945
0.0007679829562866995
-0.0026978385188971194
0.0009011592448505796
-0.002847343058983778
0.0010039803422671576
-0.00299892044181288
0.0011617225217219872
-0.0031771768683337425
0.001316315645357849
-0.0033625471863708975
0.0014520898183115359
-0.003567935465446476
0.0015932179973093673
-0.003842493608358491
0.0020004471277149712
-0.0038417666860264344
0.002325702196662449
-0.003974928787613524
0.0025299675094632317
-0.004267068537685104
0.0027267197962240032
-0.00464454240290448
0.0027905173327731087
-0.005047396376027833
0.0028099430889120883
-0.005309090702197727
0.003044710363412587
-0.005793775415213731
0.0032134742576189344
-0.0061193018557803396
0.0036917863338600822
-0.0064658707541114645
0.004243421556485083
-0.0065218435551259194
0.00442513304581846
-0.006915397233499775
0.005132169435568804
-0.007584997646580222
0.005677516833569975
-0.010766886765649878
0.22138201729961027
0.10919861195084692
0.057692386798178855
-0.04409396820136219
-0.0019810694862947347
-0.04536426938302933
-0.04819837469857909
-0.0197882564316623
-0.04338705405957789
-0.07284106384817146
-0.06262963381393585
0.023110591529075783
0.04372329781872243
0.01381552982380589
-0.024819800721687005
-0.045614886455245356
-0.0327598741048577
-0.014349952720452763
0.02520309002793957
0.04201848959404219
0.02572888303441849
-0.005253942465713906
-0.03020586692579265
-0.006319717316963654
0.01972730102795112
0.009653129183243157
0.00044303516240021084
0.0043607596850735305
-0.016105647347763354
-0.029553172596936843
-0.014712455728035485
0.01149879585466924
0.026590067737353888
0.006232015254733884
-0.01468513171079858
-0.018885077067380556
-0.0021679777633093625
-0.007665937137966064
0.001702236625709742
0.016365949411427043
0.006576619918772431
-0.015172767128187919
-0.013235279779505187
0.004609350642268068
0.009134831181878501
0.001318198004602509
-0.0028089870241313187
-0.005078358467160702
-0.006246443878108722
-0.006456775395382957
0.0030676538117220837
0.008765940135566279
-0.00041261750164107845
-0.011177016786099822
-0.01106904600564557
-0.002719990294105032
0.0014586780664234997
-0.00011206394785802967
0.0019521077914619682
0.0024799880887590524
-0.0039674482227445
-0.007276460694592941
-0.0013836267551967547
0.005598078449616801
0.0037245805014035657
0.0007000960216297935
-0.0004576589140147004
-0.002946602631058797
-0.004927065716009201
-0.004237297692334941
0.0006020015066652383
0.002673368518323367
0.0007285507752837475
-0.004105665530786548
-0.003970897981969864
-0.0014768788618249248
-0.000762662611351349
4.861892373675454e-05
0.0018650518786085233
0.0006178640167455391
-0.0026960022038742208
-0.0031043931283130308
-0.0005196379603893915
0.0009830424648826523
-0.0009754054120584598
-0.0021348877827270995
-0.0022405100602463754
-0.0013539257141949044
-0.0013039549904726726
-0.00047691907728156864
0.001039921903775773
0.0002158224100655756
-0.001345743136046104
-0.0012814704424124615
0.0008842652115305527
0.0012867132455133923
0.00046721918949756315
-0.00036842754368324914
-0.0006607264119509015
-0.0016941746050488735
-0.0022645677369038165
-0.001371558320834305
-0.00026730206174075435
-0.0003616862859288026
-0.0011124797175904367
-0.0016521568775645199
-0.0020780972407101854
-0.0020711635349111765
-0.0014865101723840594
-0.0006720084667075866
-0.00048005580132336114
-0.0017790959360162
-0.002361266276800075
-0.001990961587286612
-0.0011348347603867214
-0.001402285909069848
-0.0010435523043767535
-0.0007977755627629639
-0.000848951396485561
-0.0012809080942947438
-0.0008478716112864074
-0.0008245849839218146
-0.0007641060563977969
-0.0006589562395655366
-0.00037585534551566927
-6.876744034234547e-05
2.3951161953103978e-05
-0.0002231962587023267
-0.000723812556197348
-0.0006766497278145806
-0.0008289244798870409
-0.000972388176708084
-0.0008881135524296558
-0.0005644621905757756
-0.0010154843992205033
-0.0014511767032960947
-0.0013857918586514498
-0.001064771686419867
-0.0013634968287445683
-0.0012290007707997195
-0.0011950545081311045
-0.0008708922778667797
-0.0010576053325653196
-0.0010184775136196367
-0.0009662159754599224
-0.000621030486046812
-0.0003883417186603959
-0.0001714742302762604
-0.00016060828928390994
2.992524736604191e-05
-0.00027862313512335346
-0.0004337628348301172
-0.0006543777161385597
-0.0004200714722989897
-0.0008361213094864139
-0.00075741746365098
-0.0010028249390219878
-0.0008387739540247653
-0.0012989708106053242
-0.001092668289170431
-0.0011889622820920763
-0.0010401689647341083
-0.001216354785197369
-0.0009070606473173317
-0.0007923121302447081
-0.0006231322807763779
-0.0006607944365225813
-0.0006007823608617376
-0.0007674480380723152
-0.0005478304716480633
-0.0005948706597511636
-0.0004172620234968251
-0.0005024852538798908
-0.0003579799393742678
-0.0008338778348670534
-0.0005821360650491949
-0.0008486067902351037
-0.00017030575772528108
0.00037317969626189993
0.000777748379777441
0.00014424924286220235
-3.2224244908559655e-05
-0.00048543395120607084
-0.0006605557208411771
-0.0012611813894748527
-0.0010616868422684068
-0.0016302084053971696
-0.0015139703152368847
-0.001716008225067693
-0.0011546867124795765
-0.001225925408268272
-0.0012258301876077677
-0.0017818394167890932
0.00017075899242018734
-0.00011350534979128705
0.0002191976299734724
0.00036170162452945894
0.0001862603403514658
0.0002627789583868321
0.00014509593507946035
0.0002017238269989538
8.37989673695735e-05
0.00011438404678777324
3.350867761540662e-05
5.0914335339082234e-05
-3.509272097335222e-05
2.9530406025718306e-05
2.885618011539727e-05
6.318301454302008e-05
3.800255202783369e-06
-2.6141868044044446e-05
-3.53473887040824e-05
6.709098368355704e-07
-2.194944461538962e-05
-2.0947081978301752e-05
-1.707289741920571e-05
2.72894684896839e-06
-7.937843556241227e-05
-8.41491031642619e-05
-5.7392256037847894e-05
-2.5418058905742513e-05
-3.3793019511487755e-05
-4.3347305847338073e-05
-3.31520104936935e-05
-3.425567784627441e-05
-2.0525358966551753e-05
-3.078549742449046e-05
-2.2402532050337957e-06
-1.5002072810520958e-05
-3.968356650303241e-05
-3.756229333776466e-05
-2.6270928687549284e-05
-1.2322610360684895e-05
-2.3847413655002142e-05
-2.305512400010512e-05
-1.8506606441211324e-05
-2.792301154325253e-05
-3.969773618967725e-05
-1.715527460809205e-05
-1.0984468960674183e-05
-1.4033569994222387e-05
-2.158098085686328e-05
-1.818926142066609e-05
-2.4842513298314406e-05
-2.3612721321284932e-05
-2.4109437699334916e-05
-1.7638254301747245e-05
-1.6731164969251773e-05
-2.1371360931929048e-05
-2.846692193714007e-05
-3.1593491510907774e-05
-2.243253660638852e-05
-2.2855408521809057e-05
-2.2098001160540215e-05
-1.7574775254796792e-05
-1.8588747529406477e-05
-2.569660237472938e-05
-2.061808240810993e-05
-1.6124419788404623e-05
-1.1084837365837007e-05
-1.3700851137852209e-05
-1.5941768107215855e-05
-1.6313745010548483e-05
-1.344344172438263e-05
-1.5112568617605868e-05
-1.176110923912046e-05
-9.013935067843891e-06
-1.0824980608530239e-05
-1.57084637013936e-05
-1.4120496538966038e-05
-1.0422447276181102e-05
-1.0377880534685312e-05
-1.1211791522380528e-05
-1.3845062470897772e-05
-1.6537946289764817e-05
-1.8853445052661707e-05
-1.8061793573656863e-05
-1.8571513547704764e-05
-1.4360615550518588e-05
-1.3935029290130835e-05
-1.5956413315488952e-05
-1.4101703058368338e-05
-1.3525791714258683e-05
-1.0802222974915417e-05
-1.1012254159187209e-05
-6.561127801509806e-06
-5.199686325100541e-06
-4.257830644051748e-06
-9.630931264348135e-06
-7.324000704243819e-06
-7.648083398949495e-06
-7.481681244744256e-06
-8.374698970250143e-06
-7.513813197248696e-06
-8.039445862267403e-06
-8.290064608153886e-06
-8.375838576861298e-06
-6.493893858917866e-06
-7.497992037389925e-06
-6.601913303651253e-06
-5.814034962034118e-06
-3.2470503868112645e-06
-3.946526687330582e-06
-3.1100518183983837e-06
-4.44729144653686e-06
-4.361155084724367e-06
-5.931954135153462e-06
-4.209048810936277e-06
-5.7711503583335e-06
-4.670738158690769e-06
-5.380811708874031e-06
-6.41040761765457e-06
-6.9497700738552865e-06
-4.6587266019258115e-06
-6.787774392017268e-06
-6.125649228286528e-06
-4.346958107768919e-06
-5.2398999553078486e-06
-5.046651667414562e-06
-4.434426690763551e-06
-4.281865795118835e-06
-5.3066718419812514e-06
-4.238768413944605e-06
-3.898083693582415e-06
-4.768261530722364e-06
-3.586418961721194e-06
-3.2015058563494153e-06
-3.7737914757854027e-06
-3.415122235030251e-06
-2.824228560681895e-06
-3.2569915796167937e-06
-3.3671718170839946e-06
-3.4403422222747775e-06
-2.675222290782946e-06
-4.285435551089367e-06
-3.2071151630984297e-06
-4.343453343642217e-06
-4.1831931414270025e-06
-5.746881853071735e-06
-5.039112269202565e-06
-6.023426518507395e-06
-5.615660676492836e-06
-5.968627972829086e-06
-5.871767555517502e-06
-6.735436139736586e-06
-6.121726612177508e-06
-6.109594811738186e-06
-6.2434348600565615e-06
-5.837814134353322e-06
-5.64281036704743e-06
-5.855006382052036e-06
-5.5005601338133266e-06
-6.324330214380839e-06
-5.187034918826975e-06
-5.36140798623329e-06
-4.756403920464641e-06
-6.804998872218728e-06
-5.464618139839716e-06
-7.95576812567941e-06
-5.73756370582772e-06
-7.484970496183401e-06
-6.905447034156304e-06
-7.879405293081997e-06
-7.351294417381592e-06
-8.755121769715235e-06
-7.290152883903474e-06
-8.018119092144204e-06
-8.46460284091978e-06
-8.994850067210432e-06
-7.722274391585345e-06
-7.019131322950922e-06
-7.914305094907812e-06
-7.543702677369028e-06
-7.638917038297103e-06
-7.807885276887795e-06
-7.2431485655341e-06
-7.440478435393513e-06
-7.460902021048227e-06
-7.326029169341575e-06
-7.697935470196726e-06
-7.570250651513363e-06
-8.055711777898723e-06
-7.936686666274757e-06
-8.177031319086972e-06
-8.154124796373665e-06
-8.458031967966556e-06
-8.511070199353221e-06
-8.727487856593488e-06
-8.668996464533479e-06
-8.863520287239032e-06
-9.004686261041982e-06
-9.051500651134203e-06
-9.139989635482796e-06
-9.32664817083215e-06
-9.540422880760513e-06
-9.539252989505462e-06
-9.619796066198574e-06
-9.743145565787632e-06
-9.904064673915561e-06
-1.0017982103284354e-05
-1.0151982104376032e-05
-1.0235082936588084e-05
-1.0363217587159332e-05
-1.0482019416959115e-05
-1.0572673960582526e-05
-1.0726708071571826e-05
-1.0894968383327094e-05
-1.096682494338677e-05
-1.1078704543372622e-05
-1.1230154621997158e-05
-1.1373609140336981e-05
-1.1503655128078442e-05
-1.1642236035179433e-05
-1.183146288738935e-05
-1.190981695351433e-05
-1.2049346186242954e-05
-1.2208880031133404e-05
-1.2370202895773633e-05
-1.2496323982276252e-05
-1.2677278343170562e-05
-1.2813715450744629e-05
-1.2969793841629412e-05
-1.3134143429141217e-05
-1.3277319535189014e-05
-1.3454409138250606e-05
-1.3635400887731554e-05
-1.3810222352627147e-05
-1.3951593083553517e-05
-1.4154764642428964e-05
-1.4306891558038613e-05
-1.449590861359604e-05
-1.4662801800461017e-05
-1.4876164163429417e-05
-1.50222602576678e-05
-1.52178584487525e-05
-1.538647952438986e-05
-1.5575130816594142e-05
-1.5774877562131986e-05
-1.596924358147466e-05
-1.6147344788639256e-05
-1.6348568845273308e-05
-1.6553624631512464e-05
-1.6730476192360565e-05
-1.695430234328714e-05
-1.7174186011479232e-05
-1.737917184152461e-05
-1.758897438462444e-05
-1.7804926844811574e-05
-1.8029150771380325e-05
-1.8244053658736197e-05
-1.8488133676435877e-05
-1.870136033109578e-05
-1.8946298733231014e-05
-1.9156557043529567e-05
-1.9412764002309235e-05
-1.9622702628025596e-05
-1.9891089192234507e-05
-2.0113841873552196e-05
-2.0373539229283366e-05
-2.0603443009692413e-05
-2.0874274693601785e-05
-2.110996004932135e-05
-2.137740026799534e-05
-2.1623626944231034e-05
-2.1911173865012123e-05
-2.2163727625969416e-05
-2.2445389814164732e-05
-2.2704370382688188e-05
-2.3000036893856476e-05
-2.3264525997534428e-05
-2.3568957836643187e-05
-2.3839159836492457e-05
-2.415351729176743e-05
-2.4422032915677634e-05
-2.47471222325317e-05
-2.5029775874538425e-05
-2.5355293565773596e-05
-2.5637841341793338e-05
-2.598331023904478e-05
-2.62688416257581e-05
-2.661896777615344e-05
-2.6922541739128353e-05
-2.727425356539078e-05
-2.7579771567930872e-05
-2.794678523827137e-05
-2.8260681640623724e-05
-2.8630728659415766e-05
-2.896228776075988e-05
-2.9341086939161168e-05
-2.966936635255546e-05
-3.006318516565092e-05
-3.0407414749058104e-05
-3.079913056239377e-05
-3.115244455773741e-05
-3.1566352938491166e-05
-3.1916231943766166e-05
-3.234198514945612e-05
-3.270435943996102e-05
-3.314054037153536e-05
-3.350397968207184e-05
-3.395936074456754e-05
-3.432880201308759e-05
-3.479375331230097e-05
-3.51722077110519e-05
-3.5655039224025825e-05
-3.603494527033759e-05
-3.653272162259776e-05
-3.692376809680221e-05
-3.74335411355395e-05
-3.7830937849320755e-05
-3.835746365936799e-05
-3.8764980105755395e-05
-3.930211263759864e-05
-3.9721082640761796e-05
-4.0275564003787456e-05
-4.069873005161859e-05
-4.1271038516891884e-05
-4.170127152116135e-05
-4.229032202651001e-05
-4.272793980928877e-05
-4.333733404557512e-05
-4.3779419299994765e-05
-4.4407887652401015e-05
-4.4855073021064784e-05
-4.5505690325397044e-05
-4.595769011699448e-05
-4.6628526660886724e-05
-4.708821685288703e-05
-4.778141993313709e-05
-4.824540950371017e-05
-4.8959998222830245e-05
-4.943205575984322e-05
-5.0170259157242096e-05
-5.064915543544733e-05
-5.141034025013796e-05
-5.189449728168851e-05
-5.267943118265027e-05
-5.317188580778115e-05
-5.398333660391159e-05
-5.447866640366332e-05
-5.531903254251845e-05
-5.58179923741374e-05
-5.668468132989657e-05
-5.719165661690088e-05
-5.8088217934366276e-05
-5.859567208750722e-05
-5.9522724029707937e-05
-6.003495439120196e-05
-6.099629074754541e-05
-6.150977597312013e-05
-6.250462051970502e-05
-6.301998096969706e-05
-6.405022016781146e-05
-6.456742389940751e-05
-6.563565736755284e-05
-6.615197119444688e-05
-6.726072062312972e-05
-6.777568296716184e-05
-6.892630788017044e-05
-6.943870692778303e-05
-7.063309673304438e-05
-7.114263151525757e-05
-7.238291166128245e-05
-7.288788455912668e-05
-7.417640898051532e-05
-7.467511904823976e-05
-7.601500743379969e-05
-7.650615827173345e-05
-7.78989525886208e-05
-7.83814576418724e-05
-7.98309161105678e-05
-8.03020928534441e-05
-8.181054380285732e-05
-8.226928833160235e-05
-8.384021749327324e-05
-8.428419776384242e-05
-8.592083168854189e-05
-8.634770878960109e-05
-8.805347651947315e-05
-8.846119666032905e-05
-9.023993425354713e-05
-9.062546562953872e-05
-9.2481564331889e-05
-9.28421236596976e-05
-9.477934758570823e-05
-9.511198916412815e-05
-9.713547798234179e-05
-9.743636939319605e-05
-9.955099759676817e-05
-9.981673267724057e-05
-0.00010202753897950624
-0.00010225395160387785
-0.00010456690864015569
-0.00010474972691622785
-0.00010717053325486436
-0.0001073052128735071
-0.00010984026575555286
-0.00010992165683850131
-0.00011257788792605521
-0.00011260056905356374
-0.00011538502765029028
-0.00011534343112976769
-0.00011826380855324331
-0.00011815128504304476
-0.000121216062373443
-0.00012102592986825713
-0.00012424363137217656
-0.00012396865701027444
-0.00012734888246312542
-0.00012698083043826775
-0.00013053368668670663
-0.00013006413028193112
-0.00013380028240541844
-0.00013321998734083015
-0.00013715108951974214
-0.00013644988274422106
-0.00014058820311679837
-0.00013975555885054487
-0.00014411415232340404
-0.00014313839086451454
-0.00014773152172653655
-0.00014660016329319465
-0.00015144263127434864
-0.00015014237846561445
-0.0001552503544309135
-0.00015376667518184636
-0.00015915736180768252
-0.00015747475301700824
-0.0001631664692175934
-0.00016126817435713236
-0.00016728065835726563
-0.00016514866786652922
-0.00017150294747288118
-0.0001691178982854232
-0.00017583652038862622
-0.00017317749365373893
-0.00018028463611364772
-0.00017732921385291595
-0.00018485064894576374
-0.0001815746938422038
-0.00018953811681281024
-0.00018591568152934813
-0.0001943506399478714
-0.0001903537784447308
-0.0001992920239793399
-0.0001948907414175951
-0.00020436615794757634
-0.00019952820660062846
-0.00020957713655354664
-0.0002042677842890657
-0.00021492917063660824
-0.00020911117731268482
-0.0002204266545902999
-0.00021405990950130733
-0.00022607419748242656
-0.00021911563321913195
-0.00023187647975672577
-0.00022427981043536373
-0.00023783846251740804
-0.00022955383813509438
-0.0002439651757407734
-0.00023493919866347985
-0.0002502618744155852
-0.00024043716961929786
-0.0002567342466788394
-0.000246049043108548
-0.00026338800683395954
-0.000251776231570332
-0.000270229338473422
-0.0002576198571476699
-0.0002772649748922973
-0.0002635807979901616
-0.0002845018793475487
-0.0002696595080280436
-0.00029194345396726273
-0.00027585738264288744
-0.00029960248116038676
-0.00028217187197066224
-0.00030748490145905184
-0.00028861024167876003
-0.0003155986779127185
-0.0002951750939006136
-0.00032392074103577734
-0.0003018048771674485
-0.00033246824000096164
-0.00030853449638226993
-0.00034121303738227554
-0.00031536627808132487
-0.0003501937333359332
-0.00032230332218588856
-0.0003594712894047028
-0.0003293515254085021
-0.0003690280716682485
-0.00033657644187403497
-0.0003788988978767599
-0.0003439620765491925
-0.0003891545084820378
-0.0003513843077577646
-0.00039970490693404134
-0.0003588330710686698
-0.0004105364494245946
-0.0003661776546486304
-0.00042186542623393026
-0.0003732712760871397
-0.00043396797929959557
-0.00037975620563750716
-0.00044781914536659215
-0.00038584301773266
-0.0004269083029532708
-0.00036242752850935793
-0.00043699912701949126
-0.00035732836480787696
-0.0004192924312149553
-0.00036668415687206714
-0.0004281022872331306
-0.00037501874692301375
-0.0004451948116365632
-0.00038071095583037907
-0.00046521526399029745
-0.0004210070768162627
-0.0004785114691210719
-0.0004381925129184781
-0.0004943152749697423
-0.000411065663643488
-0.0004842164126102489
-0.0003690094999719342
-0.0004714763235158214
-0.0003909285934884303
-0.00045445758549566314
-0.0003971829428196757
-0.0004798242010072349
-0.0004981744729942904
-0.0004941378210041799
-0.0005327125375801291
-0.0005112555688174486
-0.0005464077224199983
-0.0005212410028939493
-0.00055893619228657
-0.0005257099524526734
-0.0005425769078339742
-0.0005375570464079194
-0.0005146688168755773
0.00015113494768438413
0.00017651553604942167
0.00011913818453822522
0.00010033573338359803
8.187557642359862e-05
7.349709500144235e-05
6.646971450113308e-05
6.17640114902956e-05
6.010848721249251e-05
5.918658325758779e-05
6.459170214248161e-05
6.850000202214374e-05
7.734585711957414e-05
8.712426366650039e-05
9.745778249167212e-05
0.00010686904938943689
0.0001128736735653056
0.00011917898194897003
0.00012437980874583545
0.00013126908236801306
0.00013425383969158485
0.00014142347144519048
0.00014437151592083976
0.00014716557186256204
0.00014939267048564686
0.00015186579601407887
0.00014695149930514674
0.00014891071733495314
0.00014364101740078547
0.0001450842083219611
0.00013591202558206554
0.00013719047481691862
0.0001273368447978627
0.00013013207698029503
0.00012376021279036727
0.0001250481053542905
0.00012882185102495547
0.0001286523204653314
0.00013451963605508183
0.000136213706216791
0.00013691514497792063
0.000139398272534927
0.00014491256037691086
0.00014660522061118024
0.00015166453057935582
0.00015385857194675432
0.00015835008264504218
0.00015513728661894862
0.00015838947721739106
0.00015157985411582106
0.0001561075266261497
0.00015247974170915675
0.00015709761841824115
0.00015210296915839336
0.00015328110460730354
0.00015381256513237815
0.00015534044243554457
0.00015836304601559407
0.00016016672411968327
0.00016554739849240378
0.00016104618559366454
0.00016058234076410345
0.00015545881709923645
0.00015057869056004757
0.00014867053530642302
0.00014409900752906907
0.00014291908057512178
0.0001412632580448397
0.00014207139763317467
0.0001410500556892196
0.00015046193693754841
0.0001520676711611823
0.0001665995423786805
0.00017404170056413862
0.00018331725655317324
0.00019164407525628388
0.00019535340420690476
0.00020031774806846057
0.00020172383133363052
0.00020315049631555222
0.00020481703752870198
0.00020160646270996288
0.0002016172396960802
0.00020365670402065978
0.00020204599939912474
0.00020690012583909762
0.00020859288043127857
0.00021585615910759396
0.00022270560495634014
0.0002309866419979551
0.0002346670780990725
0.00024831051172029045
0.0002526382868231666
0.0002637878668026255
0.00026805688373123443
0.0002731696223365923
0.00027550533039770404
0.00027607649574921766
0.00027662967321750737
0.0002759642619594009
0.00027153886148303735
0.0002727226247917503
0.0002672157316207444
0.00026922313655687005
0.00026327413654736865
0.00026572399670497934
0.0002622686241101989
0.0002678125662516225
0.0002655138833278722
0.00027145684851989145
0.00026864445782536785
0.0002735091330798211
0.0002761461522096318
0.0002782921816614046
0.0002857439950033085
0.0002848726584833147
0.0002961892140474597
0.00029553965196006107
0.00030556952675333995
0.0003015969132630623
0.0003065893270711042
0.00030203745368357184
0.00030574124012334926
0.00029721359285792557
0.0002989736001216819
0.0002867047822581634
0.0002878211984344989
0.0002752437413328149
0.00027137864515897796
0.0002626515424574023
0.00025635952389660714
0.00025051430164617616
0.0002474003818142526
0.00024157391565425402
0.00023669109006060958
0.0002348117973441874
0.00023500231094220606
0.0002321740618700344
0.00023536676220883528
0.0002314387878704678
0.000233905921516786
0.00023199741632015417
0.00023304206126390946
0.00023220517947681387
0.00023241170841009742
0.00023015816774099376
0.0002305687331750787
0.00023059997770029795
0.00023299224781076576
0.0002343127883119235
0.00023621018403487216
0.0002411978967182441
0.0002442439215093817
0.00024432497259191605
0.00024843349244942726
0.00024763758808809877
0.0002474728992401241
0.0002458622985654864
0.0002457899038268465
0.000243768124665242
0.0002449611161585155
0.0002452726588336905
0.00024633899767916587
0.0002444936128249875
0.00024454623316094585
0.00024366903596002105
0.0002458246910670743
0.00024185622312452166
0.0002464513979660342
0.0002446592915278931
0.0002496791474213636
0.0002470667652187027
0.000253939381788862
0.000251005987150285
0.0002547232662662185
0.0002549364387337612
0.0002584957016885783
0.0002571465119440618
0.00026162819191333957
0.00025911736207251954
0.000261071234613955
0.00025849893735801365
0.000260992989009542
0.0002566436789304576
0.00025667104741952776
0.0002533316061773668
0.00024900537037817204
0.00024033679972581615
0.0002398931691371654
0.00023031685797791243
0.0002287647655324747
0.0002198569416936696
0.00021906912963249112
0.0002105361054270902
0.00021084494898648246
0.00020012299688374141
0.00020346003347300034
0.00019488837762218682
0.00019863205919651837
0.0001907586741288303
0.00019561567368719588
0.00018636891709040483
0.0001929237640404339
0.0001825519136496622
0.0001897989773002888
0.00017849878259526444
0.00018533828799679455
0.00017548360453797322
0.0001810495910991583
0.00016792626173626818
0.0001775122961239087
0.00016432631067235428
0.00017315522187602334
0.00016054016017198866
0.000170843614183363
0.0001573744927324172
0.00016536986168477633
0.00014918827982716076
0.00015473168629081863
0.00013693066392134374
0.0001416064027692322
0.00012064725839276279
0.00012843440059372765
0.00010124529259035103
0.00010968870483958313
8.198134334605249e-05
9.599986625997003e-05
6.70798351944984e-05
8.494942946279888e-05
5.9013047772550603e-05
7.803001208014308e-05
5.0016563469366845e-05
6.961895645289229e-05
3.935586589641854e-05
6.253984393717498e-05
2.608095487071949e-05
4.909075016540368e-05
8.330618793291045e-06
3.538590252215768e-05
-6.9736609279758845e-06
2.337681541311601e-05
-2.1834404688167344e-05
1.3448095130724388e-05
-3.605413398112924e-05
3.865280266970857e-06
-5.118611164652909e-05
-8.899637116315221e-06
-6.333992296619139e-05
-2.109314863034395e-05
-7.731383446862774e-05
-3.436755683213031e-05
-9.66565947565232e-05
-4.971268184028122e-05
-0.00011304672717518801
-6.611168252027271e-05
-0.0001327184551593489
-8.090115377052301e-05
-0.00015344070271946256
-9.685108797411443e-05
-0.000172101451685575
-0.00010712254088478982
-0.00019347279412118624
-0.00012069785989104396
-0.00021244410986566865
-0.00013534956746189398
-0.00023331874904219328
-0.00015041651054036845
-0.000256151081477385
-0.00015998688806327015
-0.0002765583504410845
-0.0001704991636251015
-0.00029889892373575105
-0.0001831782110888497
-0.00031808669149450974
-0.00019290992500837811
-0.00034028689579868374
-0.00019953071998347693
-0.0003605967249897026
-0.00021013124867121015
-0.0003808141065892825
-0.00022407088119486733
-0.0004036919615506273
-0.00022089223175850316
-0.0003861370721965489
-0.00021279325611114083
-0.00043157193254520366
-0.0002600083689293849
-0.00046766577700240895
-0.0002673618216814581
-0.0004988268615109322
-0.0002553666743943598
-0.0004951816498430948
-0.00026156100409277565
-0.0005283661253632783
-0.0002673677280804845
-0.0004977491775999706
-0.00023015912912309418
-0.0005505227987011498
-0.00027767975420536523
-0.0005976458641860319
-0.0002576465856981442
-0.0006249850421333899
-0.0003132560654716615
-0.0006059848760104224
-0.0002298911786903953
-0.0006416678967520191
-0.00014286253872353998
-0.0006356512621409626
-0.00010961255388392463
-0.0006701095296217076
0.0002521871833584943
-0.0009454837322159992
0.007955363210041115
0.01729896731857873
0.01639469106337256
0.012640979379928577
0.010574426810089344
0.009078798283425747
0.004137628892954302
0.002307175754192269
0.0003053467539025768
-0.0010017612924692015
-0.002371977028799891
-0.007648369630540301
-0.012229827167896702
-0.012294610535623633
-0.005210447069864815
0.00015594148910874213
0.002536082043956084
0.0029740482355523267
0.002639946045562608
0.0023654238935534007
0.00371953879929261
0.006994085765314453
0.008232994042120809
0.0072254864399183315
0.0055697664621599564
0.0042751998268082455
0.0033227587946389123
0.002230209510889987
0.002694407880877998
0.0021174319203667927
-0.000935912749488435
-0.005081272927506486
-0.008468275636739155
-0.008752764580530294
-0.006327993609658841
-0.0032161325003709305
-0.0024293948074936692
-0.0031820506748092238
-0.0022287595466965217
-0.0002615520845818838
0.0004000581278731638
-2.634033626664579e-05
0.0007573468068192177
0.0022905803670331586
0.002789727632474677
0.0023646082245683
0.002235258478532313
0.0017042473534736589
0.0006188817413147542
7.725262956106369e-05
0.00038646213776564456
0.0005374529694213426
-6.53891878020216e-05
-0.0006120533627983768
-0.0010368546147892302
-0.0012917263150672555
-0.0014841852317162693
-0.0011610850574623056
-0.0004666499467003394
-0.00026969811953722383
-0.0009805875563561179
-0.001757912554142455
-0.0015521020877211607
-0.0004530511829892971
0.0005506991852949486
0.0007249426149228317
0.0003584310347375893
2.052746299795262e-05
-5.844492108766116e-05
0.00023104923464672915
0.000625116913399224
0.0009136349026643314
0.0009703281319875393
0.0008080098410853701
0.00044065211598693494
5.406671336855689e-05
-8.00092161867276e-05
-4.097779924301354e-05
-7.24249318370575e-05
-0.00022471828438539338
-0.0004426845389993086
-0.0006125852508878188
-0.0007199466693440526
-0.0006445366351358003
-0.0005191790637503926
-0.0003249390772958533
-0.00010572681886448959
6.926267843050599e-05
0.0002552213606985564
0.0003744510607401637
0.00032028233458331534
0.00021564904637275188
0.0002783142649756958
0.0004252499819248042
0.0003935827102032462
0.0001803057848580773
-0.0001114526652326283
-0.0003435611627959239
-0.0004471494749740561
-0.0004391548045185852
-0.0004021021564824278
-0.0003673559419519944
-0.0004127605094399167
-0.0005403399677916859
-0.0006205569586523159
-0.00048621577369883744
-0.0001946175926697335
0.0001559525391554477
0.0003573002156063005
0.0003001455396790984
0.000191165306274327
0.000249679338740299
0.000417715778973769
0.0005360946020768815
0.0005266193362425304
0.0004315350866496702
0.00020522197967572998
6.459461557679623e-06
-3.7909070434331286e-05
3.0918318301589104e-05
7.703361954396175e-05
-1.1930122440488923e-05
-0.00013435329481316886
-0.00015366976425913072
-0.0001118857349251556
-9.017090904188273e-05
-7.171396449201194e-05
-4.050557496901207e-05
-8.692268006922662e-06
2.800129869842826e-05
6.100914415125839e-06
7.849066188019636e-06
3.0954998156125057e-06
6.236340779002997e-06
1.3018458613073153e-05
6.191084578612006e-06
8.894004891700023e-06
8.89479577729947e-06
5.253287384261935e-06
-7.214033249207386e-07
5.75310242878328e-06
1.2929985480537734e-06
-3.916643983084545e-07
-4.8615760318638924e-06
-8.80025611225766e-06
-1.7302876434901248e-05
-1.8228086459660126e-05
-1.3244723072260769e-05
-1.635336353797579e-05
-1.8472012982949956e-05
-1.5014593091411204e-05
-6.777569977166667e-06
-7.0245768532925155e-06
-7.95496969964614e-06
-7.108004500439044e-06
-6.560477298525361e-06
-1.301389517604335e-06
5.180047865155037e-06
1.088665655632043e-05
2.2571505907725744e-06
-2.41410360901184e-07
-3.963550603612999e-06
-5.546340240317085e-06
-1.2680631528050497e-05
-6.512853299808357e-06
-1.0074210059566149e-05
-1.4000298758941768e-05
-1.7282049744461922e-05
-1.9072909975066757e-05
-2.141755804402949e-05
-1.5022498794579356e-05
-7.3795330130243256e-06
-4.211828453897937e-06
2.3339613777061553e-06
2.3214627176006725e-06
8.63168476987815e-07
9.19800241367959e-06
2.4780784643791425e-05
2.4271628421453762e-05
1.4469195893870742e-05
1.4046357193296897e-05
1.300392813722133e-05
1.0097394425596635e-05
5.6580557324301665e-06
4.507892724731533e-06
2.696825684552908e-06
8.09935644290549e-07
-6.81395176135742e-06
-1.7710193497785155e-05
-1.934851836501526e-05
-1.1310280149078594e-05
-4.406085989511801e-06
-3.5194605753809257e-06
-5.17185338328813e-06
-4.797391549418825e-06
-3.0126571805157262e-06
1.7205799933926996e-06
7.304660812912172e-06
1.147703522295232e-05
1.2540706809408547e-05
1.1534450583696604e-05
1.008088406241553e-05
8.49942519246319e-06
7.757095293863702e-06
6.845762053301829e-06
6.549608200054157e-06
3.493850090039386e-06
-1.738510442160622e-06
-5.660917058101512e-06
-6.648629952735451e-06
-4.126002573936894e-06
-2.2985222139478495e-06
-3.0210041886066186e-06
-6.338618554099867e-06
-6.828667772011945e-06
-3.5294948548926177e-06
-1.6064404320435897e-06
-2.430571362546809e-06
-1.6772921773834475e-06
1.589009455203589e-06
3.1098375862523904e-06
2.9826625748673467e-06
2.979563526563927e-06
2.9714273743430776e-06
1.8301134123022557e-06
1.7884614873337162e-06
2.4906240421425168e-06
3.07247536035797e-06
2.5810464840381842e-06
1.3708899657309342e-06
3.416546132176655e-07
-3.6048365563911503e-07
-7.40829394220073e-07
-5.348835514537504e-07
1.5501561030079313e-07
3.588962210696852e-07
-7.369338346860918e-07
-1.8729889835687166e-06
-1.692564496434314e-06
-2.450807280631251e-07
1.1814930437566138e-06
1.376586481725682e-06
7.528020098578536e-07
4.872533360144933e-07
7.761770752219076e-07
1.5709280374747235e-06
2.2330749320216866e-06
2.468003882478827e-06
2.2287772566645916e-06
2.051231305059356e-06
1.48911371199095e-06
8.582275436683803e-07
6.564357002121442e-07
8.14061229320055e-07
6.79113081746986e-07
2.657930994944425e-07
-1.2300555177904653e-07
-4.3466288097033243e-07
-4.492504645965678e-07
-3.3243174031534267e-07
-1.384766613605603e-07
6.219369386894135e-08
3.4972171694523267e-07
5.277548734570068e-07
7.66255389273969e-07
1.110396032975248e-06
1.1419052833160244e-06
1.0286804686682064e-06
1.1768646858224862e-06
1.477403348245916e-06
1.5054213353356326e-06
1.3184982293138829e-06
9.395251535607732e-07
6.226937998642616e-07
5.107241473527524e-07
5.463101580157302e-07
5.114338486678023e-07
5.274038480620373e-07
4.759339001153334e-07
2.6072803317912655e-07
8.16233108935421e-08
2.2269241530038807e-07
5.707621002575648e-07
9.975189711313321e-07
1.3069470204056348e-06
1.1432298667276208e-06
9.285063220951128e-07
1.0964909633099013e-06
1.4370946360734663e-06
1.6641737968412472e-06
1.760198896478128e-06
1.6862328539987616e-06
1.4633531293442841e-06
1.29902182090339e-06
1.2863149058492954e-06
1.464921292863062e-06
1.4913123958876988e-06
1.3834927468494098e-06
1.125309579977417e-06
1.0764878974980929e-06
1.1581293543419264e-06
1.181643571687588e-06
1.1426226561425987e-06
1.1911862342795128e-06
1.2618696748369063e-06
1.274136282835821e-06
1.297908704554567e-06
1.2938156021019174e-06
1.3500732035080397e-06
1.3948536835832226e-06
1.4639534544642823e-06
1.478168984720038e-06
1.4855485195877188e-06
1.5226303130740025e-06
1.5248869053854176e-06
1.521429994393649e-06
1.543223607174601e-06
1.5685665149338775e-06
1.5588371855352527e-06
1.5751488317243607e-06
1.5800103527908446e-06
1.58576821045878e-06
1.5995634667678558e-06
1.6296876544340944e-06
1.6457681314124145e-06
1.6423029325692294e-06
1.6775229365287601e-06
1.7123794430161038e-06
1.7483898984867988e-06
1.7539308203968975e-06
1.7908172507875733e-06
1.8071833158498366e-06
1.845531524836711e-06
1.883008463563301e-06
1.924002878863425e-06
1.9219865509786162e-06
1.935932924444024e-06
1.9610712081473197e-06
1.977817383005205e-06
1.9916239705839844e-06
2.020720208991008e-06
2.043916233416225e-06
2.051244967254121e-06
2.0686785700315395e-06
2.0849201278042603e-06
2.1046382923085806e-06
2.142779277341286e-06
2.1840365897151764e-06
2.2152712126491186e-06
2.248191775306975e-06
2.280018555336885e-06
2.3006790742114016e-06
2.344432112294192e-06
2.401391928191798e-06
2.438181962088578e-06
2.453245584872586e-06
2.4829575360846778e-06
2.5180005434965818e-06
2.5463338045094504e-06
2.571391999259048e-06
2.5995119998387865e-06
2.6271695063988536e-06
2.6583112832367093e-06
2.6790841109152874e-06
2.692884726218387e-06
2.7195535018827675e-06
2.7656743829768213e-06
2.8085196696673014e-06
2.8383221758078577e-06
2.868490429355879e-06
2.9006661334753277e-06
2.9410353181196966e-06
2.9860910993527266e-06
3.0301714796592515e-06
3.07163907804775e-06
3.1140018368497075e-06
3.1545146656365014e-06
3.1894889712677857e-06
3.229272767906968e-06
3.2701486681451647e-06
3.311119871796499e-06
3.3503475074339074e-06
3.391361029806035e-06
3.425270900044654e-06
3.460806115183771e-06
3.50255767240349e-06
3.546305934911786e-06
3.5899698627342747e-06
3.6314831411363914e-06
3.6707124972105065e-06
3.711852163791455e-06
3.7632172520239314e-06
3.8134662065308174e-06
3.857038229627377e-06
3.90323344247193e-06
3.9561109353302044e-06
4.007584227242421e-06
4.056861298965854e-06
4.107701217111875e-06
4.1580445048626416e-06
4.209003902055789e-06
4.261321754504962e-06
4.315656091043868e-06
4.368826026074834e-06
4.422914578303518e-06
4.474647488109541e-06
4.527632057561501e-06
4.581966941716829e-06
4.6379528748884125e-06
4.694517011882924e-06
4.753278007988727e-06
4.8108917090488885e-06
4.868080133645699e-06
4.925819994326154e-06
4.986510437004902e-06
5.049173927237222e-06
5.113314036264173e-06
5.176094988564722e-06
5.238648596103332e-06
5.3020209652479815e-06
5.3683765054066655e-06
5.434861559002434e-06
5.503242411883987e-06
5.5699178385647e-06
5.638426224815454e-06
5.706427290419534e-06
5.7769782450627885e-06
5.845762377998766e-06
5.918021876566957e-06
5.989815709204636e-06
6.063998910490185e-06
6.136322050462372e-06
6.211668267174411e-06
6.286179401949826e-06
6.364245592242962e-06
6.441371783976694e-06
6.521340013475736e-06
6.600281431642962e-06
6.6825176012736244e-06
6.76339095154161e-06
6.847759153942912e-06
6.931100082107483e-06
7.017491166146089e-06
7.101903140591527e-06
7.190597408884241e-06
7.2776900635643195e-06
7.36857501094679e-06
7.457158406374816e-06
7.549840896665591e-06
7.639900075741626e-06
7.735403651063996e-06
7.828263850611153e-06
7.925980266182235e-06
8.020922982558513e-06
8.121343044424287e-06
8.218102109584183e-06
8.320752843331297e-06
8.420431257799725e-06
8.526295805763625e-06
8.628817183718615e-06
8.737524163365267e-06
8.841653910025702e-06
8.95211514139899e-06
9.059379116857546e-06
9.173893059869466e-06
9.28354854642489e-06
9.400567584325539e-06
9.5124572420779e-06
9.632021576045873e-06
9.746346996640878e-06
9.869562008391793e-06
9.986799870021314e-06
1.011323070776446e-05
1.0232791715356136e-05
1.0362055968944262e-05
1.048435494278502e-05
1.0617614679456257e-05
1.0742934804116493e-05
1.0879241738034906e-05
1.1007450686076808e-05
1.1147698685077276e-05
1.1278738231697895e-05
1.1422507061567783e-05
1.1556659453153538e-05
1.1704265561224603e-05
1.1841513508404836e-05
1.1993165765259773e-05
1.213338200777055e-05
1.2288921962513727e-05
1.2432349320298306e-05
1.2592138481344072e-05
1.2738601843822553e-05
1.2902713177360828e-05
1.3052508675758765e-05
1.322096797099743e-05
1.3373974324554287e-05
1.3547072137174514e-05
1.3703398205522674e-05
1.388119886517972e-05
1.404098951224438e-05
1.4223633132500016e-05
1.4386797202454082e-05
1.4574490584587493e-05
1.4741263769062825e-05
1.4934113652265113e-05
1.5104381502679541e-05
1.5302563003913675e-05
1.5476439182945706e-05
1.5680137709825306e-05
1.5857704722194372e-05
1.6067102910597416e-05
1.624826517387118e-05
1.6463498946857336e-05
1.6648424462670057e-05
1.686976427836811e-05
1.7058410344458416e-05
1.7286045154545505e-05
1.7478487290517857e-05
1.771260403881812e-05
1.7908842176425567e-05
1.814969722783923e-05
1.834978747265712e-05
1.859765129770801e-05
1.880164170640951e-05
1.9056702467492963e-05
1.926455426436071e-05
1.952709294930654e-05
1.9738834579288483e-05
2.000913029469862e-05
2.0224840459544735e-05
2.050316275325223e-05
2.0722703155072507e-05
2.100932680012212e-05
2.1232804255973603e-05
2.152806482097697e-05
2.1755407438980596e-05
2.2059627726188358e-05
2.2290822582561858e-05
2.2604354813700843e-05
2.283937493586087e-05
2.3162539180757082e-05
2.3401333142881813e-05
2.373460846927773e-05
2.397715589796067e-05
2.4320844129781683e-05
2.456703327460624e-05
2.492160109803204e-05
2.5171390990289997e-05
2.5537297955512323e-05
2.5790591278056284e-05
2.6168249148414164e-05
2.642493409579565e-05
2.6814876059024916e-05
2.7074805463567092e-05
2.74775222653998e-05
2.774059448433768e-05
2.8156643676220065e-05
2.842266064251276e-05
2.88526246362892e-05
2.9121405497769647e-05
2.9565872800965974e-05
2.983723038265957e-05
3.0296875296288543e-05
3.057055412238838e-05
3.1046044447505844e-05
3.132179111614225e-05
3.181383651811647e-05
3.209138004946015e-05
3.2600772199635215e-05
3.287975711773611e-05
3.3407267423268345e-05
3.368737302030336e-05
3.42338780474798e-05
3.45146877896426e-05
3.508108105098679e-05
3.536216358487753e-05
3.5949400659094244e-05
3.623028832068091e-05
3.683939002270564e-05
3.7119547598717925e-05
3.775158921299381e-05
3.8030441625992354e-05
3.868656031116907e-05
3.896348239284186e-05
3.964490304509747e-05
3.991920052638355e-05
4.062720988930871e-05
4.0898130546811304e-05
4.163408872819199e-05
4.1900808693838906e-05
4.2666183368229496e-05
4.292781053161729e-05
4.3724144227668156e-05
4.39796989889472e-05
4.480862914761193e-05
4.505704675399954e-05
4.592033162781738e-05
4.616046340321118e-05
4.705995855877241e-05
4.7290544038387206e-05
4.822822903150085e-05
4.844790690175399e-05
4.942589454604945e-05
4.963318646640772e-05
5.0653719963193424e-05
5.0847024676053514e-05
5.191250039132968e-05
5.209007707001614e-05
5.320304154487392e-05
5.3363011440102714e-05
5.452618707794267e-05
5.4666513335023355e-05
5.5882795249398144e-05
5.600127231583886e-05
5.727375207963195e-05
5.7367996641177364e-05
5.869997053410187e-05
5.8767407758710316e-05
6.016239065025352e-05
6.0200232472983775e-05
6.16619793884432e-05
6.166721746513271e-05
6.319973508822178e-05
6.316911943086575e-05
6.47766819152591e-05
6.470670875648373e-05
6.639388650641655e-05
6.628076783516803e-05
6.805243969522671e-05
6.789208259622597e-05
6.975345161873179e-05
6.954145569161075e-05
7.149806302015612e-05
7.12296800091961e-05
7.328744967790062e-05
7.29575382089814e-05
7.512280535978195e-05
7.472583942091441e-05
7.700536459017703e-05
7.65354154766398e-05
7.893647360963685e-05
7.838709756981144e-05
8.091756141443862e-05
8.028212286665134e-05
8.294966708199774e-05
8.222046344143366e-05
8.503495328418332e-05
8.42029461791649e-05
8.717435262373019e-05
8.623111426619882e-05
8.936900197069298e-05
8.830943074251236e-05
9.162402134032675e-05
9.042990120404916e-05
9.393421042410861e-05
9.259312592804777e-05
9.629500913243016e-05
9.480045418887531e-05
9.870408752271169e-05
9.704636326277008e-05
0.00010115720185881622
9.931462871108057e-05
0.00010366006249019108
0.00010162328543627603
0.0001062184394496081
0.00010398881539826874
0.00010885055910931309
0.00010641204736432633
0.00011156596652125635
0.00010887725159026862
0.00011436148195058382
0.00011134907947802156
0.00011722903380464729
0.00011382794009014575
0.00012021934096132587
0.00011620972548700254
0.0001232977718697931
0.00012207432955625583
0.0001269803896911769
0.000118756922578726
0.0001274477682517616
0.00011708815915028548
0.00012443017576751605
0.00011625238099879467
0.00011997346444528383
0.00011555833517527826
0.00010583902235425382
0.00010521426012047891
0.00010526665148096078
0.00010408974645571343
0.00011066792842846124
0.00010962346317919489
0.0001143185919011182
0.00011152295003827972
0.000114159853395179
0.00010713032111992618
0.00010648835680075078
9.655158451422899e-05
9.899406231116412e-05
8.973209873291518e-05
9.34357626029699e-05
8.435557032253064e-05
8.931069635913387e-05
8.619789176634823e-05
9.635297427014285e-05
9.45462866791497e-05
0.00010467934492727163
0.00010129721980248093
0.00011376791494287371
0.00010616512089965983
0.00011734616753319173
9.948680909503411e-05
