-0.00016570447410915615
-3.5832245330287625e-05
-0.00011862257385581132
-2.8379552366963835e-05
-1.642900815961284e-05
3.5926086564960855e-05
6.603817889696574e-05
8.930930810894556e-05
0.00016329670737996732
8.744876102602354e-05
0.00011030265238479293
5.273761989315762e-05
-5.564439131592068e-06
-2.418915524326652e-05
-8.239157737360435e-05
-0.0001253926915707044
-0.00012608984324574603
-0.000196746953117303
-0.00015090649407277414
-0.0001672179285043128
-0.00011616207263101373
-0.0001362770143230851
-3.81982420136573e-05
-8.613625546283477e-05
-5.5651092873318505e-05
-1.0758514218514809e-05
-4.418430582000328e-05
5.901426191963033e-05
-4.392280210428756e-05
1.0965020904272983e-05
-0.0001042081551541243
-9.788134900618584e-05
-4.875122727043353e-05
-0.00013529652017682018
-5.0657197764741974e-05
-0.00011521954536269636
-8.884751776623426e-05
-5.634960664267969e-05
-6.599324960342372e-05
6.258103618336411e-07
-4.42566599488198e-05
-3.0596740840120956e-05
-7.870948690864126e-05
-6.95434589213536e-05
-0.00014049193438737698
-9.3707947728461e-05
-0.00011861395112521212
-6.130648166898264e-05
-9.609523616084336e-05
-8.81131407432151e-05
-0.00013401641031884882
-0.0001687450359470803
-0.00017243515586609095
-0.00024354849200760925
-0.0002018069280872014
-0.00021743118840298752
-0.00016999356795536499
-0.00017337533774728438
-0.00010419448476687028
-0.00015244449044233142
-0.00012405893051989098
-8.960142019454203e-05
-0.00012548297111385632
-0.00012376256915044268
-0.00015863495075425825
-0.00022520308557858528
-0.00022606039566230548
-0.00029951377045756055
-0.0003116083278573798
-0.0003617405616813242
-0.00040239176848234286
-0.00040785926490287156
-0.00045468899579979177
-0.0003464072946407286
-0.00042020827965015095
-0.00026405124925543775
-0.0003157103974787785
-0.0002041474245398165
-0.00028587604756463584
-0.00020435018387399227
-0.00020328830158533728
-0.00020042010427475998
-0.00025140902251979816
-0.00026123594643429277
-0.0003197727191315722
-0.0003597592089813943
-0.0003686761783744355
-0.0004302129717023863
-0.00042728338397430513
-0.0004858794929069395
-0.00048596951478796773
-0.0005252837076312913
-0.00044720523115336836
-0.000518515008308625
-0.0003826608400232449
-0.0005162757059101591
-0.00038862098781579406
-0.0004866071436148403
-0.0003379607384481764
-0.0005005582273424093
-0.0003213188025475445
-0.00047363387517908935
-0.0003518461151167248
-0.00045522550160598263
-0.0003879499028279613
-0.0004345418606273258
-0.0004582557265859591
-0.0004696267564782095
-0.0005301281444866036
-0.0005144092923942144
-0.0006190075932037672
-0.0005739504335651457
-0.0006130615380134374
-0.0006531357426689402
-0.0006450171498466909
-0.0007144345518703839
-0.0006982028607798371
-0.0007469642689438396
-0.0006379313447282793
-0.0006783145303482039
-0.0005865959433836408
-0.0006377034377836877
-0.0005392517781087581
-0.0006111061809728688
-0.00047449113173920966
-0.0006342309742501349
-0.0005414609562376742
-0.0006425206154369921
-0.000574947923800261
-0.0007294306172444372
-0.0005631166890352155
-0.0007153231194462871
-0.0006252170235825388
-0.0006795140339812919
-0.0006379825922103927
-0.0007376144647548359
-0.0005768365357167711
-0.0007434669609819647
-0.0005311985878756533
-0.0007025378285979734
-0.0004767796691034777
-0.0006607442595382752
-0.0004076414165396088
-0.0007294852844573579
-0.00042023855328161586
-0.0008507903800984735
-0.00040811470678379653
-0.0008795844689667039
-0.00038385823113071753
-0.0009400665600028411
-0.00033766931783491135
-0.0009656324944929709
-0.00027558114839189415
-0.0010768567666487204
-0.00026715173614822666
-0.0012236835296659386
-0.00040866271702662624
-0.001410381677286542
-0.00023983329412612602
-0.001520207003701961
-2.411077430099749e-05
-0.0016510718063740717
6.295164707338313e-05
-0.0017648500897543694
0.00041511307977036327
-0.0016895015954073306
0.0006700774129795777
-0.0020506472968979967
0.0008323302726266302
-0.0021132079212953176
0.0010928271734132818
-0.002529470333910225
0.0016031744666882709
-0.003363726841919855
0.0030505227510680424
-0.00667575909402227
0.15961728262725286
0.12360667585874871
0.08555462662347696
-0.003371793070507032
0.03267814004676665
0.09900972246621047
0.09036192554663043
-0.018671324282571504
-0.10991140793196923
-0.24494292166510945
-0.11625809326785905
-0.06403211044522474
-0.02049258811615802
-0.08278104042680379
-0.04793810925748621
0.03213806948720524
-0.014243501292058031
0.0056486054893001925
0.00033540396877629775
0.06026509176269494
0.11591502611640961
0.03049055102144203
0.03220430189080287
0.03819123258320236
0.04557966790397691
0.010469017607159476
-0.02424796055179218
0.0035987001363127677
-0.009923354723935678
0.017205592884255206
-0.01871620352731575
-0.018766076190695195
0.0043949742809767135
0.007989058818831512
-0.021984504124762036
-0.03258079071974685
-0.005623437295588961
0.008594972907188051
0.012306422554125316
-0.0009286779345424359
-0.029135951735721956
-0.032979264009895225
-0.022651928835421775
-0.0004187103779899125
-0.0001725547870956469
0.0019132357721213208
-0.002145345736370936
-0.006051996301606851
-0.004132241660361552
-0.011257828995187662
0.005253659767749772
0.023135345635587504
0.02382221544881515
0.012095260648354618
0.0014000649150763627
0.0044747398549526436
0.005723660160495912
-0.0025619740945277015
-0.0016530996643121638
-0.002317018751912683
0.0032588508258735815
-0.0029130238126794427
-0.005034735084796215
-0.005935725136190934
-0.006405785891049367
-0.0013897593735753137
-0.0016150099903783238
-0.0005748987380550833
-2.4080762280050442e-05
0.00388813552653231
0.0015016805859455523
-0.0004426654937941578
-0.002662470205800252
-0.005413440477176022
-0.0002862264629192355
0.00344263324573284
0.0029400046801990832
0.000566353007115866
-0.0011047438293907406
-0.002186406233426624
-0.0041930590174172715
-0.0019921211061473135
0.0006287862257262037
0.0035899179178316234
0.0029424022313841265
-0.0011490762604686863
-0.0030367872238855303
-0.002890329872977187
-0.0019095834838052008
-0.002402300135831009
-0.00038354447661019357
0.0006244897083075023
0.00025719732628889355
-0.0011537870917926695
-0.0018546476696332738
-0.0014895870629158083
-0.0008442160586926355
0.0002036747388933155
0.001892407362144293
0.0010964042642216598
1.398757885462851e-05
-0.000649190669807155
0.0003229627257782193
0.00014503504349104059
0.0005495302859620581
0.0012189515092624191
1.663540156442828e-05
-0.0016047406395553977
-0.0013140646126061915
-0.0005429985109295823
-0.00031919780409901834
-0.0023195307100766136
-0.0033005000564931505
-0.0030142060209241623
-0.001951685640302017
0.000946917056589204
0.0016338055345610503
0.0008781449279210052
-0.0008494267418787799
-0.000319906835291899
0.0015992027292016484
0.002129951756402345
0.0015241152393135333
0.0011953483568984565
0.001231345509944241
0.0004436455276754539
-0.0009368062469069394
-0.0009701205470579498
-0.0005661860556866634
0.00016618304992827032
-0.00013106815747327707
-0.001341611345833304
-0.0017733944421124653
-0.0018174962750704081
-0.0016907728424799364
-0.0017764192365062393
-0.0016076706954497076
-0.001416179951322867
-0.0015792939882199072
-0.002191762472417415
-0.001627751985086124
-0.0010961561208986947
-0.0004329466087250922
-0.0007934209284665551
-0.0008293816001819993
-0.0008241556583111686
-0.00012541022580166475
0.0005279122876587494
0.0007571190371167755
0.0006542247923475245
0.00031896705540763494
-0.00015960703444978935
0.0004322407141323821
0.0005367763416110334
0.00048799508213244296
0.00015355069172195263
-0.0005462310751758355
-0.001426489638905494
-0.0016458292495120704
-0.0012894554285143899
-0.0010036536481955083
-0.0008141709289328663
-0.0009353952847762853
-0.0010061143179442844
-0.0010732997484810404
-0.0006243942789688015
-0.0005292701103811817
0.00017211435017781514
0.00021123900119031803
0.0005358612167346635
-1.1643414801560704e-05
0.0003108209096588859
-0.00038470485174955146
1.0912357569389482e-05
-0.0008388767380264198
-1.439050751485347e-05
-0.0012669030287734276
0.00031596820013070977
-0.00019051036686717007
0.0001646978026503501
0.00014943704141919532
0.00011150979349638896
9.042347773611427e-05
0.00010154680582783045
9.964134898664083e-05
6.747977457320414e-05
8.957920582464734e-05
5.135836955406524e-05
6.363434563321483e-05
4.2580113839850485e-05
4.1086102221742755e-05
2.5615066183884644e-05
1.4149646476696587e-05
4.494844662607939e-06
-5.692099165011122e-06
-3.6696094566223032e-06
-3.2622911402355875e-06
-4.623910410221643e-06
-7.59546334842473e-06
-1.1934854156262116e-05
-5.331211107642564e-06
-6.519811562959166e-06
2.719046661239094e-06
-2.7574802524132913e-06
5.400773254635692e-06
-1.0295361275253212e-05
-1.013518770619573e-06
-8.431827467746816e-06
-5.1702626910575116e-06
-5.058840163084697e-06
-4.229480446010358e-06
-3.4491818855323384e-06
-2.2721507648770854e-06
-1.2006812666842356e-06
-1.0060425309001988e-06
-1.2508023057599717e-07
-5.943349586686321e-07
-9.556850582678376e-08
-6.922086482445146e-08
4.3578098413694466e-07
6.289901007916992e-07
7.421810761501415e-07
6.988827155498373e-07
4.4960984181861363e-07
3.9177204412027447e-07
2.956451210773636e-07
2.9996540313866147e-07
2.0611711604661504e-07
7.374249550135914e-08
-1.4669434673578305e-08
-1.5409428482670326e-07
-1.5176659049487826e-07
-2.4577959007494814e-07
-1.62871644978095e-07
-3.047540226710283e-07
-2.236229144751971e-07
-3.0517638972616035e-07
-2.861574571596192e-07
-3.1276659308120933e-07
-3.334286477162107e-07
-3.6059746947611173e-07
-3.770712115975589e-07
-3.798632694528814e-07
-3.82042434849604e-07
-3.665002593414212e-07
-3.702794365880162e-07
-3.649668462900462e-07
-3.7004726468356595e-07
-3.6741037966124784e-07
-3.6592952241711323e-07
-3.6184330709804083e-07
-3.5827068684453356e-07
-3.583041714319915e-07
-3.574712176216549e-07
-3.590740854761583e-07
-3.593641030024829e-07
-3.6162271866910234e-07
-3.6456053774305136e-07
-3.683832480181129e-07
-3.733191344425506e-07
-3.7752712780318547e-07
-3.830897289140364e-07
-3.872160969165331e-07
-3.9394644267033707e-07
-3.989004484280384e-07
-4.054986645976588e-07
-4.108948979545182e-07
-4.165970054923959e-07
-4.220993710115587e-07
-4.2785587478152975e-07
-4.337616083117772e-07
-4.3972660883286226e-07
-4.4579676527784634e-07
-4.5160906509555824e-07
-4.5759116145869046e-07
-4.634230132767765e-07
-4.6941669023387034e-07
-4.753605263327441e-07
-4.813731262060233e-07
-4.873886711670525e-07
-4.934461864016925e-07
-4.995899862999371e-07
-5.057728960616414e-07
-5.120411596452022e-07
-5.183365910198376e-07
-5.247105372258552e-07
-5.311520887027552e-07
-5.37688714310515e-07
-5.443236909097695e-07
-5.510424657716238e-07
-5.578596163703696e-07
-5.647458283688893e-07
-5.717454123984646e-07
-5.788227819238036e-07
-5.860162072485534e-07
-5.932970324440097e-07
-6.006788669573465e-07
-6.081523927820194e-07
-6.157230736833193e-07
-6.23390856571525e-07
-6.311567387794003e-07
-6.390229288377616e-07
-6.469856161362396e-07
-6.550503685980589e-07
-6.632141575767772e-07
-6.714819046125902e-07
-6.798518720352043e-07
-6.883262700129508e-07
-6.969048701128749e-07
-7.05589188759021e-07
-7.143811495700833e-07
-7.232818671917368e-07
-7.32293458278354e-07
-7.414163991283112e-07
-7.506524497094664e-07
-7.600025756491932e-07
-7.694686132540417e-07
-7.790521235234206e-07
-7.887546508293956e-07
-7.98577873226594e-07
-8.085229977407467e-07
-8.185919699331195e-07
-8.287860125442493e-07
-8.39107140604321e-07
-8.495567047853232e-07
-8.601364954445944e-07
-8.708480309214678e-07
-8.8169302846464e-07
-8.926731560572674e-07
-9.037901205009288e-07
-9.150456510468606e-07
-9.26441408199818e-07
-9.37979173108814e-07
-9.496606557381279e-07
-9.61487694602889e-07
-9.734620763536262e-07
-9.85585652739959e-07
-9.978602563215583e-07
-1.0102877571419727e-06
-1.0228700521015908e-06
-1.0356090586714772e-06
-1.0485067353906488e-06
-1.0615650471664006e-06
-1.0747859966299747e-06
-1.0881715985724288e-06
-1.101723904235616e-06
-1.1154449869527815e-06
-1.1293369486779526e-06
-1.1434019180040585e-06
-1.1576420452473197e-06
-1.1720595145819782e-06
-1.186656530600147e-06
-1.2014353347354276e-06
-1.2163981887340029e-06
-1.2315473884379376e-06
-1.2468852529322328e-06
-1.2624141330615864e-06
-1.2781364078191327e-06
-1.2940544872519413e-06
-1.3101708110442497e-06
-1.3264878480627896e-06
-1.3430080994471152e-06
-1.359734095736061e-06
-1.3766683999007299e-06
-1.3938136062681102e-06
-1.4111723416318955e-06
-1.428747265547984e-06
-1.4465410711796676e-06
-1.4645564837487519e-06
-1.4827962635741707e-06
-1.5012632040543205e-06
-1.5199601354906004e-06
-1.5388899216479133e-06
-1.5580554626303932e-06
-1.5774596941496778e-06
-1.5971055889856125e-06
-1.616996156631297e-06
-1.6371344446770554e-06
-1.6575235376043071e-06
-1.6781665597727081e-06
-1.6990666724964068e-06
-1.720227078433372e-06
-1.741651018744917e-06
-1.7633417755009837e-06
-1.785302671570069e-06
-1.8075370715712487e-06
-1.8300483823382302e-06
-1.8528400522596218e-06
-1.8759155720733821e-06
-1.8992784771472494e-06
-1.9229323470707514e-06
-1.946880805987396e-06
-1.971127521726006e-06
-1.9956762093159287e-06
-2.0205306292210006e-06
-2.045694589762136e-06
-2.0711719457028755e-06
-2.0969665996985617e-06
-2.1230825037940864e-06
-2.149523658786522e-06
-2.1762941158167716e-06
-2.2033979752803814e-06
-2.230839390013997e-06
-2.2586225639996925e-06
-2.286751753148228e-06
-2.315231267298627e-06
-2.3440654688948893e-06
-2.373258775761845e-06
-2.402815659991028e-06
-2.432740649551638e-06
-2.463038329085206e-06
-2.4937133398686515e-06
-2.524770381704018e-06
-2.5562142117927476e-06
-2.5880496475161156e-06
-2.6202815660890735e-06
-2.6529149051782977e-06
-2.6859546644097455e-06
-2.719405905294279e-06
-2.7532737524901645e-06
-2.7875633942989588e-06
-2.8222800838424386e-06
-2.85742913979075e-06
-2.893015946921207e-06
-2.9290459568802676e-06
-2.9655246895107616e-06
-3.0024577331067307e-06
-3.0398507458712207e-06
-3.0777094562759512e-06
-3.1160396641532844e-06
-3.1548472415121403e-06
-3.1941381336205463e-06
-3.2339183597419795e-06
-3.2741940143047942e-06
-3.3149712670323326e-06
-3.3562563653421085e-06
-3.3980556336327684e-06
-3.4403754756697966e-06
-3.4832223749617204e-06
-3.5266028951879357e-06
-3.5705236822025502e-06
-3.6149914645398315e-06
-3.6600130548181744e-06
-3.7055953501535544e-06
-3.751745333356284e-06
-3.798470074686106e-06
-3.8457767320201615e-06
-3.8936725530562e-06
-3.942164875446463e-06
-3.991261127311678e-06
-4.040968830548199e-06
-4.091295599944735e-06
-4.142249145931047e-06
-4.193837274189642e-06
-4.246067888023612e-06
-4.298948989044267e-06
-4.352488678038141e-06
-4.406695157783969e-06
-4.461576732451601e-06
-4.5171418094867855e-06
-4.5733989016648584e-06
-4.630356627090965e-06
-4.688023711266979e-06
-4.746408990445377e-06
-4.805521406762268e-06
-4.865370018136006e-06
-4.925963989785482e-06
-4.987312608182475e-06
-5.0494252706502095e-06
-5.1123114925787614e-06
-5.175980907940272e-06
-5.240443270420963e-06
-5.305708455076387e-06
-5.3717864624492826e-06
-5.4386874133706355e-06
-5.506421559856885e-06
-5.574999274458655e-06
-5.644431065969448e-06
-5.7147275704035896e-06
-5.78589955652054e-06
-5.857957928669162e-06
-5.930913724318178e-06
-6.004778122507771e-06
-6.079562437928188e-06
-6.155278126479039e-06
-6.23193678857392e-06
-6.3095501674515235e-06
-6.3881301551357405e-06
-6.467688787478552e-06
-6.548238253864926e-06
-6.629790894400207e-06
-6.712359202376203e-06
-6.795955827680485e-06
-6.88059357582528e-06
-6.966285414209012e-06
-7.053044470324153e-06
-7.140884035626268e-06
-7.229817566254586e-06
-7.319858686753391e-06
-7.4110211920221775e-06
-7.503319047235353e-06
-7.596766392829475e-06
-7.69137754364773e-06
-7.787166994810651e-06
-7.884149420292323e-06
-7.982339678068678e-06
-8.0817528107523e-06
-8.182404048168103e-06
-8.284308809537462e-06
-8.387482706563197e-06
-8.491941544664836e-06
-8.597701327848822e-06
-8.704778256776735e-06
-8.813188737018945e-06
-8.92294937530902e-06
-9.034076988218096e-06
-9.146588598398994e-06
-9.260501444029179e-06
-9.37583297476799e-06
-9.492600861083812e-06
-9.610822988989631e-06
-9.730517472515687e-06
-9.851702645839039e-06
-9.974397077561203e-06
-1.0098619560169712e-05
-1.0224389128267453e-05
-1.035172504525346e-05
-1.048064682344571e-05
-1.0611174208224883e-05
-1.0743327201353375e-05
-1.0877126042436387e-05
-1.1012591235766422e-05
-1.1149743527096023e-05
-1.1288603935684371e-05
-1.1429193726033779e-05
-1.157153444536485e-05
-1.1715647889747743e-05
-1.186155614809779e-05
-1.2009281561333601e-05
-1.2158846774078767e-05
-1.2310274684118952e-05
-1.2463588506199386e-05
-1.2618811709965566e-05
-1.2775968094426264e-05
-1.2935081715016099e-05
-1.309617696962145e-05
-1.3259278513239221e-05
-1.3424411359853894e-05
-1.3591600777278917e-05
-1.3760872411519576e-05
-1.3932252158627666e-05
-1.4105766312758246e-05
-1.4281441412665637e-05
-1.4459304418869973e-05
-1.4639382527842186e-05
-1.4821703383821009e-05
-1.5006294855484889e-05
-1.5193185289604828e-05
-1.5382403243936922e-05
-1.5573977785858853e-05
-1.5767938176939212e-05
-1.5964314227201373e-05
-1.616313591663995e-05
-1.6364433818763513e-05
-1.656823864444601e-05
-1.6774581756494756e-05
-1.698349461307997e-05
-1.7195009387138e-05
-1.7409158299074284e-05
-1.762597435434163e-05
-1.7845490550743638e-05
-1.8067740756471653e-05
-1.8292758759483243e-05
-1.8520579318480617e-05
-1.8751237018352438e-05
-1.8984767542783772e-05
-1.9221206287853808e-05
-1.9460589892294686e-05
-1.970295457286598e-05
-1.9948337956909954e-05
-2.0196777093198053e-05
-2.0448310636288344e-05
-2.070297647070534e-05
-2.096081432166716e-05
-2.1221862909766298e-05
-2.1486163081588195e-05
-2.1753754391009195e-05
-2.2024678857335842e-05
-2.2298976863785523e-05
-2.2576691659738878e-05
-2.2857864447256278e-05
-2.314253977081125e-05
-2.3430759633828995e-05
-2.372256995069569e-05
-2.4018013500503015e-05
-2.431713765215079e-05
-2.461998592296656e-05
-2.4926607234472976e-05
-2.523704579639489e-05
-2.555135219229612e-05
-2.5869571261917306e-05
-2.6191755379479514e-05
-2.651794993617008e-05
-2.6848209245902233e-05
-2.7182579152032265e-05
-2.7521116079832564e-05
-2.78638661996085e-05
-2.8210888250381752e-05
-2.856222857630349e-05
-2.8917948464819536e-05
-2.9278094242965848e-05
-2.9642730024117734e-05
-3.0011901884090963e-05
-3.038567708963161e-05
-3.076410117959516e-05
-3.114724495699141e-05
-3.153515307616455e-05
-3.192790033350779e-05
-3.232553007421796e-05
-3.27281216274517e-05
-3.313571651559111e-05
-3.354839923947259e-05
-3.3966208878328066e-05
-3.438923586383423e-05
-3.481751608038321e-05
-3.525114679556532e-05
-3.569015979085991e-05
-3.613466024795023e-05
-3.658467475186819e-05
-3.70403176792166e-05
-3.75016091042267e-05
-3.796867412375745e-05
-3.844152472203379e-05
-3.892029853246851e-05
-3.940499755227466e-05
-3.989577412195238e-05
-4.0392617965910853e-05
-4.089569873304798e-05
-4.14049911227456e-05
-4.1920685201124984e-05
-4.2442737343336735e-05
-4.297136173762287e-05
-4.3506492482249656e-05
-4.404837231501658e-05
-4.4596908314379e-05
-4.515237706552411e-05
-4.571465292805437e-05
-4.6284052686988025e-05
-4.686041113526832e-05
-4.7444092866670735e-05
-4.8034884901192545e-05
-4.8633208716370975e-05
-4.92387937461548e-05
-4.985212920528793e-05
-5.0472875163943567e-05
-5.110160160669416e-05
-5.1737885083712534e-05
-5.238239194825002e-05
-5.3034598313696175e-05
-5.369528553925834e-05
-5.436380900385174e-05
-5.504108747579964e-05
-5.5726331152736175e-05
-5.642062311146667e-05
-5.7122999061357677e-05
-5.783473857389702e-05
-5.855466788064201e-05
-5.928430096068535e-05
-6.002221328523828e-05
-6.077019827477673e-05
-6.152653054564486e-05
-6.229333986596149e-05
-6.30685378852306e-05
-6.385465762976002e-05
-6.46491786711386e-05
-6.545511044145358e-05
-6.626941935446422e-05
-6.7095686663219e-05
-6.79302539188173e-05
-6.877739673857017e-05
-6.963270191898303e-05
-7.050127122507771e-05
-7.137779880261701e-05
-7.226836803558146e-05
-7.31666030830768e-05
-7.407977372211991e-05
-7.500020762187627e-05
-7.593660568509363e-05
-7.687973377429411e-05
-7.784001445009176e-05
-7.880633042848314e-05
-7.979117204262229e-05
-8.07811707173003e-05
-8.179127317549959e-05
-8.280544682842499e-05
-8.384155320722664e-05
-8.488037960888053e-05
-8.594328728924534e-05
-8.700723023890797e-05
-8.809778398885201e-05
-8.91872963278389e-05
-9.030638884865018e-05
-9.14219013040331e-05
-9.257047357962272e-05
-9.371238732916454e-05
-9.489145214806177e-05
-9.606012735263042e-05
-9.727081114430103e-05
-9.846654265704274e-05
-9.97100700040332e-05
-0.00010093309440957487
-0.00010221073540268681
-0.00010346123823436193
-0.00010477439638283126
-0.00010605238975608389
-0.00010740266481011618
-0.00010870805881227179
-0.00011009715941726061
-0.00011142983198394324
-0.00011285969368472412
-0.00011421925859154085
-0.00011569215660664565
-0.00011707790787369207
-0.00011859641254761998
-0.00012000721278841839
-0.00012157494511752103
-0.0001230073722816967
-0.00012462235946007045
-0.00012607363076234354
-0.00012773376294038572
-0.00012919877709172795
-0.000130918510023565
-0.00013238987966146542
-0.00013417251675072582
-0.00013566717205186664
-0.0001375131475991918
-0.0001390373571986872
-0.00014096817133015817
-0.0001424935189509989
-0.00014451576837393084
-0.00014603158375889655
-0.0001481268017140999
-0.00014964069327973956
-0.0001518213820311875
-0.00015332110718209804
-0.00015561223762983282
-0.00015709276170818682
-0.00015951866699015515
-0.000160957331300728
-0.00016355836965463368
-0.0001648995444441346
-0.00016770081232553346
-0.00016892679424807515
-0.00017193239273175583
-0.00017304884960787535
-0.0001762779450422117
-0.00017725201899017657
-0.00018076266029606747
-0.00018155899506613267
-0.000185415998296211
-0.00018595544053139483
-0.00019023207838588256
-0.00019043440732337648
-0.000195171539231088
-0.0001950106336028201
-0.0002002877665091175
-0.0001997358154837877
-0.0002056673544847426
-0.00020448056573425452
-0.0002112925890573854
-0.00020930296552993787
-0.00021702155578982412
-0.0002141923412230216
-0.00022293760011771625
-0.0002189151885933346
-0.00022911734883230683
-0.00022368774746348886
-0.00023550435618420462
-0.00022865383267224853
-0.00024223160626130145
-0.00023361502153759566
-0.0002492572860829968
-0.0002387316595064454
-0.000256095604155351
-0.000245074746894924
-0.00026088839092991634
-0.00019658222973545
-0.0002005049819519835
-0.00016316774494942732
-0.00013963001092111705
-8.68526195263186e-05
-0.00011543846112476905
-1.6606398277091818e-05
-0.00011559240717332492
-8.917136777213748e-05
-0.00014991618287249386
-0.000159399157353329
-0.00020438949774857947
-0.00010925903647449726
-0.00018022564596136426
-3.798127023228241e-05
-7.996171648570733e-05
1.551118887573391e-05
1.5534575513952674e-06
7.162675584949539e-05
6.808655826014452e-05
4.881633300507938e-06
7.885353710095197e-05
-7.86399122103959e-06
4.165710873860933e-05
2.7156000554897784e-05
-3.585113787215851e-05
1.9291350842555287e-05
-2.398710884593606e-05
6.324648109854738e-05
-3.184359069968086e-05
2.4296606128473743e-05
3.5113711674700915e-06
-5.41124432161264e-05
-4.913899336131443e-06
-2.034041876863553e-05
5.152084203342128e-06
5.340337247951899e-05
5.3127371336268234e-05
-1.3840568946057763e-05
0.0001541436836695643
-5.3270466922428486e-05
0.00017665440290733845
-6.701663975031691e-05
0.00013780686289670548
-6.687510215741945e-05
7.115580463625103e-05
-0.00013170328753428192
2.9552061456029357e-05
-0.00014070172763286793
6.814096157989021e-06
-0.00012511867948468647
-6.737677507275106e-05
-0.00015685521572878479
-0.00015643699956053057
-0.00017712779948724319
-0.00013579946465767175
-0.00025540855196941336
-0.00011255213183672627
-0.00026329945984092796
-0.00011586968768601162
-0.00024387193184560816
-0.0001251369239818071
6.96625382746543e-05
8.189207610202081e-05
7.645225461459532e-05
6.875540682297048e-05
7.720604609332774e-05
7.910590217810403e-05
8.434793869176085e-05
8.445211745516338e-05
8.57066228525728e-05
7.251605630067154e-05
9.53514201065658e-05
6.127108113288928e-05
7.974186630675282e-05
6.311205496971816e-05
7.632011121644303e-05
6.085362380594846e-05
6.666463783718522e-05
5.202559493745014e-05
7.126842874563303e-05
4.451995053958431e-05
6.886038881257848e-05
3.967057757241725e-05
8.194595696715595e-05
7.088988601847742e-05
8.187230808528247e-05
8.580988406134285e-05
9.954931620014614e-05
9.421975431592037e-05
0.00010804927810207125
0.000110889952431212
0.00010352175011724704
0.00010550758785609108
0.00010883681387741843
9.91726947228151e-05
0.00010051440161778946
0.00010338725113614528
9.545432740861928e-05
9.230145701641951e-05
8.732956429309966e-05
7.768096052474422e-05
7.880361631822742e-05
7.694818537538168e-05
6.255478191806503e-05
7.383242198946953e-05
7.77853057453017e-05
8.189330472689894e-05
8.574185311486063e-05
0.00010468833585668231
9.536862106917439e-05
0.00011318149124801927
9.771801043279997e-05
0.00012385566882406582
0.0001030855718505441
0.00011955493228244719
0.0001221443772717702
0.0001306777564847086
0.0001382318050628656
0.0001326089987201153
0.00013164185898589958
0.00012323441040951747
0.00011870585600481179
0.00011172015553220634
0.00012164731122478444
0.00010490291096626743
0.00011689463889670917
0.00010675542364130047
0.00012320621823386918
0.00011786144070888814
0.0001121817194256376
0.0001338263918016216
0.00011473516498695946
0.00013073628686318664
0.00011602070159149463
0.0001270633239970568
0.00012846229905298266
0.00011202295166928779
0.00012739704589333068
9.536713055120511e-05
0.00012501394969091092
8.835432398050943e-05
0.00012300436551822085
8.277084829485084e-05
0.00012442651170867805
8.842367572943518e-05
0.00010477971199177586
8.34867688807591e-05
7.735987982992445e-05
6.443988522400771e-05
6.506614990791975e-05
3.3059596718842304e-05
5.322787809882356e-05
2.774912094905418e-05
4.501631468308329e-05
3.125936109125635e-05
3.4995328267225156e-05
6.810860480370331e-06
2.3892219675399854e-05
1.4113216100463376e-06
1.4051777146689928e-05
5.602790571149694e-06
1.8915694350270122e-05
3.695898251389466e-06
1.87275999657863e-05
2.319981025287328e-06
-3.526803273754865e-06
-3.3042407024047184e-06
-2.0332118313424787e-05
-1.3100665727449323e-05
-3.6170402453825393e-05
-3.5657275725656785e-05
-4.265490159106408e-05
-4.068677612526738e-05
-7.345273887487776e-05
-5.1118555228926225e-05
-8.183664875439892e-05
-6.314757721155516e-05
-7.976293729252337e-05
-5.976140812657786e-05
-8.451553418353623e-05
-6.345910219735396e-05
-8.655339556439836e-05
-5.369065693859327e-05
-6.454345665604785e-05
-3.617437490288861e-05
-4.263587560708257e-05
-3.55755552001397e-05
-5.148480984925284e-05
-4.71068001480484e-05
-5.651267179331389e-05
-7.454989679338782e-05
-8.935774607092819e-05
-0.00010051002476678189
-0.00012222212583762554
-0.000132782923696105
-0.00015029545783791604
-0.00015137652253345292
-0.00015077680215159404
-0.0001430661987906205
-0.00017174709228171925
-0.00015289666994982738
-0.0001967554355883303
-0.00014825881661408073
-0.00020860522985428453
-0.00014932865726091472
-0.0001987801557974139
-0.0001409160578678835
-0.00020511818619784036
-0.00010577303264586857
-0.00019930859211691971
-9.227991142752968e-05
-0.0002252565226130212
-8.942182631798886e-05
-0.0002710574279354488
-0.00012335039940691053
-0.00033109719827457713
-0.0001285485738425673
-0.0003911272988117454
-0.0001619897688275134
-0.0004702684015511837
-0.0001759427671866288
-0.0005722045836363879
-0.0003627298216073424
-0.0006663542243868698
-0.0002952909862307594
-0.0006697298187240129
-0.0002608182974858981
-0.0006270501822585215
-6.144189161028813e-05
-0.000634778997358339
8.08303038590041e-05
-0.0007082332869391184
0.0003647606873012916
-0.0007650078010058894
0.0002662896078201603
-0.0007491526302954029
0.0003059085584895025
-0.0005489836785697003
7.271682024541766e-05
0.00025017308021186874
-0.0028272248232040133
0.01570278587751046
0.12299051850402984
0.09622308589008208
0.04697709684710716
0.015401180803446254
0.08633285168412189
0.05407910916794155
-0.052788596196255595
-0.06249905673799438
-0.04330072943767141
-0.06671988472593202
-0.10612401640930091
-0.10813724776602612
-0.06449938081920847
0.046784849820854714
0.0424856847782158
0.021001073441962753
-0.03170679419726861
-0.015410580847592087
0.03256291391397395
0.0528507232706307
0.042790526948778385
0.0128888903044076
0.008528170395965755
0.0017923791458269774
-0.012154708611328089
0.00397175148403125
0.024418004233317255
0.021421441586979142
0.008709468694086371
-0.0021726974700461586
0.0006106751242373786
-0.010640434292885442
-0.007225021968161139
0.005587301645088888
0.00984663041188176
-0.013369376705154885
-0.030717246175904326
-0.020243888909397604
0.00018246081849118164
-0.005372608319045534
-0.015446797822039681
-0.008290397468527468
0.005502880186396865
0.0114907418887018
0.00312559936619559
0.002985457919247037
0.0043673989983437494
0.009313462329862309
0.010931622056187733
0.009158351265687002
0.005914960646393666
0.0005686410776110206
-0.005048053048443718
-0.008266914734154925
-0.005005805691881137
0.001290986067221652
0.004256957061927005
-0.0005092544269629917
-0.005381574627315953
-0.008235902549579583
-0.007999073860029493
-0.002411502784493464
0.004188620916145039
0.007844714200838423
0.0015398786806390297
-0.006848283005412178
-0.006926590927750887
0.0007530952947977804
0.00632661652658488
0.005200482836347512
0.0029083569148345787
0.0021455944374194997
0.0007022956827694268
-0.0004236161634510316
0.00039001431011684073
0.0027513891952543282
0.003945184814353037
0.00116697628026998
-0.0013461382458297452
-0.0022737222157631675
-0.0014602349089539736
-0.0016487290632244437
-0.0021944273213451793
-0.0017098355034681522
-0.0006174711814220836
3.6118089693386665e-05
-0.0002586870701904229
-0.0004738516335124665
-0.00039523054461106224
-0.00040981048921591087
0.00016022393553492137
0.0021448568392993164
0.003400525852242324
0.0027225858886004424
-7.801841857729995e-05
-0.0013769207806993942
-0.0002346360693365012
0.0019400660321421239
0.0024829387361140634
0.0012183363160369874
8.161720484410975e-06
-0.0009463206417280143
-0.0013453739632522824
-0.0011477346839517963
0.00020574514466673694
0.001943061102980701
0.001256556516125453
-0.0021685333775124673
-0.0034986813220224166
-0.002364974813656894
-0.0001153811868279855
-0.00023315617864875333
-0.001224507680892112
-0.0006251678323825828
-0.00029723073850219613
-5.9346016207946034e-05
0.0004054540369342217
0.0011719428077347671
0.001694287048273107
0.001868684927864331
0.0011872934265759211
0.0005699150171294432
0.00013449476921002855
0.00011340271618488036
0.0001052787033551791
-4.035471623867572e-05
-0.00011395891718182587
-4.677234629702669e-05
0.0005674090600205329
0.0008671442506872527
0.0005661592986297148
-7.274625380936984e-05
-0.00040588704867580597
-0.0002674662649706091
0.00018748948016327936
0.00047073724442012606
-0.00031023143035563855
-0.0015774344811101274
-0.0017160832110492438
-0.0005781786018031407
0.00015896633891929537
0.0002470112333590492
2.677084501248768e-05
0.0002251588992198952
0.00025718707448541857
-0.00018165026141830996
-0.00044148867700360105
2.262272045218741e-05
0.0008013671052769285
0.0006377403381946068
-0.00010002898305534877
-0.0006232990699991742
-0.0004935350155149177
-0.00014094062770039458
9.403195338092332e-05
0.00014807629051829044
-4.8963320015874e-05
-0.0003074916595703763
-0.00044842782318345846
-0.000288730379617917
-6.91175013863574e-05
-5.591045875712837e-06
-0.00013556271584152374
-1.3721919004313146e-05
9.815506354793162e-05
2.9812161159710297e-05
-0.00016856101291685082
-0.00020228915406379213
3.030205060984949e-05
7.880185935090498e-05
-1.1547983379293133e-05
8.737549451393007e-05
4.171121284918772e-05
4.715949381066151e-05
4.0008209728489066e-05
1.1011992537556274e-05
-7.435460415045261e-06
2.53352852099567e-06
1.4195145698474451e-05
2.0789994784555573e-05
1.7280719611907413e-05
8.545650305238553e-06
5.063290105499223e-06
2.1103674899709e-06
-4.794676511120962e-09
-1.1471648190757402e-06
1.8300615829246468e-06
2.7483583594669193e-06
9.509642405080738e-07
-9.011526920808322e-07
-1.8543901887892915e-06
-3.396325239015535e-06
-3.443116379099609e-06
-2.298845596819532e-06
-1.0136177180253975e-06
-1.1072436088433585e-06
-1.7561934882968921e-06
-9.396193157377303e-07
-1.0080450568491356e-06
-1.965653462356748e-06
-1.2047549227001825e-06
-1.3568599540811355e-06
-6.853975989366823e-07
-3.84526670772211e-08
2.7191829524679223e-07
2.9344594010938564e-07
2.6347490255528845e-07
1.4137451332611045e-07
1.488685244532263e-07
2.273061150824906e-07
2.6862625049030967e-07
3.5172923427045626e-07
3.893044296484949e-07
3.8046608321870126e-07
3.1169884709777266e-07
2.7996660612822306e-07
2.548067839569103e-07
2.3000025657255065e-07
2.1535697987824822e-07
2.1161482461542217e-07
2.0145496208721347e-07
1.8510565202065987e-07
1.6590359392325425e-07
1.4718116426749037e-07
1.2697282994649348e-07
1.0921119599104952e-07
1.1299596874323436e-07
1.1839651630899853e-07
1.1528570399975288e-07
1.2025653506197054e-07
1.1130177555222258e-07
1.0795793406689924e-07
1.0699522164601543e-07
1.0937019469263096e-07
1.1419192157300034e-07
1.2092998753492038e-07
1.2590367206041263e-07
1.3071914842067794e-07
1.3508543676871786e-07
1.3808458154098753e-07
1.413537416739001e-07
1.4452578352125146e-07
1.4806830735177853e-07
1.5132658100349772e-07
1.5492281167511643e-07
1.581809269320743e-07
1.6090726065055359e-07
1.6314164331412105e-07
1.65122840955865e-07
1.6709533162163892e-07
1.6917566300714168e-07
1.7139049771761595e-07
1.736041638369976e-07
1.7568654517677204e-07
1.7755288832626268e-07
1.794490709408061e-07
1.8136832736874442e-07
1.8331184614694962e-07
1.854463398572037e-07
1.8754878337856606e-07
1.8974237620938278e-07
1.9195550071552173e-07
1.942006159229813e-07
1.9647824974107497e-07
1.9881148646035823e-07
2.011792048627753e-07
2.036132116019912e-07
2.061178146217646e-07
2.0867517974742025e-07
2.1128636284051955e-07
2.1393022911226495e-07
2.166069443317476e-07
2.1931015763967596e-07
2.2205458554021545e-07
2.2484052433465254e-07
2.27669051828909e-07
2.3053552092788462e-07
2.3343516979265275e-07
2.3636637157232413e-07
2.393290093131905e-07
2.42325718134229e-07
2.453577472971268e-07
2.484262476237873e-07
2.515302423154904e-07
2.546715361618438e-07
2.578498948843289e-07
2.610653547444753e-07
2.643198203039032e-07
2.6761211729270113e-07
2.709444386677024e-07
2.7431725945447055e-07
2.7773188040363696e-07
2.811889855001883e-07
2.8468927662787975e-07
2.88232722587059e-07
2.9181996189978467e-07
2.954516801145172e-07
2.9912859692352023e-07
3.028516837549184e-07
3.066215162055193e-07
3.1043872405144274e-07
3.143036917040822e-07
3.182170265663071e-07
3.2217925788444353e-07
3.2619103176788843e-07
3.302529604041072e-07
3.3436565095054487e-07
3.385297243152132e-07
3.42745789193332e-07
3.470144815695506e-07
3.5133641989328307e-07
3.5571224126173623e-07
3.6014256699445457e-07
3.646280715097829e-07
3.6916943380903354e-07
3.7376735135291497e-07
3.7842254175867807e-07
3.831356933042826e-07
3.87907526335678e-07
3.927387542278953e-07
3.976301170738038e-07
4.025823661129213e-07
4.07596270186639e-07
4.126725984355674e-07
4.178121318292136e-07
4.230156571783186e-07
4.2828397115826406e-07
4.3361788423819375e-07
4.39018214919465e-07
4.4448579400629734e-07
4.5002146025400173e-07
4.5562606479929504e-07
4.6130046759697806e-07
4.670455401941005e-07
4.728621635849417e-07
4.78751229251919e-07
4.847136396435043e-07
4.907503083216753e-07
4.96862160413703e-07
5.030501326073263e-07
5.093151736607613e-07
5.156582432668639e-07
5.220803128579328e-07
5.285823658771939e-07
5.3516539799106e-07
5.41830417704646e-07
5.48578445591416e-07
5.554105154422341e-07
5.623276736990051e-07
5.6933098004143e-07
5.764215069893353e-07
5.83600340527498e-07
5.908685801929241e-07
5.982273396136972e-07
6.056777458683096e-07
6.132209402388172e-07
6.208580784136664e-07
6.285903303446336e-07
6.364188806191407e-07
6.443449283626218e-07
6.523696880422975e-07
6.604943888104727e-07
6.687202754896435e-07
6.770486081999648e-07
6.854806628568772e-07
6.940177312638318e-07
7.026611215539265e-07
7.114121574727295e-07
7.20272180016352e-07
7.292425463452173e-07
7.383246312563031e-07
7.475198252238287e-07
7.568295373412475e-07
7.662551941437564e-07
7.757982395256588e-07
7.854601350723716e-07
7.952423607009206e-07
8.051464158238326e-07
8.151738177540927e-07
8.253261022555028e-07
8.356048241263034e-07
8.460115588967892e-07
8.565479007603314e-07
8.672154639217326e-07
8.780158821154816e-07
8.889508100417794e-07
9.000219230793948e-07
9.112309171972817e-07
9.225795097545983e-07
9.340694388578635e-07
9.457024651892874e-07
9.57480371097871e-07
9.694049606419923e-07
9.814780604066464e-07
9.937015201043654e-07
1.0060772124773076e-06
1.018607033590694e-06
1.031292902898412e-06
1.0441367636060406e-06
1.0571405834409933e-06
1.07030635446842e-06
1.083636093800167e-06
1.0971318436078965e-06
1.1107956713902328e-06
1.1246296703123354e-06
1.1386359594495188e-06
1.152816684800548e-06
1.1671740189638752e-06
1.1817101612950597e-06
1.1964273385953032e-06
1.2113278055156818e-06
1.2264138450357193e-06
1.241687768207319e-06
1.2571519147778611e-06
1.2728086538460426e-06
1.2886603840959912e-06
1.3047095340899427e-06
1.320958562357386e-06
1.337409958052007e-06
1.3540662415615669e-06
1.370929964772177e-06
1.388003711138338e-06
1.4052900961634583e-06
1.4227917680173616e-06
1.4405114081650697e-06
1.4584517310626838e-06
1.476615485241045e-06
1.4950054532363479e-06
1.5136244522883135e-06
1.5324753348893268e-06
1.5515609889369472e-06
1.5708843382952674e-06
1.5904483432088993e-06
1.6102560009967682e-06
1.6303103461016985e-06
1.6506144505587178e-06
1.6711714250071356e-06
1.6919844188296163e-06
1.713056620462969e-06
1.7343912582313062e-06
1.7559916004098926e-06
1.7778609561300447e-06
1.8000026756847433e-06
1.8224201512029326e-06
1.8451168169527616e-06
1.8680961501138816e-06
1.8913616710542565e-06
1.914916943856885e-06
1.938765577009713e-06
1.96291122446339e-06
1.9873575850893124e-06
2.0121084039206264e-06
2.0371674727135206e-06
2.062538630662799e-06
2.0882257645194087e-06
2.1142328091444673e-06
2.1405637491240734e-06
2.167222618037687e-06
2.194213500212802e-06
2.221540530550605e-06
2.2492078951941526e-06
2.2772198328678267e-06
2.3055806352385903e-06
2.33429464626051e-06
2.3633662657885733e-06
2.392799946962844e-06
2.4226002004488387e-06
2.4527715891030007e-06
2.4833187363503114e-06
2.5142463225182094e-06
2.5455590851409018e-06
2.5772618207842838e-06
2.6093593858721444e-06
2.6418566989623102e-06
2.6747587382870275e-06
2.708070543676188e-06
2.741797217899988e-06
2.775943929278775e-06
2.8105159081589433e-06
2.8455184521375756e-06
2.8809569218102293e-06
2.9168367471449648e-06
2.9531634244621965e-06
2.9899425189372473e-06
3.027179665635129e-06
3.0648805685248723e-06
3.103051003599148e-06
3.141696818624248e-06
3.180823933571584e-06
3.2204383428490515e-06
3.260546115145001e-06
3.3011533951952964e-06
3.3422664038715066e-06
3.383891439564477e-06
3.4260348790188667e-06
3.4687031786491125e-06
3.5119028747431844e-06
3.555640585785672e-06
3.5999230121189955e-06
3.6447569381213617e-06
3.6901492315497252e-06
3.7361068467217705e-06
3.782636823946331e-06
3.829746292198131e-06
3.877442467765684e-06
3.925732658233101e-06
3.97462426073173e-06
4.024124766444586e-06
4.0742417574779905e-06
4.1249829129243e-06
4.176356004932723e-06
4.228368905050822e-06
4.281029580104068e-06
4.3343460990954985e-06
4.388326628348635e-06
4.442979439275678e-06
4.498312902553175e-06
4.554335497472181e-06
4.6110558041215916e-06
4.6684825143299136e-06
4.726624423049761e-06
4.785490440507856e-06
4.845089581557299e-06
4.905430980355063e-06
4.966523876787782e-06
5.028377634754e-06
5.091001725172559e-06
5.154405747237294e-06
5.218599408449501e-06
5.28359254962571e-06
5.349395120419001e-06
5.416017209273344e-06
5.483469014097228e-06
5.551760877713172e-06
5.620903252119818e-06
5.690906740781561e-06
5.7617820558267425e-06
5.833540068686939e-06
5.906191757744199e-06
5.979748269182433e-06
6.054220854005352e-06
6.12962094051104e-06
6.2059600588807145e-06
6.283249926926533e-06
6.361502360149006e-06
6.440729374367462e-06
6.520943076480934e-06
6.6021557882239845e-06
6.6843799150315825e-06
6.767628092869786e-06
6.851913032193151e-06
6.937247692271036e-06
7.023645094494848e-06
7.1111185313290325e-06
7.199681341483934e-06
7.289347160413431e-06
7.380129650661491e-06
7.472042800613001e-06
7.565100602612571e-06
7.659317410803942e-06
7.754707551513047e-06
7.85128575535093e-06
7.949066688896092e-06
8.04806547378964e-06
8.14829712263588e-06
8.249777157384123e-06
8.352520941700792e-06
8.456544416313464e-06
8.561863298402086e-06
8.66849396190879e-06
8.776452480031794e-06
8.885755679229838e-06
8.996419990421611e-06
9.108462710450001e-06
9.221900628126776e-06
9.33675153230425e-06
9.453032568400375e-06
9.570762043973257e-06
9.689957454331322e-06
9.810637651287528e-06
9.932820474793614e-06
1.005652535223116e-05
1.0181770459099788e-05
1.0308575831774567e-05
1.0436959967275816e-05
1.0566943550621255e-05
1.0698545381995165e-05
1.0831786840657075e-05
1.0966687005212541e-05
1.1103268002155778e-05
1.1241549157281223e-05
1.1381553403599183e-05
1.1523300275630578e-05
1.1666813583722222e-05
1.1812113020518442e-05
1.1959223354925238e-05
1.210816437757263e-05
1.2258961912007448e-05
1.2411635769702469e-05
1.2566212941108527e-05
1.2722713165578246e-05
1.2881164732528658e-05
1.304158719483735e-05
1.320401029626249e-05
1.3368453263771932e-05
1.3534947480287312e-05
1.370351167647921e-05
1.3874179092248501e-05
1.4046967755894119e-05
1.4221913023148539e-05
1.4399031970265637e-05
1.4578362375457015e-05
1.4759920061948e-05
1.4943745594584888e-05
1.5129853179453095e-05
1.5318286602119375e-05
1.5509058012189592e-05
1.5702214932666208e-05
1.5897766928566945e-05
1.609576587678803e-05
1.6296218120471833e-05
1.6499180624364104e-05
1.6704655745556577e-05
1.6912706413063465e-05
1.7123330078081152e-05
1.7336596681076684e-05
1.7552497661525376e-05
1.7771111222384143e-05
1.7992421463825306e-05
1.821651634675847e-05
1.844337103888878e-05
1.8673085045323515e-05
1.8905622689893188e-05
1.914109715825472e-05
1.9379459637938745e-05
1.9620839548590945e-05
1.986517219194038e-05
2.0112606278961578e-05
2.036305792574517e-05
2.061669879552773e-05
2.0873421857318095e-05
2.1133426114668726e-05
2.1396576635425955e-05
2.1663105016300234e-05
2.1932842726066562e-05
2.2206060239316448e-05
2.2482548604299242e-05
2.2762624688257025e-05
2.3046030945285108e-05
2.333313964156833e-05
2.362363482913372e-05
2.391795496712451e-05
2.4215713947173256e-05
2.4517429349259212e-05
2.4822630805616808e-05
2.5131930513096548e-05
2.5444756947164138e-05
2.57618354464334e-05
2.60824731716236e-05
2.6407530634039306e-05
2.673616977243165e-05
2.706941233305074e-05
2.7406246607228346e-05
2.7747886876654314e-05
2.8093113036898286e-05
2.8443370849541138e-05
2.8797188634835727e-05
2.915629122563282e-05
2.9518904083130487e-05
2.9887086172133807e-05
3.0258700553467254e-05
3.0636205553610275e-05
3.101702947539472e-05
3.140410999446369e-05
3.179435349565107e-05
3.219127163053316e-05
3.259114619980075e-05
3.299817576013844e-05
3.3407892594739075e-05
3.38253200163805e-05
3.424509049709205e-05
3.467321491119543e-05
3.510324917799625e-05
3.5542384695510154e-05
3.598288880372446e-05
3.643336674960182e-05
3.688454173188566e-05
3.734671286340682e-05
3.7808753461060756e-05
3.8282991192929055e-05
3.875608274851653e-05
3.924278484433784e-05
3.9727101002886726e-05
4.022669191585586e-05
4.072239145706672e-05
4.1235326693795965e-05
4.174254996667457e-05
4.22693229603226e-05
4.278818527809515e-05
4.332933592391189e-05
4.3859918114906734e-05
4.441604325589889e-05
4.49583796242178e-05
4.5530140572753314e-05
4.608421617079833e-05
4.6672335242727014e-05
4.723808348608763e-05
4.784336122834465e-05
4.8420639791879605e-05
4.904398713712066e-05
4.9632561568015154e-05
5.027500539645652e-05
5.087453522555074e-05
5.153724933417564e-05
5.214721774891157e-05
5.283159857571816e-05
5.3451276583955703e-05
5.415894506451981e-05
5.4787421629202515e-05
5.5520135008252066e-05
5.615670035721509e-05
5.691503932138778e-05
5.7559542493322666e-05
5.834369411968906e-05
5.899475099310549e-05
5.9809243048663575e-05
6.046318979058285e-05
6.131373647868813e-05
6.196888031476457e-05
6.285736587973378e-05
6.351107818080987e-05
6.444202214908861e-05
6.508672575934349e-05
6.606734946713252e-05
6.670001195892479e-05
6.773357556642628e-05
6.834974248534612e-05
6.944546288581809e-05
7.003582493849167e-05
7.120515086237795e-05
7.175999425116899e-05
7.301324275153746e-05
7.35208466300584e-05
7.487089674092776e-05
7.53153668056251e-05
7.678042711448411e-05
7.714693773073252e-05
7.874873324584765e-05
7.901377874712691e-05
8.078041820236458e-05
8.091392978253894e-05
8.287602064990622e-05
8.284415825432134e-05
8.503877644261095e-05
8.480493433209955e-05
8.727058964205095e-05
8.68004167054937e-05
8.958163049802503e-05
8.883178263851058e-05
9.197671457632331e-05
9.089412838822964e-05
9.447498603562196e-05
9.296290680913202e-05
9.708606823243668e-05
9.502790283837704e-05
9.980319600333591e-05
9.709154882172729e-05
0.00010264027002420512
9.913091771535272e-05
0.00010565308580249427
0.00010113996435406891
0.00010881313769925361
0.00010310477045929415
0.00011219324111957354
0.00010488340158961275
0.00011597159249574808
0.00010626664192653953
0.00012053386248298166
0.0001065112638794722
0.00012746648919327933
0.00010240414946054805
0.00012448916538137633
0.00010052661494519641
0.0001160147072286255
0.00010294499976752072
0.00011829909722729933
0.000102158661717791
0.00012877615143901035
0.00011161650126848563
0.00011889200445088909
0.00010806692524362247
0.0001240674702358794
0.00010068876523663364
0.00012240326716174204
9.82974823049074e-05
0.00011643027940796665
9.706706446097296e-05
0.00011115666170697757
9.635201535337557e-05
0.00010393455899771728
9.817559235690261e-05
9.198282596195823e-05
9.03736823418996e-05
8.302248596943665e-05
9.46516526297667e-05
8.04340292075345e-05
0.000105622060034812
7.293761814321161e-05
9.496368455664292e-05
7.30114488232958e-05
8.725610807372772e-05
7.062147971244066e-05
6.637686580784351e-05
8.129175259929285e-05
5.480008048284972e-05
8.39484047876185e-05
6.58643673524896e-05
9.106653600270091e-05
7.797135452607801e-05
8.468167067240127e-05
8.63140547497691e-05
8.397776154818825e-05
9.110561585897995e-05
8.570143396782814e-05
9.651781929197583e-05
8.441538074471364e-05
8.832260602366254e-05
7.433766942657719e-05
7.937864772577114e-05
5.656470545338752e-05
5.981364902130125e-05
5.993829407108039e-05
5.187749449739345e-05
5.2618556543903265e-05
5.967587641225478e-05
4.726400800254232e-05
5.5951376590469116e-05
4.8509311107317147e-05
4.46074848067699e-05
5.5588614152434e-05
3.982426966447188e-05
4.979133456466406e-05
4.394931557607592e-05
