-0.000332350774966726
-0.00026062307701433293
-0.0003129173069636626
-0.0002897765961072077
-0.00029806763303969223
-0.0002869708689576539
-0.000303198909272449
-0.0002943434573059398
-0.0003128015610271356
-0.0002919553090848505
-0.0003136170601779557
-0.0003058144955540691
-0.0003091661565117529
-0.00033121850528692904
-0.00031960956239742035
-0.00033908236309505575
-0.00033011737558010114
-0.0003442980823706727
-0.0003388561321029653
-0.0003500572489819149
-0.00034498310207618094
-0.00035774910192252915
-0.0003485350419004241
-0.0003728676961117204
-0.00033113050372849946
-0.00035949795122887027
-0.0003291275163326778
-0.00034050823262168515
-0.0003322471115735099
-0.00034945394094245416
-0.00032296214394305625
-0.00035711510006905626
-0.0003220742594854183
-0.00034953876438150106
-0.00030850503334120576
-0.000329347974415392
-0.0003150860563133635
-0.0003317377582906868
-0.00031523211494278
-0.00032236539217406695
-0.0003149312957112499
-0.000308716404962395
-0.00032028641913402987
-0.0003135654196551634
-0.00032874998376194607
-0.00031265320969722695
-0.0003201098228108484
-0.0003098759287034086
-0.0003127996139002196
-0.00033825904294509387
-0.00030579259028143944
-0.000341045058157329
-0.0003193929537185927
-0.0003415551635073131
-0.0003319875220431405
-0.000346655232589041
-0.00034022259381198087
-0.0003559537297236556
-0.0003347727188758227
-0.0003592891603235594
-0.0003236427272715359
-0.00033523424567265454
-0.00033412878816122557
-0.00035005070401910216
-0.0003639813526888989
-0.0003606387485631379
-0.00039429475048320727
-0.0003926536504366565
-0.0003825280287629212
-0.0003813078203836952
-0.00039028349767026557
-0.00036011088903891277
-0.00037787166024158645
-0.0003569494816983908
-0.0003516199560725672
-0.00033413392875188044
-0.0003738919473323173
-0.00029791775127501277
-0.0003625117495686339
-0.00032441434274572815
-0.0003854910551589896
-0.0003533982025475887
-0.0003953806622599076
-0.00034734982509832094
-0.000412286273867019
-0.00033226720628830927
-0.0004175114154324838
-0.00031761358562721156
-0.0004255774304527957
-0.00031062426219353626
-0.00043196030531578405
-0.00026894888516772024
-0.00042910324941846295
-0.0002254475613704645
-0.00047767989014418233
-0.00018746364754383563
-0.0005504489916304976
-0.0001719508117507205
-0.0007007204128095744
-0.00011492526416821084
-0.0008366540045306593
5.888824944069997e-05
-0.001022376687704959
0.0002624783244649471
-0.0012161545273212035
0.0005463123946389727
-0.001598330069824057
0.0008007828273215584
-0.002029795361412521
0.001381765631815182
-0.002666053313200506
0.0022089423864994273
-0.0033488298916655177
0.0035011322661964057
-0.005162198242845008
0.006341358001359235
-0.00973219848787411
0.01489935165728862
-0.0317554339648194
0.13499617178925713
0.26961206276342553
0.19879591885955544
0.09951002978077442
0.134501201376875
0.1807756287941743
-0.03801058690783826
-0.14223677895724088
-0.06335031105780425
-0.03550994718293269
-0.1351287933984439
-0.25685565904896956
-0.25081927789143366
-0.11816753096061162
-0.07782597514445361
0.035846133468370005
0.08855774632469691
0.06772517419859947
0.11241374886503805
0.0906935905577175
-0.05663797934842824
-0.048549757910539
0.0579534418738073
0.06183228461707625
0.024961123281006952
0.010705871914234494
0.002171030463333254
-0.03460347145607587
-0.027227415095006882
-0.013020266361879966
-0.002826432472321429
-0.009978667177413872
-0.016578469328586847
-0.003110513361476816
0.02757245767485512
-0.009789663115519216
-0.02467509812467307
-0.005977230587426148
-0.021842078977190347
-0.03702743371409095
0.0034183503285117054
0.04810087808728955
0.014861665802413656
-0.03502950059852025
-0.03215531341581855
-0.003507890733374051
0.009285937398735882
0.023296794696599683
0.025551717859684592
0.02174146180149219
-0.007050345879497628
-0.017915065004132386
-0.0059573824101284145
0.002689000644766026
0.00042678574688930437
0.005779139613466511
0.010012111367551419
-0.001230958305063389
-0.014592267704135096
-0.020858615605087893
-0.010307525564864117
-0.0024146887980107555
-0.0013537034450073768
0.005038754455671763
0.010335397777222116
0.0022609250275953223
-0.0052042276742466816
-0.0019738622434098763
0.005627667666511414
0.0066068192078231405
0.005820400360118891
0.0028693570333961273
0.00568785508854735
0.006029974095123319
-0.000745305746633281
-0.009230750602331089
-0.009491691315172558
-0.007202374167041042
-0.0038665590336747174
0.0026938402154930655
0.004414679535695896
-0.000840121878046557
-0.008729399878918805
-0.008120823752321765
-0.002946668383681521
0.002056310167567553
0.004905405638754424
0.00727103541339071
0.0058211509719257645
0.0007001890843549576
-0.0034034489009307192
-0.0015824669093446435
0.0020012346196791853
0.0025593846679308613
0.00198450517515292
0.0028356787676390625
0.00156336060963381
-0.0033586600473595953
-0.006283369574785969
-0.004605004244448199
-0.0016876952587802315
-0.000875982185703973
-0.0006255025073042337
-0.0008628322995546262
-0.0021831865432538943
-0.003661620037165186
-0.003197090358690259
-0.0018528934799930006
-0.000702253301107523
-0.0005492514040179705
0.0004847795322382608
0.0012012350858677458
0.0010305528122671055
-0.000560692942538586
-0.001020130693882779
-0.0003875288548607444
0.0005147237157282038
0.0015560503800948165
0.0021601710600852655
0.001950131773157298
0.00019316569317613268
-0.0014978495997825432
-0.0018818971626119606
-0.0009807367790369836
-0.00021171567468638986
-0.00012437727335763756
-0.000275724794344753
-0.00043960268158583013
-0.0010517697857994114
-0.0018746342462970488
-0.001522431728313681
-0.0003641356994840341
0.0005023857251293531
0.0005370250318188499
0.000638512206555978
0.00045300026701422877
-0.0001622894920695272
-0.0006882797807666762
-0.00026793219722069065
0.00039156099318964814
0.0006302376744604867
0.0003850122464246846
7.67927699244936e-05
-0.0006209770082306945
-0.0012246027970149668
-0.0016611967658795167
-0.00135198970974323
-0.0011793214952667008
-0.0009943069799876736
-0.0009864644837694328
-0.0007592261173525494
-0.000979664518754777
-0.0012180926261376964
-0.0010157151320781318
-0.0006234080808979275
8.788985531993471e-05
0.00010573850651047787
0.0005884881627180214
0.00021380353470387724
0.0002597660219142204
-0.0005189082587171937
2.1620726835913694e-05
0.00020478586119524692
0.0008106405224332144
0.0001287333902707942
0.00021528596445594714
2.2765597214957937e-05
-5.360035163416146e-05
-0.0007926679422779524
-0.0006357666097259946
-0.00047418320325584714
-0.0001233782173215812
-0.0006499842308220653
-0.0007940406301673316
-0.0007900137365770407
-0.0008899051471108262
-0.001218736460437704
-0.0010702155160281406
-0.0006442596064462381
-0.00016183456690507773
-0.0002498881313602801
-0.0004154692122447708
-0.00032306972346250295
-1.1584235049662652e-05
4.3102762320801924e-05
-4.383523287646349e-05
-1.914785010061074e-06
6.837790688982355e-05
-0.0001216366907306087
-0.0004947412874323382
-0.0008445412631296551
-0.0007868622856649716
-0.0005488201858499551
-0.0006768610309507012
-0.0006234117359641671
-0.00041153277128364366
-0.0003412027469931364
-0.0003460555444235701
-0.0007709003523142101
-0.0008291441465060874
-0.0006522137863035
-0.0003011114217102257
-0.0003852485885121441
-0.00037179491614024087
-7.867111337886683e-05
1.107110635053827e-05
-0.0001513745914967045
-0.00023960226313961578
0.000127010531535261
0.0005188286910117353
0.0003746503007657524
3.44948744932707e-05
-9.134356831646639e-05
-0.0002075793600291057
-0.0003010538507763781
-0.00010007112318177682
-0.0003546790777335595
-0.00010034907217427449
6.342342846288036e-06
-5.9582744400328244e-05
8.309329765346986e-05
-4.7946568545483145e-06
4.04029840601613e-05
-1.779898933802152e-05
1.8440551385318798e-05
-1.0939312694585785e-05
7.937754492805e-06
4.826733000777355e-06
1.1300773566771407e-05
6.659586618948626e-06
4.259384464052392e-06
3.7125593271939436e-07
2.4014429842756377e-06
2.398843345232868e-06
2.5691825961951173e-07
-7.892387946014517e-07
-1.5399326064660657e-07
-8.045619779304194e-07
-1.7386899105265377e-06
-1.9592775064112417e-06
-3.1694558696874e-06
-2.076612975019862e-06
-2.765188917723538e-06
-1.359245157608012e-06
-1.427880158246875e-06
-1.0603447339403889e-06
-1.029334758533793e-06
-1.0996829281424876e-06
-9.7670039590032e-07
-1.229226733649323e-06
-1.0273885828770458e-06
-1.1477478271551891e-06
-1.0037767191007838e-06
-1.12474694250722e-06
-1.0527209677317802e-06
-1.1076275160653432e-06
-1.0927310489560263e-06
-1.164692245484572e-06
-1.1774998127760117e-06
-1.2117689984396732e-06
-1.2177166196737296e-06
-1.2397964244854898e-06
-1.2460034696621606e-06
-1.2684023757130597e-06
-1.2856910018375217e-06
-1.3009933584537392e-06
-1.315018833637771e-06
-1.3220265186325575e-06
-1.3379998202445176e-06
-1.3440591725526196e-06
-1.358673220010903e-06
-1.367177849948692e-06
-1.3821664766183739e-06
-1.393367747157953e-06
-1.4072531448680592e-06
-1.4206685367661176e-06
-1.434429471820764e-06
-1.4482881198953773e-06
-1.4615009338581064e-06
-1.475883583110238e-06
-1.4898152334219192e-06
-1.5047404607827948e-06
-1.5192328770888795e-06
-1.534397635465437e-06
-1.5491613393845555e-06
-1.5643731062814532e-06
-1.5794618228039906e-06
-1.594954328657059e-06
-1.6103591265956285e-06
-1.6260448639279085e-06
-1.6417640287362534e-06
-1.657720943579969e-06
-1.673768593713626e-06
-1.689982715146485e-06
-1.7063528250128857e-06
-1.7228548434330276e-06
-1.739540567763354e-06
-1.7563599772740107e-06
-1.7733853848105963e-06
-1.7905491000512301e-06
-1.8079030071750483e-06
-1.8254047359833928e-06
-1.843090651209374e-06
-1.8609385130567788e-06
-1.8789664244520457e-06
-1.8971678842399833e-06
-1.9155474745575617e-06
-1.9341051127442317e-06
-1.95284150606215e-06
-1.9717615903908753e-06
-1.9908634199689848e-06
-2.010151564610244e-06
-2.029624444895603e-06
-2.0492873755450797e-06
-2.069139241961111e-06
-2.0891846538436884e-06
-2.109423203368972e-06
-2.1298587022777066e-06
-2.1504912845232878e-06
-2.1713241034476694e-06
-2.192358348418466e-06
-2.213596599284773e-06
-2.2350405147614216e-06
-2.2566921771029202e-06
-2.2785536594668865e-06
-2.300626839403519e-06
-2.322913961324072e-06
-2.3454168972258937e-06
-2.368137949498167e-06
-2.3910790279734536e-06
-2.4142424121109e-06
-2.4376301381510675e-06
-2.46124448416348e-06
-2.485087571872267e-06
-2.509161659560371e-06
-2.533468950828498e-06
-2.5580117204991896e-06
-2.58279224070043e-06
-2.6078128170902294e-06
-2.6330757822274307e-06
-2.6585834759282453e-06
-2.68433827694937e-06
-2.710342568116973e-06
-2.7365987782633364e-06
-2.7631093380303836e-06
-2.7898767201969864e-06
-2.816903405110805e-06
-2.844191911458989e-06
-2.87174477045987e-06
-2.899564546701732e-06
-2.927653823803686e-06
-2.9560152140176306e-06
-2.9846513529243257e-06
-3.013564901782124e-06
-3.0427585482061567e-06
-3.0722350052693817e-06
-3.101997013489383e-06
-3.1320473385528265e-06
-3.1623887735435887e-06
-3.193024138412177e-06
-3.22395628084522e-06
-3.255188075448385e-06
-3.2867224255759804e-06
-3.3185622619810514e-06
-3.350710543994946e-06
-3.3831702597603254e-06
-3.41594442608173e-06
-3.44903608951337e-06
-3.4824483254178208e-06
-3.516184239544863e-06
-3.55024696706616e-06
-3.5846396741567545e-06
-3.619365557973493e-06
-3.6544278454622642e-06
-3.6898297955958068e-06
-3.7255746990211828e-06
-3.7616658787615555e-06
-3.7981066885903894e-06
-3.834900514946802e-06
-3.872050778366903e-06
-3.9095609322656185e-06
-3.947434462340102e-06
-3.985674888692891e-06
-4.0242857658887126e-06
-4.063270682528907e-06
-4.1026332622212756e-06
-4.142377163492802e-06
-4.182506080062222e-06
-4.223023742007386e-06
-4.26393391565241e-06
-4.305240403360565e-06
-4.3469470438635e-06
-4.3890577134846785e-06
-4.4315763266759975e-06
-4.4745068351327805e-06
-4.517853229257535e-06
-4.561619537480927e-06
-4.605809828132478e-06
-4.650428208634137e-06
-4.695478825447752e-06
-4.740965866144753e-06
-4.78689355872463e-06
-4.833266171714863e-06
-4.8800880153791314e-06
-4.9273634416217166e-06
-4.975096844484769e-06
-5.023292660516422e-06
-5.071955369195639e-06
-5.121089493753764e-06
-5.1706996008804075e-06
-5.220790301681933e-06
-5.271366251588544e-06
-5.322432151505025e-06
-5.3739927480503824e-06
-5.426052833296872e-06
-5.478617245963872e-06
-5.531690871830039e-06
-5.585278643637686e-06
-5.63938554229166e-06
-5.694016597000348e-06
-5.7491768853108575e-06
-5.804871534074822e-06
-5.861105719898781e-06
-5.9178846696004116e-06
-5.97521366015784e-06
-6.033098020326164e-06
-6.091543130383285e-06
-6.1505544223705965e-06
-6.21013738101492e-06
-6.270297544358668e-06
-6.331040503959426e-06
-6.392371905651968e-06
-6.454297449887183e-06
-6.516822892519611e-06
-6.579954044852877e-06
-6.643696774644286e-06
-6.708057006695389e-06
-6.773040722876136e-06
-6.838653962995421e-06
-6.904902825595534e-06
-6.971793468454979e-06
-7.0393321085264484e-06
-7.107525023276514e-06
-7.1763785510469614e-06
-7.2458990913854954e-06
-7.316093105723532e-06
-7.3869671185264675e-06
-7.458527717025506e-06
-7.5307815525907224e-06
-7.60373534086894e-06
-7.677395862574716e-06
-7.75176996421984e-06
-7.826864558503865e-06
-7.902686625240273e-06
-7.97924321120026e-06
-8.056541432501784e-06
-8.134588473520012e-06
-8.21339158858534e-06
-8.292958101977551e-06
-8.373295409085861e-06
-8.45441097677282e-06
-8.53631234489676e-06
-8.619007124570295e-06
-8.70250300333141e-06
-8.786807741009164e-06
-8.871929174031222e-06
-8.957875212553936e-06
-9.044653845399525e-06
-9.132273139759122e-06
-9.220741237617858e-06
-9.310066362012162e-06
-9.400256815479701e-06
-9.491320982429771e-06
-9.583267325665205e-06
-9.676104389827044e-06
-9.769840805149986e-06
-9.864485284967266e-06
-9.960046624482723e-06
-1.0056533706309399e-05
-1.0153955498016533e-05
-1.025232105498217e-05
-1.035163951953921e-05
-1.0451920122989328e-05
-1.0553172185727704e-05
-1.0655405118678281e-05
-1.0758628424703796e-05
-1.0862851698036264e-05
-1.0968084624653165e-05
-1.1074336985899373e-05
-1.1181618658114185e-05
-1.128993961176984e-05
-1.1399309915363382e-05
-1.1509739734090647e-05
-1.1621239332261274e-05
-1.1733819073122252e-05
-1.1847489419909056e-05
-1.1962260938371515e-05
-1.2078144296400134e-05
-1.219515026384477e-05
-1.23132897163076e-05
-1.2432573634517429e-05
-1.255301310537166e-05
-1.2674619322888825e-05
-1.2797403589907093e-05
-1.2921377319370024e-05
-1.3046552033494285e-05
-1.3172939366379592e-05
-1.3300551065215105e-05
-1.3429398991508584e-05
-1.3559495121046386e-05
-1.3690851545376543e-05
-1.382348047341761e-05
-1.3957394232919085e-05
-1.4092605270119019e-05
-1.4229126152162652e-05
-1.436696956831282e-05
-1.4506148330740987e-05
-1.4646675375311335e-05
-1.4788563763230497e-05
-1.493182668256543e-05
-1.5076477448913023e-05
-1.5222529506923183e-05
-1.5369996431389976e-05
-1.5518891928953393e-05
-1.5669229838616294e-05
-1.5821024133704648e-05
-1.5974288922599583e-05
-1.6129038450864164e-05
-1.6285287101694412e-05
-1.6443049397549953e-05
-1.6602340001871385e-05
-1.6763173720051733e-05
-1.6925565500786055e-05
-1.708953043772464e-05
-1.725508377052251e-05
-1.7422240886830892e-05
-1.759101732328166e-05
-1.7761428766681266e-05
-1.7933491055995487e-05
-1.81072201836021e-05
-1.8282632297044257e-05
-1.8459743700101252e-05
-1.863857085438619e-05
-1.8819130381026502e-05
-1.9001439062416026e-05
-1.918551384306132e-05
-1.937137183218897e-05
-1.955903030414043e-05
-1.9748506701175797e-05
-1.9939818634476898e-05
-2.0132983885144326e-05
-2.0328020407361577e-05
-2.052494632888218e-05
-2.0723779952857777e-05
-2.0924539760578103e-05
-2.1127244411308158e-05
-2.1331912745531367e-05
-2.153856378628153e-05
-2.1747216741678337e-05
-2.19578910035257e-05
-2.217060615385038e-05
-2.2385381963110212e-05
-2.260223839535688e-05
-2.2821195605724452e-05
-2.3042273943633647e-05
-2.3265493959345827e-05
-2.3490876399750576e-05
-2.371844221287292e-05
-2.3948212549240126e-05
-2.418020876561092e-05
-2.441445242586061e-05
-2.4650965301044152e-05
-2.48897693733742e-05
-2.5130886839458476e-05
-2.5374340108961276e-05
-2.5620151811396423e-05
-2.5868344793411775e-05
-2.6118942123145444e-05
-2.637196709269138e-05
-2.662744321986748e-05
-2.6885394250042265e-05
-2.714584415798582e-05
-2.7408817150996424e-05
-2.7674337672379742e-05
-2.794243040092799e-05
-2.8213120254050447e-05
-2.848643239171519e-05
-2.876239221671819e-05
-2.904102537823732e-05
-2.932235777394895e-05
-2.9606415552947143e-05
-2.9893225116833615e-05
-3.0182813123203443e-05
-3.0475206487890827e-05
-3.0770432388038844e-05
-3.1068518263201866e-05
-3.136949181937825e-05
-3.1673381030449834e-05
-3.198021414164802e-05
-3.229001967207487e-05
-3.2602826416329314e-05
-3.291866344837328e-05
-3.3237560124583956e-05
-3.3559546084704754e-05
-3.388465125508396e-05
-3.421290585325931e-05
-3.454434038939111e-05
-3.487898566871257e-05
-3.521687279472855e-05
-3.555803317294192e-05
-3.59024985125537e-05
-3.6250300829956906e-05
-3.660147245181328e-05
-3.6956046018201934e-05
-3.7314054485002165e-05
-3.7675531127620164e-05
-3.804050954350454e-05
-3.840902365595468e-05
-3.878110771697119e-05
-3.9156796309652863e-05
-3.953612435249061e-05
-3.9919127102682785e-05
-4.030584015871129e-05
-4.069629946360241e-05
-4.1090541308883705e-05
-4.148860233760569e-05
-4.1890519547707204e-05
-4.229633029557167e-05
-4.270607229982286e-05
-4.3119783643758816e-05
-4.353750278015265e-05
-4.395926853437729e-05
-4.438512010766824e-05
-4.481509708052859e-05
-4.524923941790827e-05
-4.568758747129284e-05
-4.6130181983246175e-05
-4.657706409053866e-05
-4.702827532921105e-05
-4.7483857637313075e-05
-4.7943853359439805e-05
-4.840830524994663e-05
-4.887725647745181e-05
-4.935075062882806e-05
-4.982883171363435e-05
-5.031154416709516e-05
-5.079893285516823e-05
-5.1291043078556585e-05
-5.1787920576959684e-05
-5.2289611532419064e-05
-5.279616257578096e-05
-5.3307620787832865e-05
-5.3824033706468665e-05
-5.434544932999977e-05
-5.487191612282613e-05
-5.5403483015836134e-05
-5.5940199416863e-05
-5.648211521030522e-05
-5.702928076708601e-05
-5.7581746941611335e-05
-5.8139565083885304e-05
-5.870278704000933e-05
-5.927146516128054e-05
-5.984565230064882e-05
-6.042540182912804e-05
-6.1010767628833125e-05
-6.160180411081786e-05
-6.219856620478628e-05
-6.280110938205235e-05
-6.34094896404811e-05
-6.402376353234783e-05
-6.464398814528491e-05
-6.527022113478548e-05
-6.590252069632358e-05
-6.654094561045487e-05
-6.718555520362395e-05
-6.783640940340825e-05
-6.849356868808706e-05
-6.915709415495903e-05
-6.98270474561234e-05
-7.050349088435814e-05
-7.118648728466725e-05
-7.187610016888687e-05
-7.257239359990942e-05
-7.327543233248376e-05
-7.398528166935108e-05
-7.470200763445853e-05
-7.542567679166715e-05
-7.615635646224033e-05
-7.689411449225773e-05
-7.763901952919565e-05
-7.839114072360074e-05
-7.915054807652047e-05
-7.991731206592192e-05
-8.069150407650529e-05
-8.147319593491834e-05
-8.226246044295927e-05
-8.305937079457703e-05
-8.386400124440921e-05
-8.467642636994776e-05
-8.549672191905219e-05
-8.632496386617254e-05
-8.716122949757474e-05
-8.800559619453677e-05
-8.885814282983578e-05
-8.971894819741547e-05
-9.058809281500477e-05
-9.146565688162016e-05
-9.235172263410526e-05
-9.324637165555267e-05
-9.414968799071927e-05
-9.506175457168656e-05
-9.59826573546103e-05
-9.691248056913418e-05
-9.785131221159808e-05
-9.879923772619648e-05
-9.975634731382559e-05
-0.00010072272751696955
-0.00010169847094279203
-0.00010268366506962666
-0.00010367840517185121
-0.00010468277943375472
-0.00010569688613174585
-0.00010672081385974808
-0.00010775466426090501
-0.0001087985259996514
-0.00010985250470972856
-0.0001109166883702618
-0.00011199118741068645
-0.0001130760887066329
-0.00011417150757326395
-0.00011527752939292338
-0.00011639427603194483
-0.00011752182859949196
-0.00011866031857578568
-0.00011980982146670089
-0.000120970477435333
-0.00012214235867523014
-0.00012332561269788036
-0.00012452030655668448
-0.0001257266007255992
-0.00012694454953667786
-0.00012817433272200435
-0.00012941599017281139
-0.0001306697179900339
-0.00013193554648974204
-0.00013321368568743833
-0.00013450415453425055
-0.0001358071816219969
-0.00013712276993124977
-0.0001384511696202002
-0.0001397923653318079
-0.00014114663345784692
-0.00014251393229221254
-0.00014389457538703607
-0.00014528848314858747
-0.0001466960167207077
-0.00014811704902979077
-0.00014955200069962095
-0.00015100067866917824
-0.00015246359200773128
-0.00015394044184875277
-0.00015543187415077622
-0.000156937430762236
-0.00015845795106275533
-0.00015999275736855206
-0.00016154295086539313
-0.00016310755370925294
-0.00016468802512805466
-0.00016628297505534226
-0.00016789434757584834
-0.00016952020015416954
-0.00017116311624108555
-0.00017282042218282404
-0.0001744955586043622
-0.00017618485146402886
-0.00017789292499101848
-0.00017961472517361715
-0.00018135650481382326
-0.00018311128445311353
-0.00018488764329346874
-0.00018667575763055277
-0.0001884877508294136
-0.00019030943929006922
-0.00019215723473416102
-0.00019401317816627323
-0.00019589960481764673
-0.00019778902081757366
-0.0001997159555307687
-0.00020164208253963672
-0.00020360559264272216
-0.00020556792215481456
-0.0002075727941853768
-0.00020956385621479466
-0.0002116160328747515
-0.00021363833621530423
-0.00021573348471950853
-0.00021779644413833388
-0.00021993032336484935
-0.0002220364018851971
-0.00022421378315259574
-0.00022635896867876683
-0.00022857956769548396
-0.00023077042205653115
-0.00023302893421006665
-0.00023526591588812632
-0.00023757097291850562
-0.00023984864897483651
-0.00024220237657189558
-0.00024452443470170636
-0.0002469227607949427
-0.0002492901857754069
-0.00025173996849871825
-0.00025414366329522915
-0.0002566581257769507
-0.00025908632156371766
-0.0002616774167014833
-0.00026412054084164996
-0.0002668003651445049
-0.0002692468894734411
-0.0002720306282377755
-0.00027446554721788927
-0.0002773726409080895
-0.00027977428310494465
-0.0002828248105214774
-0.0002851690358242735
-0.0002883981232287454
-0.00029063910063732105
-0.00029411227492829716
-0.0002961771711880194
-0.0002999871134787332
-0.0003017918477690937
-0.00030601688212592015
-0.0003074590865076443
-0.0003122344473217714
-0.0003131247580059962
-0.00031866797427372584
-0.0003187672644527212
-0.0003254658836336216
-0.00032414925026089114
-0.0003330717638537137
-0.0003284205123111363
-0.0003438127667482837
-0.0003238001501727426
-0.00033569877887559607
-0.0003201452812119747
-0.0003594384822234383
-0.0003162805758771536
-0.00040124239097799705
-0.0003565688134764751
-0.00040275030379202946
-0.00037869562949056847
-0.0004077194364930206
-0.00038015397421792795
-0.0003968063301114268
-0.000368869900270964
-0.0003623108471143485
-0.0003641625870245241
-0.0003381561633220909
-0.00034384221898482053
-0.000351221199272768
-0.00032440939155316403
-0.00033360255226035204
-0.0003381499025105742
-0.00032351365520845877
-0.00033586796372202254
-0.0003124896431326368
-0.00034489775153374955
-0.000305295451173963
-0.0003499616729215857
-0.00030639705519218093
-0.00034618473599979906
-0.0003243598951947642
-0.00034406193133733093
-0.0003414101567928993
-0.0003442304664159897
-0.00036182349000505617
-0.0003252887457602646
-0.0003516174229743755
-0.0003222573490332975
-0.0003364554376881391
-0.0003166177326763175
-0.00032827797751684153
-0.00029932014294071124
-0.00030887716943365064
-0.00030770696069168455
-0.0003075266151865822
-0.00032186781043828114
-0.00030057959855845425
-0.00032600232174524713
-0.0003112051797445992
-0.00032970814968292443
-0.00032236127856774966
-0.0003355269087287227
-0.00033126619174599846
-0.000342464254914561
-0.00033826260533520436
-0.00035346195851747113
-0.00033599108004565733
-0.000343858403523941
-0.00033680834203893403
-0.0003573003485788311
-0.00031663775894077344
-0.00034639330996860207
-0.00031210921121686174
-0.00047162544390837326
-0.00045634575556589174
-0.0004756837883847395
-0.00048622206547058075
-0.0004954033951128762
-0.0005029592065279246
-0.0005064452644929268
-0.000510370526847375
-0.0005103814408579069
-0.000514569120908208
-0.0005102724245284224
-0.0005149982336858984
-0.0005159881690020524
-0.0005162142210745214
-0.0005218682575408455
-0.0005212280489670983
-0.0005317622745457687
-0.0005294798830383313
-0.000539238372872121
-0.0005372572982986607
-0.0005493618523734088
-0.0005463132570100847
-0.0005551776430924988
-0.0005551406334466332
-0.0005597162995199969
-0.0005605740247998038
-0.0005659172281981609
-0.000566979372621224
-0.0005699243154617426
-0.0005713741660436521
-0.0005743415512197152
-0.0005740169482236138
-0.0005739975851690637
-0.0005753858703948063
-0.0005744139618047547
-0.0005735113928283413
-0.0005784817949412067
-0.0005796429240154408
-0.0005825013795555856
-0.0005856560506479416
-0.0005868634656593718
-0.0005925346597349685
-0.0005923079044667483
-0.0006019604358753132
-0.0005996792684342435
-0.0006092029793980428
-0.0006088302522862987
-0.0006176087035122481
-0.0006193396072651366
-0.0006231759863193759
-0.0006257969384363337
-0.0006324177128932302
-0.0006341654129307943
-0.000640868589592613
-0.0006416520926805281
-0.0006451930797360847
-0.0006505260337054179
-0.0006521872644853918
-0.0006570483918249523
-0.00065701609072773
-0.000666513132758405
-0.0006656989863174831
-0.0006720681139844923
-0.0006733929152850661
-0.000677466390417629
-0.0006809259288035036
-0.0006853982177806173
-0.0006875738617502672
-0.0006927774640981396
-0.0006966160183150958
-0.0006990170209912811
-0.0007053392437489545
-0.0007063474177161852
-0.0007128407607797386
-0.0007155139708104365
-0.0007209350745049374
-0.0007285229239689641
-0.0007291427116420027
-0.0007403428988729376
-0.0007405235858768136
-0.0007506420152664705
-0.0007508822729297713
-0.0007600777494441759
-0.0007631730178419844
-0.0007722635435891288
-0.0007723879031400415
-0.0007825550725597877
-0.0007860020114720826
-0.0007924598014335139
-0.0007973522335722179
-0.0008057304616394294
-0.0008092220731402715
-0.0008159745003615002
-0.000823323490677557
-0.0008299082918570608
-0.0008336874193100857
-0.0008432933974817187
-0.0008464549594126537
-0.0008527199354438423
-0.000858140821179964
-0.0008661767571345258
-0.0008677534661705347
-0.0008710962613914224
-0.0008758597875250947
-0.0008785984105382109
-0.000885334751946806
-0.0008835398497338015
-0.0008995945085597083
-0.0009052683363143598
-0.0009110650093726227
-0.0009156915315741794
-0.000933857245225016
-0.0009432602392296412
-0.0009526606694202344
-0.0009517633148401579
-0.0009559268391693465
-0.0009628730943570144
-0.0009665132034867403
-0.0009627749616434943
-0.0009757657910469312
-0.0009667553735511563
-0.0009200325541249069
-0.0008985391692894786
-0.0009285492046362719
-0.0009579915259232712
-0.0009901459786794983
-0.001023081520674656
-0.0010478894146354503
-0.0011071590449089135
-0.001116098280382603
-0.0011655455857159428
-0.0011825580756387258
-0.001147244937770948
-0.0010913871129090709
-0.001164673847464392
-0.001251311684262213
-0.0011640256582736675
-0.00101520767502572
-0.0011165645645023615
-0.0011250137167488567
-0.0012693656633823622
-0.0010732344012113738
-0.001295784403135357
-0.0005739191670837878
0.01078333780367953
0.02390349067012434
0.02892896185709337
0.029034580833454525
0.026587484988756634
0.02864096786387589
0.028908691458568975
0.02226054176095631
0.013101336471699726
-0.0010871306438118623
-0.010531511381061953
-0.013148574886037837
-0.017212189953480582
-0.011734482870534383
-0.006030170781731281
-0.015287611619342886
-0.025992887785023497
-0.019438599903365154
-0.0001864830147302404
0.01255597486938781
0.011214031040607003
0.004798784695738143
-0.0014847333155747868
-0.005721895004316442
-0.0027767963871529015
0.006864726196193955
0.013904155357893196
0.01037402406806386
0.002301971865792318
-0.0011493130268598788
0.00048011143758698187
0.0031795680067557746
0.0037331770800149303
0.0023874740135700102
-4.670954213955217e-05
-0.0028387832528363978
-0.004274853647677175
-0.003380515002371675
-0.001705333156836365
-0.0010737633782176537
-0.0014374984580635595
-0.0008436070962002868
0.001938824925396042
0.0030016381675982418
0.0003340128563614891
-0.0032189099605735598
-0.004231862871905776
-0.0021327753469343857
0.0006625736080356794
0.002148869055948916
0.0011524536985876974
-0.0017581995525410036
-0.004369170953145779
-0.00355212211242835
0.0005487781939176998
0.00393535759228577
0.003421401971059415
-0.0002683925399286707
-0.003639700343133952
-0.003835157599311578
-0.0011665261551454566
0.0018332537963497739
0.00330878325232712
0.0019315346122478233
-0.0013253176302702452
-0.0029565281140693364
-0.0016429417115546734
0.0007049652249129332
0.0017777244780971522
0.0013540332237636597
2.9501782013778827e-05
-0.0011161697041184686
-0.0012116319597887024
-0.0004844390330827926
0.0002958688236305167
0.0004431174809072292
2.527373401098858e-05
-0.00018553163644147549
3.4088480914442746e-05
6.811632955514138e-05
-0.00028554063341500456
-0.0006093406807481452
-0.0007101929986881169
-0.00044209522551329997
0.00017119009541080208
0.00040820485000952784
-0.00025991954092607076
-0.0013213233591249257
-0.001794557332141776
-0.0013641062446836851
-0.00026469409040872765
0.0007569440720592222
0.000886035327277066
4.907487050024011e-05
-0.0007595861515906693
-0.0007440319822987014
0.00020525371413312074
0.0012548992994337485
0.0014703392598003945
0.0007685821686632042
-0.0001770603551321977
-0.000687141485254256
-0.00030167347229940534
0.0006599807412208413
0.001449481451601125
0.0014167001555197066
0.0007257763245721173
0.000140172673223536
0.000138271255812845
0.0005917153129335136
0.0008435778488104017
0.0006094018688628537
7.274547200070394e-05
-0.0005462286512670535
-0.0008570034462407757
-0.0008940149335886311
-0.0007253773194153456
-0.0004901233091005845
-0.0004090447698609159
-0.00045609086110787574
-0.00025956715821548633
0.00023913361040021167
0.0005507881385895255
0.000507156170938796
0.00048754586709426155
0.0007985819187699972
0.0011779659737829636
0.0012345531878685126
0.0010134804344824676
0.0006131941910677973
0.0001290615325550443
-0.00015383509327751528
-9.59596806720123e-05
0.00016418157215289907
0.00017042321510362768
-0.00022733361267783476
-0.0006514871495249997
-0.0007200668770400505
-0.00051802278767286
-0.00037556020050071004
-0.00030501445966148947
-0.00030768917798319165
-0.0005522665486023537
-0.0007284755019368649
-0.0005336471371253939
-0.0001027488487012315
0.000241570178002663
0.00027653295429101124
0.00018387913752271134
0.000167111717483633
0.00018545858361226144
0.0001223628450006066
-1.1881636760624253e-05
-0.00012212528768671804
-0.00020891994284685269
-0.0002989305469551553
-0.00036022972477058426
-0.0003388079448712817
-0.00028648579209327135
-0.00022021096874287165
-7.158076603179159e-05
0.00012082137750810655
0.00033951000867391695
0.00041525489070383685
0.00031831782247478666
0.00018829470207912502
0.00017318822598308867
0.00020309655755767353
0.000149922321731025
9.043845718836901e-05
8.61067904000783e-06
-0.00017986476248349332
-0.00041277866693239563
-0.0005720328104527046
-0.0005106100598758062
-0.00037176000066655064
-0.0002939587727595115
-0.0003525226143857286
-0.0004114761281501571
-0.00039229292892898726
-0.00026726278499232255
-8.941502855132723e-05
6.621716266399754e-05
0.00010055250221065832
3.5338307055113316e-05
-5.584623183888506e-05
-0.00010025767471395503
-5.616041274048955e-05
2.161291446211688e-05
0.00011856774247112915
0.00023722357312508065
0.00027374211585820687
0.00023287029524177126
0.00016848857690351167
9.385046762502771e-05
2.512264674433843e-05
-5.221888020931335e-06
-4.820273905939133e-05
-4.531050640204724e-05
-5.5168442525495005e-05
-6.225587283800938e-05
-7.531290278230951e-05
3.12065386902636e-05
-5.916310892546617e-05
2.118093566471387e-05
-3.2190684014844564e-05
1.0673718655293726e-05
-1.495688695896186e-05
6.820831892209896e-06
-4.915704716971711e-06
2.3409048166020223e-06
-1.9087380305890175e-06
2.1747338452542814e-07
1.1461446241833352e-06
1.9475269418549237e-06
1.414406169618701e-06
9.466476243757179e-07
1.3343595980195178e-06
-3.108167933880274e-08
2.216304749577333e-08
-5.742416623276663e-07
-4.223957462149634e-07
-1.4950627561461575e-06
-1.2999280516106737e-06
-1.7527565837980458e-06
-1.2759504223915216e-06
-1.495919697986752e-06
-1.4117223149456935e-06
-1.3092603903972974e-06
-1.4663890341671745e-06
-1.232603030084517e-06
-1.4082299253010723e-06
-1.161204897301611e-06
-1.3542723895574303e-06
-1.2132895870156256e-06
-1.327812385731029e-06
-1.2253157890571243e-06
-1.2933114204444207e-06
-1.255328635797531e-06
-1.2954032935374614e-06
-1.2888460211654012e-06
-1.3209163068660166e-06
-1.328116666381835e-06
-1.3438496532823052e-06
-1.358888776218823e-06
-1.3777770203309144e-06
-1.3977319448375716e-06
-1.4106868633513266e-06
-1.4293008765975108e-06
-1.4401526090541234e-06
-1.4584252055287173e-06
-1.4692646989390734e-06
-1.4871026886973835e-06
-1.4991087685565466e-06
-1.5145197381495308e-06
-1.5276440941554395e-06
-1.5426682347160353e-06
-1.5575904075779828e-06
-1.5720894701821628e-06
-1.58753608172843e-06
-1.6021184723932075e-06
-1.6179782669082168e-06
-1.6329722325467491e-06
-1.6492099108277036e-06
-1.6648250645580863e-06
-1.681231068795079e-06
-1.697234454165874e-06
-1.7138663753312605e-06
-1.730374458602281e-06
-1.7472811307049467e-06
-1.7641732777719243e-06
-1.781341524878001e-06
-1.798589711802731e-06
-1.8160385012887161e-06
-1.8336477641149379e-06
-1.8514230669503754e-06
-1.8693822765689528e-06
-1.8874740772883893e-06
-1.9057738430135294e-06
-1.924218304449974e-06
-1.9428736414208196e-06
-1.9616812270599818e-06
-1.980692718576136e-06
-1.9998708841023876e-06
-2.019245264754221e-06
-2.0388010829285584e-06
-2.0585514460670184e-06
-2.0784928220072456e-06
-2.0986261098572035e-06
-2.1189564286510764e-06
-2.1394816193361153e-06
-2.1602088993943577e-06
-2.181134494818167e-06
-2.2022655495650882e-06
-2.223599059063459e-06
-2.245141029901573e-06
-2.266890014780091e-06
-2.2888511359624663e-06
-2.311024041221012e-06
-2.33341245071481e-06
-2.3560170733342176e-06
-2.378840994243412e-06
-2.4018857858064857e-06
-2.425153896786148e-06
-2.4486474136828454e-06
-2.4723684465598146e-06
-2.4963193507137314e-06
-2.520502128997842e-06
-2.5449193031365665e-06
-2.5695729125800972e-06
-2.5944654595771e-06
-2.6195990616646237e-06
-2.6449762089731928e-06
-2.670599147817053e-06
-2.696470344937371e-06
-2.7225921508146887e-06
-2.748967026643096e-06
-2.7755974040230466e-06
-2.8024857589324724e-06
-2.8296345968033113e-06
-2.857046432199736e-06
-2.8847238264337896e-06
-2.9126693353874917e-06
-2.940885570986099e-06
-2.9693751413491692e-06
-2.9981407075459438e-06
-3.0271849323330885e-06
-3.056510524830099e-06
-3.086120203057066e-06
-3.116016724398439e-06
-3.146202863530187e-06
-3.176681429115769e-06
-3.207455252644378e-06
-3.238527195125593e-06
-3.2699001444512038e-06
-3.301577016122045e-06
-3.33356075496389e-06
-3.365854333013614e-06
-3.39846075274671e-06
-3.431383044086868e-06
-3.4646242676433968e-06
-3.4981875123765767e-06
-3.532075898292621e-06
-3.566292574806192e-06
-3.6008407225016455e-06
-3.6357235523474195e-06
-3.670944306666123e-06
-3.7065062589531023e-06
-3.7424127145105763e-06
-3.7786670107013885e-06
-3.815272517193751e-06
-3.852232636354587e-06
-3.889550803447397e-06
-3.927230487066226e-06
-3.965275189297809e-06
-4.003688446253248e-06
-4.042473828241772e-06
-4.081634940249558e-06
-4.121175422116378e-06
-4.161098948946567e-06
-4.20140923142017e-06
-4.242110016229238e-06
-4.283205086347223e-06
-4.324698261371197e-06
-4.366593397915778e-06
-4.408894389945178e-06
-4.451605169120587e-06
-4.494729705231272e-06
-4.538272006531505e-06
-4.5822361201084826e-06
-4.626626132206202e-06
-4.671446168642054e-06
-4.7167003952492716e-06
-4.762393018190427e-06
-4.808528284418136e-06
-4.855110482033902e-06
-4.902143940639235e-06
-4.94963303177405e-06
-4.997582169304158e-06
-5.045995809881457e-06
-5.094878453380325e-06
-5.144234643256326e-06
-5.194068966930614e-06
-5.244386056223616e-06
-5.295190587872628e-06
-5.346487283995312e-06
-5.398280912415716e-06
-5.450576287097141e-06
-5.503378268646893e-06
-5.556691764779451e-06
-5.610521730738767e-06
-5.664873169763387e-06
-5.719751133609634e-06
-5.775160723006103e-06
-5.831107087983045e-06
-5.8875954284437395e-06
-5.944630994723509e-06
-6.002219088048391e-06
-6.060365061017229e-06
-6.119074318037903e-06
-6.178352315864336e-06
-6.238204564120597e-06
-6.298636625773765e-06
-6.359654117719955e-06
-6.421262711294225e-06
-6.483468132765603e-06
-6.546276163844805e-06
-6.609692642223583e-06
-6.673723462171513e-06
-6.738374575089264e-06
-6.80365199002744e-06
-6.869561774236103e-06
-6.936110053719463e-06
-7.003303013838434e-06
-7.0711468998818535e-06
-7.139648017638194e-06
-7.208812733990895e-06
-7.27864747749477e-06
-7.349158738978973e-06
-7.420353072137804e-06
-7.492237094159906e-06
-7.564817486358694e-06
-7.638100994783917e-06
-7.712094430818027e-06
-7.786804671799614e-06
-7.862238661702211e-06
-7.93840341178029e-06
-8.015306001216489e-06
-8.092953577787489e-06
-8.171353358494307e-06
-8.250512630232328e-06
-8.330438750478233e-06
-8.411139148002512e-06
-8.492621323565229e-06
-8.574892850588239e-06
-8.657961375865697e-06
-8.741834620241696e-06
-8.826520379327302e-06
-8.912026524289084e-06
-8.998361002552746e-06
-9.08553183852687e-06
-9.173547134370594e-06
-9.262415070721453e-06
-9.352143907442022e-06
-9.442741984416666e-06
-9.534217722341967e-06
-9.626579623488792e-06
-9.719836272480402e-06
-9.813996337123626e-06
-9.909068569172031e-06
-1.0005061805153616e-05
-1.0101984967209144e-05
-1.0199847063924593e-05
-1.0298657191157317e-05
-1.0398424532873581e-05
-1.049915836199631e-05
-1.0600868041275171e-05
-1.070356302417231e-05
-1.0807252855750627e-05
-1.0911947173511313e-05
-1.1017655708349793e-05
-1.1124388285407228e-05
-1.123215482495695e-05
-1.1340965343451263e-05
-1.1450829954353162e-05
-1.1561758869112508e-05
-1.1673762398018762e-05
-1.178685095126644e-05
-1.1901035040011183e-05
-1.2016325277110912e-05
-1.2132732378301625e-05
-1.2250267163120727e-05
-1.2368940555856412e-05
-1.2488763586730256e-05
-1.2609747392741785e-05
-1.2731903218787723e-05
-1.2855242418777907e-05
-1.2979776456532247e-05
-1.3105516906930634e-05
-1.3232475456873265e-05
-1.3360663906612514e-05
-1.3490094170864149e-05
-1.3620778279553266e-05
-1.3752728379092107e-05
-1.3885956733648272e-05
-1.4020475726221631e-05
-1.4156297859781143e-05
-1.429343575836691e-05
-1.4431902168380445e-05
-1.4571709959746218e-05
-1.4712872126875225e-05
-1.4855401790092143e-05
-1.4999312196933883e-05
-1.5144616723276481e-05
-1.5291328874553797e-05
-1.5439462286977727e-05
-1.5589030728883023e-05
-1.5740048102012643e-05
-1.5892528442734656e-05
-1.604648592340636e-05
-1.620193485372777e-05
-1.635888968200757e-05
-1.6517364996494635e-05
-1.6677375526725265e-05
-1.683893614496014e-05
-1.7002061867582655e-05
-1.7166767856410635e-05
-1.7333069420112093e-05
-1.750098201566794e-05
-1.7670521249823996e-05
-1.7841702880500325e-05
-1.8014542818256592e-05
-1.8189057127813817e-05
-1.8365262029512025e-05
-1.8543173900814093e-05
-1.872280927779635e-05
-1.8904184856775863e-05
-1.9087317495838745e-05
-1.9272224216365826e-05
-1.945892220459565e-05
-1.9647428813264218e-05
-1.9837761563216332e-05
-2.002993814505553e-05
-2.022397642074264e-05
-2.0419894425281922e-05
-2.0617710368397036e-05
-2.081744263617881e-05
-2.1019109792827333e-05
-2.1222730582414438e-05
-2.1428323930606716e-05
-2.163590894642631e-05
-2.1845504923962387e-05
-2.2057131344204416e-05
-2.2270807876894737e-05
-2.2486554382315934e-05
-2.2704390913151802e-05
-2.2924337716358255e-05
-2.3146415235013188e-05
-2.3370644110235622e-05
-2.359704518308881e-05
-2.382563949653439e-05
-2.405644829743715e-05
-2.428949303844057e-05
-2.452479537999434e-05
-2.4762377192430072e-05
-2.5002260557909005e-05
-2.524446777253279e-05
-2.5489021348395124e-05
-2.573594401563805e-05
-2.5985258724650715e-05
-2.6236988648130387e-05
-2.6491157183222724e-05
-2.674778795379041e-05
-2.700690481252931e-05
-2.726853184320218e-05
-2.753269336290261e-05
-2.779941392423134e-05
-2.8068718317690285e-05
-2.834063157395694e-05
-2.861517896609407e-05
-2.889238601208938e-05
-2.9172278477113762e-05
-2.9454882375961488e-05
-2.974022397544821e-05
-3.0028329796705873e-05
-3.0319226617916387e-05
-3.0612941476682704e-05
-3.0909501672507327e-05
-3.1208934769389515e-05
-3.1511268598213316e-05
-3.181653125953999e-05
-3.212475112622233e-05
-3.243595684589574e-05
-3.2750177343790596e-05
-3.30674418253001e-05
-3.338777977880317e-05
-3.371122097824584e-05
-3.403779548592724e-05
-3.436753365556569e-05
-3.4700466134985865e-05
-3.5036623868773056e-05
-3.537603810127094e-05
-3.5718740379487013e-05
-3.606476255605778e-05
-3.6414136792198954e-05
-3.6766895560717605e-05
-3.712307164902544e-05
-3.7482698162096784e-05
-3.784580852559731e-05
-3.8212436488997825e-05
-3.8582616128731826e-05
-3.895638185138088e-05
-3.933376839682009e-05
-3.971481084144311e-05
-4.009954460144129e-05
-4.048800543613441e-05
-4.088022945122069e-05
-4.1276253102179666e-05
-4.1676113197659564e-05
-4.207984690287052e-05
-4.2487491743066366e-05
-4.289908560703654e-05
-4.331466675060435e-05
-4.373427380021018e-05
-4.415794575647004e-05
-4.4585721997791855e-05
-4.5017642284035926e-05
-4.545374676029443e-05
-4.589407596056073e-05
-4.633867081150659e-05
-4.6787572636237105e-05
-4.724082315819551e-05
-4.769846450495001e-05
-4.816053921225124e-05
-4.862709022788035e-05
-4.9098160915737844e-05
-4.9573795059738445e-05
-5.005403686799255e-05
-5.053893097677349e-05
-5.102852245486648e-05
-5.152285680758834e-05
-5.202197998119246e-05
-5.25259383668995e-05
-5.303477880549577e-05
-5.354854859134371e-05
-5.406729547713867e-05
-5.4591067677979967e-05
-5.511991387634028e-05
-5.565388322596374e-05
-5.61930253570939e-05
-5.673739038039398e-05
-5.728702889242686e-05
-5.784199197939346e-05
-5.8402331222933806e-05
-5.896809870375232e-05
-5.953934700782517e-05
-6.0116129229679426e-05
-6.06984989791922e-05
-6.128651038444914e-05
-6.188021809917733e-05
-6.247967730512545e-05
-6.308494372023166e-05
-6.36960736002778e-05
-6.431312374825679e-05
-6.493615151491241e-05
-6.556521480943767e-05
-6.620037209879794e-05
-6.684168241988551e-05
-6.748920537752017e-05
-6.814300115851084e-05
-6.880313052749944e-05
-6.946965484386114e-05
-7.014263605432635e-05
-7.082213671370127e-05
-7.15082199739101e-05
-7.220094960837329e-05
-7.290038999766018e-05
-7.360660615796208e-05
-7.43196637218386e-05
-7.503962897295648e-05
-7.576656881951423e-05
-7.650055083790943e-05
-7.724164323668308e-05
-7.798991491029172e-05
-7.87454353928076e-05
-7.950827492237246e-05
-8.027850438386663e-05
-8.105619538643937e-05
-8.184142019078893e-05
-8.263425180537185e-05
-8.343476389156943e-05
-8.424303088617937e-05
-8.505912787691065e-05
-8.58831307581436e-05
-8.671511607023005e-05
-8.755516119571738e-05
-8.84033441528424e-05
-8.92597438451895e-05
-9.012443979215684e-05
-9.099751245481783e-05
-9.187904287563447e-05
-9.276911311121411e-05
-9.366780574872357e-05
-9.457520447981856e-05
-9.549139345661792e-05
-9.641645804946787e-05
-9.735048399171287e-05
-9.829355838218549e-05
-9.92457685464122e-05
-0.00010020720336759376
-0.00010117795176931639
-0.0001021581044823224
-0.00010314775202684579
-0.00010414698705540882
-0.00010515590167066351
-0.00010617459053791187
-0.00010720314731053025
-0.00010824166877449959
-0.00010929025009964667
-0.00011034899026754344
-0.00011141798599118957
-0.00011249733854005919
-0.00011358714600523574
-0.00011468751238420693
-0.00011579853668632501
-0.00011692032599929284
-0.00011805298033665734
-0.00011919660948202687
-0.00012035131500525527
-0.00012151720926704957
-0.00012269439496457538
-0.0001238829882037072
-0.0001250830914138111
-0.00012629482565725477
-0.00012751829274851653
-0.00012875361815121284
-0.00013000090434284642
-0.00013126027998120571
-0.0001325318488940454
-0.00013381574326165022
-0.00013511206718466208
-0.00013642095810661656
-0.00013774251855452744
-0.00013907689293185099
-0.00014042418122919582
-0.00014178453498924935
-0.00014315805218450086
-0.00014454489114883173
-0.00014594514736327303
-0.00014735898819416603
-0.00014878650246918576
-0.00015022787274560773
-0.00015168317382297587
-0.00015315261135835222
-0.00015463623869608952
-0.0001561342913838843
-0.00015764679484380796
-0.00015917402209558577
-0.00016071596075022067
-0.0001622729344206528
-0.0001638448769016301
-0.00016543218074548203
-0.00016703470627741355
-0.00016865293615462754
-0.00017028663387215275
-0.00017193639984361642
-0.00017360186735442668
-0.00017528379441105867
-0.0001769816374116733
-0.0001786963667141303
-0.00018042719634795085
-0.0001821753895970299
-0.0001839398179847923
-0.00018572216711380493
-0.000187520790934443
-0.00018933804552060686
-0.00019117140822942625
-0.00019302442038230533
-0.00019489302043916899
-0.0001967821392712902
-0.0001986872287148825
-0.00020061289453717553
-0.00020255494409352403
-0.00020451922257048527
-0.00020649782231839386
-0.00020850216931739415
-0.00021051834256040347
-0.00021256226158022478
-0.00021461792711393798
-0.00021670090427155717
-0.00021879756182076326
-0.00022092056634371963
-0.00022305825962155856
-0.00022522320543908077
-0.0002274023461372402
-0.00022961006152554322
-0.00023183178282705063
-0.00023408239793928362
-0.00023634822658694793
-0.0002386416618001038
-0.00024095286746717015
-0.0002432904222639514
-0.0002456462839269466
-0.00024803121458383
-0.00025043014389364727
-0.0002528653014437683
-0.0002553065380643667
-0.00025779390465273193
-0.00026027736639855294
-0.00026281847336410394
-0.00026534425893183565
-0.0002679414712708273
-0.00027050825419841246
-0.00027316544236257205
-0.000275771688256317
-0.00027849201576574003
-0.0002811367188973853
-0.00028392497026004203
-0.000286602755611333
-0.0002894680720068545
-0.0002921698072566671
-0.00029512361536759954
-0.0002978390363666779
-0.0003008949701429174
-0.00030361089206972717
-0.0003067913256236349
-0.0003094857727702693
-0.00031281723698789747
-0.00031546210477096867
-0.00031898172711240444
-0.00032152408197571816
-0.00032530233825137013
-0.00032764681643117084
-0.00033184273585654974
-0.0003337030559444299
-0.0003388755279179136
-0.0003391310478143507
-0.0003478677531251205
-0.00033924922145740354
-0.0003507438130988366
-0.0003424375530210377
-0.00034900794350935704
-0.0003457097893244069
-0.0003506917809784393
-0.00035033350023318455
-0.00035366431047660217
-0.0003554959889502731
-0.00035683684608869815
-0.000357813156932844
-0.00035804191729845835
-0.00035988546111012464
-0.0003575751573059717
-0.00036130754642979416
-0.00035776471069337047
-0.00036191845698445226
-0.000359759329587403
-0.00036370863183753685
-0.00036373847655038895
-0.0003659770523683555
-0.00036832860185767667
-0.00036728578719964224
-0.0003722456417432824
-0.0003691268325879629
-0.0003754620921585974
-0.0003712674481010714
-0.0003789542788454975
-0.000376158462299107
-0.00038105495558928297
-0.00038118422566419145
-0.0003836017876151281
-0.000390097781008187
-0.0003880653501067548
-0.00039757995844529726
-0.00039642494161900655
-0.00040650863661053217
-0.0004053658246051002
-0.0004162852385306324
-0.00041720859983973097
-0.0004242173930322155
-0.000429962067740596
-0.0004292721076660914
-0.0004387215323975059
-0.00043640360420091795
-0.0004421863873666239
-0.0004411812349143615
-0.0004463894097662413
-0.0004471901170294377
-0.00045063571452093126
-0.00045057867799134957
-0.0004543910704192899
-0.0004553380374611145
-0.000458194770076928
-0.00046037831878342425
-0.0004625527741061122
-0.0004698886814861694
-0.0004688611818065843
-0.00047368142877123775
-0.0004740851315652502
-0.0004810017045481709
-0.000485028667002614
