-0.0002926540407790851
-0.0002829251987720887
-0.00029796663604683454
-0.00030828279186897924
-0.00031970611216060573
-0.000332869536927708
-0.0003413048178072445
-0.0003405161259862735
-0.0003630618095958722
-0.00034700043209251675
-0.00036276591307213605
-0.00037183199056826607
-0.0003583748517057124
-0.0003804120571424334
-0.00036691372273854226
-0.00038030029959414786
-0.00036891512837698427
-0.00039568244137154257
-0.0003750765340856686
-0.00039552890179211453
-0.0003852160547727103
-0.0003994967656735321
-0.00039422223206385057
-0.00040558560822456856
-0.00040254348502077685
-0.00041223416736897234
-0.0004093494453759521
-0.0004311317088765667
-0.0004165448053436166
-0.00043909634639274406
-0.00043770761002261897
-0.00044434687957781854
-0.00044896491826868325
-0.0004522941205835662
-0.0004583399447576701
-0.0004542867754815605
-0.00046826437130377595
-0.0004575784083304894
-0.00046392349491567424
-0.0004794102497674208
-0.0004637147811412631
-0.00048504989963653864
-0.0004693497176288014
-0.0004876680630635119
-0.00046984538801311175
-0.000485698962490561
-0.00047031929878061946
-0.0004823210820248687
-0.00047463302294907127
-0.0004900689801077283
-0.00048476473388778306
-0.0004945081501048717
-0.0004977986987286933
-0.0004929059241745985
-0.0005094995239653808
-0.0005023434253494633
-0.0005190431512203585
-0.0005085547041519288
-0.0005291062186962716
-0.0005204927612159116
-0.0005326800018169231
-0.0005333424420895458
-0.0005416469797346174
-0.0005439876399668771
-0.0005523706171178814
-0.0005543347259691878
-0.0005638072219406883
-0.0005648729583950403
-0.0005738543030424286
-0.0005866071369286654
-0.0005840268200313308
-0.0005992941955125733
-0.0005909923558385381
-0.0006110671905312843
-0.0005952457572417757
-0.0006335728131432431
-0.0006069891960154904
-0.0006514316715339336
-0.0006324404362004028
-0.0006678411179429284
-0.0006653172514893039
-0.0006732670479801815
-0.0006880128119582215
-0.0006938209279762744
-0.0007163025897442346
-0.0007114799018377877
-0.0007285530560827556
-0.0007222165675067169
-0.0007316601058053592
-0.0007233843895310104
-0.0007418744107836625
-0.0007185987118638667
-0.0007552750814245591
-0.0007236108762965464
-0.000768168072612816
-0.0007509786805703054
-0.0007874259450309277
-0.0007894524006970207
-0.0008189346588361292
-0.0008237615676961596
-0.0008353592032246452
-0.0008475082428040926
-0.000847015306432814
-0.0008755371323698349
-0.0008681365765282095
-0.0008699542516267094
-0.0008797635508316486
-0.0008843269928097875
-0.0008789013701113397
-0.0008998511592522929
-0.0009036751592341734
-0.000909961644007394
-0.0009190501497557155
-0.0009328853666388095
-0.0009530424131074604
-0.0009454718889659931
-0.0009929872404734333
-0.0009856678353345836
-0.0010127414726178413
-0.0009986407367182923
-0.0010201259888796865
-0.0009796718827315663
-0.0010048160547447703
-0.0010059046679701403
-0.001086729841880412
-0.0009627802025595302
-0.000994290679140824
-0.0009769715004580423
-0.0011899851121743884
-0.0009596427247668814
-0.0011786919806812894
-0.0007356669353879192
-0.0013963498922635342
-0.0005668075710147881
-0.001713087504209807
0.0004121603224613971
-0.0018683468586117595
0.005157663742413746
0.07612880880837755
0.10565342239688232
0.09281043882271582
0.05957186519877415
0.036981749926402484
0.011419433202266904
-0.01131947609304351
0.0014606409953385336
-0.011876535274459414
-0.03940853012008863
-0.06012153038479287
-0.07448169909536989
-0.0688873443799362
-0.08143705358551645
-0.07242264975157345
-0.0067831318641523326
0.014657248049290517
-0.005607745767233328
-0.0019483609055946393
0.026417197247814564
0.04234553147550978
0.030039835407060893
0.028090146438988554
0.03010188033857924
0.023322585989023308
0.012125988381247541
0.006832540598472447
0.01739407324537079
0.017208914200116027
-0.00336313047249412
-0.01550794331720631
-0.014459445652640353
-0.008759977701142053
-0.0017119225939272297
-0.004125086286882589
-0.014941328363616375
-0.0222537241030729
-0.02010422785699347
-0.008877356355719082
0.0015328657063840207
0.0034622689652331643
4.915089811996691e-05
-0.0025619011325444525
-0.00029940938602367125
0.0029007441948951363
0.005995293561143207
0.008539345674687176
0.01176339017487461
0.012335276248167371
0.00753541128624954
0.004054057007634752
0.004226739090878243
0.0037766395280154396
0.0015005836002463069
0.0023247958884950533
0.0038036857095242542
0.00041648841054873467
-0.004469319055119915
-0.007311264085706793
-0.006490331946133241
-0.0040605215522923266
-0.0038168529509487632
-0.0028131810211311416
-0.001979370519663373
-0.0021282105860565225
-0.0013206088781819746
0.0005870038446699309
0.0016448819358334072
0.00015835300881393227
-0.00015559170657219326
0.0019372584493938462
0.003504867275068452
0.003404722510003776
0.0015575259878700108
-9.017763553021804e-05
-0.0011556567259170098
-0.00160395944040396
-0.0008529528592948419
0.0004666818340377194
0.0004053139894401365
-0.0013728964051760574
-0.0026417635635368982
-0.002736376143594864
-0.0020076411430343033
-0.00118839505829082
-0.0003960160516907787
0.00043119006572893106
0.0005474902400006251
-1.8669286851851077e-05
-0.0005183810271336738
-0.00030884899336941084
0.00017526607510078246
0.0006901910512509176
0.0011941976157306073
0.0016615339213877298
0.001262678567319291
0.000488489322174186
0.00015844476625841522
0.000573262914876544
0.000836429932725158
0.00043057079740020074
-0.00010750267752280431
-0.0004198072017949428
-0.0008914990217092762
-0.0015615911795474802
-0.002045238794748657
-0.0020010831480953527
-0.0019155281238878513
-0.0016555674655399602
-0.0010171485522364357
-0.00026545218234793965
-3.748157478102296e-05
-7.255729213190515e-05
8.254316005194766e-05
0.0006872249775330619
0.001111468359344695
0.0014747751000511347
0.0017284779223709881
0.0018965086225323617
0.001758835013665143
0.001449186718510265
0.0012572899149711392
0.0010606269528708801
0.0005466945203732006
-7.75782888944958e-05
-0.0004945342384171347
-0.0009656648453665258
-0.0016336551131045014
-0.0022887257632060983
-0.002449681390399569
-0.0022316935321165196
-0.0018499277812499338
-0.0015156338459230765
-0.001077342591053503
-0.0006025765696341375
-0.00017232589226765055
0.0003415179277680517
0.0009114627891763532
0.0012790378742556913
0.0013183600286435838
0.0011603889726359373
0.0010807734952581192
0.000908558010017826
0.0006544467134254514
0.000430614536158859
0.00039789008955053303
0.00033911790347447666
0.0002335233387312189
-1.9636741786167254e-05
-0.00023412291208812187
-0.00048468079111333166
-0.0007087782268628011
-0.0008580972333114586
-0.0007465544856061631
-0.0007242965573537466
-0.0006211128854831208
-0.000598516269643021
-0.0004896944827817581
-0.0003929596379329491
-0.0003496908730432798
-0.00016824864245655862
-6.677384877833094e-05
0.00017858674607639224
0.00023767382362728894
0.0003149878308920406
0.00010382040788826282
-1.1631886946475152e-05
-0.00011388023967472114
-9.830386304464936e-05
4.07818592341189e-05
0.00013722449347475935
6.89612013610346e-05
-8.330461006428785e-05
-0.00024906052785521435
-0.00018593711492533336
-0.0001853932563665161
-0.0001768133907198572
-0.00024040689311011513
-0.00033551127300136753
-0.00037021968423502083
-0.00033923473856729776
-0.0002749047310054996
-0.0003087879902301336
-0.00040040927053595194
-0.0004079995197139805
-0.0003386986886882849
-0.0002423367820985347
-8.973910159645274e-05
2.4244215076907327e-06
1.4560356673898258e-05
1.5990288495427432e-05
5.408767001990406e-05
9.459789325304312e-05
0.0001524638156090654
0.00013842744824777619
4.519315638757391e-05
-0.00013878715642421941
-0.0003229380483766294
-0.0004366606646899054
-0.0005782805649436154
-0.0006173741141357942
-0.0005792243385932454
-0.0005158822435474906
-0.00041694226689484163
-0.00024415163166743804
-4.609801431852201e-05
7.200297392008398e-06
0.00010329736818394547
8.314846324159668e-05
9.270460938338272e-05
1.6312351891634744e-05
3.0868994634723355e-05
7.568921231817464e-05
-4.213725293424639e-06
7.206843861564272e-05
-5.390317963819419e-06
5.691838682434728e-05
-4.9062377714607745e-06
3.668443171889256e-05
-1.1571470544363173e-05
1.810433091408402e-05
-1.6656806939709156e-05
8.265368561001084e-06
-1.4460121293240636e-05
6.537859739796752e-06
-1.4172965595063175e-05
3.5272804402033085e-06
-1.2650783565384786e-05
2.687482267382628e-06
-1.0367298251272479e-05
3.5669959631478773e-06
-7.318926416091057e-06
3.5778267644237917e-06
-5.716532713871724e-06
3.327856538989601e-06
-4.285662831449087e-06
2.994826442021567e-06
-3.6549426635653325e-06
2.5458774006057935e-06
-3.214167742377795e-06
2.264955692128385e-06
-2.901842838310244e-06
1.972619367948897e-06
-2.7431936250039805e-06
1.5134270802232615e-06
-2.612823769072034e-06
1.148633070880735e-06
-2.4159811486629355e-06
8.29541746931266e-07
-2.23165001950388e-06
5.595529440664219e-07
-2.0627622293894777e-06
3.383072911913626e-07
-1.9013332323843888e-06
1.6319797879272083e-07
-1.763740038892474e-06
9.68034941442597e-09
-1.6411928651996477e-06
-1.1532289734966783e-07
-1.5350874163645029e-06
-2.2876849442923786e-07
-1.4499346655842335e-06
-3.3193222074732673e-07
-1.380651817282268e-06
-4.224503869407724e-07
-1.3236855860229713e-06
-5.036060821399929e-07
-1.2802519202964602e-06
-5.770100106744502e-07
-1.2463768849155232e-06
-6.426447994485607e-07
-1.2205080175322486e-06
-7.021110185133871e-07
-1.2012288765196697e-06
-7.562104006011614e-07
-1.187292641449851e-06
-8.05448485508703e-07
-1.1779504973151791e-06
-8.508219235823025e-07
-1.1728704852158323e-06
-8.92816398466792e-07
-1.1713577925046145e-06
-9.318918172074525e-07
-1.1730671609354879e-06
-9.68612590684188e-07
-1.1776876228603906e-06
-1.0033888860373763e-06
-1.1848460476430707e-06
-1.0365286222336007e-06
-1.194270432728229e-06
-1.0683610842232962e-06
-1.2057218871342704e-06
-1.0991141565226247e-06
-1.2189693192473598e-06
-1.1289991899156825e-06
-1.2338333467053425e-06
-1.1582055265784677e-06
-1.2501545341389879e-06
-1.186888481713303e-06
-1.2677874347100202e-06
-1.215185629614376e-06
-1.2866179902753009e-06
-1.243223290140936e-06
-1.3065473054796545e-06
-1.2711064186970511e-06
-1.3274906798930617e-06
-1.2989281903267094e-06
-1.3493791882995918e-06
-1.3267711938069824e-06
-1.3721548109401358e-06
-1.3547064673574748e-06
-1.3957683191291126e-06
-1.382797144448562e-06
-1.420179783369449e-06
-1.4110991268863771e-06
-1.4453556858034665e-06
-1.439661462876088e-06
-1.4712686049795265e-06
-1.4685280336330334e-06
-1.497896664433881e-06
-1.4977381493171853e-06
-1.5252224405198304e-06
-1.5273269848234958e-06
-1.5532324643944986e-06
-1.5573264817027012e-06
-1.5819168330030557e-06
-1.5877657352193563e-06
-1.6112686001310645e-06
-1.6186713940252793e-06
-1.6412834521734965e-06
-1.6500680935196326e-06
-1.6719593975418167e-06
-1.6819787418879777e-06
-1.7032964302577075e-06
-1.7144247732260782e-06
-1.7352963092949947e-06
-1.7474264154052055e-06
-1.7679623476272446e-06
-1.7810028744663327e-06
-1.8012992155905152e-06
-1.815172511717458e-06
-1.8353127919425736e-06
-1.8499530030066102e-06
-1.8700100316502007e-06
-1.8853614665135946e-06
-1.9053988468019088e-06
-1.921414576704696e-06
-1.9414880129952833e-06
-1.958128665926855e-06
-1.978287085541497e-06
-1.99551980843307e-06
-2.0158063280308815e-06
-2.0336038952455495e-06
-2.054056652700432e-06
-2.0723966998011312e-06
-2.093049569978732e-06
-2.1119139338226855e-06
-2.132797144119179e-06
-2.152171296836791e-06
-2.1733119580002926e-06
-2.193184519596079e-06
-2.2146070819431497e-06
-2.234969401920193e-06
-2.256696048894561e-06
-2.277541846169399e-06
-2.2995928326796137e-06
-2.320917886769472e-06
-2.343311831284943e-06
-2.3651137168500456e-06
-2.3878678524830022e-06
-2.4101457111768473e-06
-2.4332761025991394e-06
-2.456030447825303e-06
-2.4795521783074534e-06
-2.502784727091939e-06
-2.526712059547267e-06
-2.550425588647583e-06
-2.574772104764814e-06
-2.59897032706401e-06
-2.6237490472865094e-06
-2.6484365067299374e-06
-2.6736599945156837e-06
-2.698841975296484e-06
-2.724522426845175e-06
-2.750204875908704e-06
-2.776354197195569e-06
-2.8025436587926717e-06
-2.829173534368661e-06
-2.855877093442213e-06
-2.8829990434540336e-06
-2.910224277752956e-06
-2.9378497098181075e-06
-2.9656046494095983e-06
-2.993744902151426e-06
-3.02203799476433e-06
-3.0507043772568182e-06
-3.0795444594599003e-06
-3.1087482839666208e-06
-3.1381445564636107e-06
-3.167897168997072e-06
-3.1978591763753936e-06
-3.228171982362898e-06
-3.2587095958933445e-06
-3.2895940830135657e-06
-3.3207174865416847e-06
-3.3521852453865803e-06
-3.3839049241828536e-06
-3.415967666258978e-06
-3.4482943972211446e-06
-3.4809639711111935e-06
-3.5139088158232616e-06
-3.5471972218237976e-06
-3.5807715205739255e-06
-3.6146909240957105e-06
-3.648906291933254e-06
-3.6834690350587222e-06
-3.718337358460307e-06
-3.753555971348098e-06
-3.7890894067095076e-06
-3.824976617574797e-06
-3.86118758987962e-06
-3.8977563343689815e-06
-3.934657537276892e-06
-3.9719209672266e-06
-4.009525363638981e-06
-4.047496855628821e-06
-4.0858176790153705e-06
-4.124510841767558e-06
-4.1635615977360485e-06
-4.202990280100534e-06
-4.2427847489979255e-06
-4.282963046821364e-06
-4.323515286261515e-06
-4.364457549711831e-06
-4.405781898054301e-06
-4.447502738076314e-06
-4.489613817524326e-06
-4.532128112782681e-06
-4.575040833630547e-06
-4.618363736817835e-06
-4.662093301147628e-06
-4.706240245690602e-06
-4.750802152217893e-06
-4.795788858523491e-06
-4.841198906881556e-06
-4.8870413887613104e-06
-4.933315684496625e-06
-4.980030255459294e-06
-5.027185215161599e-06
-5.074788495084857e-06
-5.1228408516500905e-06
-5.17134977293194e-06
-5.220316580957461e-06
-5.269748395076427e-06
-5.319647036573471e-06
-5.3700193204844326e-06
-5.420867510681792e-06
-5.472198173669875e-06
-5.5240139672886395e-06
-5.576321257262006e-06
-5.629123054081271e-06
-5.682425564543421e-06
-5.736232115911724e-06
-5.790548792720642e-06
-5.845379208743571e-06
-5.90072935687048e-06
-5.956603111531279e-06
-6.0130064017475384e-06
-6.06994334146664e-06
-6.1274198186050954e-06
-6.18544016797078e-06
-6.244010257454042e-06
-6.3031346266718274e-06
-6.3628191415895105e-06
-6.423068533231366e-06
-6.483888682292196e-06
-6.5452844999372255e-06
-6.6072618944460165e-06
-6.669825948945034e-06
-6.732982611782593e-06
-6.796737129361233e-06
-6.861095500835363e-06
-6.9260631307708825e-06
-6.991646079363215e-06
-7.0578499026710106e-06
-7.124680730353225e-06
-7.192144267288811e-06
-7.260246720105861e-06
-7.3289939387355374e-06
-7.3983922137054825e-06
-7.468447538295814e-06
-7.539166293462246e-06
-7.610554613106217e-06
-7.68261897451727e-06
-7.75536565207315e-06
-7.82880122467643e-06
-7.902932106006806e-06
-7.977764981298083e-06
-8.053306403677142e-06
-8.129563169625005e-06
-8.206541971747316e-06
-8.284249722217301e-06
-8.362693253814312e-06
-8.441879598258361e-06
-8.521815729214423e-06
-8.602508801936859e-06
-8.683965932454246e-06
-8.76619440341084e-06
-8.849201474320798e-06
-8.932994558843866e-06
-9.017581061625517e-06
-9.102968530909318e-06
-9.189164518152299e-06
-9.276176709677175e-06
-9.364012805920807e-06
-9.452680634647673e-06
-9.542188047183264e-06
-9.632543016107643e-06
-9.723753546084148e-06
-9.815827757748345e-06
-9.908773811300505e-06
-1.0002599978894966e-05
-1.009731457893813e-05
-1.0192926038307681e-05
-1.0289442836021456e-05
-1.038687355704726e-05
-1.0485226843919698e-05
-1.0584511443048616e-05
-1.0684736163150358e-05
-1.0785909915377772e-05
-1.08880416776524e-05
-1.0991140529158748e-05
-1.1095215619979365e-05
-1.120027620093219e-05
-1.1306331597381487e-05
-1.141339123500798e-05
-1.1521464617578366e-05
-1.163056134923261e-05
-1.1740691115445139e-05
-1.1851863702324293e-05
-1.1964088980338447e-05
-1.207737692110228e-05
-1.2191737583586593e-05
-1.2307181128532341e-05
-1.242371780680717e-05
-1.2541357972030464e-05
-1.2660112070571414e-05
-1.2779990652550532e-05
-1.2901004363613695e-05
-1.302316395430849e-05
-1.3146480273051701e-05
-1.3270964274671084e-05
-1.3396627014204709e-05
-1.3523479654815499e-05
-1.365153346225619e-05
-1.3780799811661054e-05
-1.3911290183350679e-05
-1.4043016168756046e-05
-1.4175989466858226e-05
-1.4310221889113003e-05
-1.4445725357533235e-05
-1.4582511908390857e-05
-1.4720593690958341e-05
-1.4859982969987837e-05
-1.5000692125522515e-05
-1.5142733656229028e-05
-1.528612017748991e-05
-1.543086442575307e-05
-1.5576979256853667e-05
-1.5724477649442514e-05
-1.5873372703841546e-05
-1.602367764522725e-05
-1.617540582387906e-05
-1.6328570716561707e-05
-1.648318592698179e-05
-1.6639265188700522e-05
-1.67968223645402e-05
-1.695587144948666e-05
-1.7116426569804182e-05
-1.727850198616457e-05
-1.744211209447525e-05
-1.7607271426782142e-05
-1.7773994652527775e-05
-1.794229658028416e-05
-1.8112192158687107e-05
-1.828369647819257e-05
-1.8456824771619085e-05
-1.863159241665869e-05
-1.8808014936240436e-05
-1.8986108000454145e-05
-1.9165887427595937e-05
-1.9347369185776462e-05
-1.9530569394343874e-05
-1.971550432551246e-05
-1.9902190405244225e-05
-2.0090644215205818e-05
-2.028088249392897e-05
-2.0472922138662064e-05
-2.066678020641954e-05
-2.086247391599067e-05
-2.1060020649015096e-05
-2.1259437951801432e-05
-2.146074353661249e-05
-2.1663955283711942e-05
-2.1869091242518522e-05
-2.2076169633493934e-05
-2.2285208849377606e-05
-2.249622745720232e-05
-2.2709244199915987e-05
-2.2924277997869285e-05
-2.3141347950605016e-05
-2.3360473338180683e-05
-2.3581673623852882e-05
-2.3804968454585865e-05
-2.4030377663862177e-05
-2.4257921272412465e-05
-2.448761949126727e-05
-2.4719492721993067e-05
-2.4953561560253678e-05
-2.5189846795583204e-05
-2.5428369415840936e-05
-2.566915060599423e-05
-2.5912211753371028e-05
-2.6157574445795064e-05
-2.6405260477768128e-05
-2.6655291847786262e-05
-2.6907690765082156e-05
-2.7162479646554606e-05
-2.741968112440616e-05
-2.7679318041805528e-05
-2.794141346165995e-05
-2.8205990661661216e-05
-2.847307314376242e-05
-2.87426846285779e-05
-2.9014849064964553e-05
-2.9289590625209544e-05
-2.9566933713391186e-05
-2.9846902962580072e-05
-3.0129523240028286e-05
-3.041481964894191e-05
-3.0702817528331346e-05
-3.099354246034378e-05
-3.1287020265032776e-05
-3.158327701153498e-05
-3.1882339012215765e-05
-3.2184232830199336e-05
-3.248898528197358e-05
-3.2796623431120587e-05
-3.3107174610498796e-05
-3.3420666391280416e-05
-3.373712663510176e-05
-3.405658342856292e-05
-3.437906517223476e-05
-3.4704600479007e-05
-3.5033218296847194e-05
-3.5364947778156815e-05
-3.5699818423390594e-05
-3.603785994206747e-05
-3.6379102389182756e-05
-3.672357605162695e-05
-3.707131153798002e-05
-3.7422339735740064e-05
-3.777669180577044e-05
-3.813439925920572e-05
-3.849549380819498e-05
-3.886000761093043e-05
-3.922797293039781e-05
-3.959942259285845e-05
-3.9974389415820574e-05
-4.0352906912484356e-05
-4.073500846080917e-05
-4.112072827562466e-05
-4.151010030689032e-05
-4.19031594829517e-05
-4.2299940337830425e-05
-4.270047852525643e-05
-4.3104809176201494e-05
-4.3512968683588874e-05
-4.392499278565938e-05
-4.434091862871978e-05
-4.476078257005978e-05
-4.518462252354159e-05
-4.56124754789327e-05
-4.6044380128272685e-05
-4.648037411261979e-05
-4.692049690620178e-05
-4.73647868297777e-05
-4.781328413104052e-05
-4.826602785818983e-05
-4.8723058998177574e-05
-4.9184417406748456e-05
-4.965014473610682e-05
-5.012028178001714e-05
-5.059487071933067e-05
-5.107395349601132e-05
-5.155757258474983e-05
-5.2045771404243834e-05
-5.253859235983954e-05
-5.303608077297708e-05
-5.3538278670812664e-05
-5.4045233226503175e-05
-5.455698692943844e-05
-5.5073586929290643e-05
-5.559507911383774e-05
-5.612150726700847e-05
-5.665292371693359e-05
-5.718936674913662e-05
-5.7730896216179046e-05
-5.827754473937649e-05
-5.882937922796406e-05
-5.938642799173692e-05
-5.9948762653129224e-05
-6.051641073517421e-05
-6.108944381599422e-05
-6.166789465364867e-05
-6.22518276504519e-05
-6.284128926132421e-05
-6.343632689801272e-05
-6.40370114845527e-05
-6.464336258645532e-05
-6.525548556540056e-05
-6.587336403644914e-05
-6.649714409586848e-05
-6.712676877229803e-05
-6.776242764946561e-05
-6.840402266332601e-05
-6.905178534017883e-05
-6.970557991286402e-05
-7.036567508421875e-05
-7.103190359827611e-05
-7.170456363793723e-05
-7.23834655913802e-05
-7.306892696281632e-05
-7.3760745614317e-05
-7.445925075905482e-05
-7.51642324211578e-05
-7.587602901321707e-05
-7.659442499467837e-05
-7.731976481346317e-05
-7.805183140736395e-05
-7.879097039681371e-05
-7.953697018756208e-05
-8.029016766091489e-05
-8.105036962679254e-05
-8.181788871395278e-05
-8.259256800835502e-05
-8.337467599038887e-05
-8.416411526406994e-05
-8.496108054051018e-05
-8.576557220109924e-05
-8.6577663430603e-05
-8.73975090551933e-05
-8.822499522898042e-05
-8.906051027448647e-05
-8.99036578144493e-05
-9.07551711002868e-05
-9.161424209409765e-05
-9.248209873230376e-05
-9.335735878704962e-05
-9.424187111906524e-05
-9.51337543077435e-05
-9.603470213067808e-05
-9.694532298305629e-05
-9.786147458865714e-05
-9.87925975759926e-05
-9.97246572465381e-05
-0.0001006741635896501
-0.00010162480963063925
-0.00010259162608711875
-0.0001035623058229379
-0.0001045465143663521
-0.0001055377682000376
-0.00010653825206263096
-0.00010755175135396169
-0.00010856649475019138
-0.00010960531926084457
-0.00011063272982973771
-0.00011169838323888542
-0.00011273663889221561
-0.00011383133467260387
-0.00011488205978450738
-0.0001160041709458437
-0.00011706991102844455
-0.00011821701934028967
-0.0001193012663676489
-0.00012046907862626023
-0.00012157562115735175
-0.0001227627271107399
-0.00012389305203094891
-0.00012509853357457745
-0.00012625370296693358
-0.00012747606111083217
-0.00012865884451851873
-0.00012989700704835237
-0.00013110949764047833
-0.00013236676541197032
-0.00013360789521311826
-0.00013488367101968435
-0.00013615469137478412
-0.0001374495705969888
-0.00013875080550354438
-0.00014006291325023443
-0.00014139726680010949
-0.00014272354939354605
-0.00014409343693574874
-0.00014543298595503617
-0.00014683954553898227
-0.000148193834383743
-0.00014963699225002913
-0.00015100356004520013
-0.00015248881672450014
-0.0001538700063620982
-0.00015539861637870958
-0.00015679044592647914
-0.00015836909743389814
-0.00015976347971032414
-0.00016138432378228786
-0.00016278978565538628
-0.00016446239800133467
-0.00016587761958888848
-0.00016756359580525216
-0.00016914202916751134
-0.00017037718936020965
-0.00017398692180696385
-0.00016321761144049386
-0.0001681674323569064
-0.00016176636166909206
-0.00015835611373857177
-0.00016501507048671915
-0.00016018727030105555
-0.00016780111383369955
-0.00016049248364441424
-0.00016549326459198838
-0.00016447265689406614
-0.0001788660808246972
-0.00016218430890692896
-0.00018437903795265976
-0.00016157166052642967
-0.0001874123252476625
-0.00016099037906887586
-0.00018964951551009247
-0.00016599919008484598
-0.0001908308893352432
-0.00017165641025919777
-0.0001915028380745804
-0.00018861025822445237
-0.00019165335533531831
-0.0002043203368605926
-0.0002063196260499686
-0.00020774419199886575
-0.00020818243715055388
-0.00021109220245086365
-0.00021068597113916752
-0.00022500572318054346
-0.00020800073053190817
-0.00023086092302910952
-0.0002025810674622909
-0.00022775596365258455
-0.0002081862848885195
-0.0002272570297313894
-0.00021464234081979597
-0.00022879330086855926
-0.00021922388859570429
-0.00024363762130609002
-0.00022234771782754474
-0.0002585771251276814
-0.0002429538089237513
-0.0002711768419665293
-0.00026229034245783757
-0.00027416606708037706
-0.0002817982481850854
-0.00027568129516958165
-0.0002989328968717094
-0.0002805266758576035
-0.00029746280426824203
-0.00028794049975463805
-0.0002994830581835574
-0.0002888817693005312
-0.0002985677504325207
-0.00028929910406658523
-0.00029612701169975307
-0.00029540675346301215
-0.0002940753458652011
-0.00030188708823426677
-0.00029871481413438973
-0.00030900989898400487
-0.00010102887983012488
-7.758192295968894e-05
-0.0001104319536107241
-0.00014349311112369127
-0.00012125086150111019
-0.00016773937870035794
-0.00014611942243905165
-0.00018433977613043834
-0.00013478402575682076
-0.00019991832616596071
-0.0001529370576520986
-0.00020608100359429513
-0.0001768592788963482
-0.00022013491332669843
-0.00016744262778298598
-0.00023657131826864991
-0.00018673269373021566
-0.0002492873408008365
-0.00017774296529142163
-0.0002628977047227509
-0.0001993687566783972
-0.0002768204426212951
-0.00019095722394409085
-0.0003106893501879305
-0.00021047881023586134
-0.0003281782724710769
-0.00020399414506583804
-0.0003439170464329724
-0.0002438266914616245
-0.00035337425742376573
-0.00027790100406229964
-0.000332613778870788
-0.00033019134128586195
-0.0002920109100227695
-0.000355636206164687
-0.00031045511366645717
-0.0003890115587759339
-0.0002831939001078143
-0.0004322062654223947
-0.00027249700290657387
-0.0004452434597357213
-0.00030929529903366004
-0.000420289415411617
-0.0003031932283235758
-0.00038198675847679175
-0.00029974666936238414
-0.0003603567822675214
-0.00029382938791414623
-0.00034165130662446914
-0.0003220307977365018
-0.00032208382161962447
-0.00035662070239278476
-0.00030701316419005106
-0.00038724067698682496
-0.00030194589155740627
-0.00035501110777919493
-0.0003359286579392819
-0.0003626621501715979
-0.0003683756511108943
-0.0003536365557264699
-0.00036786558881500596
-0.0003487088902292932
-0.0003467552369075829
-0.0003920061973892073
-0.00037065058894589025
-0.0004295085372634787
-0.0004146132559118156
-0.00045160242561186916
-0.0004724280631426265
-0.00044755731222336686
-0.0005484328371981031
-0.0004844199319207338
-0.0005415986690374896
-0.000524581769131029
-0.0005173442030412017
-0.0005503342687844071
-0.0004836878151245502
-0.0005523921587703871
-0.0004917248664009746
-0.000560368115742931
-0.0004571697567603624
-0.0005856440856090554
-0.0004614661680759321
-0.0005672996208354346
-0.0004962920795719208
-0.0005808922694143837
-0.0005586037915625974
-0.0005628130434255385
-0.0006019122513993808
-0.0005565037840750202
-0.0006440147309614944
-0.0005374316683707136
-0.0006017275833832464
-0.0005370427018672819
-0.0005733328308610303
-0.0005254637680899823
-0.0005492633298173535
-0.0005735931509806887
-0.0005732608588933584
-0.000567292701463847
-0.000628539724725187
-0.0006089686270756361
-0.0006470101224899911
-0.0006463680391256253
-0.000684103922556839
-0.0006629142633099403
-0.0007209696247982818
-0.0006802794739740022
-0.0007594172894659744
-0.0006969144250115774
-0.000800951225928104
-0.0006436856398639868
-0.0009971584247124273
-0.0006268842218931664
-0.0011443305437406396
-0.00046915152025227454
-0.001339390372361908
-0.00012433863393494093
-0.0015461566097908761
0.0002884870909098143
-0.0024207543319952757
0.0018706530908963394
-0.005200209469489248
0.007282421317574675
-0.01877538774788248
0.16137299258291382
0.22232654779573804
0.07567476529520192
0.05001826866244387
0.0656091322874645
0.06767014654428505
-0.005090248581208387
-0.00544913546310952
-0.03226540416283807
-0.02388857404139484
-0.05372497795431113
-0.13002077116126848
-0.12245780257281974
-0.05520613150097668
-0.036031888114725644
-0.09717071238410295
-0.08768305908433349
-0.04565130207809337
-0.022237670045073543
0.007474092700975365
0.062090762938491584
0.07111229835652574
0.05093415271177393
0.03321723999504482
0.041716541208133985
0.0486895714096321
0.029512705648902217
0.014979626102515315
0.012529281285009755
0.012579855811066413
0.008223345921062105
-0.013576839895091602
-0.03399711503745269
-0.028895254488178222
-0.012411870365163617
-0.018393137747111665
-0.026201172641709763
-0.014548062645355651
-0.0021753023325113627
-0.007176534989382782
-0.024877047705758257
-0.012141998271035445
0.009313062221617933
0.02069382336745461
0.009960699326349123
6.082914864653185e-06
0.0028273186443280095
0.0017423431357951775
0.005647711896084045
0.011995395009786976
0.020385569073006163
0.01020907036619968
-0.006564739797476022
-0.012664025126237332
-0.005746686024319489
-0.00015313018353508743
-0.004352773575508611
-0.006375278826456847
-0.0032876775435191326
-0.004368875475949574
-0.010997333982719652
-0.010007869219203077
0.0006801456053055448
0.006953622189726779
0.002751457732125465
-0.0016368007566561586
0.0011565213708956109
0.005468603325104116
0.0039363485729098915
0.0022818203842720976
0.004363770186074664
0.007571501189066343
0.007378989603403806
0.004400568904393996
0.0027085260009586092
0.0011537949345723022
-0.0006048304488213629
-0.0017234477252129027
-0.00027628779965284606
0.0017189323391937023
-4.971503754129614e-05
-0.005002455633511951
-0.007924342646121466
-0.005775034459578287
-0.001675043125560046
-0.0005795090794631398
-0.0011029549963598028
-0.001142930417961119
-0.0017372825252961082
-0.0033131398050124656
-0.0029951853080453237
0.0013276110085620949
0.0043567012902669625
0.002505997946561686
-0.0012293654966653907
-0.0019536733394546523
-0.0007627586912120521
-0.0005631703872043751
-0.0006364085292446559
0.00015450310438539479
2.545077005242926e-05
-0.001994895293743437
-0.003195885311863149
-0.001907791430374988
-0.0003745213977279857
-0.0005045285605723894
-0.001300615545486264
-0.0008518220547824309
-3.627340280123941e-05
0.00016909928333127638
-0.00031744067844758706
-8.212989606660244e-05
0.0002563310296613767
0.0006729465869629623
0.0003152109278752389
0.00020363969462266484
0.00014822303436838274
-0.0002085419322147699
-0.0011215762581513397
-0.0013455197031931134
-0.0004809027041939631
0.0005347935821172541
0.0004255387301745234
-0.00034431763699063354
-0.0007511264865683329
-0.00048044194318833626
0.00013489003465663155
0.0005125152634272608
0.0011134454632567693
0.00107388955460034
0.00014774086483796038
-0.0008585458765281215
-0.0007564985263450417
-0.00025806814245074187
-8.36554463622304e-05
-0.00035602934303686346
-0.0004380407045542668
-0.0005031796456291729
-0.000576320199589703
-0.0006937886826801443
-0.00043138540165526244
-0.0002497897629575302
-0.0005652404076870734
-0.0010667897838470867
-0.0011439592833677797
-0.0008775069831465951
-0.0006434429411442778
-0.0007851554319952719
-0.0006913984463909511
-0.0007595673683658549
-0.0007223896280433646
-0.0007051175228807282
-0.0005058252992051973
-0.00043331224071102494
-0.00029335084737501174
-0.0002848189156054177
-0.00024319413976050673
-3.296253464710094e-06
-0.00026234529599771655
-0.0002992350303513257
-0.0007154782013224887
-0.0006575234319598036
-0.0005676727094238072
-0.00041064168438350365
-0.0006733356818595964
-0.0006745024568723361
-0.000624965260672906
-0.0005631140473966286
-0.0005340209305436475
-0.0001800796000935523
-0.00012772777428186183
-0.00023695763287096184
-0.0007007000866907334
-0.0008746029757016464
-0.00080339414449962
-0.0007147228042676847
-0.0006380016350729593
-0.0006538842015113443
-0.0005675754253940476
-0.0006078792054553735
-0.0005081346023631753
-0.00037699276851283013
-0.00014467229597940975
-9.163400959115849e-05
-0.00022834606693044481
-0.00031080887793689526
-0.00023754685701091633
-0.0001600887618020402
-0.00028951805474099326
-0.0004077285570661339
-0.00041860524287565975
-0.0004790136943790084
-0.0005065041760334613
-0.00043713230902223365
-0.0005736353492405203
-0.0006076009633691744
-0.0007117441857715523
-0.0008501831679154648
-0.001110614815725913
-0.0009693391804065001
-0.0006928739191922224
-0.0007172894835365078
-0.0008806806497096173
-0.0008563270158549942
-0.0004827111148177311
-0.000396801422592286
-0.0004813889941742531
-0.000557875597086319
-0.0003100385269289186
-0.00048542335116318145
-0.0002919309500099797
-0.0001320378101475957
-3.2447887465465275e-05
7.775062400623813e-05
0.00012035718154282892
9.614454755205599e-05
0.00013843459350921985
6.867686939575389e-05
9.401076148613961e-05
3.7850125383691736e-05
6.035887073078147e-05
1.1213826495794698e-05
3.7876319117274436e-05
1.1157403309706407e-05
2.5133506854504566e-05
-5.0869215639641496e-06
7.2906597500414295e-06
-1.2420907588300487e-05
7.415530386108496e-07
-1.3659903682839997e-05
-4.2561721208696484e-07
-1.199393901497479e-05
-6.736209999524956e-07
-1.0911210890260717e-05
7.189189767413048e-08
-8.178258130606478e-06
1.2289619908123495e-06
-6.047406917480097e-06
2.1432595907855227e-06
-4.020652362075904e-06
2.5725413870989443e-06
-2.76792262962405e-06
2.6277298574104574e-06
-2.32701610256578e-06
2.147052426349806e-06
-2.1416725563042603e-06
1.8644289106473089e-06
-1.9088828100503457e-06
1.4849123262509513e-06
-1.8346238601241877e-06
1.0939902014628963e-06
-1.7676738175904406e-06
7.586428658924727e-07
-1.673767497079124e-06
5.048613318385563e-07
-1.5784577832426462e-06
3.0390098029221824e-07
-1.46211913751651e-06
1.6516676297050753e-07
-1.351841685627575e-06
4.777941508757322e-08
-1.2551277087866075e-06
-4.872851988926841e-08
-1.1680210900905704e-06
-1.2742889895882292e-07
-1.090618970494249e-06
-1.996030736198945e-07
-1.031746910608311e-06
-2.6761731267144206e-07
-9.83768813382288e-07
-3.2864920233507955e-07
-9.465009810361025e-07
-3.8493002990289127e-07
-9.180050990643257e-07
-4.3620412254908453e-07
-8.960499566627346e-07
-4.82453483004186e-07
-8.794830778820206e-07
-5.248165501747087e-07
-8.675183089321137e-07
-5.631698958251385e-07
-8.589027117190257e-07
-5.980294313428711e-07
-8.534539876442308e-07
-6.300807035741936e-07
-8.508584587994285e-07
-6.597528858912939e-07
-8.50699769142961e-07
-6.873780315011513e-07
-8.527652676669148e-07
-7.134170931085912e-07
-8.56838979019104e-07
-7.381186062898476e-07
-8.626741862036288e-07
-7.617419817829282e-07
-8.701014516687721e-07
-7.845006523997302e-07
-8.789454268108956e-07
-8.065475866873167e-07
-8.890395317782528e-07
-8.280254431865383e-07
-9.002649448169213e-07
-8.490655334638872e-07
-9.125054667502097e-07
-8.697685144278986e-07
-9.256626729888928e-07
-8.902297263838847e-07
-9.396582134474363e-07
-9.1053388227391e-07
-9.544250142879285e-07
-9.307525554202219e-07
-9.699058335169435e-07
-9.509505512233954e-07
-9.860551052053588e-07
-9.711847250987984e-07
-1.002833136157016e-06
-9.915041515091592e-07
-1.0202071516023092e-06
-1.011952808391411e-06
-1.0381503775299533e-06
-1.0325694835139343e-06
-1.0566403237793898e-06
-1.0533881383209542e-06
-1.0756586831124875e-06
-1.0744393498487623e-06
-1.0951909582772692e-06
-1.095750408482344e-06
-1.1152256182976367e-06
-1.1173458539883753e-06
-1.1357539232874153e-06
-1.1392480178995973e-06
-1.156769561103929e-06
-1.1614772801188942e-06
-1.178268247812019e-06
-1.184052358039014e-06
-1.20024754112188e-06
-1.2069906211845306e-06
-1.2227065919088943e-06
-1.2303082509832375e-06
-1.2456459205595848e-06
-1.2540204403958886e-06
-1.2690672683821801e-06
-1.2781415671905301e-06
-1.2929734495169585e-06
-1.3026853183606359e-06
-1.3173682124831152e-06
-1.3276648146076848e-06
-1.3422561466276597e-06
-1.3530927190650633e-06
-1.3676425850054177e-06
-1.3789813220522768e-06
-1.393533526693533e-06
-1.4053426228861487e-06
-1.4199355727457477e-06
-1.4321883970263823e-06
-1.446855868574579e-06
-1.459530255432459e-06
-1.4743020555254687e-06
-1.4873796951735715e-06
-1.5022822311109863e-06
-1.5157481450020466e-06
-1.5308049132298392e-06
-1.544647003520134e-06
-1.5598790120835426e-06
-1.5740876735536406e-06
-1.5895138044210756e-06
-1.6040815915130329e-06
-1.6197189129991447e-06
-1.6346402545528306e-06
-1.6505042908178847e-06
-1.665775241853736e-06
-1.6818802045785622e-06
-1.6974982378565313e-06
-1.7138572259077186e-06
-1.729821047733582e-06
-1.7464462195669047e-06
-1.7627556163571237e-06
-1.779658338000838e-06
-1.796314040130334e-06
-1.8135050127530018e-06
-1.8305085828126244e-06
-1.8479979549945724e-06
-1.8653516867588401e-06
-1.8831491471425348e-06
-1.9008559828076845e-06
-1.9189708446264836e-06
-1.9370343027045624e-06
-1.955475573913167e-06
-1.9738996864084924e-06
-1.9926761317172145e-06
-2.0114653923676605e-06
-2.0305855858342506e-06
-2.049744905100229e-06
-2.0692172776995996e-06
-2.0887519440428094e-06
-2.1085848225190396e-06
-2.128500470111917e-06
-2.148702112462022e-06
-2.169004693134362e-06
-2.189583319274274e-06
-2.210279079656839e-06
-2.2312428977752977e-06
-2.2523383593383824e-06
-2.273695588946397e-06
-2.295197530982515e-06
-2.316956423959951e-06
-2.338871870995326e-06
-2.3610407286793673e-06
-2.3833769370230516e-06
-2.4059641270406833e-06
-2.4287285776851734e-06
-2.4517425475563414e-06
-2.474942936108891e-06
-2.498392225688562e-06
-2.522036458256472e-06
-2.545929711772097e-06
-2.5700258989172584e-06
-2.594371874089542e-06
-2.6189283276844937e-06
-2.643735906161863e-06
-2.6687611359929055e-06
-2.6940393302601705e-06
-2.7195420433030228e-06
-2.7453000060985515e-06
-2.7712891043305948e-06
-2.797536134342129e-06
-2.8240207150232285e-06
-2.850766264288554e-06
-2.8777556194935024e-06
-2.905009299556012e-06
-2.9325129172368936e-06
-2.9602845048792083e-06
-2.9883120699480275e-06
-3.0166115125947386e-06
-3.045172908085577e-06
-3.0740103300387633e-06
-3.103115639306176e-06
-3.132501345615965e-06
-3.162160854225008e-06
-3.192105336951529e-06
-3.2223295348559635e-06
-3.252843477016736e-06
-3.2836430618335486e-06
-3.3147373429730036e-06
-3.346123222267708e-06
-3.3778089225495415e-06
-3.409792216980812e-06
-3.442080622067587e-06
-3.474672669238237e-06
-3.5075752751987125e-06
-3.5407876318905185e-06
-3.5743161496219744e-06
-3.6081605969567367e-06
-3.6423269566343097e-06
-3.6768155024539874e-06
-3.711631858550554e-06
-3.7467767420825467e-06
-3.7822554777164005e-06
-3.8180691736727676e-06
-3.854222905548397e-06
-3.89071812734732e-06
-3.927559710875959e-06
-3.9647494154226946e-06
-4.002291948163663e-06
-4.04018934221886e-06
-4.078446169752156e-06
-4.1170647094182044e-06
-4.156049429764053e-06
-4.195402831897284e-06
-4.2351293020446735e-06
-4.275231541986914e-06
-4.3157138812348084e-06
-4.356579203780949e-06
-4.397831799181988e-06
-4.439474718711731e-06
-4.48151222979783e-06
-4.5239475395457245e-06
-4.566784905900891e-06
-4.610027679358424e-06
-4.653680122105333e-06
-4.69774572115506e-06
-4.742228752500032e-06
-4.787132831137928e-06
-4.832462256904382e-06
-4.878220767630566e-06
-4.924412695034189e-06
-4.97104189308811e-06
-5.018112734502423e-06
-5.065629186618665e-06
-5.1135956676907944e-06
-5.162016254265094e-06
-5.210895417705761e-06
-5.260237341653371e-06
-5.310046554973054e-06
-5.3603273457520566e-06
-5.411084306299551e-06
-5.4623218279804125e-06
-5.514044570105068e-06
-5.566257026138688e-06
-5.618963926871685e-06
-5.6721698672570564e-06
-5.725879653683923e-06
-5.780097981944758e-06
-5.834829736709542e-06
-5.890079715435519e-06
-5.9458528848974025e-06
-6.00215414392965e-06
-6.0589885440673254e-06
-6.116361086136598e-06
-6.174276910064606e-06
-6.232741118964704e-06
-6.291758943670345e-06
-6.351335591167628e-06
-6.411476385623227e-06
-6.47218663853838e-06
-6.533471770257815e-06
-6.5953371980627395e-06
-6.65778844130549e-06
-6.720831024526093e-06
-6.7844705678159634e-06
-6.848712704543222e-06
-6.913563158618581e-06
-6.979027673636659e-06
-7.045112079363813e-06
-7.111822231280207e-06
-7.179164068020841e-06
-7.247143558621744e-06
-7.315766752329089e-06
-7.385039733878024e-06
-7.454968665840736e-06
-7.5255597504217744e-06
-7.596819266022549e-06
-7.668753533893874e-06
-7.741368950816424e-06
-7.814671959880184e-06
-7.888669077804611e-06
-7.963366871664712e-06
-8.038771981437251e-06
-8.114891099611672e-06
-8.191730991929155e-06
-8.269298478911277e-06
-8.347600454168286e-06
-8.426643869151752e-06
-8.506435747595263e-06
-8.586983173745205e-06
-8.668293304799589e-06
-8.750373359899498e-06
-8.83323063223529e-06
-8.916872478796113e-06
-9.001306330910525e-06
-9.086539686062605e-06
-9.172580116569799e-06
-9.259435262795601e-06
-9.347112841229244e-06
-9.435620637797144e-06
-9.524966515203279e-06
-9.615158408124436e-06
-9.706204328207238e-06
-9.798112362129898e-06
-9.890890672564377e-06
-9.984547500377708e-06
-1.0079091165089444e-05
-1.0174530063819173e-05
-1.0270872673951489e-05
-1.0368127550705857e-05
-1.0466303334737744e-05
-1.056540874465068e-05
-1.066545258400263e-05
-1.0766443737746361e-05
-1.0868391176994258e-05
-1.0971303956014032e-05
-1.1075191216287309e-05
-1.1180062184689213e-05
-1.128592617578297e-05
-1.1392792592957346e-05
-1.1500670928504386e-05
-1.1609570763551971e-05
-1.1719501770712099e-05
-1.1830473714645635e-05
-1.1942496451738038e-05
-1.2055579931677081e-05
-1.2169734199226235e-05
-1.2284969393617238e-05
-1.2401295749701197e-05
-1.2518723599768203e-05
-1.2637263374276403e-05
-1.2756925601464342e-05
-1.287772091024264e-05
-1.2999660029622403e-05
-1.312275379012636e-05
-1.3247013125309247e-05
-1.3372449072186982e-05
-1.3499072771777605e-05
-1.3626895470630895e-05
-1.3755928522491377e-05
-1.388618338826037e-05
-1.4017671636968872e-05
-1.4150404947844278e-05
-1.4284395110275377e-05
-1.4419654025403658e-05
-1.4556193706811863e-05
-1.4694026282402895e-05
-1.483316399413328e-05
-1.4973619200988328e-05
-1.5115404377985314e-05
-1.5258532118572928e-05
-1.5403015135346415e-05
-1.5548866261733672e-05
-1.5696098452154273e-05
-1.5844724783786637e-05
-1.5994758458093527e-05
-1.6146212801094296e-05
-1.6299101264928193e-05
-1.645343742939754e-05
-1.6609235002811485e-05
-1.676650782308001e-05
-1.6925269859562856e-05
-1.7085535213403724e-05
-1.72473181199571e-05
-1.7410632948183108e-05
-1.7575494204724812e-05
-1.774191653163248e-05
-1.7909914712008212e-05
-1.8079503666080035e-05
-1.8250698458671796e-05
-1.8423514293256036e-05
-1.8597966521975598e-05
-1.8774070637401683e-05
-1.8951842283746075e-05
-1.9131297247865702e-05
-1.9312451472565395e-05
-1.9495321044403805e-05
-1.967992221010056e-05
-1.986627136162672e-05
-2.0054385055533108e-05
-2.0244279994997082e-05
-2.043597305222399e-05
-2.062948124745791e-05
-2.08248217748319e-05
-2.1022011977917345e-05
-2.1221069378483297e-05
-2.142201164972887e-05
-2.1624856646051494e-05
-2.1829622378372157e-05
-2.203632703988949e-05
-2.2244988985010842e-05
-2.245562675171688e-05
-2.2668259045977588e-05
-2.2882904755578402e-05
-2.3099582944567242e-05
-2.3318312860126894e-05
-2.3539113926969956e-05
-2.3762005762496634e-05
-2.39870081535533e-05
-2.4214141103651382e-05
-2.44434247573535e-05
-2.4674879522282832e-05
-2.4908525899378054e-05
-2.514438471518381e-05
-2.5382476828505942e-05
-2.5622823491734106e-05
-2.5865445936300497e-05
-2.6110365834345164e-05
-2.635760482118816e-05
-2.660718496184987e-05
-2.68591283437938e-05
-2.711345738902216e-05
-2.7370194691299815e-05
-2.7629362992245355e-05
-2.789098543961674e-05
-2.8155085070797172e-05
-2.842168562000065e-05
-2.869081041150857e-05
-2.8962483784780464e-05
-2.9236729352853695e-05
-2.9513572075969902e-05
-2.9793035855254385e-05
-3.007514629262088e-05
-3.0359927569000543e-05
-3.0647405958791614e-05
-3.093760590554758e-05
-3.123055439369307e-05
-3.152627611143334e-05
-3.18247987842485e-05
-3.212614733872474e-05
-3.2430350259298575e-05
-3.273743271846625e-05
-3.3047423965266835e-05
-3.336034943596285e-05
-3.3676239146582915e-05
-3.399511880506148e-05
-3.431701921811315e-05
-3.4641966353805186e-05
-3.496999184148439e-05
-3.5301121908618786e-05
-3.56353890012725e-05
-3.5972819676234114e-05
-3.63134470904969e-05
-3.6657298325466217e-05
-3.700440699799042e-05
-3.735480106063636e-05
-3.770851420904455e-05
-3.8065575697411084e-05
-3.842601890024328e-05
-3.8789874737588364e-05
-3.9157176051122415e-05
-3.952795542841732e-05
-3.990224557620485e-05
-4.028007979624162e-05
-4.066149248938174e-05
-4.104651466073188e-05
-4.143518705142842e-05
-4.1827531812849324e-05
-4.222360440278095e-05
-4.262340894240369e-05
-4.302702377892995e-05
-4.3434430025675406e-05
-4.3845729047000976e-05
-4.4260884292760477e-05
-4.4680009227476055e-05
-4.510306722357423e-05
-4.5530157780258266e-05
-4.596128010574477e-05
-4.639647504181598e-05
-4.683582665179298e-05
-4.727927061008648e-05
-4.772701427787902e-05
-4.817886101989347e-05
-4.863515556887679e-05
-4.909556928465444e-05
-4.956056998525922e-05
-5.002972302253479e-05
-5.050358745609931e-05
-5.0981650894721224e-05
-5.146454593737504e-05
-5.195168864383017e-05
-5.2443787566010345e-05
-5.294018089321866e-05
-5.344166003897719e-05
-5.3947477503851066e-05
-5.44585166963301e-05
-5.4973937993738065e-05
-5.54947151081165e-05
-5.601992902358249e-05
-5.655062246564396e-05
-5.708582096138927e-05
-5.76266147499678e-05
-5.81719932943401e-05
-5.872307620229979e-05
-5.927882932905124e-05
-5.984040246194986e-05
-6.040671868443254e-05
-6.097899051380612e-05
-6.155607122650727e-05
-6.213923182699262e-05
-6.272730855720783e-05
-6.33215290959865e-05
-6.392085460401806e-05
-6.452629643906652e-05
-6.513713318678287e-05
-6.575397036950783e-05
-6.637655458933403e-05
-6.700501926340161e-05
-6.763952087415282e-05
-6.827993452961437e-05
-6.892641976263651e-05
-6.95792516057671e-05
-7.023758676865657e-05
-7.090359635882927e-05
-7.157326895019037e-05
-7.22537316339587e-05
-7.29335600807117e-05
-7.363058167909886e-05
-7.431858169251737e-05
-7.503437052715787e-05
-7.573149208676315e-05
-7.646146152035654e-05
-7.717673621914813e-05
-7.79123500149817e-05
-7.865449796651269e-05
-7.939138663434764e-05
-8.016752103670241e-05
-8.089298779626747e-05
-8.171870636532186e-05
-8.242364049240031e-05
-8.329916538683813e-05
-8.399351572930223e-05
-8.490058824352307e-05
-8.560225212583816e-05
-8.652762919410945e-05
-8.725127439368485e-05
-8.817913937745128e-05
-8.892784772188828e-05
-8.986359377256142e-05
-9.062940744464926e-05
-9.158928404375596e-05
-9.236417872339388e-05
-9.334565286178362e-05
-9.414046054174747e-05
-9.513594758736674e-05
-9.595388167546459e-05
-9.696605380612837e-05
-9.780909663757113e-05
-9.883017164460895e-05
-9.96996587714757e-05
-0.00010073326210378929
-0.00010162271800348075
-0.00010267189360971626
-0.00010357719205625793
-0.00010464096518691946
-0.00010556240657194621
-0.0001066509262237106
-0.00010757360786536245
-0.00010869131290230428
-0.00010963876827146143
-0.00011075013207805754
-0.00011175496206153161
-0.00011284235433968817
-0.00011390779620471729
-0.0001149789367051522
-0.00011608637725112991
-0.00011719117425279123
-0.0001182644352246613
-0.00011950315018030772
-0.00012041787445997914
-0.00012192914379819634
-0.00012252421643027352
-0.00012454463976565113
-0.00012449891954915634
-0.000127453127988255
-0.0001262127905438037
-0.00013080569302080167
-0.00012742920781637357
-0.0001348662465926187
-0.00012801348441131982
-0.00013919582910468416
-0.00013097723840134373
-0.0001233448581179944
-0.0001535027475940814
-0.00010771976494948352
-0.0001423477832616395
-8.196991796058291e-05
-0.00012665831673298178
-4.736409865496797e-05
-0.0001456730161753388
-1.6989129144079243e-05
-0.00010898264476316222
-4.584810044397009e-05
-0.00010900713923503853
-7.987695824471398e-05
-7.536739588235593e-05
-7.624264285870295e-05
-9.027334680636253e-05
-8.796406096714144e-05
-0.00011472457794425633
-7.571418837760356e-05
-0.00010740290292301599
-6.815370610407359e-05
-5.431154275704458e-05
-6.11565170984908e-05
-3.08535099653324e-05
-4.334337965070589e-05
-1.7895910392503114e-05
-1.005660110829545e-05
-8.067543698342481e-06
1.1309713632398275e-05
-2.4979506001964998e-05
-3.250494271509678e-06
-4.096959261386851e-05
-2.6933926971948644e-05
-5.7824730544154244e-05
-5.223199782907457e-05
-7.501808009624388e-05
-7.287373034297332e-05
-0.00010550162532865194
-0.00010907673783578764
-0.00012519708673979082
-9.782407588518588e-05
-0.00014532050818164309
-0.00011203471453754199
-0.0001595549112197431
-0.00010084359745510393
-0.00014524976643503273
-7.123060547491313e-05
-0.00012389233438781256
-5.605405866180866e-05
-0.00010321170199987603
-2.5080483165488085e-05
-8.517356790381774e-05
-1.011962047177574e-05
-6.251558600119887e-05
-3.589257574390645e-05
-3.6359437752141036e-05
-6.642455897404998e-05
-1.3050245183015159e-05
-0.00010698788352273586
-3.029887349440978e-05
-0.00012113609913540782
-8.081768656901365e-05
