-0.0002772977250350991
-0.00025522762196838485
-0.00026975217622139696
-0.00027790377030880364
-0.0002888932422531842
-0.00029467465820637236
-0.00030107233598699354
-0.000310018580298809
-0.0003137346264502994
-0.00032467459679755067
-0.0003267237885880454
-0.0003355056819493382
-0.000340046537712847
-0.000339669367180773
-0.00035215983004162614
-0.0003485829219190547
-0.00036241981769817843
-0.00036041098402556755
-0.0003652389413075175
-0.00036389163608401703
-0.00036514173739171326
-0.0003627004957845492
-0.00036323327438106217
-0.00036080035198439615
-0.00036026067873464476
-0.00036081271174751505
-0.00035808448096026716
-0.00036319436239911295
-0.00035877844316041995
-0.0003657267418706272
-0.00036010445125103803
-0.0003694323982041619
-0.0003654793382823789
-0.00037402787938158874
-0.0003768113335098367
-0.0003801326757026844
-0.00038481580638858237
-0.00038588172908945214
-0.00039006555802665173
-0.0003913225418735603
-0.00039468004187237184
-0.0003963482520756169
-0.0003994791494147096
-0.00040004163189897885
-0.0004016792104268209
-0.00039972673194041706
-0.00040491437915742386
-0.0004008201789490691
-0.0004070895466336574
-0.00040501036373746146
-0.00040751496096277543
-0.0004104728098663777
-0.0004126804297343208
-0.0004138120391337339
-0.00041868258508515705
-0.00041744082808641816
-0.0004238532962577275
-0.000423415146220873
-0.0004284907349214503
-0.0004318329241107306
-0.00043177345406764984
-0.0004393042536263318
-0.0004392296738981287
-0.0004462354251951266
-0.0004466983219132345
-0.00045623889274616647
-0.0004579306582668561
-0.00046606596216630577
-0.0004716009970447561
-0.0004766417992960705
-0.0004842477286547204
-0.0004912908286831429
-0.0004968271428470169
-0.0005046576647645129
-0.0005085684265413823
-0.0005154853662246401
-0.0005216889804748534
-0.0005272204190311239
-0.0005294071424045728
-0.0005384098771765106
-0.0005406112893103984
-0.0005489971508686959
-0.0005522983811070979
-0.000560754271651927
-0.0005631495333886666
-0.0005704120505734493
-0.0005704876816952477
-0.000580846798500525
-0.0005768484939947134
-0.0005882699522462421
-0.0005855970936713519
-0.0005932596958539033
-0.000592895569881805
-0.000599147037381058
-0.0005988347432362528
-0.0006071837711442836
-0.0006066940274705769
-0.0006144280840436575
-0.0006140001680453777
-0.0006279349551831536
-0.0006374829942580328
-0.0006458472942723948
-0.0006480459428861117
-0.0006619804594643464
-0.0006783941147287796
-0.0006745776227466672
-0.0006726884771269128
-0.0006750744919234944
-0.0006985253448594274
-0.0007057276374875199
-0.0007025738696009969
-0.0006909674246983375
-0.0007265196211355496
-0.0007188693979778759
-0.0006933251033780182
-0.00071353652854451
-0.0007381181567559483
-0.0007126382304025503
-0.0007079158987892435
-0.0007118915336271122
-0.0006620344750646592
-0.0006682364345436928
-0.0007230901422408797
-0.0007645021019577982
-0.0007737821599079228
-0.0007891430414736585
-0.000815956520483385
-0.0008850817375142281
-0.000854319021577187
-0.0008189132953048783
-0.00081027189632847
-0.0008900672023431393
-0.0008374553401972791
-0.0008264350558692807
-0.0007560949353021207
-0.0008454638295097943
-0.0008507058969781812
-0.0009333003277801818
-0.0008217121576236672
-0.0008202878988717043
-0.000573389470679662
-0.0008289534843795519
-0.0004630488845692606
-0.001090726864603635
0.0025217593104965097
0.021940130770861058
0.03686256965866411
0.04410148191895318
0.04167808938532234
0.032937143731020815
0.01920662423025283
0.003465088881609711
0.0014160905382758636
0.00043424277384782186
-0.00986481303752771
-0.017375833451221845
-0.021809793995281025
-0.026019634922125674
-0.03446864435264522
-0.0433144681730957
-0.02286820169952984
0.0026457068464024727
0.0021852184255939325
-0.0012398158597321917
0.010270114088935571
0.022600944887963974
0.01895465304240751
0.013651040389350444
0.01561722962969679
0.015258991887206724
0.010337299226821833
0.00665980578733724
0.010134764885116398
0.011865593942497844
0.0037005297852856804
-0.0033116828429272612
-0.003641931415488678
-0.0026103850037669718
-0.002829922378300684
-0.0019294816305166686
-0.005755676719022348
-0.011113924274573772
-0.011033222018379484
-0.005331982605188101
0.0011899974677885422
0.0016153261253813932
0.0006746981315613233
0.00058296695694696
-5.010885885227237e-06
-0.0032431549874502716
-0.005753854105058163
-0.0026649168476994465
0.001303310524808372
0.0024621088750082765
0.0010862189078983953
0.0007606402198701354
0.0018083664965637882
0.0011493753007123142
-0.00014155284768616554
0.00033033818850002777
0.0026726051624238346
0.0029137505268346836
0.0007426124439447855
-0.0005314579018767507
-0.0003635359781450519
-0.000918510192885482
-0.0028707780844995376
-0.003348648843899159
-0.0024295274450736905
-0.0019072408039805255
-0.0016421313196791163
-0.0010807855644264196
-0.0004645155402610354
-0.0010147131999371716
-0.0014201450756432558
6.195469957812145e-05
0.0017586886650577446
0.0022550800765137333
0.0015840916016556898
0.0010286082756565931
0.00034794690556796303
-0.0005895590185315452
-0.000685037264271492
0.00013668703275684777
0.0006758960921188699
-0.00014404875503589944
-0.0012460401901369048
-0.0017453068562621023
-0.0020734519862111115
-0.0024017489698069426
-0.0020804473550483874
-0.0011361531080077156
-0.0005190885260791265
-0.0007547920097409355
-0.001021276051087766
-0.000738479040947174
-0.00019971466735607584
0.00021996869945252798
0.0009043125466583254
0.001766872927301934
0.002263734803061637
0.0020808889689593207
0.001704228871926471
0.0015369202838385631
0.0011561947191622338
0.0004820140904499947
-2.2858202820792635e-05
-0.00021892207041731036
-0.000676070455533358
-0.001210723099920302
-0.001540040929044205
-0.001594571594818292
-0.0016093425680748176
-0.0015102455426191366
-0.0008562974035312826
-6.716738538595369e-05
0.0005036465681451151
0.0006278789986465044
0.0004846051941723768
0.0005101531539186954
0.0005212017758890312
0.0006082622363296328
0.0008425167960873065
0.0009778356609572963
0.0008378201706958129
0.00044387292864928095
0.00012352657744044875
1.5259138889662084e-06
-7.849344653086741e-05
-0.00016246081981347103
-8.409616204191044e-05
-2.9739592581764455e-05
-0.00017518119599195644
-0.0004410155355407337
-0.0005242085560457307
-0.000506721082684079
-0.0005408330417533476
-0.00045272389470893247
-0.000178229638230378
-3.644138610885176e-05
-0.00010931731851560602
-0.00022479002126244734
-0.0002540029676479937
-0.00018789409144439768
-9.815359507590275e-05
0.00010073441362528924
0.0003051762262934385
0.0003723268180725852
0.00024384527472381864
4.657188697789608e-05
-6.786505278523177e-06
1.0844534069347808e-05
-2.4966784223874822e-05
-8.098756225588706e-05
-0.000128308578449211
-0.00010594336088299867
-7.217838836343939e-05
-0.0001492161104176315
-0.00021673477238034187
-0.00016950730957993683
-0.00015525443948538785
-0.00020355757003281635
-0.00022632681093008952
-0.00022490750976713946
-0.00032876621037875747
-0.0003998909000443903
-0.0004046294762135165
-0.000306031204973058
-0.00016792652809989746
2.833041163929136e-05
0.00018239156762290472
0.0002442202150903953
0.00022194296158536365
0.0001714667563255978
0.00022490957715910054
0.00038749518644833145
0.00045169284258302235
0.00039676116622204625
0.00028365985928785687
0.00012370386163154494
-7.733383182005035e-05
-0.0002312561376994959
-0.00025426847440125026
-0.00019272298206008415
-0.00013605559213336968
-8.483542913866694e-05
-1.9086672490595887e-05
7.246655551175196e-05
0.00016708554741195277
0.00024240093647224029
0.00027908760347853783
0.0002816107002390922
0.00026535855169807475
0.00020953734862892386
0.00015928325010238853
7.21746522074167e-05
-4.586917534353345e-05
3.729880996091123e-05
-7.627363600301644e-05
1.0022512501940944e-05
-5.8119846582369044e-05
3.819315167576646e-06
-4.035573393081207e-05
-8.002807436425184e-07
-2.970754348307497e-05
-5.159373986073903e-06
-2.338528314563363e-05
-5.067555424562772e-06
-1.531516533816247e-05
3.883138075515963e-07
-8.294361046783019e-06
2.80171507556622e-06
-3.6625120673787134e-06
3.805709284276557e-06
-2.0743170314735772e-06
3.763376554304608e-06
-2.2648456343135268e-07
3.3249982958399524e-06
-2.93561933760976e-07
1.8041694584349129e-06
-9.486138346586313e-07
6.211729231793764e-07
-1.6812568157664742e-06
-1.3396745147313364e-07
-2.0144928863218697e-06
-5.53988905102696e-07
-2.0269227020502066e-06
-7.197313666501212e-07
-1.9050066415358079e-06
-9.056863573825421e-07
-1.821039719746096e-06
-1.0134541999751688e-06
-1.6869913075977325e-06
-1.0530128758084838e-06
-1.5494372111396829e-06
-1.055061181038557e-06
-1.4514697610684473e-06
-1.0830892528112266e-06
-1.3940462282524481e-06
-1.1125775270776463e-06
-1.3637120151558433e-06
-1.155195499327093e-06
-1.3548811045559217e-06
-1.2005687601398174e-06
-1.359422032095372e-06
-1.2464532856727988e-06
-1.3724238984056617e-06
-1.290434715135345e-06
-1.3911247249313657e-06
-1.3290388059933854e-06
-1.4084539340410152e-06
-1.3616106680055997e-06
-1.4261090723149646e-06
-1.3914034151910916e-06
-1.4442092087436128e-06
-1.4193300890915392e-06
-1.4629332924443248e-06
-1.4456995037331866e-06
-1.4821314369515702e-06
-1.4713341236441304e-06
-1.5023508276170794e-06
-1.4966323041440757e-06
-1.5235659108197436e-06
-1.522031652883768e-06
-1.5459323547770826e-06
-1.5476966771284933e-06
-1.5692772452552753e-06
-1.5736305719088635e-06
-1.593400820446315e-06
-1.5998085420000722e-06
-1.6182376697294887e-06
-1.6263031830830374e-06
-1.6437013312577825e-06
-1.653071372843297e-06
-1.6697041189256412e-06
-1.6801271549796853e-06
-1.6962090896306247e-06
-1.707494480387208e-06
-1.723202209796647e-06
-1.7352046751674085e-06
-1.7506727319759356e-06
-1.7632867548426391e-06
-1.7786249534373303e-06
-1.7917678426382236e-06
-1.8070573805685497e-06
-1.820666515281585e-06
-1.8359740360389442e-06
-1.8500023370320072e-06
-1.8653804128914916e-06
-1.8797916350280245e-06
-1.8952806797867532e-06
-1.9100456019219107e-06
-1.925677582446212e-06
-1.940775069075786e-06
-1.9565758831516916e-06
-1.971989886525124e-06
-1.9879802722641386e-06
-2.0036993171793473e-06
-2.0198963818507127e-06
-2.035912473208215e-06
-2.052330572431733e-06
-2.0686384730802946e-06
-2.0852897043096457e-06
-2.101886330097924e-06
-2.1187812551052957e-06
-2.135665318559989e-06
-2.1528131616328663e-06
-2.169984647340008e-06
-2.187393599058522e-06
-2.204853532864417e-06
-2.2225310025799125e-06
-2.240281249341286e-06
-2.258234063486059e-06
-2.2762771234372924e-06
-2.2945116388678038e-06
-2.312850528422798e-06
-2.3313727769700337e-06
-2.3500109318952303e-06
-2.368826698735091e-06
-2.3877678969527467e-06
-2.4068827988882075e-06
-2.426131106304246e-06
-2.4455506505237622e-06
-2.4651103786063177e-06
-2.484840004060435e-06
-2.5047156694397955e-06
-2.524760780610335e-06
-2.5449570821437298e-06
-2.565323078068042e-06
-2.5858448745208793e-06
-2.6065371679884707e-06
-2.6273894617075404e-06
-2.648413495596994e-06
-2.669601419725095e-06
-2.690962679922489e-06
-2.712491489732292e-06
-2.734195515805685e-06
-2.7560705813399656e-06
-2.7781229746061447e-06
-2.8003497759453903e-06
-2.8227562068695107e-06
-2.8453403304640437e-06
-2.8681065439718062e-06
-2.891053680317173e-06
-2.9141855011112296e-06
-2.937501443262756e-06
-2.9610047795949676e-06
-2.984695422417308e-06
-3.008576269928934e-06
-3.032647609638273e-06
-3.056912054154361e-06
-3.0813701886163127e-06
-3.10602440924615e-06
-3.1308755383805236e-06
-3.1559258098426407e-06
-3.1811762364163996e-06
-3.2066289315115553e-06
-3.2322850619285153e-06
-3.2581466535417156e-06
-3.2842149991406876e-06
-3.3104920626017992e-06
-3.336979240777099e-06
-3.3636784556660863e-06
-3.3905911913934334e-06
-3.4177193436151355e-06
-3.4450644706692326e-06
-3.4726284542704793e-06
-3.5004129170533365e-06
-3.528419736339026e-06
-3.556650591316881e-06
-3.5851073625848195e-06
-3.6137917800119036e-06
-3.642705733511713e-06
-3.6718509991420984e-06
-3.701229480951708e-06
-3.730842997878175e-06
-3.760693471877637e-06
-3.7907827622951835e-06
-3.821112812129175e-06
-3.851685519316389e-06
-3.882502850398962e-06
-3.913566740523273e-06
-3.944879181884333e-06
-3.97644214591701e-06
-4.0082576522372255e-06
-4.040327708071585e-06
-4.072654361834857e-06
-4.105239656227577e-06
-4.138085669826315e-06
-4.171194480507163e-06
-4.20456819799018e-06
-4.2382089355149895e-06
-4.272118835136029e-06
-4.306300045503833e-06
-4.340754741651232e-06
-4.375485107955906e-06
-4.410493353444896e-06
-4.445781698437346e-06
-4.481352386544884e-06
-4.517207674521376e-06
-4.553349841565028e-06
-4.589781181161092e-06
-4.626504008505483e-06
-4.66352065443663e-06
-4.700833471017686e-06
-4.738444826831878e-06
-4.776357111460774e-06
-4.814572731783235e-06
-4.853094115540213e-06
-4.891923708462046e-06
-4.931063977124546e-06
-4.97051740677178e-06
-5.01028650342707e-06
-5.050373792334461e-06
-5.090781819673895e-06
-5.13151315139036e-06
-5.1725703745014585e-06
-5.213956096233813e-06
-5.255672945150426e-06
-5.297723570386692e-06
-5.340110642624436e-06
-5.382836853613665e-06
-5.425904916949882e-06
-5.469317567708456e-06
-5.513077563007882e-06
-5.557187681862525e-06
-5.601650725706876e-06
-5.646469518235448e-06
-5.691646905822039e-06
-5.737185757522878e-06
-5.783088965497596e-06
-5.829359444916432e-06
-5.876000134332699e-06
-5.923013995764621e-06
-5.970404015000165e-06
-6.0181732016442184e-06
-6.066324589421089e-06
-6.114861236286256e-06
-6.163786224746835e-06
-6.213102661912801e-06
-6.262813679756943e-06
-6.312922435301418e-06
-6.3634321108846104e-06
-6.41434591427003e-06
-6.465667078846805e-06
-6.517398863901914e-06
-6.569544554840752e-06
-6.622107463310784e-06
-6.675090927487124e-06
-6.728498312241616e-06
-6.782333009358103e-06
-6.836598437742097e-06
-6.891298043651566e-06
-6.9464353009511255e-06
-7.002013711285998e-06
-7.058036804342342e-06
-7.1145081380115534e-06
-7.1714312986632635e-06
-7.22880990138827e-06
-7.286647590161926e-06
-7.344948038112413e-06
-7.4037149477535434e-06
-7.462952051304198e-06
-7.522663110788393e-06
-7.582851918300088e-06
-7.643522296333334e-06
-7.704678097898165e-06
-7.766323206851643e-06
-7.828461538219407e-06
-7.891097038213588e-06
-7.954233684711703e-06
-8.017875487259242e-06
-8.08202648767823e-06
-8.146690760053431e-06
-8.21187241102834e-06
-8.27757558026184e-06
-8.343804440379826e-06
-8.410563197449542e-06
-8.477856091158365e-06
-8.545687395084315e-06
-8.614061417162476e-06
-8.682982499624175e-06
-8.75245501939025e-06
-8.82248338868782e-06
-8.893072054881102e-06
-8.964225500842965e-06
-9.035948245212207e-06
-9.108244843009631e-06
-9.18111988582656e-06
-9.254578001629296e-06
-9.328623855547804e-06
-9.403262150149683e-06
-9.478497625595508e-06
-9.554335059883725e-06
-9.630779269208001e-06
-9.707835108465745e-06
-9.785507471377666e-06
-9.86380129062143e-06
-9.942721538419759e-06
-1.002227322692876e-05
-1.0102461408323312e-05
-1.0183291175137882e-05
-1.0264767660707905e-05
-1.0346896039416275e-05
-1.0429681527064253e-05
-1.0513129381142138e-05
-1.059724490128116e-05
-1.0682033429535972e-05
-1.0767500350593518e-05
-1.0853651092252418e-05
-1.0940491125727137e-05
-1.1028025966090718e-05
-1.111626117247253e-05
-1.1205202348488956e-05
-1.1294855142629902e-05
-1.1385225248571192e-05
-1.1476318405518053e-05
-1.1568140398535674e-05
-1.1660697059047778e-05
-1.1753994265157816e-05
-1.1848037941962139e-05
-1.1942834061964488e-05
-1.203838864546631e-05
-1.2134707760963785e-05
-1.223179752546182e-05
-1.2329664104880338e-05
-1.2428313714528405e-05
-1.2527752619453762e-05
-1.2627987134803884e-05
-1.2729023626235035e-05
-1.283086851035578e-05
-1.293352825512857e-05
-1.3037009380275667e-05
-1.3141318457617524e-05
-1.3246462111606645e-05
-1.3352447019713241e-05
-1.345927991276306e-05
-1.3566967575483722e-05
-1.3675516846900666e-05
-1.3784934620772026e-05
-1.3895227845974172e-05
-1.4006403526961413e-05
-1.4118468724266461e-05
-1.4231430554927831e-05
-1.4345296192893806e-05
-1.4460072869525945e-05
-1.4575767874045777e-05
-1.4692388553998181e-05
-1.4809942315706977e-05
-1.492843662474774e-05
-1.5047879006423442e-05
-1.5168277046291156e-05
-1.5289638390529386e-05
-1.541197074654858e-05
-1.5535281883451157e-05
-1.5659579632428975e-05
-1.5784871887358667e-05
-1.5911166605264704e-05
-1.6038471806850653e-05
-1.616679557704529e-05
-1.629614606541301e-05
-1.6426531486685983e-05
-1.65579601214055e-05
-1.669044031629046e-05
-1.6823980484791513e-05
-1.6958589107806017e-05
-1.7094274734010873e-05
-1.7231045980626653e-05
-1.7368911533634896e-05
-1.750788014857652e-05
-1.7647960651120974e-05
-1.7789161937357975e-05
-1.7931492974658384e-05
-1.8074962802194176e-05
-1.8219580531462728e-05
-1.8365355346826133e-05
-1.8512296506025883e-05
-1.866041334106305e-05
-1.880971525859438e-05
-1.8960211740278897e-05
-1.9111912343828456e-05
-1.9264826703461178e-05
-1.941896453057265e-05
-1.9574335614086773e-05
-1.973094982110949e-05
-1.9888817098016415e-05
-2.0047947470673295e-05
-2.0208351045038138e-05
-2.0370038007955856e-05
-2.0533018627833964e-05
-2.0697303255254914e-05
-2.0862902323494858e-05
-2.1029826349424344e-05
-2.119808593407631e-05
-2.136769176322434e-05
-2.1538654608153574e-05
-2.1710985326303005e-05
-2.1884694862053485e-05
-2.205979424734232e-05
-2.2236294602368618e-05
-2.2414207136261816e-05
-2.2593543147866532e-05
-2.2774314026409188e-05
-2.2956531252238573e-05
-2.3140206397627178e-05
-2.332535112740139e-05
-2.3511977199677228e-05
-2.3700096466626767e-05
-2.3889720875341246e-05
-2.4080862468478457e-05
-2.427353338500457e-05
-2.4467745860999016e-05
-2.4663512230456907e-05
-2.4860844926118955e-05
-2.5059756480180653e-05
-2.5260259525061474e-05
-2.5462366794229722e-05
-2.5666091123122863e-05
-2.587144544986372e-05
-2.6078442816018842e-05
-2.6287096367541254e-05
-2.6497419355581673e-05
-2.6709425137316117e-05
-2.692312717674178e-05
-2.713853904559555e-05
-2.7355674424263355e-05
-2.7574547102542297e-05
-2.7795170980535842e-05
-2.8017560069573807e-05
-2.8241728493127777e-05
-2.846769048766879e-05
-2.869546040351823e-05
-2.892505270582962e-05
-2.9156481975572697e-05
-2.938976291029993e-05
-2.9624910325173383e-05
-2.9861939153872242e-05
-3.0100864449635842e-05
-3.0341701386063445e-05
-3.058446525819615e-05
-3.082917148341697e-05
-3.10758356025548e-05
-3.132447328065788e-05
-3.1575100308172625e-05
-3.182773260187407e-05
-3.2082386205980643e-05
-3.2339077292919234e-05
-3.259782216461372e-05
-3.285863725335466e-05
-3.312153912299608e-05
-3.338654446982401e-05
-3.365367012381837e-05
-3.392293304955192e-05
-3.4194350347304124e-05
-3.4467939254233194e-05
-3.474371714533642e-05
-3.502170153477004e-05
-3.5301910076617155e-05
-3.558436056637121e-05
-3.5869070941816066e-05
-3.615605928431511e-05
-3.6445343819855515e-05
-3.673694292029295e-05
-3.703087510443972e-05
-3.732715903943633e-05
-3.762581354154002e-05
-3.792685757774794e-05
-3.823031026683858e-05
-3.8536190880191656e-05
-3.884451884411796e-05
-3.915531373955791e-05
-3.946859530502329e-05
-3.978438343571242e-05
-4.010269818785268e-05
-4.0423559775451404e-05
-4.0746988578303344e-05
-4.10730051333848e-05
-4.1401630149818115e-05
-4.173288449291245e-05
-4.206678920625677e-05
-4.2403365487914666e-05
-4.274263472267179e-05
-4.308461844575409e-05
-4.342933838933544e-05
-4.377681643052511e-05
-4.412707465450353e-05
-4.44801352861826e-05
-4.483602076943839e-05
-4.519475368212271e-05
-4.555635683296333e-05
-4.592085315861593e-05
-4.628826583757366e-05
-4.6658618172575506e-05
-4.703193371596208e-05
-4.740823614521935e-05
-4.778754938873674e-05
-4.816989750965387e-05
-4.855530481223788e-05
-4.894379575706309e-05
-4.9335395044229684e-05
-4.9730127516140225e-05
-5.012801827463439e-05
-5.052909257633874e-05
-5.093337591137703e-05
-5.13408939517145e-05
-5.175167255145523e-05
-5.216573793585138e-05
-5.2583116183155905e-05
-5.300383401582714e-05
-5.3427918011516294e-05
-5.3855395132606e-05
-5.4286292571830656e-05
-5.472063755416302e-05
-5.51584578522956e-05
-5.559978109707616e-05
-5.6044635291207845e-05
-5.649304891810938e-05
-5.694505002675474e-05
-5.740066780207263e-05
-5.785993093848494e-05
-5.832286839174141e-05
-5.87895104307818e-05
-5.9259885497301985e-05
-5.973402478873512e-05
-6.021195724962951e-05
-6.069371490656874e-05
-6.117932576168929e-05
-6.166882504773192e-05
-6.216223777607503e-05
-6.265960316495858e-05
-6.316094384353592e-05
-6.366630171134036e-05
-6.417569788172602e-05
-6.468917751383755e-05
-6.520675840783561e-05
-6.572849052936987e-05
-6.62543883180591e-05
-6.678450524650464e-05
-6.731885388193957e-05
-6.785749030751307e-05
-6.84004257380977e-05
-6.894771849025598e-05
-6.949937913427713e-05
-7.005546661007552e-05
-7.06159933470795e-05
-7.118101634455247e-05
-7.17505520684801e-05
-7.232465319832997e-05
-7.290334353845683e-05
-7.348666829164511e-05
-7.407466077100815e-05
-7.46673571529004e-05
-7.526480316759801e-05
-7.586702194923461e-05
-7.647407470382167e-05
-7.70859680497703e-05
-7.770278845087021e-05
-7.832450269163854e-05
-7.895126853149355e-05
-7.95829194887831e-05
-8.021987067739083e-05
-8.086191453033573e-05
-8.150903230567041e-05
-8.216163052920819e-05
-8.281929468618586e-05
-8.348240682772565e-05
-8.415059336804682e-05
-8.482423341080327e-05
-8.550378651269434e-05
-8.618740647276923e-05
-8.687779694716087e-05
-8.757279504398655e-05
-8.827278670498558e-05
-8.89800220778298e-05
-8.969026085625664e-05
-9.040901155014242e-05
-9.113108185068025e-05
-9.186108363498646e-05
-9.25941527571885e-05
-9.333762956051763e-05
-9.408139621491264e-05
-9.483826096181382e-05
-9.559479665082957e-05
-9.636466328293014e-05
-9.713434019317964e-05
-9.791766888310981e-05
-9.870007167695621e-05
-9.949738873947511e-05
-0.00010029292338455923
-0.00010110368346700962
-0.00010191354415103909
-0.00010273856997650746
-0.00010356250481257225
-0.00010440121913031118
-0.00010524071398469617
-0.00010609221816717119
-0.00010694742863792987
-0.00010781141170632569
-0.00010868296783564759
-0.00010955918228232732
-0.00011044713153507283
-0.00011133484586834232
-0.00011223954482159781
-0.00011314010857704185
-0.00011406006185985776
-0.0001149728672739905
-0.00011590936446823774
-0.00011683574189506028
-0.0001177872919436709
-0.00011872709404491227
-0.00011969716218819125
-0.00012064954517586644
-0.00012164083219927364
-0.0001226071052107359
-0.0001236281494102817
-0.00012460159759142243
-0.0001256559546342259
-0.00012662411310868034
-0.0001277470813767564
-0.0001286165296791217
-0.00013002385760886925
-0.0001301235285192055
-0.00013494132439205702
-0.00013624479584328856
-0.00013631625297394422
-0.00014308508239721938
-0.00013776154848943353
-0.00014199650632114812
-0.000137868528753865
-0.0001396273414354312
-0.00013839362872011091
-0.00013925469861057735
-0.00013863379887887192
-0.00014114889254907736
-0.00014094976451860264
-0.0001435398106156393
-0.0001430363368890416
-0.0001490801243298416
-0.0001484653927052384
-0.0001560353753977513
-0.00015664065881941975
-0.0001634912176610233
-0.000165069105566842
-0.00017111342569580985
-0.0001732891475897883
-0.00017853827556292082
-0.00018171479891857645
-0.00018353291843407188
-0.00019270803028906345
-0.00019272835810457657
-0.00020177897533273738
-0.00020166191144080296
-0.00021695429036601232
-0.00021614542612338744
-0.00023139201125464248
-0.00022783494795418816
-0.00024048322640055932
-0.00023929254145641982
-0.0002465541561527392
-0.0002424242082386653
-0.00024548929081432785
-0.00024435839388830887
-0.00024316899349510068
-0.00024680296860624844
-0.0002455559170182895
-0.00024977095607724647
-0.0002465690788191484
-0.00024837359452068624
-0.0002543552882062265
-0.00025075995936422215
-0.0002607762621813573
-0.0002603700918567606
-0.0002686627165228484
-0.0002726198726769168
-0.0002775136416597729
-0.0002852506862445651
-0.00028558930929550223
-0.0002946044106232979
-0.0002877885194529614
-0.00029696034685070016
-0.000291913731918241
-0.0002954008891952535
-0.0002901472936085381
-0.00029427380436243544
-0.0006231232090048456
-0.0006366303063376164
-0.0005983820723271378
-0.0005832506100070807
-0.0006073086721406991
-0.0005971676150289888
-0.0005727343257674987
-0.0005682432654902542
-0.0005294010511493141
-0.0005809045152981754
-0.0004904071036650915
-0.0005504572977677397
-0.0003912789061386729
-0.0005594196527926918
-0.0003274730853230497
-0.0006575542019945206
-0.000366354242654464
-0.0006524539613730918
-0.00037139928943093675
-0.0006394963886508108
-0.0003625523119606633
-0.0006057024624688572
-0.00041775795548087936
-0.0005151513586185035
-0.0004668928362339068
-0.00044670009109541817
-0.0004833689579203216
-0.0004514827672557865
-0.0004945442241550474
-0.00041812268796189643
-0.0004490785762557315
-0.00038375739874370687
-0.0003933526940304445
-0.00034657873524207827
-0.00032989841948405515
-0.0003597114634535277
-0.0002790871136112551
-0.00032929482178849245
-0.00018060109704169745
-0.0003230528854778462
-0.00018982394165398438
-0.00031879737036372494
-0.00016054193850959355
-0.0003229138842547626
-0.00013954541491430396
-0.00026072787933454624
-0.00012478123105072686
-0.00018121413366049794
-0.0001512059229746974
-0.00011022943570357732
-0.00016124135719943394
-0.00011656291703828045
-0.00016917844227409048
-8.824230580056151e-05
-0.0001129549867706421
-9.607442549644513e-05
-0.00011731995578971393
-3.3134455681015746e-05
-0.00010086684371320831
2.951428879938308e-05
-4.120904995147113e-05
7.00734090175397e-05
7.030528997684825e-05
7.886495220206914e-05
0.0001420982810309767
0.00013330968385888024
0.00014784851876951808
0.00010658486776368226
0.00010433796341911827
0.0001616189320088928
0.0001026493408345533
0.00022916861016656172
0.00013495226795138567
0.00017082096119418405
0.00011228748146110973
0.00017359214941683793
0.00010792233155061833
0.0001554188568999992
0.00018147105317511568
0.00018390749130441872
0.0002348024552472931
0.0002087193318120782
0.0001338048018108076
0.0002909484616664412
0.00023551347273652703
0.00029433467200368115
0.0002728505115160058
0.0003501445927589813
0.0003715708655945816
0.00039750097375212295
0.00041561092445773287
0.00044590985728655867
0.0005124817628635976
0.0004893137519846295
0.0005103728743712634
0.0005159067734152924
0.0004747578064947062
0.000573177745068536
0.00037133281605086646
0.0007172628938024196
0.00022497984031839575
0.0007990253539103761
0.00017822377779345912
0.0008387859261541118
2.7478960604700653e-05
0.0010790600489154075
-0.0005204101382068136
0.0014081818580775757
-0.0008374646858297025
0.002113234520703597
-0.0015487283892871191
0.0033200316446843807
-0.0026065249842811317
0.004726274026069083
-0.0052367451034054675
0.009437284100198184
-0.013464328164638717
0.025191484940548202
-0.05631635483851172
0.2908753977463169
0.34222688630449694
0.043248836500650575
-0.03237548838862642
-0.0001747031084087916
0.08936160200888227
-0.004061196629399777
0.021874797777659993
-0.07972116048425984
-0.10307929931314426
-0.10279693753483088
-0.14804065205904493
-0.11019004356887885
0.07879561645434181
0.11971754276149449
-0.05048490530568056
-0.1426235419671537
-0.11085332828486746
-0.08963135399333291
-0.033530792268709975
0.05567309992665319
0.07702823346093923
0.059256897891861886
0.02867092110942021
0.034746948310771596
0.026217360919505883
0.012512277175259177
0.006576421793126833
0.022667789312349217
0.04333546472956726
0.04955283610127148
-0.008367739027386419
-0.06662626487556866
-0.06733290630885519
-0.011509528796805144
0.00882847813442179
-0.008998871166592752
-0.0066038221318765866
-0.010253409186160998
-0.03045976684563048
-0.06035391353436352
-0.0215005603055108
0.033115509798329314
0.05869437588466293
0.022933504039008373
-0.021285394829693403
-0.027834795651034708
-0.01446071597916007
0.008568031009938607
0.028195253136016066
0.03441493400477444
0.010896240338001597
-0.023234645955008012
-0.03298708073896487
-0.014708941649984437
0.006133921613443079
0.008520271893549149
0.001953896411980358
0.0013455206211424287
-0.0015080781124708971
-0.010246454757142451
-0.013040730894663377
-0.0011688801910177647
0.011604626699192622
0.009564868794738203
0.00023048103097578557
-0.005348831041955484
-0.0034890304827129913
-0.006760726120671412
-0.011053544931497204
-0.005599293513907352
0.008133268595388763
0.013934240409012193
0.0038269052535537633
-0.006506819773336452
-0.010094320793040413
-0.005275901371696395
0.0017508026735025227
0.010956685627023807
0.014422424661291913
0.005249483753183992
-0.010678913943083242
-0.01672014810182557
-0.008103470239169496
0.003395618575570857
0.007234284925609345
0.004518299762317931
-0.0005999217462173509
-0.006574411321370984
-0.009477693059779694
-0.00570917961651283
0.003339917873476344
0.009108636323113997
0.0056254273332622
-0.0020428844853362794
-0.006735383072301283
-0.0052183170169475875
-0.00281794265261448
-0.000940653968353149
-8.488826323908968e-05
0.000271790988931909
-0.001579963798950324
-0.004255539649684254
-0.005211000222941917
-0.0032856218355383493
-0.0013785415105958094
0.0002127165538829904
0.0015213539124906902
0.0028361662964269292
0.0010892532316136281
-0.0019235090104887786
-0.0038454223663262595
-0.0010187759001799627
0.0027425535870405863
0.0038409225118077933
0.0024305076972136732
0.00037061727413224306
-0.002098289391365188
-0.003587826304026943
-0.0031851475964217537
0.0005111272998759227
0.002129026849478713
0.000807690727643491
-0.002956225952849669
-0.004847368296956558
-0.003959564124277049
-0.0012372334095004645
0.0008438621092725347
0.002015683582086107
0.0012334886641514912
-0.0006066263532583126
-0.0017076359077984136
-0.0009575360763419078
0.0007602285772463971
0.0017116695048026915
0.0016156132098690923
0.0009704103550678979
6.506216701715939e-05
-0.00047316460648660333
-0.0009092169315010899
-0.0003469873816154435
0.000233676439929876
0.00032590655505915233
-0.0003386950178503786
-0.0007977457097734232
-0.0009667646741529267
-0.0012683646290438185
-0.0014294419187041174
-0.0009654138396615837
2.3351761221402333e-05
0.0009664020367667181
0.000629875703556153
-0.00023085453132186726
-0.0006286370009565851
-0.0005696475723961249
6.197956152424316e-05
0.0006945595657343072
0.001061869773341358
0.00038900816480054283
-0.00011588773443169857
-0.0014906518435108328
-0.000957447926739189
-0.00028276644309553406
0.0008376257266688857
0.0004438086575862932
2.2472710491006575e-05
-0.00048076045059845693
-0.0003104385728725918
-0.0004747612139606456
0.00024138176152136464
0.0007543580325868446
0.0010635671317744387
0.0004585645467722443
-0.000266810823567129
0.00012535292598623584
-0.0001521547828153613
0.0002196400184363325
-6.391459466128255e-05
0.0003211805804680273
-0.00029990806852397153
-0.00017900172605877926
-0.00037943527424937057
-0.00015337683424933453
-0.00026612029502489493
-0.0003919012454459044
-0.0001272575692799765
0.00025157028071612196
0.0003874158900302497
6.44347245979135e-05
2.785876502196306e-05
0.00013190995001086277
-0.0001016097424596039
6.701691777196567e-05
-6.600752540817062e-05
4.829509475210174e-05
-5.1113497782589e-05
3.3064561506372344e-05
-1.7798936789609665e-05
2.5820399204319036e-05
-2.5429381992171445e-05
6.504133912361076e-07
-2.296322313273362e-05
1.1220814351330446e-07
-2.2720701880132085e-05
2.9232591644522132e-06
-1.1294781252204386e-05
-5.5325401040421524e-08
-1.699354015300119e-05
-3.423781833362602e-06
-1.1089447703143372e-05
-1.9360935188360295e-06
-8.549016296393328e-06
-2.335332986863137e-06
-6.956493028404363e-06
-3.312679285887195e-06
-6.8593601599389715e-06
-3.5631426905087613e-06
-7.245025911554494e-06
-4.729887341828245e-06
-7.450585581439666e-06
-4.754529592215177e-06
-7.060378131883149e-06
-5.151430378753908e-06
-7.009277363976716e-06
-5.563662251512405e-06
-7.101696595205806e-06
-5.991952745045662e-06
-7.025592655905222e-06
-6.1313677762242285e-06
-7.012012713224279e-06
-6.360501663101536e-06
-7.025842232068506e-06
-6.512995371295771e-06
-7.0573065568055315e-06
-6.668900154153945e-06
-7.102530030542176e-06
-6.822369718348029e-06
-7.169085418153032e-06
-6.956266176434862e-06
-7.231182557605655e-06
-7.094996668755363e-06
-7.329265704026852e-06
-7.237412571924756e-06
-7.429645231538107e-06
-7.3716963701481175e-06
-7.53499609502592e-06
-7.502040514003119e-06
-7.64507899900387e-06
-7.63493241830518e-06
-7.760790990339844e-06
-7.765946152933959e-06
-7.878637823994638e-06
-7.897899868374893e-06
-8.000308246059948e-06
-8.029832104769312e-06
-8.124368445903973e-06
-8.162412790647944e-06
-8.25113235740707e-06
-8.29627577142401e-06
-8.381148423558613e-06
-8.43194966592244e-06
-8.51361183118373e-06
-8.568972899496239e-06
-8.64864204770362e-06
-8.707983634319554e-06
-8.786301741049024e-06
-8.848976651463364e-06
-8.92650461644523e-06
-8.991997822949127e-06
-9.069158453223203e-06
-9.137141347322075e-06
-9.21431438880016e-06
-9.284467989520429e-06
-9.36190359376518e-06
-9.43403420600869e-06
-9.511974103064078e-06
-9.585923069375599e-06
-9.664533923255808e-06
-9.740181212509677e-06
-9.819595757531302e-06
-9.896851191111208e-06
-9.97718971223506e-06
-1.0055999917141841e-05
-1.013735547035011e-05
-1.0217671597059948e-05
-1.0300120563397352e-05
-1.0381915052114221e-05
-1.0465523220523848e-05
-1.054877815967123e-05
-1.063360128401511e-05
-1.0718307517828748e-05
-1.0804392919712066e-05
-1.0890548706718461e-05
-1.0977939716573775e-05
-1.1065548882565474e-05
-1.1154283163120754e-05
-1.1243353311405496e-05
-1.133346595198672e-05
-1.1424008724348613e-05
-1.1515532439173182e-05
-1.160756231798868e-05
-1.1700527944990581e-05
-1.1794061461240695e-05
-1.1888498415542174e-05
-1.1983554190469093e-05
-1.2079491124065587e-05
-1.2176089261725209e-05
-1.2273554077993267e-05
-1.2371715978279872e-05
-1.247073622092764e-05
-1.2570484388762116e-05
-1.2671087383387e-05
-1.2772445268589231e-05
-1.2874658239773464e-05
-1.2977650101182476e-05
-1.3081500320031355e-05
-1.3186151182315899e-05
-1.3291666048272002e-05
-1.3398001601466758e-05
-1.350520870380817e-05
-1.3613255263320023e-05
-1.3722182447759024e-05
-1.3831966922412536e-05
-1.3942642337892372e-05
-1.405419219413143e-05
-1.4166644324291322e-05
-1.4279987573437595e-05
-1.4394245275208169e-05
-1.450941045616494e-05
-1.4625502978818172e-05
-1.4742519149364653e-05
-1.4860476157732333e-05
-1.4979372889668287e-05
-1.5099224485835166e-05
-1.52200318648373e-05
-1.534180860121039e-05
-1.5464557223040387e-05
-1.5588290116110254e-05
-1.571301109101666e-05
-1.5838731638250913e-05
-1.596545659348191e-05
-1.609319678116719e-05
-1.622195786600409e-05
-1.6351750183822214e-05
-1.648258007346502e-05
-1.6614457523013264e-05
-1.674738942684565e-05
-1.6881385532945524e-05
-1.701645319961072e-05
-1.715260202031263e-05
-1.7289839745754802e-05
-1.7428175882022972e-05
-1.7567618517607753e-05
-1.7708177121823434e-05
-1.7849860080230978e-05
-1.7992676868623582e-05
-1.813663613539877e-05
-1.8281747394811347e-05
-1.8428019534777327e-05
-1.8575462133927945e-05
-1.872408430043479e-05
-1.887389569839342e-05
-1.902490564392296e-05
-1.9177123901837435e-05
-1.933055998537558e-05
-1.9485223774641687e-05
-1.964112497129236e-05
-1.9798273583323384e-05
-1.995667949722743e-05
-2.0116352854988916e-05
-2.0277303724325986e-05
-2.043954239125997e-05
-2.0603079103496627e-05
-2.0767924295242218e-05
-2.0934088392559887e-05
-2.1101581986475112e-05
-2.1270415680755487e-05
-2.1440600226676208e-05
-2.1612146405622417e-05
-2.1785065136230633e-05
-2.1959367380024674e-05
-2.213506422445047e-05
-2.231216681068042e-05
-2.2490686400894602e-05
-2.2670634319542826e-05
-2.2852022006638554e-05
-2.3034860972056084e-05
-2.3219162835329146e-05
-2.3404939294045086e-05
-2.3592202152768036e-05
-2.3780963297927366e-05
-2.397123472273622e-05
-2.4163028506842996e-05
-2.435635683472237e-05
-2.455123198004275e-05
-2.4747666322470492e-05
-2.494567233443022e-05
-2.5145262592832858e-05
-2.5346449771219384e-05
-2.554924664863406e-05
-2.575366610266586e-05
-2.5959721116937417e-05
-2.6167424776242076e-05
-2.6376790272286026e-05
-2.6587830900561362e-05
-2.6800560065090226e-05
-2.701499127487361e-05
-2.7231138148165444e-05
-2.7449014411575206e-05
-2.7668633902969456e-05
-2.789001056944043e-05
-2.81131584699543e-05
-2.8338091775833825e-05
-2.8564824772613832e-05
-2.8793371859359433e-05
-2.9023747551042644e-05
-2.9255966477909155e-05
-2.949004338778649e-05
-2.9725993146573313e-05
-2.9963830738698465e-05
-3.0203571268311243e-05
-3.044522996139068e-05
-3.068882216515314e-05
-3.093436334974912e-05
-3.118186910842252e-05
-3.143135516028487e-05
-3.168283734929834e-05
-3.19363316463559e-05
-3.2191854150846505e-05
-3.24494210902017e-05
-3.270904882194574e-05
-3.2970753834710316e-05
-3.3234552748413325e-05
-3.3500462316223445e-05
-3.3768499425856945e-05
-3.403868109998112e-05
-3.431102449678796e-05
-3.458554691225795e-05
-3.486226578119022e-05
-3.514119867692792e-05
-3.542236331381844e-05
-3.5705777548222393e-05
-3.599145937938783e-05
-3.627942694995912e-05
-3.656969854846763e-05
-3.686229260920122e-05
-3.715722771405964e-05
-3.74545225940177e-05
-3.775419612992581e-05
-3.805626735256209e-05
-3.836075544609764e-05
-3.8667679748350477e-05
-3.8977059751005836e-05
-3.9288915102261634e-05
-3.960326560719621e-05
-3.992013123019217e-05
-4.023953209346539e-05
-4.056148848260573e-05
-4.088602084425239e-05
-4.1213149787980156e-05
-4.1542896089606424e-05
-4.187528069117194e-05
-4.2210324699401796e-05
-4.254804939579312e-05
-4.288847622625316e-05
-4.323162681090951e-05
-4.357752294091577e-05
-4.392618658501454e-05
-4.427763988793071e-05
-4.463190516596337e-05
-4.4989004920580544e-05
-4.5348961828775846e-05
-4.571179875194776e-05
-4.607753873188663e-05
-4.6446204996210174e-05
-4.6817820958183754e-05
-4.7192410219393276e-05
-4.756999656863994e-05
-4.795060398448966e-05
-4.8334256638883296e-05
-4.872097889700738e-05
-4.911079531944178e-05
-4.950373066214112e-05
-4.989980987934599e-05
-5.029905812582203e-05
-5.070150075640299e-05
-5.1107163328610806e-05
-5.151607160615082e-05
-5.192825155785332e-05
-5.234372936057524e-05
-5.276253139958041e-05
-5.3184684272619426e-05
-5.361021479022873e-05
-5.4039149976149205e-05
-5.447151707090752e-05
-5.4907343533667314e-05
-5.534665704287736e-05
-5.5789485498431704e-05
-5.6235857023462146e-05
-5.668579996564072e-05
-5.7139342900212886e-05
-5.759651463077466e-05
-5.805734419109319e-05
-5.8521860847126294e-05
-5.899009409967692e-05
-5.9462073685530206e-05
-5.993782957916093e-05
-6.041739199391964e-05
-6.090079138633669e-05
-6.138805845613089e-05
-6.18792241481262e-05
-6.237431965568085e-05
-6.287337642117696e-05
-6.33764261386699e-05
-6.388350075547597e-05
-6.439463247486822e-05
-6.49098537575514e-05
-6.542919732458602e-05
-6.59526961581515e-05
-6.648038350453873e-05
-6.701229287590926e-05
-6.754845805279422e-05
-6.808891308592371e-05
-6.863369229805766e-05
-6.91828302872427e-05
-6.973636192823124e-05
-7.02943223742647e-05
-7.0856747060314e-05
-7.142367170498432e-05
-7.19951323121075e-05
-7.257116517404155e-05
-7.31518068732926e-05
-7.373709428512044e-05
-7.432706458012847e-05
-7.492175522604179e-05
-7.552120398996408e-05
-7.612544894204133e-05
-7.673452845624075e-05
-7.734848121392903e-05
-7.796734620617871e-05
-7.859116273550588e-05
-7.921997041924339e-05
-7.985380919187449e-05
-8.04927193065175e-05
-8.113674133935697e-05
-8.178591619072487e-05
-8.244028508812198e-05
-8.309988958956748e-05
-8.376477158479525e-05
-8.443497329930182e-05
-8.511053729593453e-05
-8.57915064780921e-05
-8.647792409260252e-05
-8.716983373294185e-05
-8.786727934061156e-05
-8.857030520871556e-05
-8.9278955985048e-05
-8.999327667356428e-05
-9.071331264161753e-05
-9.143910961340517e-05
-9.217071368549778e-05
-9.290817131971107e-05
-9.365152935189233e-05
-9.440083499000912e-05
-9.515613581838507e-05
-9.59174798079894e-05
-9.668491530820389e-05
-9.745849105871336e-05
-9.82382561862151e-05
-9.902426021269467e-05
-9.98165530548289e-05
-0.00010061518502996013
-0.00010142020685719854
-0.00010223166966152192
-0.00010304962497780477
-0.00010387412475351427
-0.00010470522134926191
-0.00010554296754617179
-0.00010638741654854294
-0.00010723862198497086
-0.0001080966379132871
-0.00010896151882500409
-0.00010983331964727625
-0.00011071209574530514
-0.00011159790292860359
-0.00011249079745317796
-0.00011339083602398582
-0.00011429807580085266
-0.00011521257440109435
-0.00011613438990182577
-0.00011706358084612655
-0.0001180002062450879
-0.00011894432558145389
-0.00011989599881327608
-0.00012085528638024721
-0.000121822249204633
-0.00012279694869588085
-0.00012377944675558313
-0.00012476980577968196
-0.0001257680886634688
-0.00012677435880570505
-0.0001277886801127658
-0.00012881111700164313
-0.00012984173440577676
-0.0001308805977773297
-0.00013192777309179327
-0.0001329833268528918
-0.00013404732609688798
-0.00013511983839593726
-0.0001362009318627679
-0.00013729067515606737
-0.00013838913748255306
-0.00013949638860290937
-0.00014061249883666038
-0.00014173753906525247
-0.0001428715807378102
-0.0001440146958745891
-0.00014516695707279443
-0.00014632843750968732
-0.00014749921094848193
-0.00014867935174250218
-0.00014986893483985933
-0.0001510680357882674
-0.0001522767307401354
-0.00015349509645730196
-0.00015472321031502034
-0.00015596115030866746
-0.00015720899505702456
-0.000158466823807927
-0.00015973471644298965
-0.0001610127534836059
-0.00016230101609515776
-0.00016359958609248987
-0.00016490854594499636
-0.00016622797878189643
-0.0001675579683971598
-0.00016889859925584027
-0.0001702499564982193
-0.00017161212594631568
-0.0001729851941084065
-0.00017436924818588
-0.00017576437607629437
-0.0001771706663802281
-0.00017858820840940077
-0.0001800170921886295
-0.00018145740846318954
-0.00018290924870439576
-0.00018437270511567025
-0.00018584787063703105
-0.0001873348389540482
-0.00018883370450082976
-0.0001903445624666561
-0.00019186750880273727
-0.00019340264022856327
-0.00019495005423688153
-0.00019650984909954457
-0.00019808212387676532
-0.00019966697842053354
-0.00020126451338126463
-0.0002028748302152323
-0.00020449803118840028
-0.00020613421938868535
-0.00020778349872571991
-0.00020944597394313848
-0.0002111217506191229
-0.00021281093517984748
-0.00021451363490000372
-0.00021622995791618888
-0.00021796001322688173
-0.00021970391070515714
-0.00022146176110058615
-0.00022323367605209114
-0.00022501976808749586
-0.000226820150638957
-0.0002286349380437281
-0.00023046424555511432
-0.00023230818934832342
-0.00023416688652752712
-0.0002360404551341717
-0.00023792901415412612
-0.00023983268352508846
-0.00024175158414562804
-0.0002436858378792314
-0.0002456355675669675
-0.0002476008970301797
-0.0002495819510834953
-0.000251578855536793
-0.00025359173721272495
-0.0002556207239376619
-0.00025766594457750174
-0.000259727529004365
-0.0002618056081625383
-0.00026390031400297577
-0.00026601177958329627
-0.0002681401389576256
-0.0002702855273459437
-0.0002724480809217674
-0.0002746279371198706
-0.0002768252342525446
-0.0002790401120164711
-0.0002812727108849975
-0.000283523172868981
-0.00028579164061613027
-0.00028807825851551866
-0.00029038317139708225
-0.0002927065260867085
-0.0002950484696220189
-0.00029740915130678145
-0.00029978872041947093
-0.0003021873287882508
-0.00030460512796194844
-0.0003070422723330246
-0.0003094989157694824
-0.00031197521524055686
-0.0003144713270169146
-0.0003169874106253804
-0.00031952362484688815
-0.0003220801317248554
-0.00032465709270116695
-0.0003272546722656094
-0.0003298730343646826
-0.0003325123463171946
-0.00033517277459425496
-0.00033785448908273813
-0.00034055765881507347
-0.0003432824563702084
-0.0003460290542876502
-0.00034879762552256314
-0.00035158834836017004
-0.000354401396836756
-0.0003572369518304169
-0.000360095191963511
-0.00036297629764167616
-0.00036588045536406705
-0.0003688078434508081
-0.0003717586545861585
-0.0003747330705309946
-0.0003777312829211423
-0.00038075348274764086
-0.0003837998593012243
-0.00038687060654947117
-0.0003899659265856788
-0.0003930859982564606
-0.0003962310472159884
-0.0003994012363808218
-0.0004025968132012267
-0.0004058179187293731
-0.00040906484263643003
-0.00041233767025736744
-0.00041563677246376357
-0.00041896214781220187
-0.0004223142605981802
-0.00042569302899724513
-0.0004290990025481202
-0.0004325320139377774
-0.0004359927162147191
-0.000439480835953885
-0.0004429971428873622
-0.00044654126265362797
-0.0004501140529821661
-0.0004537150815813306
-0.0004573452605234126
-0.00046100410807911374
-0.00046469259215043334
-0.00046841020219131734
-0.00047215790844107666
-0.0004759352383546687
-0.0004797431100365731
-0.00048358112218121335
-0.0004874501284609471
-0.0004913497955525673
-0.0004952809084551092
-0.0004992432371279773
-0.0005032374368002012
-0.0005072634260234877
-0.0005113217271947418
-0.0005154124243486021
-0.0005195357508238491
-0.0005236923776262212
-0.0005278814042714713
-0.0005321057777614643
-0.0005363602237499904
-0.0005406488017444533
-0.0005449725999504551
-0.0005493263936706683
-0.0005537178896722963
-0.0005581362079397009
-0.0005625961569816866
-0.0005670853231534399
-0.0005716029312362869
-0.0005761731472062534
-0.0005807571778616363
-0.0005853948326120448
-0.000590065919036091
-0.0005947523855503673
-0.0005995234221030394
-0.0006042683603819116
-0.0006091279242434224
-0.0006139382795029985
-0.0006188942306927887
-0.0006237569536182777
-0.0006288188535907013
-0.0006337337279488063
-0.0006388915191427869
-0.0006438753013120503
-0.000649104870694946
-0.0006541632469119043
-0.0006594808069239483
-0.0006646001261324669
-0.0006700051217012996
-0.0006752028918176787
-0.0006806764447147575
-0.0006859675800119757
-0.0006915034968757233
-0.0006968832791263613
-0.0007025116109770995
-0.0007079786722805745
-0.0007136645320336068
-0.0007192586542320131
-0.000725016140616199
-0.0007306888713713476
-0.0007365617171946103
-0.0007422992677876193
-0.0007482825195947651
-0.0007541002533054265
-0.0007601898812969357
-0.000766088225001473
-0.0007722837248640151
-0.0007782520580880787
-0.0007845600205798548
-0.0007906607645335531
-0.0007969705981658928
-0.0008033031015824144
-0.0008095033583838396
-0.0008162066522963939
-0.0008221166676122584
-0.0008293113248328958
-0.0008348087343321084
-0.0008428202109292135
-0.0008471289642368943
-0.0008576415066608584
-0.000857112331927665
-0.0008810881195413279
-0.0008259503472375102
-0.0008323919430300982
-0.0008516628035654027
-0.0007731689188638665
-0.0008712317901464876
-0.0007332486378693005
-0.0008690827935123467
-0.0007614167701695605
-0.0008625720496553693
-0.0007968393840289458
-0.0008644996429771913
-0.0008262147157149153
-0.0008701245801100311
-0.0008510028282074202
-0.0008817091126784556
-0.0008676748460888142
-0.0009068662863615741
-0.000826499812864464
-0.0009266894738610404
-0.0008001444694035127
-0.0008662458281817182
-0.0008229822527143738
-0.0008684351423019294
-0.0007942460245757716
-0.0008304432326146807
-0.0007590794298500848
-0.0008264155978750496
-0.0007827290087184892
-0.0007907426750814396
-0.0007243194749067472
-0.0009140723696334071
-0.0007403466280144454
-0.0009203460014120423
-0.0007940609315305002
-0.0009138742525737662
-0.0008310443502097923
-0.0009090832074075826
-0.0008729790552197233
-0.0008605630412261158
-0.0008693252119094702
-0.00097986081609545
-0.0008932690669054098
-0.0009420295950856488
-0.0009235596759600787
-0.00095647670698889
-0.0008742702720316736
-0.00098488479002793
-0.0007983209292793075
-0.0008704719284064499
-0.0007847744107363149
-0.0007472468846979349
-0.0007408467152645702
-0.0007454764894242916
-0.0007532559154719053
-0.0007123738589734602
-0.0007260250290174956
-0.0006900414573064609
-0.0006718733575811319
-0.0007153340557012999
-0.0006363881295786689
-0.0006654651022842835
-0.0006677151209481478
