-0.0004963511112763322
-0.0004657343030564025
-0.0004951707005331703
-0.0004903391390818372
-0.0005188246543471498
-0.0005127553926193795
-0.0005303360419505716
-0.0005222962954639752
-0.0005402785871444277
-0.0005303730314320767
-0.0005422397565425269
-0.0005467610170302158
-0.0005426516201296084
-0.0005616000806402113
-0.0005451916243992535
-0.0005717500024997131
-0.0005548845971515906
-0.0005788274298086317
-0.0005575836888494609
-0.0005868140388921518
-0.0005647893680738023
-0.0005907929513824155
-0.0005707796817117812
-0.0005976762277210424
-0.0005815670025390235
-0.0005975711900570869
-0.0005959232079334107
-0.0005980649136697832
-0.0006046431359660558
-0.0006047834397978832
-0.0006139587400365877
-0.0006120828855637808
-0.0006237034702519964
-0.000617763107379623
-0.0006381710769785327
-0.0006238565818206229
-0.0006455112177384981
-0.000628647301929747
-0.0006546005185421608
-0.0006392107871336413
-0.0006568535716450424
-0.0006523341285804595
-0.0006602462071985121
-0.0006616768239053158
-0.0006676337666865997
-0.0006788722745389986
-0.0006648578598445196
-0.0006870653738162603
-0.0006698496197580759
-0.0006977017070207434
-0.000675084589002622
-0.0007081350170312821
-0.0006897964467183853
-0.0007153047694091229
-0.0007053193698867426
-0.0007273327644658203
-0.0007263115082884825
-0.000743631717663581
-0.0007406048126695693
-0.0007529613979836446
-0.0007615618867756663
-0.0007627166125986511
-0.0007687399826607571
-0.0007681754203322325
-0.000771626889740816
-0.0007735140741830225
-0.0007748477491672093
-0.0007872022397021467
-0.0007511349050100291
-0.0006801139670019819
-0.0006759699227869562
-0.0006903379438945147
-0.0007789437237191142
-0.0008498917218258454
-0.0009127076742297298
-0.0009185638676237474
-0.0009165280242807428
-0.0008552710789999328
-0.0008544680777014069
-0.0009041145496372704
-0.0009305814126408108
-0.0009459558986127121
-0.000902405064488035
-0.0009493812727919217
-0.0008062269075474903
-0.0008799355963929168
-0.000960103258191606
-0.000994644809737146
-0.000938845438693332
-0.0008712368852708578
-0.0010002692940232981
-0.0010063163316141092
-0.000800437393472735
-0.0008437576852515614
-0.0009223047610546265
-0.0008827311045351119
-0.0009885413917673372
-0.000799143591645793
-0.0008752397569188246
-0.0006788627617279148
-0.0006324528898992167
-0.00029218524521579383
-0.0006694441977730258
-0.000341442148007606
-0.0011635594157148902
0.009759679935717285
0.02923285701494287
0.039239138258326534
0.03947846258665638
0.04323218968631705
0.04856000242265523
0.04486454175418779
0.046936284992898904
0.04698255381182839
0.028624271366511172
-0.00199329030227768
-0.028442844198955264
-0.037713478733613734
-0.03058582605096496
-0.02046682563600092
-0.01892131109103743
-0.025121406762252902
-0.025945001405080298
-0.01736552094366132
-0.008474435223275918
-0.0039420654061005185
-0.0007639198402622281
0.0016754525598196806
0.0025361089652366046
0.002324063381019009
0.007432725584069228
0.01136324280235698
0.013504999968891337
0.012993912125350508
0.008610562978340884
0.0043925566637874535
0.006041350036456114
0.011824852967553838
0.010037193788673945
0.002838435918028151
-0.003340596220697233
-0.006779775283336694
-0.00660619420814768
-0.0060814756022490165
-0.004894877253668144
-0.005351544171659986
-0.008785134122107689
-0.012693241338670782
-0.011760104403576109
-0.006354778562005935
-0.002064384708485646
0.0005266920972518339
0.002391818871644213
0.002283918303771445
0.0008588167891510764
0.0020067247755436043
0.005395475863138162
0.007664686250914567
0.007012002325262627
0.005385658119758111
0.00413276595499123
0.002064057245661083
-0.0009759735007281412
-0.0024071528746732254
-0.00196740628035982
-0.00165597695481095
-0.002733593583006854
-0.003763498968289568
-0.004053540423409078
-0.004115686914186901
-0.004515467437210077
-0.004034888092801181
-0.0027425177848316813
-0.0016142742855072816
-0.0009402258372840106
-0.00010195265598572341
0.0010869422370480713
0.0015148437004312057
0.0012135625502650172
0.0010056781059865824
0.0011360760517247377
0.0015895019839768953
0.002164144538843572
0.002082122517705529
0.0011940700119173597
-0.0006303312357354655
-0.002420160438823083
-0.0027107840187664033
-0.0017439616632990197
-0.0008893271847262798
-0.0007007996420888714
-0.0009000283065646753
-0.0014828442213729149
-0.002157490573277923
-0.0020097619535894094
-0.0010048543410698294
0.0002398770750210657
0.0010071952367394503
0.0012315077767787422
0.001127556895122332
0.0010859119441588004
0.0010397987172528365
0.0008748081569862206
0.0006821696725211458
0.0004305431503984974
0.00035431223017227736
0.0006680275110330792
0.0008082270864179797
0.0003946118604783537
-0.00023295818160496586
-0.00041939319295021814
-0.00021374400769096403
4.7981016024918995e-05
5.244611132673327e-05
4.9755315303450945e-05
-4.143960829060615e-05
-0.0002918535025286372
-0.0005855115245074944
-0.0006356361748057409
-0.00036312811355322005
-0.00010690934158772469
-5.8223115653800564e-05
-7.448567752194002e-05
-3.511942388832739e-05
-7.442752242454797e-05
-0.0001762565651070245
-0.0002056740585513145
2.796172379796949e-05
0.0002938498201253056
0.0004482785041875237
0.00046018046169158733
0.0003522251046517506
0.00020851425549968104
0.00019961987662392574
0.0004115777137927583
0.0006042130106801797
0.0006835844415684614
0.0006326110128861433
0.0005456074560591046
0.0004064439182377166
0.00028510586647999107
0.00020946201402922163
0.00010366942525999843
8.103617786547686e-05
1.4891288021596445e-05
-9.306837959592704e-05
-0.00023212787744999444
-0.00034978544273285876
-0.0004638348285992618
-0.0004949489229812974
-0.00037410127686113775
-0.00019688328452828181
-3.6165384643482264e-05
4.7700080496489446e-05
0.0001360375230135941
0.00013128724090445882
0.00020539593606669503
0.0002947175924594486
0.0004447404845938687
0.0005020662440546018
0.0004718079111499075
0.00033458831418619586
0.00018098695950268396
2.4707775212609118e-06
-0.00016338061821137106
-0.00017135442235395725
3.429928481896876e-05
6.941534265737526e-05
9.059484318878609e-05
6.9695190469687e-05
-0.000143908111669734
-0.00048180725302112863
-0.0006413267709846587
-0.00045258647566651084
-0.00021300592155380885
-0.00010520488248176298
-0.00017202719972291458
-0.00021815915076553845
-0.0004030604276054513
-0.0005219785523715727
-0.0006221436666577146
-0.0007241980825307599
-0.0008298389695340076
-0.0009580737085847228
-0.0009434257639723456
-0.0007757095152814901
-0.0006442858679721464
-0.0005993243601799322
-0.00043431338614495225
2.2009772675504158e-05
0.0005927278017666195
0.0008860629189790174
0.0009510772112845656
0.0008648065365375649
0.0007665427148700827
0.000588384134706712
0.0004247875697735628
0.00018541457800376026
-7.887998171881765e-05
-0.00029514363472507436
-0.00046679451086987616
-0.0005415125733617091
-0.0006237577344114463
-0.0005622185966909248
-0.00044807613635306485
-0.00018819610237190299
0.00010405888528343053
0.0003199231240582365
0.0004514846465701088
0.0004966972795246302
0.000469642373372991
0.0004391744156282808
0.00043318076106498666
0.00042435912530210096
0.0003106645101989761
8.84085016163249e-05
-7.792389418341192e-05
-0.00016391952753544502
-0.00020543374537084868
-0.00026921995543124834
-0.0002327533145090368
-0.00014161946888214535
1.6327740137694522e-05
-5.534064659027928e-05
2.357446325318008e-05
-2.6803290359413455e-05
1.0307823266225897e-05
-2.209592686172021e-05
-4.579412452907221e-06
-1.5364491512418247e-05
-8.073739324145567e-06
-5.3923381524984394e-06
2.962884367721947e-06
5.532686480956363e-06
3.2235422885318484e-06
6.315558943685833e-08
-4.2309918395402456e-07
-1.2380683597317655e-06
-2.365736816996727e-06
-3.5831879913443502e-06
-2.345963819498142e-06
-3.738069068709367e-06
-4.54322377407345e-06
-5.747326843765463e-06
-5.849725612684892e-06
-6.107325813421694e-06
-6.710343233640967e-06
-6.294139218654906e-06
-6.673275075848244e-06
-6.12424721458093e-06
-6.403115936707676e-06
-5.9501106283964335e-06
-6.211359379809547e-06
-6.1262914034357395e-06
-6.29227198352831e-06
-6.169288322112375e-06
-6.181502983865618e-06
-6.1708572489803555e-06
-6.1867341345097325e-06
-6.184481915982604e-06
-6.213211943448716e-06
-6.2550914953640605e-06
-6.300008902017894e-06
-6.332198882176739e-06
-6.393640503069356e-06
-6.434399937516738e-06
-6.489058685440335e-06
-6.524683484407465e-06
-6.57879726159152e-06
-6.6239003011507765e-06
-6.673317676726513e-06
-6.722881951465521e-06
-6.770168082390364e-06
-6.819405181998552e-06
-6.861451848358142e-06
-6.910064563132564e-06
-6.954192170340284e-06
-7.002400517553027e-06
-7.046622380825615e-06
-7.094187321273859e-06
-7.140374284938318e-06
-7.187829395269529e-06
-7.23484904934169e-06
-7.2826272669565865e-06
-7.330502007458768e-06
-7.378647695273333e-06
-7.427193929586103e-06
-7.476354128187895e-06
-7.525748597437924e-06
-7.575636169033801e-06
-7.625692290140831e-06
-7.676332905691809e-06
-7.727105229517715e-06
-7.778379102578274e-06
-7.829902781712663e-06
-7.881866015104627e-06
-7.93411125067677e-06
-7.986711375486703e-06
-8.039683448245747e-06
-8.09298256990729e-06
-8.146655941539908e-06
-8.200641539156742e-06
-8.255016019919313e-06
-8.309718384404662e-06
-8.36480098594496e-06
-8.420233548252871e-06
-8.476044157786035e-06
-8.53221556329999e-06
-8.588759414991415e-06
-8.645677007839813e-06
-8.702972727078382e-06
-8.760647210835453e-06
-8.818704090158419e-06
-8.877145376694207e-06
-8.935975787473021e-06
-8.99519440430551e-06
-9.054807705563821e-06
-9.114814898093104e-06
-9.17522156075815e-06
-9.236027144466854e-06
-9.297236831019574e-06
-9.358851767357656e-06
-9.420875527298516e-06
-9.483310228723397e-06
-9.546158734207317e-06
-9.60942394073001e-06
-9.673108174775534e-06
-9.737214645847217e-06
-9.801745788141566e-06
-9.866704749608365e-06
-9.932094042828035e-06
-9.997916734762191e-06
-1.0064175599632658e-05
-1.0130873592313627e-05
-1.0198013583726483e-05
-1.0265598517235418e-05
-1.0333631350918117e-05
-1.0402115045791971e-05
-1.0471052587192158e-05
-1.0540447004387353e-05
-1.0610301307925965e-05
-1.0680618567788028e-05
-1.0751401822711205e-05
-1.082265419305884e-05
-1.0894378761696494e-05
-1.096657867903411e-05
-1.1039257078054415e-05
-1.1112417142921196e-05
-1.1186062057226217e-05
-1.1260195037227522e-05
-1.1334819316988546e-05
-1.1409938151798338e-05
-1.1485554820682306e-05
-1.1561672619875873e-05
-1.16382948729559e-05
-1.1715424921165574e-05
-1.1793066131061795e-05
-1.1871221889253982e-05
-1.194989560636376e-05
-1.2029090714850877e-05
-1.2108810669963057e-05
-1.2189058950144558e-05
-1.2269839056716495e-05
-1.2351154514301437e-05
-1.243300887078519e-05
-1.2515405697511662e-05
-1.2598348589776324e-05
-1.2681841166321936e-05
-1.2765887070280462e-05
-1.2850489968490843e-05
-1.2935653552519256e-05
-1.3021381537999189e-05
-1.3107677665476545e-05
-1.3194545700104187e-05
-1.3281989432157161e-05
-1.337001267688156e-05
-1.3458619274846767e-05
-1.3547813092102881e-05
-1.3637598020269201e-05
-1.3727977976818085e-05
-1.3818956905149467e-05
-1.3910538774845573e-05
-1.4002727581728175e-05
-1.4095527348110282e-05
-1.4188942123002896e-05
-1.4282975982249408e-05
-1.4377633028701745e-05
-1.4472917392344748e-05
-1.456883323055942e-05
-1.466538472828334e-05
-1.4762576098215036e-05
-1.486041158097338e-05
-1.495889544526564e-05
-1.5058031988094604e-05
-1.5157825534947921e-05
-1.525828043995653e-05
-1.535940108606946e-05
-1.5461191885353113e-05
-1.556365727911979e-05
-1.566680173809034e-05
-1.5770629762569343e-05
-1.587514588270619e-05
-1.5980354658697856e-05
-1.608626068098413e-05
-1.619286857040215e-05
-1.6300182978399593e-05
-1.6408208587254683e-05
-1.6516950110279368e-05
-1.6626412292039295e-05
-1.673659990853169e-05
-1.6847517767396554e-05
-1.6959170708152012e-05
-1.7071563602376533e-05
-1.7184701353940748e-05
-1.729858889919255e-05
-1.741323120723286e-05
-1.752863328007367e-05
-1.764480015287878e-05
-1.7761736894176465e-05
-1.7879448606075948e-05
-1.7997940424504936e-05
-1.811721751943335e-05
-1.8237285095099812e-05
-1.835814839024828e-05
-1.847981267832482e-05
-1.8602283267705945e-05
-1.872556550193752e-05
-1.8849664760024352e-05
-1.8974586456614172e-05
-1.910033604221882e-05
-1.9226919003470717e-05
-1.935434086337975e-05
-1.94826071815298e-05
-1.961172355436784e-05
-1.9741695615441916e-05
-1.987252903562839e-05
-2.0004229523373134e-05
-2.0136802824967717e-05
-2.0270254724780677e-05
-2.040459104549891e-05
-2.0539817648421383e-05
-2.06759404336853e-05
-2.081296534052913e-05
-2.0950898347545435e-05
-2.1089745472945507e-05
-2.122951277484019e-05
-2.137020635148437e-05
-2.151183234155102e-05
-2.1654396924386255e-05
-2.179790632028487e-05
-2.1942366790776375e-05
-2.2087784638874802e-05
-2.223416620936664e-05
-2.2381517889108945e-05
-2.2529846107291598e-05
-2.267915733568645e-05
-2.282945808894123e-05
-2.298075492489438e-05
-2.3133054444836284e-05
-2.3286363293824325e-05
-2.3440688160973748e-05
-2.359603577970134e-05
-2.375241292804664e-05
-2.3909826428966592e-05
-2.406828315064502e-05
-2.4227790006787076e-05
-2.4388353956927134e-05
-2.4549982006677863e-05
-2.471268120812355e-05
-2.4876458660094236e-05
-2.5041321508460947e-05
-2.520727694634211e-05
-2.5374332214603393e-05
-2.5542494602170303e-05
-2.571177144616709e-05
-2.5882170132405973e-05
-2.6053698095635555e-05
-2.6226362819904914e-05
-2.6400171838762557e-05
-2.6575132735729426e-05
-2.6751253144700855e-05
-2.6928540750116556e-05
-2.7107003287287255e-05
-2.7286648542742563e-05
-2.7467484354627085e-05
-2.7649518613086482e-05
-2.7832759260551634e-05
-2.8017214292102698e-05
-2.8202891755769663e-05
-2.838979975290854e-05
-2.8577946438620462e-05
-2.8767340022005036e-05
-2.8957988766551465e-05
-2.9149900990596924e-05
-2.934308506755766e-05
-2.953754942633548e-05
-2.9733302551652807e-05
-2.9930352984523155e-05
-3.0128709322531274e-05
-3.0328380220257797e-05
-3.0529374389687795e-05
-3.073170060046984e-05
-3.093536768036668e-05
-3.114038451563765e-05
-3.1346760051498173e-05
-3.1554503292432215e-05
-3.176362330257847e-05
-3.197412920618018e-05
-3.218603018789794e-05
-3.23993354932728e-05
-3.261405442909248e-05
-3.2830196363883266e-05
-3.304777072827406e-05
-3.3266787015351275e-05
-3.348725478109618e-05
-3.370918364483427e-05
-3.3932583289644774e-05
-3.41574634627668e-05
-3.4383833976056426e-05
-3.461170470641685e-05
-3.484108559618192e-05
-3.507198665355683e-05
-3.5304417953066144e-05
-3.553838963606462e-05
-3.577391191107379e-05
-3.6010995054264194e-05
-3.62496494099385e-05
-3.6489885390932997e-05
-3.673171347910297e-05
-3.697514422575099e-05
-3.7220188252117155e-05
-3.746685624983568e-05
-3.771515898139642e-05
-3.7965107280601984e-05
-3.821671205306038e-05
-3.846998427666903e-05
-3.8724935002070957e-05
-3.898157535311942e-05
-3.923991652739751e-05
-3.9499969796735345e-05
-3.97617465076385e-05
-4.0025258081801004e-05
-4.029051601661779e-05
-4.055753188567362e-05
-4.0826317339264125e-05
-4.109688410490605e-05
-4.136924398782677e-05
-4.164340887148686e-05
-4.191939071809597e-05
-4.2197201569130205e-05
-4.2476853545890276e-05
-4.275835885002169e-05
-4.304172976401274e-05
-4.3326978651733e-05
-4.3614117959009076e-05
-4.390316021414802e-05
-4.419411802849627e-05
-4.448700409696079e-05
-4.4781831198582867e-05
-4.507861219713461e-05
-4.537736004158908e-05
-4.5678087766751934e-05
-4.598080849380938e-05
-4.6285535430930273e-05
-4.659228187374974e-05
-4.690106120607538e-05
-4.7211886900417764e-05
-4.752477251860498e-05
-4.783973171227675e-05
-4.8156778223504455e-05
-4.847592588553434e-05
-4.879718862323178e-05
-4.912058045377537e-05
-4.944611548722262e-05
-4.9773807927202624e-05
-5.010367207141145e-05
-5.043572231220407e-05
-5.076997313739932e-05
-5.110643913087184e-05
-5.14451349731453e-05
-5.1786075442068996e-05
-5.212927541335666e-05
-5.247474986126667e-05
-5.282251385935969e-05
-5.317258258114282e-05
-5.352497130065546e-05
-5.3879695393100474e-05
-5.4236770335599604e-05
-5.4596211707863985e-05
-5.495803519282123e-05
-5.532225657741037e-05
-5.568889175312588e-05
-5.605795671678542e-05
-5.642946757122543e-05
-5.6803440526029085e-05
-5.7179891898185816e-05
-5.7558838112773823e-05
-5.794029570380804e-05
-5.8324281314846424e-05
-5.871081169975809e-05
-5.9099903723392735e-05
-5.9491574362393235e-05
-5.988584070595063e-05
-6.028271995648407e-05
-6.068222943041016e-05
-6.108438655892662e-05
-6.148920888873635e-05
-6.189671408284465e-05
-6.230691992125299e-05
-6.271984430187468e-05
-6.313550524120095e-05
-6.355392087515184e-05
-6.397510945977715e-05
-6.439908937218037e-05
-6.482587911119152e-05
-6.525549729831265e-05
-6.568796267836428e-05
-6.612329412050156e-05
-6.656151061882861e-05
-6.700263129341894e-05
-6.744667539095764e-05
-6.789366228580468e-05
-6.834361148058617e-05
-6.879654260731196e-05
-6.925247542792959e-05
-6.97114298355667e-05
-7.01734258549871e-05
-7.063848364387542e-05
-7.110662349322475e-05
-7.157786582881969e-05
-7.205223121149341e-05
-7.252974033868997e-05
-7.301041404460453e-05
-7.34942733019884e-05
-7.398133922206183e-05
-7.447163305652739e-05
-7.496517619728807e-05
-7.546199017872569e-05
-7.596209667713933e-05
-7.646551751338263e-05
-7.69722746519221e-05
-7.748239020388621e-05
-7.799588642572669e-05
-7.851278572274054e-05
-7.903311064721901e-05
-7.955688390257365e-05
-8.00841283408587e-05
-8.06148669675444e-05
-8.114912293836948e-05
-8.168691956498452e-05
-8.222828031087141e-05
-8.277322879790962e-05
-8.332178880134545e-05
-8.387398425747529e-05
-8.442983925734068e-05
-8.498937805596671e-05
-8.555262506439447e-05
-8.611960486066249e-05
-8.66903421798975e-05
-8.726486192760273e-05
-8.784318916705484e-05
-8.842534913577795e-05
-8.90113672295314e-05
-8.960126902255576e-05
-9.019508024703395e-05
-9.079282681859648e-05
-9.139453481011412e-05
-9.200023048368892e-05
-9.260994025695507e-05
-9.322369074346058e-05
-9.384150870969134e-05
-9.446342112574602e-05
-9.508945511113462e-05
-9.57196379977309e-05
-9.635399726244502e-05
-9.699256060417022e-05
-9.763535586145488e-05
-9.828241110555706e-05
-9.893375454082137e-05
-9.958941461643301e-05
-0.000100249419907003
-0.00010091379924534455
-0.00010158258158032916
-0.00010225579613431802
-0.00010293347223434466
-0.00010361563949897135
-0.00010430232763678442
-0.0001049935666699796
-0.00010568938669082407
-0.00010638981813410861
-0.00010709489147662181
-0.00010780463757613753
-0.00010851908729346598
-0.00010923827192153921
-0.00010996222270291727
-0.0001106909713797358
-0.0001114245495719512
-0.00011216298948721597
-0.00011290632311683902
-0.00011365458315228366
-0.00011440780194809421
-0.00011516601269964254
-0.00011592924811547215
-0.00011669754191567073
-0.00011747092715346587
-0.00011824943809471818
-0.00011903310812772587
-0.00011982197208601645
-0.0001206160636820797
-0.00012141541834043074
-0.00012222007008607608
-0.00012303005495856352
-0.0001238454072834604
-0.00012466616373898613
-0.00012549235894110101
-0.00012632403022929588
-0.00012716121249442091
-0.0001280039437769055
-0.00012885225920138179
-0.00012970619757769495
-0.00013056579419139464
-0.0001314310887273382
-0.00013230211651860303
-0.00013317891827297195
-0.000134061529213117
-0.00013494999126716003
-0.00013584433933315417
-0.00013674461682085243
-0.00013765085801573432
-0.00013856310816306018
-0.00013948140053257377
-0.00014040578268533865
-0.0001413362863479801
-0.00014227296200858665
-0.000143215839166571
-0.00014416497193194108
-0.0001451203871679748
-0.0001460821426575279
-0.00014705026268042951
-0.00014802480878282356
-0.0001490058025511364
-0.00014999330937829253
-0.00015098734808729493
-0.00015198798800245493
-0.00015299524511497414
-0.00015400919275339003
-0.00015502984402692268
-0.00015605727641317948
-0.0001570914999618706
-0.00015813259633610017
-0.00015918057244665337
-0.0001602355151151649
-0.00016129742568955028
-0.0001623664000542597
-0.00016344242903637432
-0.00016452562317390484
-0.00016561595655039538
-0.00016671356185005775
-0.00016781838746273952
-0.00016893059808229866
-0.00017005010605422444
-0.00017117711907783584
-0.00017231150148104004
-0.0001734535174285829
-0.0001746029680175713
-0.00017576019056916717
-0.00017692490576432028
-0.0001780975403621861
-0.00017927772040897709
-0.0001804659746594728
-0.0001816618221244955
-0.0001828659069615685
-0.00018407762676044123
-0.00018529775642134576
-0.0001865255557100447
-0.00018776194745564415
-0.00018900603665777949
-0.00019025890696238584
-0.00019151951132796545
-0.0001927890656307752
-0.00019406640801118398
-0.00019535287569608572
-0.00019664716979862513
-0.00019795078867452143
-0.00019926223609957974
-0.0002005832690913788
-0.00020191205468255953
-0.0002032507804483059
-0.00020459708836234353
-0.00020595379388967192
-0.00020731779978869062
-0.0002086927855818679
-0.00021007464924285043
-0.00021146826651843506
-0.0002128680842909429
-0.00021428074843126934
-0.00021569854906276862
-0.0002171308751396212
-0.00021856589523313458
-0.00022001893455654738
-0.00022147226951912784
-0.00022294518372468087
-0.00022441716953299808
-0.0002259103448251235
-0.000227401661720362
-0.0002289148655219616
-0.00023042628590164583
-0.00023195954662529788
-0.0002334909293496821
-0.00023504460635107548
-0.0002365962030814626
-0.00023817052128073928
-0.00023974319173407452
-0.00024133669885224602
-0.00024293178767524973
-0.0002445450307010776
-0.00024616144624271634
-0.0002477966795219333
-0.00024943343455109343
-0.0002510918865125494
-0.0002527476022983913
-0.00025443416880976955
-0.0002561045144559455
-0.00025782209026279463
-0.0002595063556098281
-0.00026125554653979753
-0.00026295244274881537
-0.00026473735240029224
-0.00026644195807847736
-0.000268268973838767
-0.0002699763919087443
-0.00027184912001657584
-0.0002735581787389401
-0.0002754779479424715
-0.0002771859085908506
-0.0002791558998454786
-0.00028086004701283196
-0.00028288560806849234
-0.0002845781344179253
-0.00028667013794530724
-0.0002883360093694394
-0.00029051333575765004
-0.0002921738051841691
-0.00029436424395264116
-0.0002960551537716932
-0.0002982804843880381
-0.0002999941707271907
-0.00030224089467754305
-0.00030397026407104864
-0.00030629317613457135
-0.00030794170906010485
-0.0003104478629950506
-0.0003119519189150044
-0.00031468191411443067
-0.00031599948534794496
-0.0003189866339130716
-0.00032007787628632843
-0.0003233705640021487
-0.0003241925934307037
-0.00032777043099533395
-0.0003286706776618258
-0.00033111804596065264
-0.0003249524352006863
-0.00033841420324615227
-0.00033143875126052426
-0.00034263977071429387
-0.0003353066143485355
-0.0003502708735050571
-0.00034253403985195076
-0.00035531562770013296
-0.0003546800314303887
-0.0003604188554317934
-0.0003590360999291928
-0.0003658945003602544
-0.0003602520148284457
-0.000367979493350331
-0.00036599495897090954
-0.0003716227133723423
-0.00037131776052237036
-0.00037647875497936453
-0.00037486663030979466
-0.00037502844097118883
-0.0003785127994309634
-0.00037021061076204125
-0.00038011974220485774
-0.0003752781509322617
-0.0003771958386739822
-0.0003821793428441619
-0.00037891289209335667
-0.00038505708411449224
-0.00038884191819485285
-0.0003926860268602196
-0.0003948320052083042
-0.0004069723632425421
-0.0003972603798702983
-0.00042165880577672333
-0.0004049214614696024
-0.00043063566610588937
-0.0004098917030951677
-0.00043316206206834266
-0.00042294549976118424
-0.00043064558864524925
-0.0004287116101055515
-0.0004357633077454794
-0.0004320967905142308
-0.0004366730183497137
-0.00043233145492504424
-0.00044132826844466347
-0.00043616629475573695
-0.0004423224695407561
-0.00044777180095779783
-0.00044945312951083635
-0.0004541410272107941
-0.00045575441055576885
-0.00046038388545805906
-0.00046242728988722296
-0.000465876830481215
-0.0004702093070136176
-0.0004789925257041868
-0.0004764953877155211
-0.00048791952329421847
-0.0004882830107632314
-0.0004970885120476412
-0.0004919729037073487
-0.0003077074185713893
-0.0003317006394233052
-0.00034377215987099643
-0.00040223189814010164
-0.0003340518797597437
-0.0003708362713518683
-0.00033604566301032534
-0.00031868290950155776
-0.000400334065637446
-0.00030036457076982204
-0.00039664392365827044
-0.00030546668909903576
-0.00041864375377038287
-0.00029286513134688965
-0.00046499541622267867
-0.0003202567953239006
-0.00048772528670120753
-0.0003486051518001639
-0.0005369873378200881
-0.0003404792845277582
-0.00045010321380462796
-0.00024788853252265535
-0.00041961078623545245
-0.0002148684370563219
-0.0004134632147102062
-0.00025915464127045844
-0.00043359348409798795
-0.0002678585905791424
-0.0004377922551081874
-0.0002516192915977682
-0.0004847769549829156
-0.0002342037068247045
-0.0005593419605035288
-0.000225188563084335
-0.0005282026988574093
-0.0002383807808668811
-0.00045448577072593725
-0.00023537909019542152
-0.0004401756454138016
-0.0003174493255198316
-0.0004156068644648691
-0.00042655755908880546
-0.00038086711509848273
-0.0005255283082351915
-0.0003115517551966873
-0.0007479845221787191
-9.434247574270768e-06
-0.0007253703578152001
-0.0026420027896406125
-2.5347583514675868e-05
-0.0026714136128965157
0.002439206130922133
-0.002169996234829729
0.0031606703516824704
-0.0029701214984349817
0.0021486790380410054
-0.0038149636407195948
0.0025744253590933466
-0.003595573788791893
0.004297874076599638
-0.004571347733461436
0.006210898208153554
-0.007954648854456403
0.00913870664138432
-0.013608072489061047
0.01804954468709151
-0.029322182688526727
0.04654035615731056
0.5734077276952587
0.4583187874789413
0.40260957648922374
-0.004427971820186972
-0.22977262106228255
-0.3126620501646464
-0.25984541062038385
-0.04885598242796943
0.016785784561408314
0.08567996647225812
-0.051418946625381046
-0.21855771907663496
-0.2237179906850903
-0.1521621521055502
-0.04721163965618365
0.08533936247970374
0.08161441153421962
-0.015457374767319051
-0.07608187354664775
0.01707732415255418
0.08633922807883684
0.09886249210033654
0.06845304605182459
0.09329162728804265
0.0362362270922698
-0.012149007991958935
-0.04669876951696586
0.0005686291363489449
0.01973912043214663
0.03014726384128788
0.021433984513527685
0.0010616702517763077
-0.03776639581236264
-0.08715505404613003
-0.06650275970649262
-0.03363910447680321
0.02995869532054428
0.06324167681364673
0.058506110971814386
0.008787342740820906
-0.02524549170275693
-0.03493448321675842
-0.006875332289149435
0.04743179618404185
0.06353620369804672
0.032627034152089715
-0.051343533162671824
-0.08586603226326078
-0.06763612505355632
-0.011428695099794758
0.017981343232667958
0.013555292669604733
-0.00967846700897071
-0.03517517587477931
-0.03062880618368198
-0.012482489504242356
0.015560668657093733
0.027289801689537943
0.03222633339875401
0.017067644919856066
-0.0006307451356021665
-0.009173959240198365
-0.003892654368341085
0.007833563776855344
0.010380197885987957
0.009172510707220747
0.002577032696142118
-0.0024203407440003396
-0.008747384631394456
-0.011012835024422074
-0.011282511996736147
-0.006467895927449426
0.0003419634201210315
0.0073179683170227815
0.004285586350190017
-0.010333597814492812
-0.020035850894444804
-0.015482975745766773
0.0029464016912912347
0.01509278515735332
0.015514189869921875
0.0049666428378942985
-0.006141431949210531
-0.011601131952834586
-0.007605029689780541
0.00473171482356904
0.016531189620311377
0.01744653109583482
0.004777162127386002
-0.008586277535098143
-0.012962066247738394
-0.00524315869028596
0.00465164979647322
0.01055356653279793
0.007844715257048617
-0.0009407883536542176
-0.008494258405732216
-0.008527750027255882
-0.0017608871918899805
0.004356877319800827
0.005262757675631204
0.0022236074231105326
-0.0010371960245210581
-0.003603094710150273
-0.004332578579437245
-0.003553963911033026
-0.0002724260656090932
0.0030501579217060114
0.0036802724249327544
0.0019122023437248919
-0.001149134713370002
-0.0027571889133071806
-0.0031792332287256656
-0.0019456364278520359
0.0009926853157916922
0.0041545239283982535
0.0038770762276364172
0.00042385039020694003
-0.0040789288597276934
-0.005057155133469805
-0.002485927592135847
0.001507032143026901
0.0036897719005424237
0.002820448385613226
-0.0007153339816468283
-0.004343342310840156
-0.0048229666753807745
-0.0018759703772469266
0.001614957183164456
0.0024418763690903615
0.0003643620131842315
-0.002262998659869847
-0.004002884755605958
-0.003438400484682691
-0.002025443521441869
0.00017929228860259164
0.0010764063239391652
0.00026169628819443843
-0.00158869017675179
-0.002239863573997884
-0.0017399116180192558
-7.727944316651258e-05
0.0007146000296655692
0.0011464491552213743
0.0008085724960498822
0.00030733976223356826
-0.0003322499664339604
-0.0007527384775706789
-0.000525514030389398
0.0003532834177290877
-0.0003931713829795065
0.00019651148068703782
-0.00010004592767646949
0.0003065560623140226
7.616871950645067e-05
0.0001570669775548905
-2.4543940070242745e-05
-4.267702714970693e-05
-6.382341106936484e-05
-6.951051175690416e-06
2.741097928026362e-05
2.334528890655153e-05
2.9548563280539165e-06
-5.5354761666700724e-06
-3.1635067630203783e-06
-7.2035959374968584e-06
-1.254335839082228e-05
-1.7147131438673276e-06
-6.0475436868691375e-06
-3.868749345961188e-06
-5.667563218321033e-06
4.754019101444861e-07
9.413339699950474e-07
-3.828907195985859e-06
-2.570085713730795e-06
-6.322292103096836e-06
-2.0707856147229937e-06
-3.9387559725868865e-06
-1.7335030569968346e-07
-2.0514120590978664e-06
-1.227323961689025e-06
-2.684976040394879e-06
-1.8410897866352104e-06
-2.0674763550696803e-06
-2.112976106037086e-06
-2.3839565542306616e-06
-2.345401590968574e-06
-2.2859425514294934e-06
-2.2877110240678705e-06
-2.2788345063185205e-06
-2.241082854472572e-06
-2.4108419378319514e-06
-2.4412275664465344e-06
-2.5342343549618687e-06
-2.446901074384727e-06
-2.4939893776982085e-06
-2.47804270222347e-06
-2.5081048805183567e-06
-2.53015734832723e-06
-2.5423073588295942e-06
-2.5750492932400033e-06
-2.561352277832981e-06
-2.599495573861834e-06
-2.603144925669449e-06
-2.6370224664199957e-06
-2.6345777332295855e-06
-2.6567829369689155e-06
-2.667870113454412e-06
-2.6902919190937864e-06
-2.707139420143141e-06
-2.7272912324168746e-06
-2.745356241518667e-06
-2.7623766170519013e-06
-2.7798625148015054e-06
-2.7990341602650553e-06
-2.817728418405465e-06
-2.8370601330239944e-06
-2.8550416895377394e-06
-2.874871412510225e-06
-2.893408916334239e-06
-2.9132484097743525e-06
-2.932294147319788e-06
-2.9521077922764626e-06
-2.9714532712798265e-06
-2.9910218234428728e-06
-3.0109108783614257e-06
-3.0308486424609e-06
-3.051110940228956e-06
-3.0711760266452574e-06
-3.0916314338153312e-06
-3.1119965783933876e-06
-3.1326735036547664e-06
-3.1533734713691143e-06
-3.1743126056626086e-06
-3.1953255007074414e-06
-3.2164916870369828e-06
-3.2377978330336914e-06
-3.2592611692673417e-06
-3.2808657648471178e-06
-3.302608726979349e-06
-3.324490246356088e-06
-3.346526095506655e-06
-3.3686964861503617e-06
-3.3910284032098397e-06
-3.413498283616248e-06
-3.436128831833445e-06
-3.4588965414922567e-06
-3.481822312948165e-06
-3.5048956329284027e-06
-3.5281255091671978e-06
-3.5515074914688183e-06
-3.575044127196355e-06
-3.5987377356740385e-06
-3.6225866186757275e-06
-3.646595185251289e-06
-3.670761559875814e-06
-3.6950895112436433e-06
-3.7195773885494166e-06
-3.7442280507449244e-06
-3.7690417353555524e-06
-3.794020201623033e-06
-3.8191641402313126e-06
-3.8444747067854085e-06
-3.869953053597074e-06
-3.8956002159973085e-06
-3.921417316411942e-06
-3.947405586034614e-06
-3.973566049740931e-06
-3.9998999782891315e-06
-4.026408301609392e-06
-4.053092409497545e-06
-4.079953280091298e-06
-4.1069922477330115e-06
-4.1342103498884794e-06
-4.161608875483808e-06
-4.189188951659803e-06
-4.216951812904997e-06
-4.24489866513323e-06
-4.2730307266594485e-06
-4.301349238203418e-06
-4.329855412455678e-06
-4.358550510293697e-06
-4.387435769324065e-06
-4.4165124636362945e-06
-4.445781853544637e-06
-4.475245221828399e-06
-4.504903852257155e-06
-4.534759037426927e-06
-4.564812080601419e-06
-4.595064293050517e-06
-4.625516994548155e-06
-4.656171514222764e-06
-4.687029189766887e-06
-4.718091368224528e-06
-4.749359403288019e-06
-4.780834660530163e-06
-4.81251851146172e-06
-4.844412339622241e-06
-4.876517536468717e-06
-4.908835504368464e-06
-4.941367651536011e-06
-4.974115397381358e-06
-5.007080171028685e-06
-5.0402634109731476e-06
-5.0736665648857225e-06
-5.10729109004049e-06
-5.141138454109679e-06
-5.175210133904476e-06
-5.209507615801549e-06
-5.244032395883887e-06
-5.278785980786802e-06
-5.31376988668745e-06
-5.348985639969128e-06
-5.384434777302256e-06
-5.420118845805497e-06
-5.456039402392627e-06
-5.492198014058527e-06
-5.52859625804758e-06
-5.565235722540681e-06
-5.602118006069277e-06
-5.639244718328492e-06
-5.6766174794282975e-06
-5.714237919911399e-06
-5.752107681222698e-06
-5.790228414915763e-06
-5.828601784393407e-06
-5.867229464120126e-06
-5.906113140033333e-06
-5.945254508834985e-06
-5.984655277960259e-06
-6.024317166055228e-06
-6.06424190356409e-06
-6.104431232814046e-06
-6.144886907248626e-06
-6.185610692599052e-06
-6.226604365233007e-06
-6.2678697136707776e-06
-6.309408538325047e-06
-6.351222651612785e-06
-6.393313878068005e-06
-6.435684053960125e-06
-6.478335028472712e-06
-6.521268662240676e-06
-6.564486828422762e-06
-6.607991412943114e-06
-6.651784313711946e-06
-6.695867441701506e-06
-6.7402427199841734e-06
-6.78491208505605e-06
-6.829877485536352e-06
-6.875140883793283e-06
-6.920704254551968e-06
-6.966569586016116e-06
-7.0127388789933964e-06
-7.0592141480918524e-06
-7.10599742046944e-06
-7.153090738010182e-06
-7.200496155549546e-06
-7.248215741590888e-06
-7.296251578029194e-06
-7.344605760256466e-06
-7.393280398450622e-06
-7.442277616110738e-06
-7.491599551325348e-06
-7.541248356373459e-06
-7.591226197057113e-06
-7.641535254001783e-06
-7.692177722437576e-06
-7.743155811382185e-06
-7.794471745970182e-06
-7.846127764168757e-06
-7.898126120996565e-06
-7.950469084334801e-06
-8.00315893847818e-06
-8.056197982252329e-06
-8.109588529689026e-06
-8.163332910764761e-06
-8.217433469688562e-06
-8.271892567095554e-06
-8.32671257893023e-06
-8.381895897572288e-06
-8.437444930735512e-06
-8.493362102355954e-06
-8.549649851825186e-06
-8.606310634678982e-06
-8.663346923676318e-06
-8.720761207017813e-06
-8.778555990321141e-06
-8.836733794939655e-06
-8.89529715890347e-06
-8.95424863785188e-06
-9.013590803465601e-06
-9.07332624532943e-06
-9.133457569580894e-06
-9.193987400268541e-06
-9.25491837840825e-06
-9.316253161938126e-06
-9.377994427128833e-06
-9.440144867752659e-06
-9.502707195768734e-06
-9.565684140823427e-06
-9.62907845084059e-06
-9.692892891779992e-06
-9.757130247877582e-06
-9.821793321734829e-06
-9.886884934848239e-06
-9.952407927286272e-06
-1.0018365157758724e-05
-1.0084759504109392e-05
-1.015159386336291e-05
-1.0218871151705666e-05
-1.0286594304373322e-05
-1.0354766276284717e-05
-1.0423390041443108e-05
-1.0492468594364578e-05
-1.0562004949043808e-05
-1.0632002139554006e-05
-1.0702463220166337e-05
-1.0773391265143338e-05
-1.0844789368754706e-05
-1.0916660646204052e-05
-1.0989008233345272e-05
-1.1061835287049253e-05
-1.113514498491739e-05
-1.1208940525705391e-05
-1.1283225129329546e-05
-1.1358002036292964e-05
-1.1433274509499317e-05
-1.1509045833128784e-05
-1.1585319313183687e-05
-1.1662098277956802e-05
-1.1739386076995329e-05
-1.1817186082684322e-05
-1.1895501689552037e-05
-1.197433631452082e-05
-1.2053693397427734e-05
-1.2133576400350844e-05
-1.2213988809305662e-05
-1.229493413244429e-05
-1.237641590145556e-05
-1.2458437671583134e-05
-1.2541003021616188e-05
-1.2624115554175962e-05
-1.2707778895284464e-05
-1.2791996695681127e-05
-1.2876772629436331e-05
-1.2962110395597004e-05
-1.3048013717542606e-05
-1.3134486343585995e-05
-1.3221532046287128e-05
-1.3309154624102778e-05
-1.3397357899657102e-05
-1.3486145721688676e-05
-1.3575521963974692e-05
-1.3665490526209873e-05
-1.3756055333645186e-05
-1.3847220337672198e-05
-1.3938989516566465e-05
-1.4031366874183663e-05
-1.4124356440713224e-05
-1.4217962274269344e-05
-1.4312188457591595e-05
-1.4407039102532762e-05
-1.4502518348686677e-05
-1.4598630360080321e-05
-1.4695379332338551e-05
-1.479276948311689e-05
-1.4890805065488925e-05
-1.4989490354486374e-05
-1.5088829657369297e-05
-1.5188827308798688e-05
-1.5289487670728163e-05
-1.539081513637604e-05
-1.5492814124955473e-05
-1.5595489087290174e-05
-1.569884450351402e-05
-1.5802884883475903e-05
-1.5907614766838475e-05
-1.601303872313313e-05
-1.61191613516381e-05
-1.622598728255635e-05
-1.6333521176674955e-05
-1.6441767726355315e-05
-1.655073165482373e-05
-1.6660417716227384e-05
-1.677083069560006e-05
-1.688197541107391e-05
-1.6993856711592297e-05
-1.7106479479050358e-05
-1.721984862698448e-05
-1.7333969102552334e-05
-1.7448845884782723e-05
-1.7564483985604493e-05
-1.7680888450274186e-05
-1.779806435819257e-05
-1.7916016821696687e-05
-1.8034750987225637e-05
-1.815427203543773e-05
-1.827458518116067e-05
-1.8395695673997835e-05
-1.851760879779203e-05
-1.8640329872110094e-05
-1.8763864251144157e-05
-1.8888217325110273e-05
-1.901339451959908e-05
-1.913940129635969e-05
-1.9266243153521828e-05
-1.9393925625022738e-05
-1.9522454282056532e-05
-1.965183473186683e-05
-1.9782072620125497e-05
-1.9913173629062392e-05
-2.0045143479280325e-05
-2.017798792861014e-05
-2.0311712773210533e-05
-2.0446323847468292e-05
-2.0581827024468424e-05
-2.0718228216878853e-05
-2.0855533375871427e-05
-2.099374849271439e-05
-2.1132879597388077e-05
-2.1272932760572905e-05
-2.1413914092849665e-05
-2.155582974559117e-05
-2.1698685910821747e-05
-2.184248882150519e-05
-2.1987244752077334e-05
-2.2132960018392267e-05
-2.2279640977930504e-05
-2.2427294030920916e-05
-2.2575925619661152e-05
-2.2725542228978213e-05
-2.287615038698565e-05
-2.302775666513518e-05
-2.318036767796558e-05
-2.333399008423026e-05
-2.34886305867342e-05
-2.3644295932529966e-05
-2.3800992913748653e-05
-2.3958728367056315e-05
-2.4117509174659615e-05
-2.427734226469625e-05
-2.4438234610784683e-05
-2.460019323277798e-05
-2.4763225197383873e-05
-2.4927337617518253e-05
-2.50925376541547e-05
-2.525883251484895e-05
-2.5426229455385516e-05
-2.5594735779666672e-05
-2.576435883977317e-05
-2.5935106036351508e-05
-2.6106984819459188e-05
-2.6280002688889095e-05
-2.645416719328328e-05
-2.6629485932272087e-05
-2.680596655421988e-05
-2.698361676013207e-05
-2.7162444300768765e-05
-2.734245697740001e-05
-2.7523662646397606e-05
-2.7706069212063335e-05
-2.7889684636660424e-05
-2.8074516927949558e-05
-2.8260574151943874e-05
-2.8447864425877253e-05
-2.8636395920974243e-05
-2.882617686442981e-05
-2.9017215535886553e-05
-2.920952027146706e-05
-2.9403099461292395e-05
-2.9597961551305722e-05
-2.979411504377757e-05
-2.9991568496734976e-05
-3.0190330525655816e-05
-3.0390409803191746e-05
-3.059181505867545e-05
-3.079455508069474e-05
-3.099863871399095e-05
-3.1204074863059824e-05
-3.141087249138117e-05
-3.161904062243086e-05
-3.182858833845198e-05
-3.2039524782527095e-05
-3.2251859158080834e-05
-3.246560072988594e-05
-3.268075882279279e-05
-3.2897342825377075e-05
-3.311536218670707e-05
-3.333482642008806e-05
-3.355574510087206e-05
-3.3778127868187326e-05
-3.400198442465429e-05
-3.4227324537331426e-05
-3.445415803844144e-05
-3.468249482441871e-05
-3.491234485862582e-05
-3.5143718169766344e-05
-3.537662485330294e-05
-3.561107507066719e-05
-3.5847079051560746e-05
-3.608464709256229e-05
-3.6323789559618205e-05
-3.6564516886766676e-05
-3.6806839577429185e-05
-3.705076820476917e-05
-3.7296313411492536e-05
-3.75434859108785e-05
-3.779229648709316e-05
-3.804275599672818e-05
-3.829487536772917e-05
-3.854866560010803e-05
-3.880413776742044e-05
-3.9061303016080066e-05
-3.9320172566601874e-05
-3.958075771360063e-05
-3.9843069827157204e-05
-4.010712035242936e-05
-4.0372920810243646e-05
-4.064048279769222e-05
-4.090981798899164e-05
-4.1180938135561024e-05
-4.145385506674126e-05
-4.1728580690285344e-05
-4.200512699279726e-05
-4.228350604076295e-05
-4.2563729980091584e-05
-4.284581103733225e-05
-4.312976151997082e-05
-4.34155938174364e-05
-4.370332040078812e-05
-4.3992953823829674e-05
-4.428450672400153e-05
-4.4577991822109106e-05
-4.487342192349567e-05
-4.5170809917965135e-05
-4.547016878106566e-05
-4.577151157411966e-05
-4.607485144528245e-05
-4.638020162964305e-05
-4.6687575450704566e-05
-4.699698631883617e-05
-4.730844773431081e-05
-4.762197328645574e-05
-4.793757665495085e-05
-4.8255271610231354e-05
-4.857507201410684e-05
-4.889699181920542e-05
-4.922104507174669e-05
-4.9547245910704606e-05
-4.9875608568802996e-05
-5.020614737263375e-05
-5.0538876744348274e-05
-5.087381120120072e-05
-5.121096535712832e-05
-5.155035392169103e-05
-5.189199170426567e-05
-5.2235893609799415e-05
-5.258207464545195e-05
-5.293054991340135e-05
-5.328133461927464e-05
-5.363444406698229e-05
-5.3989893664400674e-05
-5.434769891933446e-05
-5.470787544495804e-05
-5.5070438954669216e-05
-5.543540526917884e-05
-5.580279031039012e-05
-5.6172610110197406e-05
-5.654488080202566e-05
-5.691961863143988e-05
-5.7296839945761275e-05
-5.767656120695299e-05
-5.805879897914725e-05
-5.844356994362964e-05
-5.88308908840849e-05
-5.922077870540778e-05
-5.96132504134182e-05
-6.000832313809925e-05
-6.04060141101867e-05
-6.080634068908947e-05
-6.12093203332913e-05
-6.161497063464633e-05
-6.202330928213292e-05
-6.243435410374141e-05
-6.284812302069661e-05
-6.32646341008442e-05
-6.368390550107974e-05
-6.410595553318592e-05
-6.453080259140238e-05
-6.495846523507884e-05
-6.538896209810848e-05
-6.582231199251587e-05
-6.625853379382306e-05
-6.669764657127427e-05
-6.713966944354455e-05
-6.758462174159919e-05
-6.803252282935448e-05
-6.848339230494484e-05
-6.893724977915212e-05
-6.939411512189029e-05
-6.985400819276791e-05
-7.031694913874271e-05
-7.07829580697916e-05
-7.125205541597059e-05
-7.172426153764528e-05
-7.219959715595837e-05
-7.267808288031655e-05
-7.315973973097542e-05
-7.364458856542935e-05
-7.413265071232146e-05
-7.462394727465792e-05
-7.511849990086077e-05
-7.561632993337926e-05
-7.61174593554853e-05
-7.66219097386796e-05
-7.712970342259751e-05
-7.764086219206093e-05
-7.815540876713201e-05
-7.867336512837374e-05
-7.919475440393178e-05
-7.971959874752906e-05
-8.024792172830867e-05
-8.077974564569624e-05
-8.131509454783396e-05
-8.18539908468784e-05
-8.239645911558625e-05
-8.29425218360322e-05
-8.349220415977807e-05
-8.404552859216975e-05
-8.46025209180032e-05
-8.51632036194166e-05
-8.572760317304008e-05
-8.629574198089295e-05
-8.68676472860551e-05
-8.74433413338516e-05
-8.802285222756191e-05
-8.860620196536469e-05
-8.91934196129068e-05
-8.978452682468818e-05
-9.037955374045904e-05
-9.097852156016536e-05
-9.158146162769674e-05
-9.218839455093234e-05
-9.279935305143131e-05
-9.341435692524499e-05
-9.403344060387835e-05
-9.465662262911489e-05
-9.528393968581336e-05
-9.591540845220621e-05
-9.655106854431666e-05
-9.71909340897147e-05
-9.783504832959681e-05
-9.84834221315009e-05
-9.91361031878455e-05
-9.979309810025815e-05
-0.00010045446023892753
-0.0001011201905206598
-0.00010179034960465458
-0.00010246493098744546
-0.00010314400443800538
-0.00010382755419334881
-0.00010451566096860356
-0.0001052082980722585
-0.00010590555824009965
-0.00010660740427181209
-0.00010731393865231077
-0.00010802511629016357
-0.0001087410485272472
-0.00010946168115382252
-0.00011018713761107302
-0.00011091734878824902
-0.00011165245828674217
-0.00011239237454406525
-0.00011313726503842624
-0.00011388701554585195
-0.00011464181796227437
-0.00011540153127113494
-0.00011616638113001515
-0.0001169361845132829
-0.00011771122179761624
-0.00011849124409949851
-0.00011927660901618576
-0.00012006698107425119
-0.00012086281682911672
-0.00012166366894676738
-0.00012247012188125114
-0.00012328158789746014
-0.00012409880540178216
-0.00012492101909224087
-0.00012574915528826324
-0.0001265822452576398
-0.00012742146004915888
-0.00012826555864577853
-0.00012911600787025076
-0.00012997125443371956
-0.00013083309644959995
-0.0001316996263651133
-0.00013257303467393167
-0.00013345097157097815
-0.00013433612481750842
-0.0001352255974403525
-0.00013612267077503949
-0.00013702381781068723
-0.0001379329791460701
-0.00013884595643888845
-0.00013976735248794102
-0.00014069234994964564
-0.00014162610725549892
-0.0001425632540819142
-0.00014350967826201887
-0.0001444589330098639
-0.00014541843387147783
-0.00014637966826785108
-0.00014735272213281568
-0.00014832588085083968
-0.00014931272765411835
-0.00015029795256790604
-0.00015129891460852868
-0.00015229608507171064
-0.00015331176615171948
-0.00015432049736881616
-0.0001553517732630601
-0.0001563714170150798
-0.00015741940269017114
-0.00015844890969318325
-0.00015951547303599822
-0.00016055295262933414
-0.00016163966741648993
-0.0001626905782521216
-0.00016378749894470097
-0.0001648565424245724
-0.00016596296670196714
-0.00016705147797993654
-0.00016816866172112473
-0.0001692675846509922
-0.00017041292651365052
-0.00017151412478665432
-0.0001726803935217583
-0.0001737940748221434
-0.0001749731063414454
-0.00017610206051017156
-0.0001772974565265443
-0.00017843043956945227
-0.00017966039863685258
-0.00018079284286997947
-0.00018205360672583423
-0.00018318801951369874
-0.00018447870774217223
-0.00018560121014347172
-0.0001869353274462915
-0.0001880449875414688
-0.00018942368706542645
-0.00019052486897857147
-0.00019195384770061621
-0.00019302599075478322
-0.00019453236122668558
-0.00019555419633743645
-0.0001971382939363513
-0.00019810871731904553
-0.00019977601917610388
-0.00020069171486987274
-0.00020248084684341625
-0.00020328905164435416
-0.00020524092316375614
-0.00020590422899729316
-0.00020805072982225947
-0.00020854466679993966
-0.0002108880490614834
-0.00021123624438146998
-0.0002137176747908573
-0.00021408116014806806
-0.0002163549339444671
-0.00021697615449189564
-0.0002192547105493857
-0.00021974022632839652
-0.00022242028745476233
-0.0002221795644522795
-0.00022613474440006526
-0.00022435364263412305
-0.00022957211301197905
-0.00022686272380967754
-0.00023299418587439946
-0.00022934194581356385
-0.00023674479658347073
-0.00023154422282657683
-0.0002411733459474017
-0.00023304410580468008
-0.0002467875509724396
-0.00023194018300490282
-0.00025749854129823377
-0.00021943156550634398
-0.00029680473999684886
-0.000248902739370822
-0.0002858265756962054
-0.0002663075474844852
-0.0002719194016192472
-0.0002937499194857196
-0.0002276412317952503
-0.0002902241740191181
-0.0003099028984865637
-0.0002797958328445982
-0.0003573648771009741
-0.00030250011128864565
-0.0003531275086248384
-0.0003163801618295062
-0.00033455167737810043
-0.0002466453319992512
-0.0003557099457713181
-0.0002719094468008887
-0.0003610302565900704
-0.00035669035246269076
-0.0003601038920379579
-0.00038549817110064555
-0.00032038786157297106
-0.0003729658390242696
-0.00031763776414908684
-0.0002931141006056459
-0.0003280747241435969
-0.0002690688114484613
-0.0003834661125166859
-0.0002884946805190615
-0.00039944609164672615
-0.0002657842638401822
-0.0003763456255872419
-0.00028126481798067065
-0.00038179158064261117
-0.0002605403564908893
-0.0003526110533790163
-0.0002816341187361248
-0.0003504015861917556
-0.0002941638786950673
-0.00036250119962302833
-0.0002802199578273894
-0.0004179280029426711
-0.00027367193896792334
-0.0003886529878449347
-0.0002978617988677667
-0.0003810390807565613
-0.000303644756359513
-0.0004087891795135877
-0.0003449875390914741
-0.0003927063009691043
-0.0003668463631770224
-0.00038201775200518177
-0.00039053397129979405
-0.0003562346448889341
-0.0003385205126580521
-0.00034019757464670217
-0.0003526722624555838
-0.0003332926241721083
-0.00038071400717489814
-0.00029442221069240007
-0.0003790780035325845
-0.000276328573681474
-0.0003502681243934087
