-0.0011699825962154045
-0.001130576926873972
-0.0011912673977431164
-0.0011901901906898528
-0.0012198214589243855
-0.0012464941796833003
-0.001228001965709481
-0.0012906526081367308
-0.001247577675148321
-0.001296037322452846
-0.001268249579240812
-0.0012992983284201907
-0.0012767005512109584
-0.0013340696846131307
-0.0012986278126926047
-0.0013416935407438383
-0.0013209755183155392
-0.0013504328712166463
-0.0013322759646065907
-0.0013802024581436318
-0.0013379249408975314
-0.001375580035946994
-0.0013422869870758814
-0.0014070794951829384
-0.0013459436266823831
-0.0014412900731598222
-0.0014318376231949462
-0.0014672119851226904
-0.0015016354663306515
-0.0015310295212732127
-0.0015099572908347804
-0.0015969635512750446
-0.0015739011060361193
-0.001648674583353389
-0.0016239359043355604
-0.0016889290231465177
-0.0016714203412725754
-0.0016903491889869939
-0.001672422266008274
-0.001661468044478395
-0.0016333374031182327
-0.0016865452201144902
-0.001633780624131625
-0.0016954708099648557
-0.0016466491675213948
-0.0017103330288863433
-0.0016518771492696177
-0.001773469280674126
-0.0017242713594722554
-0.001797695651506357
-0.001810144160625516
-0.0018460874588601321
-0.0018778012021635775
-0.0019037940637578322
-0.0019444985814333932
-0.0019526332708371434
-0.0020152596309029104
-0.0019711685484949015
-0.0021098191185073205
-0.0019130630616692645
-0.0024164046655722085
-0.00257162338252541
-0.0027127602367640466
-0.0026968286161004208
-0.002082307081399043
-0.0026620505862889653
-0.0017503696605849467
-0.0027481714224332084
-0.001393712464011643
-0.002779308572466929
-0.0012626513819276944
-0.003081814137080769
-0.001081370357340904
-0.0032722043916177325
-0.0002745994300652119
-0.004292498632826815
0.0007466324621679628
-0.006690199490075051
0.0041187156530423895
-0.013950023130976834
0.07025323831950325
0.19921801991575294
0.26134020611319086
0.21879657724207285
0.06327320061488369
0.0220119297538418
-0.013386330749339833
-0.025035042449287323
-0.10171352528123656
-0.14840748383799868
-0.13433693087810905
-0.08226811016499677
-0.05268048095341177
-0.10172153786901508
-0.13252807470836764
-0.08466913428417715
-0.019275848937202893
0.045544132302517075
0.07632730456797009
0.07560130896859345
0.03144333943732741
-0.002902888656557335
-0.002424287260390315
0.043635919854860414
0.09041078886293424
0.07673777972939122
0.03192739836141472
0.002259401906114848
-0.00043403449868926124
-0.003984449089432778
-0.0034615024000478286
-0.01348477271608413
-0.02718156039641966
-0.020041738142917334
-0.0069124913105779555
-0.01518020126606726
-0.035201551959202715
-0.04826754405153136
-0.03394264577089797
-0.01927053946891363
-0.005437800306307726
0.0003354067422496748
0.00932335830084833
0.008925559276848991
0.0008554900872305878
0.0043908506905665995
0.010430131292290003
0.015024095821645003
0.01180720307062804
0.01505193408042992
0.025339473175377214
0.021949848897484338
0.0009231982137225355
-0.017318459241502576
-0.012707939306544779
0.0025330606584868004
0.01064500125301195
0.007434765681770381
-0.004965229118729083
-0.01676062830242958
-0.02287919669892232
-0.016264344989467355
-0.006340509379524119
0.0008321152263465754
-0.001273252541668156
-0.005374053149201216
-0.00396969653882721
-0.0016432495277981297
0.000671520920856811
0.0018194683171588273
0.0034658926146496883
0.00517871900188284
0.009105789353699028
0.012156136985500832
0.00814182763147016
0.0003992367136801018
-0.003656450245812394
-0.0024457491955686018
0.001957341734744896
0.002949432914807981
-2.9580216665955547e-06
-0.003861234264854398
-0.005608949413016395
-0.006052300821632673
-0.005455964333346943
-0.004210451895832192
-0.0036127595859962117
-0.002174429620041033
0.0005141537066851842
0.0018463392141200895
0.0003514218232227495
-0.0021537189130519806
-0.002725396362180419
-0.0005392736430355448
0.002625152143350305
0.004700746962088934
0.0038597721777872303
0.0007521147051100267
-0.002557752732934797
-0.0029209972557040077
-0.0005936397482212176
0.0017220869603126582
0.0014946268123901304
-0.00016331989216260018
-0.0013470687735055661
-0.0018645456117256198
-0.002337069687776562
-0.0026535596915271105
-0.002302709121750454
-0.001786821902717733
-0.0010929834042537763
-0.0003366120181043777
-0.00021569023462433923
-0.0013660654025838249
-0.002446354842965902
-0.0023365616204987683
-0.0007726841651437176
0.0009087371603929031
0.0014092771490907105
0.0007421456477826353
-0.00012036511270475611
-0.000879303175763363
-0.0011298346492769253
-0.0011239007897513203
-0.0009950197473135994
-0.000990489936382392
-0.0010384310911663547
-0.000840322039809963
-0.0011034818285524627
-0.0017084141955637164
-0.0021784176789999415
-0.002030802954659499
-0.0011866597321827572
-0.0005068650101039143
-7.827002918447512e-05
-0.0005217045262827782
-0.0012107298371528841
-0.0016556522620279606
-0.0015538757302811625
-0.0009399490436397834
-0.0006285102708238539
-0.0005794778125646086
-0.0009053279336136387
-0.0010745513070031612
-0.0011847273736846492
-0.001182072458612636
-0.0010216790042406143
-0.0007241492990663842
-0.00017740078397097243
0.00020397928928109395
5.6912468361265204e-05
0.000394516728977756
0.0001463007458165276
0.00027426577576761713
8.218664479467362e-05
0.00013949876680626779
4.148205809114785e-05
8.099419158305606e-05
5.1145813384149096e-05
6.790448050399572e-05
3.698439554407911e-05
2.444655545606778e-05
-3.996172242339464e-06
-2.8681581501840704e-06
-1.5730596661294462e-05
-9.522735418246423e-06
-1.6202466859074225e-05
-2.6174682191242038e-06
-1.1311724158831818e-05
-3.5592184773995943e-06
-1.0623302047892364e-05
-3.92131327775395e-06
-8.015476867637443e-06
-3.258806651388116e-06
-5.489775532375706e-06
5.584522697342677e-07
-2.8682094565567542e-06
2.7519618896930604e-06
-1.4358290747252568e-06
2.6340567310567577e-06
-1.386235095045187e-06
1.6494280031848657e-06
-9.888260135854912e-07
1.1889871054097836e-06
-6.661387171760617e-07
7.056905418931312e-07
-5.260863138572538e-07
3.350063293822928e-07
-6.24028501797669e-07
-2.2460851066747646e-08
-7.012215372897393e-07
-1.94387964639383e-07
-7.361121299200284e-07
-2.4961364861642195e-07
-6.835883397843549e-07
-2.809503211983252e-07
-6.49903373923762e-07
-3.322047684208842e-07
-6.181450959435336e-07
-3.6918174732049076e-07
-5.89215284335122e-07
-3.790452427507394e-07
-5.608335308304388e-07
-3.910501200908882e-07
-5.469556014296153e-07
-4.083423017921901e-07
-5.387668356427421e-07
-4.3216016206023503e-07
-5.368180205993201e-07
-4.5510433631233043e-07
-5.359745543447969e-07
-4.759779991279694e-07
-5.380683657358297e-07
-4.948174305728821e-07
-5.436435131463325e-07
-5.128906458906412e-07
-5.515262057954103e-07
-5.286967942628654e-07
-5.60299919006034e-07
-5.432030693749122e-07
-5.696097338029043e-07
-5.570177757793717e-07
-5.795112016494816e-07
-5.707423166264784e-07
-5.899159850107318e-07
-5.843156689865487e-07
-6.008973999190926e-07
-5.978266489827739e-07
-6.12336806611606e-07
-6.112907866709854e-07
-6.242756344363698e-07
-6.248942024964855e-07
-6.366850165337164e-07
-6.386786737696314e-07
-6.49525826429924e-07
-6.526475009343327e-07
-6.62742865996915e-07
-6.668132771349577e-07
-6.763425498640488e-07
-6.81195908787486e-07
-6.903103679065684e-07
-6.958115890483459e-07
-7.046442379595548e-07
-7.10674976819349e-07
-7.193301449479376e-07
-7.25803518570803e-07
-7.343615922807589e-07
-7.412141781842332e-07
-7.497354234552125e-07
-7.569252665979361e-07
-7.654544179570768e-07
-7.729483754648691e-07
-7.81520515758308e-07
-7.892939166485153e-07
-7.979381403564682e-07
-8.059715505691518e-07
-8.147123809398513e-07
-8.229913411768319e-07
-8.318487313072054e-07
-8.403624140312926e-07
-8.493530671694997e-07
-8.580939003395007e-07
-8.672316235707909e-07
-8.761943907009337e-07
-8.854911373919888e-07
-8.946726300536334e-07
-9.041388116864599e-07
-9.135372954416007e-07
-9.231821857511903e-07
-9.327971227926155e-07
-9.42628987652197e-07
-9.524609052538775e-07
-9.624872526967088e-07
-9.725375891842317e-07
-9.827652664952044e-07
-9.930362111624548e-07
-1.0034715925086053e-06
-1.013965923131856e-06
-1.0246150372062455e-06
-1.035336001262762e-06
-1.0462046512900447e-06
-1.0571558702902537e-06
-1.0682497081288597e-06
-1.0794351222587206e-06
-1.0907597061260562e-06
-1.102183528846665e-06
-1.1137443651141037e-06
-1.1254110505887899e-06
-1.1372136231534678e-06
-1.1491278383468813e-06
-1.1611776419040735e-06
-1.1733442493979057e-06
-1.1856468088112734e-06
-1.198070845171307e-06
-1.2106317355982648e-06
-1.2233184052447277e-06
-1.2361432686174554e-06
-1.2490979303899676e-06
-1.2621924839242285e-06
-1.275420646968989e-06
-1.2887906955131928e-06
-1.3022980154741778e-06
-1.3159494612629717e-06
-1.3297417369642758e-06
-1.3436805847252993e-06
-1.357763753726069e-06
-1.3719961181159548e-06
-1.3863762587506406e-06
-1.400908372334417e-06
-1.4155917016254668e-06
-1.4304299172178923e-06
-1.4454227916908553e-06
-1.4605735886288537e-06
-1.4758825060453683e-06
-1.4913524945686391e-06
-1.506984094509084e-06
-1.5227800182360945e-06
-1.5387410847158764e-06
-1.5548698268877826e-06
-1.5711672906041285e-06
-1.587635875527143e-06
-1.604276815216901e-06
-1.6210924133748484e-06
-1.6380840596159712e-06
-1.6552539904581112e-06
-1.672603727510835e-06
-1.6901354635537238e-06
-1.7078508327715222e-06
-1.7257520025151102e-06
-1.7438407051133947e-06
-1.7621190973797322e-06
-1.7805889977330072e-06
-1.799252563913713e-06
-1.8181116925038805e-06
-1.8371685520804175e-06
-1.85642510983422e-06
-1.8758835520563122e-06
-1.8955459120603702e-06
-1.9154144008104446e-06
-1.9354911137449415e-06
-1.9557782913078026e-06
-1.9762780880972506e-06
-1.9969927782985744e-06
-2.01792457377864e-06
-2.0390757861504794e-06
-2.060448683487842e-06
-2.0820456177531033e-06
-2.103868911961632e-06
-2.1259209608888332e-06
-2.1482041426356237e-06
-2.170720897452967e-06
-2.1934736580309262e-06
-2.2164649118566054e-06
-2.2396971465039536e-06
-2.263172898682095e-06
-2.286894711190767e-06
-2.310865171781598e-06
-2.3350868791037482e-06
-2.3595624733269843e-06
-2.384294609622528e-06
-2.4092859821820377e-06
-2.4345393037076733e-06
-2.460057324141663e-06
-2.4858428142172755e-06
-2.5118985805815287e-06
-2.5382274532814242e-06
-2.564832297515234e-06
-2.5917160038006586e-06
-2.6188814970331035e-06
-2.646331728995972e-06
-2.6740696856568033e-06
-2.702098381299569e-06
-2.7304208649321475e-06
-2.759040214781773e-06
-2.787959543665416e-06
-2.8171819946369277e-06
-2.8467107458763578e-06
-2.8765490072180143e-06
-2.9067000234981276e-06
-2.9371670723247817e-06
-2.9679534665488653e-06
-2.9990625531356885e-06
-3.0304977148439514e-06
-3.0622623691882976e-06
-3.0943599700281044e-06
-3.126794006949596e-06
-3.159568006769198e-06
-3.192685532525663e-06
-3.226150185102472e-06
-3.2599656026354243e-06
-3.294135462118125e-06
-3.3286634786048805e-06
-3.3635534061743355e-06
-3.398809038095141e-06
-3.4344342075692813e-06
-3.4704327880157038e-06
-3.5068086934632314e-06
-3.543565878914856e-06
-3.5807083408542772e-06
-3.6182401174644774e-06
-3.6561652894462403e-06
-3.694487980164464e-06
-3.7332123564353737e-06
-3.7723426286607174e-06
-3.8118830512107074e-06
-3.8518379230895845e-06
-3.892211588448879e-06
-3.933008436980679e-06
-3.974232904311112e-06
-4.015889472652604e-06
-4.057982671158982e-06
-4.100517076342265e-06
-4.143497312798815e-06
-4.186928053533643e-06
-4.23081402060993e-06
-4.27515998556273e-06
-4.31997076992248e-06
-4.365251245796781e-06
-4.4110063363758775e-06
-4.457241016401608e-06
-4.5039603127618405e-06
-4.551169305026532e-06
-4.598873125988745e-06
-4.647076962258111e-06
-4.695786054853893e-06
-4.745005699771773e-06
-4.794741248505469e-06
-4.844998108467942e-06
-4.895781743850087e-06
-4.947097676137678e-06
-4.998951484764115e-06
-5.051348807503392e-06
-5.104295341183283e-06
-5.15779684255905e-06
-5.211859128612627e-06
-5.2664880773776405e-06
-5.321689628392124e-06
-5.377469783435663e-06
-5.433834607215045e-06
-5.490790227976401e-06
-5.548342838363352e-06
-5.606498695798646e-06
-5.665264123414621e-06
-5.724645510460109e-06
-5.784649313108378e-06
-5.845282055348352e-06
-5.906550329456452e-06
-5.968460796947333e-06
-6.03102018906709e-06
-6.094235307686638e-06
-6.158113025835142e-06
-6.222660288649233e-06
-6.2878841140931365e-06
-6.353791593765321e-06
-6.4203898933506065e-06
-6.487686253779071e-06
-6.555687991771728e-06
-6.624402501070664e-06
-6.693837252847237e-06
-6.763999796416463e-06
-6.83489776005916e-06
-6.906538852237995e-06
-6.97893086194128e-06
-7.052081660476029e-06
-7.125999201005814e-06
-7.2006915205459704e-06
-7.27616673961928e-06
-7.352433063869833e-06
-7.429498786105124e-06
-7.507372285076025e-06
-7.5860620283015674e-06
-7.665576570483701e-06
-7.745924557375593e-06
-7.827114724764212e-06
-7.90915590030423e-06
-7.992057003994394e-06
-8.07582704881834e-06
-8.160475142820057e-06
-8.246010489544212e-06
-8.332442389101074e-06
-8.419780238775134e-06
-8.508033534355638e-06
-8.597211871276707e-06
-8.687324945216981e-06
-8.77838255388522e-06
-8.870394597561726e-06
-8.963371080631841e-06
-9.057322111989295e-06
-9.152257906331392e-06
-9.248188785494565e-06
-9.345125179715185e-06
-9.44307762857315e-06
-9.542056781870084e-06
-9.642073401256942e-06
-9.74313836111173e-06
-9.845262649758955e-06
-9.948457370776798e-06
-1.005273374404651e-05
-1.0158103107148382e-05
-1.0264576916293989e-05
-1.0372166747871182e-05
-1.0480884299818045e-05
-1.0590741392485156e-05
-1.0701749970235658e-05
-1.0813922102366827e-05
-1.0927269985055456e-05
-1.1041805942046571e-05
-1.1157542426252815e-05
-1.1274492021098046e-05
-1.1392667442095558e-05
-1.1512081537998122e-05
-1.1632747292157544e-05
-1.1754677824042659e-05
-1.1877886390690429e-05
-1.2002386388029751e-05
-1.2128191352274442e-05
-1.2255314961524821e-05
-1.238377103756922e-05
-1.2513573547012422e-05
-1.2644736602570629e-05
-1.2777274464963184e-05
-1.2911201544486828e-05
-1.3046532402541389e-05
-1.3183281752964654e-05
-1.3321464463877247e-05
-1.3461095559337555e-05
-1.3602190220902977e-05
-1.374476378911138e-05
-1.3888831765307766e-05
-1.403440981345705e-05
-1.4181513761590825e-05
-1.4330159603639231e-05
-1.4480363501181287e-05
-1.4632141785302457e-05
-1.4785510958221061e-05
-1.4940487695014326e-05
-1.5097088845714146e-05
-1.525533143683852e-05
-1.541523267345815e-05
-1.557680994090265e-05
-1.574008080669324e-05
-1.5905063022601438e-05
-1.6071774526406e-05
-1.6240233443872137e-05
-1.6410458090891297e-05
-1.65824669753371e-05
-1.6756278798894277e-05
-1.6931912459293864e-05
-1.7109387052351502e-05
-1.728872187422084e-05
-1.746993642324883e-05
-1.7653050402050008e-05
-1.7838083719687488e-05
-1.8025056494069776e-05
-1.8213989054079952e-05
-1.840490194151981e-05
-1.8597815913523876e-05
-1.8792751944501245e-05
-1.898973122934017e-05
-1.9188775184370097e-05
-1.9389905450964504e-05
-1.9593143896939978e-05
-1.9798512619810006e-05
-2.0006033948870988e-05
-2.0215730446355605e-05
-2.042762491194245e-05
-2.0641740383321987e-05
-2.085810014110733e-05
-2.1076727708854194e-05
-2.1297646857065073e-05
-2.1520881605037153e-05
-2.1746456224106675e-05
-2.1974395240376143e-05
-2.2204723436687786e-05
-2.2437465855314328e-05
-2.2672647801187098e-05
-2.2910294844614824e-05
-2.3150432824401096e-05
-2.3393087849653033e-05
-2.363828630323235e-05
-2.3886054844279666e-05
-2.413642041145539e-05
-2.438941022588309e-05
-2.4645051794129538e-05
-2.4903372911091494e-05
-2.5164401662998263e-05
-2.5428166430326634e-05
-2.56946958908839e-05
-2.5964019023185544e-05
-2.623616510963073e-05
-2.6511163739597677e-05
-2.6789044812396134e-05
-2.706983854075789e-05
-2.7353575454159944e-05
-2.764028640216045e-05
-2.7930002557732033e-05
-2.8222755420366724e-05
-2.851857681955539e-05
-2.881749891873195e-05
-2.911955421846168e-05
-2.9424775560069408e-05
-2.9733196128854146e-05
-3.0044849458022707e-05
-3.0359769432208037e-05
-3.06779902911799e-05
-3.099954663383521e-05
-3.1324473421516725e-05
-3.165280598218644e-05
-3.198458001399309e-05
-3.231983158925693e-05
-3.265859715842836e-05
-3.300091355401167e-05
-3.334681799463737e-05
-3.3696348088834826e-05
-3.404954183941727e-05
-3.440643764769137e-05
-3.476707431737924e-05
-3.5131491059072406e-05
-3.5499727494204994e-05
-3.587182365940081e-05
-3.6247820010928944e-05
-3.662775742926754e-05
-3.7011677223436064e-05
-3.739962113534945e-05
-3.7791631344530696e-05
-3.8187750472396106e-05
-3.858802158727395e-05
-3.899248820887725e-05
-3.940119431321032e-05
-3.9814184337020985e-05
-4.0231503182871456e-05
-4.065319622399848e-05
-4.107930930930387e-05
-4.150988876827012e-05
-4.194498141594201e-05
-4.238463455794928e-05
-4.282889599576111e-05
-4.3277814031934456e-05
-4.3731437475446174e-05
-4.418981564681466e-05
-4.4652998383628434e-05
-4.512103604575185e-05
-4.55939795206417e-05
-4.6071880229422296e-05
-4.655479013203649e-05
-4.704276173336569e-05
-4.753584808836616e-05
-4.803410280814109e-05
-4.853758006564436e-05
-4.904633460185888e-05
-4.956042173166319e-05
-5.007989734949307e-05
-5.0604817935497644e-05
-5.1135240561726684e-05
-5.1671222898914265e-05
-5.221282322208842e-05
-5.2760100417118254e-05
-5.331311398700168e-05
-5.38719240585418e-05
-5.443659138881546e-05
-5.500717737140264e-05
-5.558374404379061e-05
-5.6166354093349155e-05
-5.675507086499121e-05
-5.734995836726689e-05
-5.7951081279617885e-05
-5.855850495938342e-05
-5.917229544911691e-05
-5.979251948375679e-05
-6.041924449754209e-05
-6.105253863137531e-05
-6.169247074042928e-05
-6.233911040178556e-05
-6.299252792214275e-05
-6.365279434458747e-05
-6.431998145691278e-05
-6.499416179929404e-05
-6.567540867259533e-05
-6.636379614558273e-05
-6.705939906388083e-05
-6.776229305710134e-05
-6.847255454831347e-05
-6.919026076073219e-05
-6.991548972770584e-05
-7.064832029962437e-05
-7.138883215456897e-05
-7.213710580465458e-05
-7.289322260695034e-05
-7.365726477013678e-05
-7.442931536570131e-05
-7.52094583348884e-05
-7.599777849964296e-05
-7.679436157023229e-05
-7.759929415582402e-05
-7.841266377313003e-05
-7.923455885629622e-05
-8.006506876643811e-05
-8.090428380120771e-05
-8.175229520496414e-05
-8.260919517810912e-05
-8.347507688771891e-05
-8.435003447712218e-05
-8.523416307667614e-05
-8.612755881400394e-05
-8.70303188237468e-05
-8.794254125991355e-05
-8.88643253028706e-05
-8.979577117678209e-05
-9.073698014988867e-05
-9.168805456078496e-05
-9.264909780916174e-05
-9.362021439285513e-05
-9.46015098881375e-05
-9.559309099706919e-05
-9.659506551922686e-05
-9.760754240590783e-05
-9.863063172840358e-05
-9.96644447328886e-05
-0.00010070909381255282
-0.00010176469255449938
-0.00010283135572480959
-0.0001039091992987662
-0.00010499834046794992
-0.00010609889764237265
-0.00010721099049539138
-0.00010833473991586272
-0.0001094702681211331
-0.00011061769851937356
-0.00011177715593796672
-0.00011294876634519042
-0.00011413265724439481
-0.0001153289572093569
-0.00011653779648179596
-0.00011775930629170209
-0.00011899361967993455
-0.00012024087058701295
-0.00012150119491220034
-0.00012277472936453375
-0.00012406161276046
-0.0001253619846367404
-0.0001266759867868149
-0.00012800376164169244
-0.00012934545401496438
-0.00013070120933493428
-0.00013207117542883947
-0.00013345550088080012
-0.00013485433648395933
-0.00013626783416003236
-0.00013769614763695011
-0.00013913943227957686
-0.0001405978448461608
-0.00014207154413089091
-0.00014356069010625482
-0.00014506544493505765
-0.00014658597200397456
-0.00014812243678034333
-0.00014967500628138865
-0.00015124384920353075
-0.00015282913639235438
-0.00015443103979519076
-0.0001560497342162958
-0.00015768539467514984
-0.00015933820065519436
-0.00016100832918779776
-0.0001626959659492715
-0.00016440128865466712
-0.00016612449034823253
-0.00016786574902870376
-0.00016962526431286377
-0.00017140321743533068
-0.00017319981064744389
-0.00017501523220569276
-0.0001768496842614966
-0.0001787033643743521
-0.00018057647251981462
-0.00018246921840660985
-0.00018438179653114221
-0.00018631443204583306
-0.0001882673117468989
-0.00019024067767733997
-0.00019223470854457794
-0.00019424966386407966
-0.00019628571145892913
-0.00019834313593146023
-0.00020042208186095076
-0.0002025228747443977
-0.00020464562007731658
-0.00020679069649077097
-0.00020895816572005137
-0.0002111484558361995
-0.00021336159631919782
-0.00021559804893969562
-0.0002178578256117128
-0.00022014141389660544
-0.00022244880912162418
-0.0002247805272350365
-0.0002271365448635902
-0.00022951740628700316
-0.0002319230734973035
-0.00023435411100634733
-0.0002368104816262409
-0.00023929272843446975
-0.0002418009115673376
-0.0002443353945105662
-0.00024689653071153107
-0.0002494843345772365
-0.00025209952445100496
-0.0002547418258545221
-0.00025741210611401086
-0.00026011020426325163
-0.0002628366035215422
-0.0002655917097521667
-0.0002683754543515034
-0.0002711886972649242
-0.0002740310457186127
-0.00027690365246803826
-0.00027980581035831273
-0.0002827390549298408
-0.0002857022827781816
-0.0002886973985815125
-0.00029172296452775867
-0.000294782763870835
-0.0002978708720997019
-0.00030099768646088456
-0.0003041497831086032
-0.0003073423344940752
-0.0003105620753357423
-0.0003138193044768863
-0.000317112552070703
-0.000320430191484004
-0.00032379863323250564
-0.00032718578202876127
-0.00033062545228527615
-0.00033408482750386893
-0.000337599774296103
-0.0003411279125534561
-0.000344722231965377
-0.0003483223006231547
-0.00035199456918220354
-0.00035567104463326334
-0.00035942272810391904
-0.0003631744418018529
-0.00036701355699912284
-0.00037083325178214
-0.0003747683778129139
-0.0003786596987569292
-0.00038268571161884524
-0.00038666100864645134
-0.00039076458909631864
-0.00039483379440223565
-0.0003990171026519024
-0.0004031787527935121
-0.0004074546273349026
-0.0004116953869922964
-0.0004160735159143662
-0.00042039764124764817
-0.00042486641034186756
-0.0004292890024046661
-0.000433838774537669
-0.0004383822427323729
-0.0004429897581987929
-0.0004477034620561388
-0.00045226172209558236
-0.0004572108909009342
-0.000461764286805123
-0.00046681645853693075
-0.0004716605547564049
-0.00047659312127385986
-0.0004818409387664542
-0.00048644890419180867
-0.0004921013821718098
-0.0004968471324195735
-0.000502227128079828
-0.0005075163963452313
-0.0005128358533030173
-0.0005180828202546841
-0.0005238116228424737
-0.0005288182463883432
-0.0005350530707183146
-0.0005396575665060901
-0.0005472610495837148
-0.0005481424269780794
-0.0005703202273180084
-0.0005751177048331497
-0.0005927803473013524
-0.0006113456877490048
-0.0005940135190794093
-0.0006143288607486491
-0.0005858381584562542
-0.0006430870582417067
-0.000625063044711967
-0.000628623153545887
-0.0006691059244366269
-0.000665150538986864
-0.0006599675824786907
-0.0007109074535535959
-0.0006901532379946854
-0.0007317713158426081
-0.0007304191597480025
-0.0007338713414992287
-0.0007288134164571275
-0.0007596953074550938
-0.0007508872689163879
-0.0008000072241506114
-0.0007852784811103741
-0.0008273801031394717
-0.000821051524907454
-0.0008556132456370991
-0.0008547762711661223
-0.0008912877884387563
-0.0008582295411698054
-0.0009136528886770634
-0.0008982384317842128
-0.0009169655348576962
-0.0008940207688918654
-0.0009153540279864167
-0.0008986970354980812
-0.0009104076125032709
-0.0009080675094859296
-0.0009008708366947003
-0.0009482378931832794
-0.0008956997339452421
-0.001000063075687971
-0.0009087674912546829
-0.0010285710567059449
-0.0009266121234537308
-0.0010054699376583025
-0.000987405963757593
-0.0009893802929094853
-0.0010335612420392466
-0.0010020003724413957
-0.0010301656068886663
-0.0010487233071772757
-0.0010346384201816287
-0.0010605056306521503
-0.0010435610885486796
-0.0010684486861331152
-0.0010428478584978175
-0.001107295251429748
-0.0010497300860887132
-0.0011429059862407575
-0.0010681859918961777
-0.0011640830847940826
-0.0011258902851331019
-0.0008767587190936026
-0.0009101187909640392
-0.000916420489250154
-0.0009259534913377402
-0.0009568032507034957
-0.0009451762807537898
-0.0009949019977142097
-0.0009703106273770961
-0.0010231220957146524
-0.0010134294818162507
-0.00100336332930393
-0.0010526888756690253
-0.0010231949348155941
-0.0010651320035999887
-0.0010632821443001936
-0.0010466211039799514
-0.0011020686735420879
-0.001065947510592653
-0.00113296326793428
-0.001100464193476842
-0.0011445287966127397
-0.0011421514843194848
-0.0011315549457081397
-0.0011645299494792774
-0.0011645617570626725
-0.0011802671354689991
-0.001211710765599212
-0.00115994488605675
-0.0012425261731075416
-0.001124955880635456
-0.001269548509512854
-0.001128549215477905
-0.0013030372631872601
-0.0011568630180407403
-0.00132328822631189
-0.0012152319760048006
-0.001341259502857948
-0.0012913531695186125
-0.0013635343073792618
-0.0013619453635364887
-0.0013917940510951407
-0.0014016560588935873
-0.0014260316783601822
-0.0014271389621564195
-0.0014471233523793649
-0.0014480101139459581
-0.0014544372690244423
-0.0014641149411518855
-0.0014818667417223954
-0.001484428941548936
-0.0015048375075340543
-0.0015237980935083285
-0.0015495395168378151
-0.0015849871835371435
-0.001609429623027321
-0.0016512076731603682
-0.0016459568983513864
-0.001709422223783202
-0.0016823444995284769
-0.0017456631366913836
-0.0017137063692513551
-0.0017452347559033608
-0.00174010704648213
-0.0017649025708752339
-0.0017610904876252502
-0.0017631847902362218
-0.002318867218032653
-0.0019485810818452858
-0.00238533067323483
-0.0018934603476632205
-0.002153356959594001
-0.0018992862014570351
-0.0018825815423700954
-0.0017005714522515842
-0.001891957818905109
-0.0015733462784871624
-0.002091997387197044
-0.0013809181484070857
-0.0023581929842409074
-0.0012298263881345794
-0.0025364073285220686
-0.0009137021546033547
-0.003086029900604642
0.0008264014148557368
-0.0028022406798111285
0.012101981290598125
0.12429840543866016
0.1600978294541816
0.14809419114426908
0.10604547480491054
0.05341538192498549
0.03691980415874773
-0.021721665323264736
-0.0750990015549246
-0.11019742849828118
-0.11236271403283268
-0.07406997254287061
-0.06341969471822431
-0.05096275062121452
-0.03533849568601259
-0.022472546851337524
-0.0036687278292133526
0.0043284329758264085
0.015422356994863336
0.02184080638249186
0.0214238300535269
0.018518245322549583
0.026886858604324666
0.028072225612457626
0.028370739993905172
0.03279123320433191
0.02759135855584153
0.016180760172473305
-0.0013089571595264258
-0.007380776510366155
0.0027419744702345808
0.00466200400913853
-0.005141698611143709
-0.024302090488046102
-0.032136967181482345
-0.026900717708377268
-0.014880848347449583
-0.008462696955652584
-0.008451562276904526
-0.008017447506414652
-0.008668864784193878
-0.004951901153857358
-4.575109276694345e-05
0.008291856826702257
0.012927692974110002
0.011656803775805843
0.010036839721758319
0.008418482573768798
0.006941965027371733
0.007642962532317912
0.011452116485037439
0.012393096069864756
0.008541858246761975
0.003937118374847318
0.0012175111944919986
0.0008079530381450711
-0.0002596988966169023
-0.0035531671469954404
-0.006695530165441968
-0.009196495623438977
-0.009796545685350867
-0.009531289360269965
-0.010085123146496514
-0.01185757772659092
-0.011970642899776722
-0.008209380932698303
-0.00314269223147426
0.0011657585407107661
0.004117361277968551
0.004972197338686146
0.004317601292315412
0.004396596604234976
0.006822072829224549
0.009649260957974998
0.010986304225914048
0.009239001960800134
0.004559452623094691
-0.0006523180313561566
-0.003764084231965
-0.0030262504759343695
-0.0013616101991802535
-0.0019467102607641854
-0.004551004920863553
-0.006912341964396833
-0.006203229400712527
-0.0031334215140887503
-0.0006299878994980373
-0.0003131357134396628
-0.0009122605435015426
-0.0010698108029338774
-0.00014815455174700416
0.0009697961749913142
0.001509486214125166
0.0016553597125393382
0.0015207774145243125
0.0012849153925686679
0.0010014919948897626
0.0011719774335463675
0.00138602074435455
0.0012099576542580562
0.00047767675521496154
-8.875920104860083e-05
-0.00034008134315456135
-0.00024734109554404223
-9.524763178886755e-05
-0.00048324715625176334
-0.001257070570510067
-0.0018024251891516968
-0.0013789328357434547
-0.00015360231105922812
0.0007311148818540962
0.0003885690010976393
-0.00033634556870481576
-0.000526512116771456
1.739219882476977e-07
0.0006671965725494204
0.0010690489585102954
0.000953448943001261
0.0005100375883884725
0.0001224315114768173
-0.0001210573944668755
4.535053700271765e-05
0.00032195145229675236
0.0004057847511411296
2.3137308734849113e-05
-0.0004058671617776495
-0.0006816582545539935
-0.0005159233327977379
-0.00023904237552390436
0.00011872932492970351
-2.5243884586252652e-05
-0.0001934878759316614
-0.0003124774557980827
-0.00019002528156079196
0.00019750436229835195
-0.00017740422994719023
0.00015868582505416734
-0.0001267309140123591
0.00010017361012914193
-2.8096429345714316e-05
9.564281911812126e-05
8.05688537349871e-06
3.379767899316139e-05
-1.2671774233037356e-05
1.0159781458247798e-05
2.554131788070233e-06
1.7236169231818462e-05
2.614383370524717e-06
9.20150386593809e-06
-4.806549318545181e-06
1.2772797369069324e-06
-8.668030245380946e-06
5.040854337501811e-06
-4.7520541263007835e-06
1.411805595387962e-06
-6.341278362287904e-06
6.206003590580376e-07
-3.0071355083812767e-06
2.0244237180837516e-06
-3.387043059791301e-06
2.207055669811779e-06
-4.16860948164654e-06
2.3253332661674184e-06
-2.891521425544652e-06
2.543181977485258e-06
-2.04973160545829e-06
1.5305456066493724e-06
-1.5612053518094848e-06
9.958524846183443e-07
-1.0006791345868891e-06
5.945932535264583e-07
-7.383031077086563e-07
3.104041102551351e-07
-6.583065055598171e-07
1.4248360680440934e-07
-5.462063864314142e-07
9.707642362842138e-08
-5.449191539593791e-07
-8.665893405185266e-09
-5.247329147518485e-07
-5.857746347866493e-08
-4.6704158366959363e-07
-1.006192924730726e-07
-4.292963053858319e-07
-1.467120401177802e-07
-4.1426337609742035e-07
-1.6987823614602942e-07
-3.920269370808133e-07
-1.9016077414070118e-07
-3.812309613904024e-07
-2.1472949335711415e-07
-3.6758165671783166e-07
-2.3624696945441113e-07
-3.558595804701225e-07
-2.5704475723571305e-07
-3.488443801396516e-07
-2.7677727958553937e-07
-3.4550188909117027e-07
-2.918422499716177e-07
-3.44178238423636e-07
-3.048885340869263e-07
-3.462810508822467e-07
-3.1631936983416917e-07
-3.498164464818628e-07
-3.2651280351941853e-07
-3.5410123933403133e-07
-3.361630988993881e-07
-3.591557120019009e-07
-3.45657638684582e-07
-3.646563286888513e-07
-3.54696466673203e-07
-3.7066038600880807e-07
-3.636268303113671e-07
-3.7720758040585365e-07
-3.724309392381371e-07
-3.841226471025519e-07
-3.8117543602214323e-07
-3.91357505423899e-07
-3.8994925613043907e-07
-3.989288442821337e-07
-3.9878482779807234e-07
-4.0677878119808804e-07
-4.0767413328738516e-07
-4.149127573889309e-07
-4.166529437055232e-07
-4.2331992612955316e-07
-4.2573094500910637e-07
-4.3198385245800906e-07
-4.349261615741869e-07
-4.4089081078528064e-07
-4.4426470824224847e-07
-4.500328332939288e-07
-4.5376172739166335e-07
-4.5939729300521987e-07
-4.6342974372688353e-07
-4.689837317753431e-07
-4.7328019813717417e-07
-4.787917388099616e-07
-4.833207902205203e-07
-4.88821770312835e-07
-4.93558593997958e-07
-4.990755547722197e-07
-5.040013987439617e-07
-5.095553855179213e-07
-5.146554588320832e-07
-5.202636284850108e-07
-5.255271881468148e-07
-5.312037305561736e-07
-5.36622611492537e-07
-5.423793375845874e-07
-5.47947454898208e-07
-5.537943776397919e-07
-5.595073606861237e-07
-5.654531700605104e-07
-5.713080746892589e-07
-5.773601723357407e-07
-5.8335523600659e-07
-5.895200325322855e-07
-5.956545584342998e-07
-6.019376408549632e-07
-6.082117518938293e-07
-6.146180887229083e-07
-6.210325388235436e-07
-6.275666527415539e-07
-6.341226945097249e-07
-6.407888010605961e-07
-6.474880687671464e-07
-6.542901466810927e-07
-6.611345897081927e-07
-6.680764550099673e-07
-6.750682888549339e-07
-6.821536381461553e-07
-6.892953025773737e-07
-6.965277516947843e-07
-7.038218770307435e-07
-7.112049933684448e-07
-7.186543770265532e-07
-7.261917057744573e-07
-7.337992904085395e-07
-7.414943737770081e-07
-7.492632329341234e-07
-7.571196273836213e-07
-7.650529543819923e-07
-7.730742401710049e-07
-7.811753386735847e-07
-7.893651339302074e-07
-7.976374136507507e-07
-8.059993812263642e-07
-8.14446350213703e-07
-8.229842060436358e-07
-8.316094685563175e-07
-8.403269886375544e-07
-8.491342404599259e-07
-8.580352645563144e-07
-8.67028292509764e-07
-8.76116730515956e-07
-8.852994115544173e-07
-8.945792464955314e-07
-9.039555471611598e-07
-9.134308388970662e-07
-9.230048156451745e-07
-9.326797042038745e-07
-9.424555043576269e-07
-9.523342124565654e-07
-9.623160741590014e-07
-9.724029098774623e-07
-9.825951641064326e-07
-9.92894523589756e-07
-1.003301594738621e-06
-1.0138179647389226e-06
-1.024444372792004e-06
-1.0351823328113175e-06
-1.0460326938713933e-06
-1.0569969182447174e-06
-1.068075947495157e-06
-1.0792712086767943e-06
-1.0905837215442228e-06
-1.1020148911479975e-06
-1.113565804829273e-06
-1.1252378565263996e-06
-1.1370321928243741e-06
-1.1489502047732324e-06
-1.1609930917370415e-06
-1.1731622486358697e-06
-1.1854589225867912e-06
-1.1978845179518114e-06
-1.210440325987881e-06
-1.2231277648619074e-06
-1.2359481669197998e-06
-1.2489029678859273e-06
-1.2619935392077335e-06
-1.2752213370131882e-06
-1.2885877702338566e-06
-1.3020943181642902e-06
-1.3157424263131323e-06
-1.3295335989900806e-06
-1.3434693175310222e-06
-1.3575511131139195e-06
-1.3717805025840156e-06
-1.3861590456819284e-06
-1.4006882945545238e-06
-1.4153698388317051e-06
-1.4302052659112205e-06
-1.445196196651899e-06
-1.460344253970819e-06
-1.4756510911435872e-06
-1.4911183668416678e-06
-1.5067477675580199e-06
-1.5225409883088954e-06
-1.538499750059841e-06
-1.5546257845430733e-06
-1.5709208481132567e-06
-1.5873867097995417e-06
-1.6040251622417498e-06
-1.6208380122974958e-06
-1.6378270898597877e-06
-1.654994240341337e-06
-1.672341331816849e-06
-1.6898702490495028e-06
-1.707582899045535e-06
-1.7254812065495978e-06
-1.7435671184294881e-06
-1.7618426003989849e-06
-1.780309640183502e-06
-1.798970244987067e-06
-1.8178264443137948e-06
-1.8368802876813045e-06
-1.8561338471626866e-06
-1.8755892158454175e-06
-1.8952485092855998e-06
-1.915113864682993e-06
-1.9351874419886892e-06
-1.9554714236075525e-06
-1.9759680152205334e-06
-1.9966794450908872e-06
-2.017607965311332e-06
-2.038755851130786e-06
-2.060125402140512e-06
-2.081718941557704e-06
-2.10353881712551e-06
-2.1255874012031557e-06
-2.147867091102456e-06
-2.170380309187911e-06
-2.193129503237504e-06
-2.216117146573455e-06
-2.239345738615922e-06
-2.2628178050002057e-06
-2.2865358977330885e-06
-2.310502595498365e-06
-2.3347205041455987e-06
-2.359192256698797e-06
-2.383920513937543e-06
-2.4089079644108724e-06
-2.434157324902181e-06
-2.4596713406842274e-06
-2.4854527856978657e-06
-2.5115044630965298e-06
-2.5378292054159665e-06
-2.564429874834064e-06
-2.5913093635147617e-06
-2.6184705938186548e-06
-2.6459165189819233e-06
-2.6736501230696023e-06
-2.7016744214595698e-06
-2.72999246111975e-06
-2.7586073208914425e-06
-2.787522111996621e-06
-2.8167399782350945e-06
-2.8462640962825282e-06
-2.876097676147082e-06
-2.906243961552866e-06
-2.9367062301867853e-06
-2.967487794026431e-06
-2.998591999802899e-06
-3.0300222293161286e-06
-3.061781899871106e-06
-3.0938744646061874e-06
-3.126303412762251e-06
-3.1590722702211675e-06
-3.1921845997963654e-06
-3.2256440016348266e-06
-3.2594541136498993e-06
-3.2936186118231407e-06
-3.328141210749046e-06
-3.363025663906318e-06
-3.3982757641023054e-06
-3.433895344017411e-06
-3.4698882763366853e-06
-3.506258474420161e-06
-3.5430098927004315e-06
-3.5801465269155903e-06
-3.617672414811795e-06
-3.6555916363781586e-06
-3.693908314393135e-06
-3.732626614891916e-06
-3.771750747542436e-06
-3.8112849661981483e-06
-3.851233569185939e-06
-3.891600899938322e-06
-3.932391347446313e-06
-3.973609346652452e-06
-4.01525937902456e-06
-4.0573459729649226e-06
-4.0998737044085475e-06
-4.142847197187026e-06
-4.186271123627337e-06
-4.230150204988237e-06
-4.274489212063729e-06
-4.319292965670085e-06
-4.364566337128318e-06
-4.4103142487457794e-06
-4.456541674534775e-06
-4.503253640570455e-06
-4.550455225734579e-06
-4.5981515619937215e-06
-4.646347835141843e-06
-4.695049285334475e-06
-4.7442612076263775e-06
-4.793988952721262e-06
-4.844237927325733e-06
-4.8950135946672075e-06
-4.946321475591945e-06
-4.998167148330152e-06
-5.050556249817841e-06
-5.103494476494102e-06
-5.156987583689173e-06
-5.2110413877161994e-06
-5.265661765034655e-06
-5.320854654673892e-06
-5.376626057706515e-06
-5.4329820375538e-06
-5.489928721962793e-06
-5.547472302155779e-06
-5.605619034923688e-06
-5.664375242314413e-06
-5.723747312293007e-06
-5.783741700392898e-06
-5.844364929329831e-06
-5.90562359050148e-06
-5.967524344346837e-06
-6.030073920884816e-06
-6.093279121015889e-06
-6.157146816777474e-06
-6.221683952151879e-06
-6.28689754398335e-06
-6.352794682735276e-06
-6.419382533004968e-06
-6.486668334678309e-06
-6.554659403376444e-06
-6.623363131542882e-06
-6.692786989073067e-06
-6.7629385239046974e-06
-6.833825363487171e-06
-6.905455215043912e-06
-6.977835866536222e-06
-7.05097518760708e-06
-7.12488113024923e-06
-7.199561730072935e-06
-7.275025106752127e-06
-7.3512794651040035e-06
-7.4283330959406114e-06
-7.506194376949817e-06
-7.5848717736332495e-06
-7.664373840228847e-06
-7.744709220673386e-06
-7.825886649468513e-06
-7.907914952712882e-06
-7.990803048970674e-06
-8.074559950272623e-06
-8.159194763169447e-06
-8.244716689564707e-06
-8.331135027883933e-06
-8.418459174080756e-06
-8.506698622522818e-06
-8.595862967121504e-06
-8.685961902274442e-06
-8.777005223989387e-06
-8.869002831143197e-06
-8.961964726184393e-06
-9.055901016430737e-06
-9.150821915170776e-06
-9.246737742722028e-06
-9.34365892764702e-06
-9.441596007728204e-06
-9.540559631201345e-06
-9.640560558054831e-06
-9.741609660881417e-06
-9.843717926263408e-06
-9.946896456081503e-06
-1.0051156468416419e-05
-1.0156509299021673e-05
-1.026296640244638e-05
-1.0370539353268642e-05
-1.0479239847480289e-05
-1.0589079703609248e-05
-1.0700070864002806e-05
-1.0812225396270025e-05
-1.092555549455504e-05
-1.104007348068023e-05
-1.1155791805720489e-05
-1.1272723051184298e-05
-1.1390879930478102e-05
-1.1510275290348843e-05
-1.163092211207582e-05
-1.1752833513070486e-05
-1.1876022748256478e-05
-1.2000503211389082e-05
-1.2126288436755707e-05
-1.225339210038194e-05
-1.2381828021724214e-05
-1.2511610165111351e-05
-1.264275264112628e-05
-1.2775269708288281e-05
-1.2909175774616618e-05
-1.3044485399180979e-05
-1.318121329358041e-05
-1.3319374323693053e-05
-1.3458983511042619e-05
-1.3600056034827716e-05
-1.3742607233280767e-05
-1.3886652605008725e-05
-1.403220781181179e-05
-1.4179288679016903e-05
-1.4327911198595486e-05
-1.4478091529349698e-05
-1.4629845999473328e-05
-1.4783191108932807e-05
-1.4938143529968982e-05
-1.5094720110140705e-05
-1.5252937873173108e-05
-1.5412814021145e-05
-1.5574365936986845e-05
-1.5737611185410918e-05
-1.590256751555141e-05
-1.6069252862249434e-05
-1.6237685348406174e-05
-1.6407883287136975e-05
-1.657986518316173e-05
-1.6753649735485134e-05
-1.6929255838921147e-05
-1.7106702586291793e-05
-1.7286009270565473e-05
-1.7467195387012085e-05
-1.765028063519837e-05
-1.7835284921187888e-05
-1.8022228359672668e-05
-1.8211131276215774e-05
-1.840201420939564e-05
-1.8594897913074004e-05
-1.878980335859792e-05
-1.8986751737211024e-05
-1.9185764462283962e-05
-1.9386863171655876e-05
-1.9590069729808726e-05
-1.9795406230504065e-05
-2.000289499907537e-05
-2.021255859488663e-05
-2.0424419813761885e-05
-2.0638501690470107e-05
-2.0854827501239678e-05
-2.1073420766146243e-05
-2.1294305251939004e-05
-2.1517504974319715e-05
-2.1743044200897132e-05
-2.1970947453572637e-05
-2.2201239511250798e-05
-2.2433945412538004e-05
-2.266909045852127e-05
-2.2906700215569555e-05
-2.3146800517892356e-05
-2.3389417470566108e-05
-2.363457745229087e-05
-2.3882307118203508e-05
-2.4132633402913946e-05
-2.438558352327243e-05
-2.4641184981461243e-05
-2.4899465567883284e-05
-2.5160453364190735e-05
-2.5424176746566512e-05
-2.5690664388470163e-05
-2.595994526393932e-05
-2.623204865067625e-05
-2.6507004133257425e-05
-2.6784841606408905e-05
-2.706559127823529e-05
-2.7349283673371616e-05
-2.7635949636408113e-05
-2.79256203353423e-05
-2.8218327264841467e-05
-2.851410224965245e-05
-2.8812977448046054e-05
-2.9114985355393666e-05
-2.9420158807731017e-05
-2.97285309852144e-05
-3.0040135415822914e-05
-3.03550059789612e-05
-3.067317690910729e-05
-3.099468279957866e-05
-3.13195586062401e-05
-3.164783965145842e-05
-3.197956162785394e-05
-3.2314760602174426e-05
-3.265347301899951e-05
-3.299573570501001e-05
-3.334158587303248e-05
-3.369106112579255e-05
-3.404419946025582e-05
-3.440103927158098e-05
-3.4761619357369985e-05
-3.512597892190404e-05
-3.5494157580496025e-05
-3.586619536363144e-05
-3.6242132721324846e-05
-3.662201052754115e-05
-3.70058700847423e-05
-3.7393753128302316e-05
-3.77857018309428e-05
-3.818175880762767e-05
-3.858196711979104e-05
-3.8986370280576114e-05
-3.939501225885556e-05
-3.980793748442862e-05
-4.02251908529254e-05
-4.0646817730447886e-05
-4.107286395871392e-05
-4.1503375859837095e-05
-4.193840024127251e-05
-4.237798440144422e-05
-4.28221761344141e-05
-4.327102373534215e-05
-4.372457600537979e-05
-4.418288225720942e-05
-4.464599232057096e-05
-4.5113956547260684e-05
-4.558682581721658e-05
-4.606465154318362e-05
-4.654748567736826e-05
-4.703538071584255e-05
-4.752838970568124e-05
-4.802656624908944e-05
-4.8529964511270686e-05
-4.90386392238624e-05
-4.955264569357655e-05
-5.0072039805248146e-05
-5.0596878031172916e-05
-5.112721743385368e-05
-5.166311567562638e-05
-5.220463102152738e-05
-5.2751822348900723e-05
-5.330474915096788e-05
-5.386347154523504e-05
-5.44280502791853e-05
-5.499854673656575e-05
-5.5575022945919506e-05
-5.615754158366844e-05
-5.674616598618965e-05
-5.734096014987377e-05
-5.794198874671888e-05
-5.854931712098672e-05
-5.916301130817726e-05
-5.978313802898136e-05
-6.040976471074518e-05
-6.10429594802835e-05
-6.1682791185084e-05
-6.232932938925244e-05
-6.298264438864395e-05
-6.36428072168147e-05
-6.430988964631801e-05
-6.498396421342526e-05
-6.566510419622968e-05
-6.635338366750316e-05
-6.704887744097822e-05
-6.775166115906707e-05
-6.846181120377312e-05
-6.917940481879345e-05
-6.990451999027556e-05
-7.063723559290642e-05
-7.137763125568353e-05
-7.212578751345812e-05
-7.288178567785829e-05
-7.364570797329562e-05
-7.44176374360761e-05
-7.51976580076248e-05
-7.598585449565071e-05
-7.6782312581761e-05
-7.758711889807829e-05
-7.840036088504569e-05
-7.922212705716846e-05
-8.005250663087842e-05
-8.089159006198173e-05
-8.173946836307637e-05
-8.259623398585687e-05
-8.346197976839357e-05
-8.433680020239636e-05
-8.522078999548289e-05
-8.611404570877509e-05
-8.701666397750152e-05
-8.792874345776438e-05
-8.885038276697615e-05
-8.978168268584464e-05
-9.072274388373163e-05
-9.167366925270869e-05
-9.263456165967403e-05
-9.360552600006929e-05
-9.458666758420704e-05
-9.557809311930048e-05
-9.657991065357985e-05
-9.759222852291844e-05
-9.86151577512677e-05
-9.964880821010621e-05
-0.00010069329401360855
-0.00010174872665218347
-0.00010281522322152152
-0.00010389289717187207
-0.00010498186819968972
-0.00010608225233724579
-0.00010719417140976379
-0.00010831774435471233
-0.00010945309510274165
-0.00011060034583463806
-0.0001117596216454023
-0.00011293104992541908
-0.00011411475424291327
-0.00011531087040816032
-0.00011651951733362167
-0.00011774084205718342
-0.00011897495730612016
-0.00012022202147093458
-0.00012148214224812518
-0.0001227554873136855
-0.00012404216315291955
-0.0001253423409488686
-0.00012665613402278088
-0.00012798370743162969
-0.00012932519213522723
-0.00013068073653130935
-0.00013205049844869062
-0.00013343460317542279
-0.00013483323863754983
-0.0001362465058203149
-0.00013767462488636223
-0.00013911766686470301
-0.0001405758948221569
-0.00014204933533995415
-0.00014353831011987587
-0.00014504278793284252
-0.00014656315750382438
-0.00014809932926551726
-0.0001496517510815817
-0.00015122029029169788
-0.00015280543353911216
-0.00015440703093941603
-0.000156025576241052
-0.00015766093904752898
-0.0001593135821651272
-0.00016098342910611063
-0.00016267088811483435
-0.00016437593324669935
-0.00016609895011650624
-0.0001678399505037777
-0.00016959921607316212
-0.0001713770227164354
-0.00017317320237222682
-0.00017498866821896307
-0.00017682250351895037
-0.00017867641313767555
-0.00018054877370515414
-0.0001824418125599998
-0.00018435364483207798
-0.00018628651176771412
-0.00018823880054451856
-0.00019021215845974222
-0.00019220594136054245
-0.00019422048137817532
-0.0001962567342628724
-0.00019831325569094616
-0.00020039277474308628
-0.00020249372419746522
-0.00020461781828259255
-0.00020676241083283226
-0.00020893560133942914
-0.00021112183246907684
-0.00021334578446372324
-0.0002155759702924504
-0.00021784882207329817
-0.00022012666893512427
-0.0002224440421781165
-0.0002247753974587317
-0.00022713674718174287
-0.0002295230072389444
-0.000231925071980694
-0.0002343717585919702
-0.0002368127381783625
-0.00023932252092609407
-0.00024180672021895588
-0.0002443792071109279
-0.00024691404972172325
-0.00024954398458402506
-0.00025213588299273027
-0.0002548251138586276
-0.0002574697047770303
-0.0002602260819350617
-0.00026291958134791633
-0.0002657405869907342
-0.00026849369051382826
-0.0002713667536137984
-0.00027419173844831987
-0.0002771072064894648
-0.0002800140042103485
-0.00028297256197124584
-0.00028595879644558245
-0.0002889629459616634
-0.00029202906565129264
-0.00029508292410035733
-0.0002982246661554014
-0.00030134412712122527
-0.0003045466113704449
-0.0003077519544020038
-0.00031098261224303536
-0.000314166666978765
-0.00031766635857757386
-0.00032061360462682254
-0.0003244781226509994
-0.00032738465399726694
-0.0003312640185044358
-0.0003344294613253692
-0.00033803098769115067
-0.0003417314000549003
-0.00034501327176368266
-0.00034909784951991235
-0.0003522247576335088
-0.00035671716844702184
-0.00035958368170513604
-0.00036434539300890956
-0.0003672776506261627
-0.0003719485924817635
-0.0003754059318520624
-0.0003782815320089191
-0.0003906970886448746
-0.00041698537450930674
-0.00041093583177368256
-0.00045459916892109215
-0.00044537608129061653
-0.0004589891818440763
-0.00047540845318923557
-0.0004737427673994273
-0.0005167116964454836
-0.0004867811932966464
-0.0005246623647005115
-0.0004995284199656706
-0.0005355491548791483
-0.0004829930455479579
-0.0005349301140810092
-0.0004969921830327707
-0.0005326283242151487
-0.0005120516675914835
-0.0005450279728641729
-0.000556483158814354
-0.0005721459346833546
-0.0005725335473438786
-0.0005960736230726238
-0.0006062066551352809
-0.000600171903614409
-0.0006452972220088796
-0.0005820571956338463
-0.0006619701085354424
-0.000615755463314889
-0.0006739090510731165
-0.0006562286384370637
-0.0006912525958313018
-0.000695081558531497
-0.0007018179234185242
-0.0007139400850337783
-0.0007148190197536825
-0.0007270559582453907
-0.0007255868107223307
-0.0007475104578929843
-0.0007104391600967925
-0.0007561418665869007
-0.000728356129112453
-0.0007635424566989755
-0.0007456982190154308
-0.0007901324471847143
-0.000764311141810448
-0.0008161381990719478
-0.0007935985264611075
-0.0008199237354112806
-0.0008432692427708193
-0.0007991570369383927
-0.0008732068939479358
-0.0008230996482752314
-0.0008785544160989676
-0.0008552305153728511
-0.0008792956796244731
-0.0009057403934997877
-0.0008623200970424864
-0.0009249009757054355
-0.0008786496359048318
-0.0009558309672499819
