0.000502210937222737
0.000466287765688404
0.000350410451514034
0.00029741860981054
0.000156463152886359
9.29891147985478e-05
-3.21404623247635e-05
-5.92048980235568e-05
-0.000155417403497793
-0.000151828651005165
-0.0002135198120415
-0.000167640987257383
-0.000205201225817091
-0.000152330708764029
-0.000188552554531063
-0.000121928574742029
-0.000136248272579686
-4.77013234797354e-05
-4.0068576706426e-05
7.28138779826017e-05
9.02908031795769e-05
0.000193458409062865
0.000189914887930258
0.000276612948744307
0.000263185635004716
0.000335512079128185
0.000300632611767704
0.000350554064696054
0.000306810251018288
0.000355089478200922
0.000300882806955553
0.000325142383467763
0.000243221445109887
0.000238682188951498
0.000136250480866375
0.000114166572407524
7.19267981217405e-06
1.89696530442345e-06
-7.27568700651492e-05
-5.13115112933122e-05
-0.000103425810136528
-5.68677789175838e-05
-7.51195074690961e-05
-8.4828650161095e-06
-1.92816733444387e-05
4.99082957821874e-05
4.76099007859212e-05
0.000120627597885263
0.000115019501888572
0.000181938998077957
0.000179190146595773
0.00023970309293146
0.000212254127816383
0.000247342441403281
0.000222259711060731
0.000266540569361767
0.000240246774734447
0.00026499871614895
0.000230414521326768
0.000256823531515173
0.000220811604618121
0.000233159149137988
0.000184083344427141
0.000182655672489178
0.000125543480326803
0.000119481643824185
8.06947838910398e-05
9.93566817960364e-05
7.67733470215916e-05
9.96221419697556e-05
9.16548938143299e-05
0.000135144735836749
0.000138225434090966
0.00016723399997668
0.000144376954303566
0.000147885108758661
0.000131328777668963
0.000177727429352204
0.000204883725371193
0.000239093112811287
0.000213709139591732
0.000226917003195994
0.00023978872569204
0.000278073089984027
0.000239313676346914
0.000189882540604629
0.000126994948313105
0.000129797695793142
0.000138299951875622
0.000140883884980893
3.40586063819675e-05
-8.05567516179603e-05
-6.2614772480991e-05
0.000189925460622975
0.000319548301802889
7.89443810081873e-05
-0.000259494921158414
9.30663699074373e-06
0.000669732846770767
0.000663550578842331
-0.000341884897490702
-0.000733434068738204
0.000643150253136506
0.00197587227324884
0.000402870528049716
-0.00203383333537444
0.00203856341507636
0.0171379734999281
0.0368374879586564
0.0486627281038161
0.0475846157879512
0.0416274429547486
0.0410220139773229
0.0456658215499828
0.0460789871610719
0.0359174318477304
0.0186574258836598
0.00157567303099022
-0.0128234880497082
-0.0253207872851729
-0.034944620743915
-0.0388841077698368
-0.0373330859326789
-0.0341300962827823
-0.0318234737132768
-0.0279607804193377
-0.0187960404402878
-0.00404122734781426
0.0126079519392199
0.0266894954627463
0.0348369104493905
0.035559841783738
0.0296886254547864
0.0210433113066219
0.0140546966294788
0.0103343864414973
0.00755643845733615
0.00282317850572741
-0.00400354875788089
-0.0102648379175903
-0.0134062871318251
-0.012659716374338
-0.00899293283575449
-0.00381894120271001
0.00162647499417299
0.0064835366600086
0.0101668581896533
0.0124106090822253
0.013206359110977
0.0129166731892172
0.0121278761651109
0.0113518612885709
0.0107211292603712
0.0100614705932554
0.00904808374715137
0.00740009812287262
0.00517129799772437
0.00289200308490336
0.001312256988844
0.000519097289331482
-0.000216726635954838
-0.00171442003527211
-0.00377186615397652
-0.00549811921887308
-0.00635984357550474
-0.00685132249810414
-0.00743628940298676
-0.00774942288949154
-0.00680685131797555
-0.00451270505711282
-0.00186856825319478
-0.000135149642315629
0.00053379617476091
0.000727626201341196
0.00104938069985642
0.0012921805193551
0.00120077963011097
0.000872664338460383
0.000913224238030839
0.00140530637051659
0.00194051161191499
0.00180137460500581
0.00101339658064589
0.000112508519857391
-7.20944047545406e-05
0.000649898385976014
0.0020700052924791
0.00337907963718586
0.00389112322786021
0.00304090972123557
0.00109492636732434
-0.00137721376309204
-0.00360766512897245
-0.00553117946029964
-0.00715175713027877
-0.00839474819657579
-0.00850957435744339
-0.00713642418061466
-0.0045411959981816
-0.00195035780384762
-0.000199562261401371
0.000434549321987608
0.000524880301602814
0.000395576981612376
0.000300117577284204
0.000215648760717668
0.000589321245226156
0.00153632099339958
0.00289780866368719
0.00371640046480524
0.00339216940455495
0.00180451613877433
-0.00015295426049798
-0.00176656146612367
-0.00256152698799738
-0.00280840911659756
-0.00258580476545823
-0.00198227904830406
-0.000779065057559275
0.00066683914493352
0.00193114873160772
0.00235643398884107
0.00195024642982935
0.000947002622619483
3.31642309174846e-05
-0.000508577282181755
-0.000506703677657878
-0.000328565390465181
-0.000133669071103925
-3.522684554241e-05
0.000265767886032501
0.000699169130732257
0.00102351939537506
0.000704494814318399
-0.000172384790899456
-0.00117118210359819
-0.00162081341000074
-0.00145955532812376
-0.00090070849998562
-0.000392296410797786
1.05688854397951e-05
0.000373485333133785
0.000985815012100141
0.00188303134194427
0.00291530639524716
0.00354274934135684
0.00342611940495633
0.00255035227726055
0.00139875121736527
0.000347220394716762
-0.000437176021158904
-0.0010783250808407
-0.00163471527394338
-0.00219015602462135
-0.00276660291619019
-0.00332309448044124
-0.0036610504561179
-0.00369153464171101
-0.00350124664601478
-0.00315795989784926
-0.00239197204948001
-0.000869186346029935
0.00117237735384899
0.00279058580683676
0.00311748529103951
0.00219944534495416
0.000823736821683595
-0.000317078990820357
-0.00115663703197414
-0.00187284376584665
-0.00249112740425001
-0.00284192582291633
-0.00293437651807526
-0.00278355021328281
-0.00222579800622089
-0.000877702106638647
0.00123152109481145
0.00356165760010544
0.00530221975315962
0.00619057151994428
0.00650643749795924
0.00675553124461685
0.00685322027872713
0.00623997279867541
0.00422210619139964
0.000947318203679936
-0.00250981752534335
-0.00475767703526091
-0.00523909352758546
-0.00422337946891952
-0.00262748253931914
-0.000799898518102477
0.0010204416250216
0.00248739040212984
0.00278221498856443
0.00155944814856905
-0.000853279268190825
-0.00334759026743841
-0.00505417138081664
-0.00545352047195082
-0.00449557568244428
-0.00212130133177113
0.000955926615296687
0.00370195792817061
0.00480518320738636
0.0038166112624735
0.00103738491604825
-0.00261414025513659
-0.006484932751264
-0.00970060845124228
-0.0113143116719565
-0.0102779634984063
-0.0065900586170878
-0.00143338130661848
0.00300613495252762
0.0052601428530137
0.00504301246979727
0.00337507086630293
0.00123199666380419
-0.000612903828436201
-0.00193344998552506
-0.00230875411316373
-0.00166544644906265
-0.000262383026125511
0.00102325447225993
0.00169204817157396
0.00167511523319683
0.00149285348126637
0.00130499041621549
0.00109782517504847
0.000742451791144169
0.000537589999303606
0.000629569201132928
0.000913623695855823
0.00090252774540821
0.000483674099410181
-0.000137942327012301
-0.000550833441407667
-0.000794826252015072
-0.00105771063715686
-0.00151849258060767
-0.00195972040951961
-0.00213378174982953
-0.00185286116830033
-0.00120005254203309
-0.000352758858222528
0.000422856913926586
0.000932550198949163
0.00113328319830066
0.00111796788029229
0.000982309591076616
0.000677640725157999
0.000189226726268206
-0.000411853875176139
-0.000848986723242039
-0.0010107407131997
-0.000886123294962364
-0.000690840877526082
-0.000477860633134849
-0.000411845634496576
-0.000451111376948485
-0.000666278207091138
-0.000807160319135339
-0.000812672735673685
-0.000530222641867284
-0.000240538469378493
4.33579107919566e-05
0.000125533110350649
0.000161713413021937
-5.13727045820273e-05
-0.000344103337416026
-0.000740329976190949
-0.000795080226234325
-0.000573262568209953
1.46317735142437e-05
0.000527933060443867
0.00103974586242872
0.00130115443956079
0.00150804572393186
0.00136751238743748
0.00109825721715408
0.000541065283645583
9.22538521005521e-05
-0.000359407646891078
-0.00046318940228936
-0.000445108802884016
-7.36912010313659e-05
0.000285720669844641
0.000795825157065506
0.00111270815296575
0.00144747904475408
0.00147284584714088
0.00145671327919405
0.00121604947991367
0.00113485948713737
0.000994076824795844
0.0010285738261739
0.000915021266050892
0.000904927067263675
0.000726244288487741
0.00061367380612886
0.000329284871784157
0.000211118877286992
0.000121642743932322
0.000307494353844664
0.00044505507763742
0.000681340003496445
0.000769816271698184
0.000959730476462829
0.00103598228303831
0.00116521973494234
0.00110205692073048
0.00100238615384596
0.000672553162239671
0.000343001756076567
-6.27862982762555e-05
-0.00031797316178887
-0.000609609836643089
-0.000838147525179276
-0.00110546999880599
-0.00116586486711596
-0.00107706506864677
-0.00076753022282477
-0.000419181987138835
6.29740738491522e-05
0.000601374409252325
0.00119465739168316
0.00160738026743304
0.00183019679099691
0.00184517299789834
0.00179183764614056
0.00163344346137262
0.00139546120348233
0.0010724255500534
0.000791333693676592
0.000563008642003152
0.000372194622021465
0.000136794593547017
-0.000140057847730304
-0.000444801632279762
-0.000721998307124267
-0.000943801228879767
-0.00110218630462057
-0.00120066352226186
-0.00123653709725026
-0.00112055894893922
-0.000775515261315467
-0.000198248856654214
0.000422501839159687
0.000885285255848641
0.00106586888785604
0.0010189203839547
0.000777511581781801
0.000406033052789526
-3.64168331921359e-05
-0.000345260120477347
-0.000364062240687234
-3.1347039984136e-05
0.000495819938548627
0.0010728819868317
0.00158034055754048
0.00197652803067219
0.00216371365894833
0.00206609712074115
0.00163876139175743
0.000963471597824623
0.000180157312191807
-0.000548071137905841
-0.00110199807712663
-0.00141919212656267
-0.00151875026257733
-0.00149535773770343
-0.00144752965253581
-0.0014288458081152
-0.00140930145689566
-0.00134901654578023
-0.00118916758865167
-0.000962966559986321
-0.000711219921879458
-0.000487217524586424
-0.000305362806930244
-0.000187788168833818
-0.000125306885965721
-9.28406269578893e-05
-6.06145507544924e-05
4.78070397786333e-05
0.000135513429997144
0.000182468463101008
4.38901407651104e-05
-0.000149574020408993
-0.000319427325156419
-0.000362828118294113
-0.000317434359132119
-0.000249272919069042
-0.000243774229934297
-0.000221772128371778
-0.000176175105700744
-4.70249815656991e-05
7.54169271625152e-05
0.000221574499567355
0.000300624051938609
0.000416151765044535
0.000475639249812657
0.000565263034469176
0.00058544104602744
0.000645196862125334
0.000644286393604572
0.000690532408520234
0.000663048878837886
0.000678941897032232
0.000615432459039048
0.000601445013258762
-0.00059417220707962
-0.000747562020155287
-0.000827253482622102
-0.000906170768736493
-0.000885047995961043
-0.000855298760571487
-0.000751617506086343
-0.000658338897730902
-0.000501170680694872
-0.000364877259936127
-0.000186578666630494
-4.02909117907541e-05
0.000136573603063761
0.000262802257583657
0.00039272463257582
0.000470533109384977
0.000578415469476836
0.000631496549280393
0.000658579005514913
0.000601555849573203
0.000562297378613626
0.000493537201079685
0.000423426087036785
0.000270348808866353
0.000138435460206606
1.43355633754486e-05
-5.30272301794577e-05
-0.000162172521438349
-0.000251442008011389
-0.000343514356766733
-0.000358935043338531
-0.000364866569431573
-0.000301716784875502
-0.00023891721314401
-0.00014691426027139
-0.000100741934809072
9.00044716513294e-06
0.000154226366704963
0.000338951187022837
0.000413356358940273
0.000462292364600043
0.000527122044417738
0.000686311438735199
0.000769194200242798
0.000772907919104092
0.000693791628361157
0.000668377010267564
0.000631991220139136
0.000627786051140791
0.000580282617408051
0.000471111146565577
0.000184905675132104
-2.30529763972738e-05
6.72266878595212e-05
0.000348294237902413
0.000162359836599453
-0.000492850705150254
-0.000761596509241734
5.89713471613879e-05
0.000881926938935758
0.000257778869444954
-0.00121679267907735
-0.000937944092323098
0.00144456442722691
0.00255175963510352
-0.00016550181984343
-0.00300301940056694
-0.000408797776832007
0.0053735723902215
0.00400969671415643
-0.0069265802063079
-0.0102851915444016
0.0186139879837533
0.0836321844506664
0.158153426926205
0.208325439098764
0.225084233883607
0.217697107124755
0.190434898740562
0.130487875638322
0.0305290891757545
-0.0838884246319891
-0.168090457721666
-0.198601760142824
-0.194363618418381
-0.187585383049842
-0.187591628106793
-0.172429681566681
-0.120753918888937
-0.0373057916673454
0.0518449734563862
0.123889227042118
0.167966828316327
0.179418897345369
0.152700003031357
0.0910090724528161
0.0164203358069744
-0.0352527318953231
-0.0431158232510999
-0.018485032561314
0.00422922171417899
-4.07222477531543e-05
-0.0275296184088439
-0.052556233488457
-0.0578173352463595
-0.0470274465219001
-0.0351754546193884
-0.0289003402493007
-0.0240140263080117
-0.0150367608715725
-0.00584649877464143
-0.00238090680612522
-0.00533288819835859
-0.00810199404766648
-0.00586165667508597
0.00139306418130705
0.00999087716329745
0.018082678317753
0.0247197082316982
0.0299653224365148
0.0330937711354556
0.034546829933797
0.0338087917761044
0.0289871947081273
0.0184313488461432
0.00369938293041897
-0.0119483022952178
-0.0257283047725035
-0.0365697454658931
-0.042335415394603
-0.0399730446401635
-0.0290142809862942
-0.0149129931287304
-0.00443078280511236
8.45224910882212e-05
0.00218822941432614
0.00535587046439316
0.00891326788102267
0.0101868758818198
0.00921068452693825
0.00833064252838282
0.00895056799562759
0.00954068824356071
0.00838116375925484
0.00574958210160552
0.00340603788937074
0.00223522748824485
0.0017555839181223
0.000584632674394609
-0.00234915374273805
-0.00702690272014938
-0.0118671929118597
-0.0146271043335407
-0.014459006389609
-0.0124443670068931
-0.0101909010571159
-0.0079557193148819
-0.00536891514375749
-0.00305224549855146
-0.00230427177883015
-0.00290278445596899
-0.00298323188705354
-0.00103996623623632
0.00207360619937579
0.00452943567673588
0.00543161194131994
0.00531210172508979
0.0044247473346955
0.00277413413748016
0.000620585670717592
-0.00103231966476136
-0.00182544653459658
-0.00212634609596276
-0.0024029977997903
-0.00216118192863976
-0.00128756390969234
-0.000439311111067782
-0.000705369966947913
-0.00161377745064027
-0.0018272328097529
-0.000478831284448577
0.00157380259245276
0.00347382922016257
0.00500251609731799
0.00668404458622512
0.00814159427768872
0.00868093190987608
0.00781554762587486
0.00611369971386299
0.00403220228783232
0.00194069989233293
-0.000126451938840663
-0.00173775680691812
-0.00292122184892893
-0.00371782122895932
-0.00423822977213068
-0.00399257351272536
-0.00313055735251662
-0.00240959806339999
-0.00282811754675179
-0.00382301246012673
-0.00407140939710725
-0.00267063873531823
-0.00043015197812335
0.00167435762625485
0.00344873602758064
0.00567216177568601
0.00828676351015299
0.0104882489859643
0.0112982794158185
0.0108479724435639
0.00965801843056725
0.00807045174708573
0.00549716771422436
0.0013969379049277
-0.00424925091589107
-0.0101984665473111
-0.0147475833243696
-0.0165527231361851
-0.0158488496473854
-0.0137455613579731
-0.0112903929466179
-0.00849894859034246
-0.00535593402330207
-0.00235782830109629
-0.000363566413444135
0.000761132105832455
0.0019427892015706
0.00381701211384695
0.0056781977742269
0.00644418557983801
0.00585087301903334
0.0046995057141114
0.00365552985545706
0.00269124604188937
0.00145538524555587
-5.2087636464083e-06
-0.00144747672472948
-0.00284546235055633
-0.00438756297895529
-0.00603085412980974
-0.00737982052371689
-0.00800501538874153
-0.00766230196928477
-0.00632324085101025
-0.00418849190114138
-0.00183305008082553
8.93747460118982e-05
0.00134715640623481
0.00237689134821058
0.00368734587213667
0.00531972531418827
0.00684338333815296
0.00792397460821714
0.00843997355007242
0.00836442375266762
0.0075480416314828
0.00608704212260053
0.00429067708249145
0.00258863610336433
0.00114653506626534
7.16589206066617e-05
-0.000609196054972583
-0.000915257324568132
-0.00112563939824353
-0.00140681087047439
-0.00169733257667397
-0.00179851387712543
-0.00188119699041317
-0.00227781757904643
-0.00308936590906877
-0.0038588274464048
-0.00412842035666164
-0.00379096691594933
-0.00302956154618816
-0.00181470321828297
-4.00945649929561e-05
0.00216700767906372
0.00430386369491757
0.00595477935070545
0.00699795401603046
0.00747936320585212
0.00727995167891652
0.0062583886509207
0.00449188241416081
0.00231826701208701
0.000156965303112737
-0.00167785697372645
-0.0030334424972404
-0.00407256237657493
-0.00510639829120677
-0.00623584040979624
-0.00696415815526927
-0.00669390667466984
-0.00543588211357462
-0.00403626108774329
-0.00320863340508498
-0.00286039084443402
-0.00231041965962629
-0.0013598116590762
-0.00042944152879826
1.31654712895316e-05
0.000171079971444886
0.000420055502183465
0.000847458207796107
0.0011273309664286
0.00122765796791126
0.00142208390121053
0.00204161244450416
0.00293348188622025
0.00375742058404283
0.00415213052318898
0.00400803286773194
0.00328902345185973
0.00217918674187846
0.000897868023224535
-0.000320094958348441
-0.00143671021574187
-0.00230042370996049
-0.00269250563131249
-0.00239673649346439
-0.00158875423263472
-0.000555768196111519
0.000551562897960152
0.00182411600566504
0.00302634061601124
0.00358422791751051
0.00302775996929718
0.00164167983299164
0.00019545095733161
-0.000771085025011886
-0.00135099004796985
-0.0018097417412439
-0.00212590036392034
-0.00204558872748063
-0.00148724279872865
-0.000698178972343728
1.36857950620919e-05
0.000485510744348848
0.0007325710251374
0.000808295215832436
0.000801629983177128
0.000686772506761468
0.000397255370762108
-0.000141802812605969
-0.000735354184173571
-0.00114556973608033
-0.00125512812417949
-0.00132545225481374
-0.00150400485245245
-0.00175835774006237
-0.00184329205355841
-0.00184038195068339
-0.0018540755051965
-0.00190276607468857
-0.00159063323956642
-0.000805724413519372
0.000283762396886657
0.00118195037175649
0.00180041248529213
0.00214944969585919
0.00237940097769115
0.00232029424326076
0.00203899363977281
0.00159168886547701
0.00125853659528027
0.000984730991248157
0.000851472805507599
0.00075696845790514
0.000778084564721513
0.000719707495165232
0.000648704688023197
0.000557866218598824
0.000653200941541549
0.000716438568805433
0.000654036190238271
0.000345140242749047
0.000110928989214416
-4.07067724116292e-05
-0.000112563792862587
-0.000340010625416888
-0.000468325335199265
-0.000365833239576615
0.000109214059567806
0.00060691782335493
0.00107020011880427
0.00143268233448558
0.00188720486972952
0.00221911194031825
0.00237542281285657
0.0022106915822849
0.00193152522176555
0.00147674545500525
0.000944173518578051
0.000286143191296822
-0.000228039883055807
-0.000607179499581731
-0.000781991798529088
-0.000945619135236128
-0.00103429027654372
-0.00120454630155095
-0.00145705619790741
-0.00196325081438919
-0.00254278655565203
-0.0031442973760966
-0.0035792015674289
-0.00388965301349315
-0.00388956148704266
-0.00359011763978888
-0.00297906655097023
-0.00234254888562235
-0.00168209300984031
-0.00097031138194835
-4.97499123899145e-05
0.000859313062720445
0.00159553145369803
0.00205404398587313
0.00246706559858622
0.00287558711975678
0.00327582531700835
0.00353758864322903
0.00377759753272924
0.00401881934862736
0.00424780137688047
0.00429830451842523
0.00422379537377713
0.00407971020894777
0.00387337383174978
0.00338377877346654
0.00255461438986618
0.00150101890800147
0.000504962663546695
-0.000379531872700285
-0.00114606512737317
-0.00181432006763153
-0.00232264581520448
-0.00258137742728494
-0.00269324274657064
-0.00255661510018595
-0.00209194134595607
-0.00119854609074176
-0.000113703920620528
0.000974841656705347
0.00177379017483447
0.00228124724918321
0.00239625879865822
0.00215964510277038
0.00156157621034032
0.000913937668297714
0.000287618195522654
-0.000104669518859799
-0.000356917616276166
-0.000353364832023717
-0.000311955098081124
-0.000213792682048021
-0.000374922065982029
-0.000671664440691669
-0.00120354655306252
-0.00174458357971254
-0.00242846249058584
-0.0029347961427636
-0.00328851325190804
-0.00319595127875234
-0.00286446552259177
-0.00220443114933849
-0.00154411764430788
-0.000747196410597666
-0.000175599863526228
0.000302290274450334
0.000494771693182842
0.000741151952014227
0.000881188237176568
0.0011153009686048
0.00115796102144453
0.00126736741656995
0.00127119295663613
0.00137281713765926
0.00124446367546661
0.00107498586385674
0.000711474887000289
0.000439414911568517
2.92430713967852e-05
-0.000350270416739751
-0.000848684140867412
-0.00109967486741962
-0.00115198650231266
-0.000880128319361465
-0.000623775430855683
-0.000378496186134413
-0.000353178914636756
-0.000225267547687998
-9.27848106020497e-05
0.000242627214923018
0.000485305882307278
0.000711218654402989
0.000774025906094139
0.000938927314191491
0.00105952633957283
0.00123080680256081
0.00124816810233183
0.00126913672001498
0.00121005936895967
0.00121223080800929
0.00109592870509839
0.000974982938265053
0.000757921342733054
0.000596080401448838
0.000374286031998964
0.000185723293045677
-6.95638821456013e-05
-0.000260795654132637
-0.000466308311913609
