0.0016113011920303355
0.0011955756783975147
0.0016220680827158775
0.0010866729575579668
0.0016325875752097423
0.0010524356394994972
0.0019659793725307463
0.0011755329884122821
0.0019364175528934512
0.00142892139505366
0.002192173670681555
0.0015402028658802677
0.0026004004151967876
0.0011895347478431686
0.0027388166585732977
0.0009315103426522833
0.003046996612991372
0.0004403219532807638
0.0034431296019889557
-4.398122243413297e-05
0.003810479892846631
-0.00039361164505869904
0.00420484112577576
-0.0009182640327320377
0.00496827912827418
-0.0014125342478778719
0.005881503337254161
-0.002646487483253979
0.007008831359579162
-0.0033824882846647322
0.008854235504648846
-0.004943366899619049
0.010635907390776907
-0.006851227418215122
0.01377077925152767
-0.009915135532837023
0.018416423613334787
-0.018060195822532727
0.03325257020631364
-0.048887308808905905
0.1919383317369963
0.41656490783088945
0.3099317223656155
0.2783156417782803
0.12923057045103223
0.19062967095910255
0.2727016093214073
0.24524771364528997
-0.29153999070709985
-0.7752646275760644
-0.40857650674148366
-0.10466977104017944
-0.202962697176456
-0.27917100471842754
-0.12777582361377593
0.07821431996429788
-0.06333721658020396
-0.0008800103371911869
0.14919923036372748
0.07274328776790288
0.13525459034962745
0.09006292924504114
0.02369838263057604
0.1195860259547789
0.24138861694199854
0.13543568860782063
-0.0934561329579649
-0.06544999386242056
-0.033590430030231044
0.04939488306031134
0.017918892132209714
-0.055760873520834336
-0.03846743415986294
0.00039508412452448716
-0.07764215280736161
-0.14641768798369903
-0.032886429770074735
0.00655749476745336
-0.004944182636364889
0.0027397974244077372
-0.013617538662635507
-0.05350984992432385
-0.01855532073036987
0.030162302592017277
0.059925775158119046
0.03185418517799879
0.042075733356212106
0.02796331116564709
0.021178579110963144
-0.00835205039385848
0.006639219808199814
0.022561934546407064
0.022083204216001066
-0.00330338393024668
-0.021775550844649143
-0.003145592844305956
0.012709397861168703
-0.0034086425725192594
-0.03476694517094041
-0.03856672786084825
-0.011620164282157579
-0.01574917849445212
-0.021990947568268783
-0.011774262482114987
-0.02185885060925014
-0.01839826292315378
-0.02125033401377763
-0.0075169007176969435
0.006633947385055662
0.01529370507661395
0.0032478089332157885
0.008968426554039588
0.030680875089129332
0.0175631672677843
-0.001482082693001854
0.00524821618377876
0.009260629747714022
0.0029372152416836626
0.00011037780846703653
0.0009750798763156716
-0.015261310554460027
-0.02342594794522651
-0.0170847491739654
-0.006823542035676007
0.0006044571564485465
-0.006670482951691132
-0.009894669189236026
-0.006115958754915326
-0.003347086056125201
-0.0005172236440523195
0.0023429833164832865
0.004251640442853394
0.002757203475288495
-0.00013964394349355754
0.002757403831928836
0.001655578132935201
0.0021057574867364773
-0.003939216463045614
-0.004417405293151079
0.0009273955776829769
0.0012174588739356819
-0.0012713914692967369
-0.0019665289917236107
0.0003742872159539684
0.0008227220209071669
-0.00047469196372798073
-0.0004424757690940992
-0.0015073240774531576
-0.0003528981586576952
-0.002581524874967313
-0.0024694877567504265
-0.0009022131936410027
-0.0023880116278892877
-0.003508888556544948
-0.004279239723770439
9.775465926319202e-05
0.0037077259117781576
0.00018829245818139203
-0.0023829248235688223
-0.0030363943345196485
-0.0010061715485724574
0.0007101123409964678
-0.000510447725956904
-0.0005645867776060275
-0.0020571552009209875
-0.0010741830055299557
0.002129709735005253
0.0020697688741294473
-0.001297199810877782
-0.0007725292666012984
0.001352565409412389
0.000942200893832082
-0.002458690170171776
-0.0012941286504938683
-0.000699385701910631
-0.0004959461036456226
0.0010952892701217695
-0.003689119960841559
-0.0017102139838785627
-0.00044154625894839334
-0.0011872297676082974
0.0008960663605640956
0.0014208504292140315
0.0006021166646186531
-0.004065004296044527
-0.00523791932219398
0.0018818411384789898
0.004865660222665219
0.0030100650464209944
-0.00343813923948591
-0.00575540843657785
-0.0011258071309726571
0.004469654673428426
0.007303267686555474
0.0024321176726067656
0.00021719074483898988
0.0011060083306730605
-0.0009444986637333948
0.0003874751053894683
-0.000728541568394588
0.001668167758565345
0.001006603731673229
0.0006945900328772315
-0.001213562173510761
0.0009979353478235043
-0.0007413402552014265
-1.6426294164625704e-05
-0.00045656572893472365
-0.00024574918116656913
-0.00019225680722226345
-6.5555569646438e-05
0.00010368444871130113
-3.093011852723423e-05
-3.603962371715743e-05
-0.00015329444686829974
-5.1825678814311753e-05
4.7649692520733335e-06
-7.528642193903442e-06
2.7859719651500154e-06
4.716394992899486e-06
2.373407948821275e-06
-1.8140191019624095e-05
3.796068793592705e-06
1.1346706590983392e-05
-7.513962321266789e-07
1.8204453895152926e-05
-8.675417790803805e-06
2.5820846930401753e-05
-3.089315622557614e-06
2.0087302967539957e-05
-5.648654704113972e-06
1.7167848855691474e-05
-6.027467697092455e-06
1.0712868095098804e-05
2.697145744939844e-06
6.916157312079202e-06
4.127933561554487e-06
2.2941875928838423e-06
3.5742691705861057e-06
1.2024760825115818e-06
3.4089558038543494e-06
1.538665080416668e-06
3.0119540707848613e-06
2.2594707939425744e-06
2.2390890077076883e-06
2.6631572910889786e-06
2.4585805138686335e-06
2.7246164622345137e-06
2.4546853672868362e-06
2.738416688616188e-06
2.754998986518719e-06
2.7313524008953146e-06
3.1036973856769443e-06
2.7148131047736307e-06
3.2780209917579787e-06
2.7304664155110812e-06
3.304883003628096e-06
2.882442854682671e-06
3.3438431306909676e-06
3.028892932104639e-06
3.3175489620206663e-06
3.1791722884376037e-06
3.2878953684628955e-06
3.2935761650641424e-06
3.3043511547868696e-06
3.3718938948525123e-06
3.347389101109738e-06
3.4218031335492283e-06
3.408427946655643e-06
3.467210688605938e-06
3.4756117395593616e-06
3.50879069802891e-06
3.538868011134736e-06
3.560155846522861e-06
3.5974039538323385e-06
3.6203475969600815e-06
3.6559958304877103e-06
3.684073963778787e-06
3.7136041971128292e-06
3.7492067168718585e-06
3.7736246545666714e-06
3.814804999411952e-06
3.83701620730668e-06
3.879555352477311e-06
3.903399273913282e-06
3.944202012191942e-06
3.9715321527893565e-06
4.009745743475891e-06
4.040869493675134e-06
4.076516307411639e-06
4.110740729372221e-06
4.145088220683249e-06
4.181105676332559e-06
4.215418829512101e-06
4.25212714863911e-06
4.287208479446117e-06
4.3241032353568895e-06
4.360252423611655e-06
4.3972887931037485e-06
4.434469738948468e-06
4.471824258089983e-06
4.509789581377474e-06
4.5477315992765305e-06
4.5862932543270715e-06
4.6249811925299505e-06
4.664067484304313e-06
4.703548326746854e-06
4.743177915593911e-06
4.7834225316992565e-06
4.823670271005519e-06
4.864619640347536e-06
4.905567302134883e-06
4.947170961014597e-06
4.988871839340875e-06
5.0311188744401984e-06
5.073592338493546e-06
5.116499721053054e-06
5.15974283484856e-06
5.20334337776265e-06
5.2473434472900295e-06
5.291673058198734e-06
5.336422111198308e-06
5.381509140023159e-06
5.427009226580126e-06
5.472871746393677e-06
5.519134271238929e-06
5.565783721678502e-06
5.612825306114139e-06
5.660270303184563e-06
5.708109083959876e-06
5.756358816418408e-06
5.805011509747368e-06
5.854077727996581e-06
5.903559015206657e-06
5.953455716995067e-06
6.003778849974128e-06
6.054521376380783e-06
6.1056992509875806e-06
6.1573033480839725e-06
6.209349319716241e-06
6.261830485572266e-06
6.314758795757233e-06
6.368132085056953e-06
6.421957819600487e-06
6.476238079654783e-06
6.530976899128465e-06
6.586179057468662e-06
6.641846918989196e-06
6.6979862245996604e-06
6.754599208263056e-06
6.81169136383707e-06
6.869265622871468e-06
6.927326777123911e-06
6.985878592172284e-06
7.044925268113534e-06
7.104471140670279e-06
7.164520163631773e-06
7.225076882143907e-06
7.286145334278477e-06
7.347730016819235e-06
7.409835222144589e-06
7.472465319922905e-06
7.535624863682852e-06
7.599318145872446e-06
7.66354989914465e-06
7.728324442670786e-06
7.793646584767795e-06
7.859520761359633e-06
7.925951792139884e-06
7.99294427350722e-06
8.060503018958356e-06
8.128632784038426e-06
8.197338396425237e-06
8.266624743016656e-06
8.336496700292451e-06
8.406959254664092e-06
8.47801736265127e-06
8.549676088602043e-06
8.621940485985203e-06
8.69481568853349e-06
8.768306851977131e-06
8.842419184105403e-06
8.917157937791964e-06
8.992528402652482e-06
9.068535924256675e-06
9.145185881437285e-06
9.22248370808452e-06
9.300434878580476e-06
9.379044915184967e-06
9.45831938832135e-06
9.538263911126584e-06
9.618884150741202e-06
9.700185814263409e-06
9.78217466594193e-06
9.864856510259797e-06
9.948237206957419e-06
1.0032322661167981e-05
1.0117118831266548e-05
1.0202631723690457e-05
1.0288867396142197e-05
1.0375831958843039e-05
1.0463531571247656e-05
1.0551972446973506e-05
1.0641160850836511e-05
1.073110310185495e-05
1.0821805571226801e-05
1.0913274685233633e-05
1.1005516923229489e-05
1.1098538819678133e-05
1.1192346964759804e-05
1.1286948004381485e-05
1.1382348640462278e-05
1.147855563076079e-05
1.1575575791241289e-05
1.1673415994584884e-05
1.1772083172790875e-05
1.1871584315591242e-05
1.1971926471154078e-05
1.2073116748171492e-05
1.217516231530845e-05
1.2278070402439202e-05
1.2381848298987589e-05
1.2486503356845709e-05
1.2592042990676195e-05
1.2698474677165852e-05
1.2805805955728652e-05
1.291404442980374e-05
1.3023197767509645e-05
1.313327370172689e-05
1.3244280030473565e-05
1.3356224617684436e-05
1.3469115393741765e-05
1.358296035606707e-05
1.369776756993124e-05
1.3813545168536045e-05
1.3930301353860157e-05
1.4048044396918445e-05
1.4166782639134028e-05
1.428652449213415e-05
1.4407278439163327e-05
1.4529053034332672e-05
1.4651856904634997e-05
1.4775698749748024e-05
1.490058734268402e-05
1.502653153131751e-05
1.5153540237353071e-05
1.5281622458630448e-05
1.541078726897179e-05
1.554104381875504e-05
1.567240133544534e-05
1.5804869124603355e-05
1.5938456570972065e-05
1.607317313821223e-05
1.6209028369986583e-05
1.6346031890629442e-05
1.648419340544334e-05
1.6623522702556917e-05
1.6764029652375692e-05
1.690572420864206e-05
1.7048616409304218e-05
1.7192716377140843e-05
1.7338034320602772e-05
1.74845805344622e-05
1.763236540045643e-05
1.778139938823529e-05
1.7931693055342826e-05
1.8083257049001343e-05
1.823610210671331e-05
1.8390239056453525e-05
1.8545678817441513e-05
1.8702432401304647e-05
1.8860510913070415e-05
1.901992555131387e-05
1.9180687609330303e-05
1.934280847599003e-05
1.950629963634338e-05
1.967117267265544e-05
1.98374392648744e-05
2.0005111191382513e-05
2.0174200330863796e-05
2.034471866215219e-05
2.051667826501744e-05
2.0690091321263343e-05
2.0864970116116124e-05
2.1041327038780026e-05
2.1219174582386147e-05
2.139852534629831e-05
2.1579392036117848e-05
2.1761787464810722e-05
2.194572455388455e-05
2.2131216333876047e-05
2.2318275945384936e-05
2.2506916640248342e-05
2.2697151782415104e-05
2.2888994848493938e-05
2.3082459428870605e-05
2.32775592296508e-05
2.3474308071702588e-05
2.3672719893397254e-05
2.387280875080014e-05
2.407458881869412e-05
2.4278074391051452e-05
2.4483279884468523e-05
2.4690219835452748e-05
2.489890890417304e-05
2.5109361874457598e-05
2.5321593656091324e-05
2.5535619284419026e-05
2.575145392044037e-05
2.5969112855468712e-05
2.6188611507489516e-05
2.6409965427985627e-05
2.6633190298438764e-05
2.68583019311275e-05
2.7085316273461023e-05
2.731424940783159e-05
2.7545117554277532e-05
2.7777937066556066e-05
2.8012724437502176e-05
2.824949630182488e-05
2.848826943245e-05
2.8729060744323107e-05
2.8971887295438543e-05
2.921676628861447e-05
2.9463715072558863e-05
2.9712751140590363e-05
2.9963892135552537e-05
3.021715584837492e-05
3.047256022129744e-05
3.073012334832079e-05
3.098986347510168e-05
3.125179900278401e-05
3.151594848679797e-05
3.1782330640916286e-05
3.205096433594144e-05
3.232186860313471e-05
3.2595062633376196e-05
3.2870565780691776e-05
3.3148397562839625e-05
3.34285776612622e-05
3.3711125925072524e-05
3.39960623706385e-05
3.428340718378189e-05
3.4573180720615104e-05
3.486540350931952e-05
3.516009625184309e-05
3.545727982495663e-05
3.575697528149279e-05
3.605920385310688e-05
3.6363986950406144e-05
3.6671346165381355e-05
3.698130327144632e-05
3.729388022707947e-05
3.7609099175855976e-05
3.792698244886594e-05
3.824755256555401e-05
3.8570832236177466e-05
3.8896844362458494e-05
3.9225612039991975e-05
3.955715855961245e-05
3.9891507408934546e-05
4.022868227393506e-05
4.0568707041083174e-05
4.091160579839867e-05
4.125740283791174e-05
4.160612265673158e-05
4.1957789958885217e-05
4.231242965749629e-05
4.267006687608613e-05
4.303072695068526e-05
4.33944354312904e-05
4.37612180840298e-05
4.413110089245692e-05
4.450411006028804e-05
4.488027201240193e-05
4.525961339709589e-05
4.5642161087801336e-05
4.6027942185181137e-05
4.6416984019043844e-05
4.680931414983644e-05
4.720496037130366e-05
4.760395071223486e-05
4.80063134379663e-05
4.8412077053033506e-05
4.882127030250184e-05
4.923392217485737e-05
4.965006190321003e-05
5.00697189682181e-05
5.049292309951617e-05
5.09197042775863e-05
5.13500927368227e-05
5.178411896719729e-05
5.222181371638537e-05
5.2663207991543795e-05
5.310833306183555e-05
5.355722046161693e-05
5.400990199076229e-05
5.446640971897357e-05
5.492677598574816e-05
5.539103340489442e-05
5.5859214865695665e-05
5.6331353535240755e-05
5.6807482860826274e-05
5.7287636572451485e-05
5.777184868656967e-05
5.8260153504918007e-05
5.875258562097578e-05
5.9249179918968926e-05
5.974997157868643e-05
6.0254996078702196e-05
6.076428919652918e-05
6.127788701146102e-05
6.179582590648894e-05
6.231814257457629e-05
6.2844874019489e-05
6.337605755434928e-05
6.391173081039987e-05
6.445193173568002e-05
6.4996698599302e-05
6.554606999421126e-05
6.610008483911222e-05
6.665878238275996e-05
6.722220220320668e-05
6.7790384215392e-05
6.836336867102957e-05
6.894119616068263e-05
6.952390761997171e-05
7.011154432984734e-05
7.070414792003082e-05
7.130176037106224e-05
7.190442402009087e-05
7.251218156141572e-05
7.31250760500012e-05
7.374315090492682e-05
7.436644991164979e-05
7.49950172267205e-05
7.562889737970077e-05
7.626813527602345e-05
7.691277620040186e-05
7.756286582135709e-05
7.821845019289719e-05
7.887957575785468e-05
7.954628935238976e-05
8.021863820886462e-05
8.08966699569866e-05
8.158043263048486e-05
8.226997466946498e-05
8.296534492287255e-05
8.366659265176076e-05
8.43737675346888e-05
8.508691966966524e-05
8.580609957835347e-05
8.653135820924169e-05
8.726274694135743e-05
8.800031758788847e-05
8.8744122400639e-05
8.949421407293057e-05
9.025064574225342e-05
9.101347099644809e-05
9.178274387665843e-05
9.255851887961995e-05
9.334085096294916e-05
9.412979554945702e-05
9.492540853009867e-05
9.572774626789507e-05
9.653686560213439e-05
9.73528238535084e-05
9.817567882614228e-05
9.900548881346149e-05
9.984231260126307e-05
0.00010068620947191264
0.00010153723920953896
0.00010239546210340299
0.00010326093895187498
0.00010413373106735809
0.00010501390028109245
0.00010590150894646135
0.00010679661994377962
0.00010769929668500615
0.00010860960311823381
0.00010952760373158089
0.00011045336355848621
0.00011138694818255005
0.00011232842374120703
0.00011327785693068934
0.00011423531501126248
0.00011520086581169283
0.00011617457773421
0.0001171565197595622
0.00011814676145058495
0.0001191453729575292
0.00012015242502541612
0.00012116798899679406
0.0001221921368163566
0.0001232249410371686
0.00012426647482620203
0.00012531681196789937
0.0001263760268708561
0.00012744419457297426
0.00012852139074571978
0.00012960769170016493
0.000130703174392873
0.00013180791643097305
0.0001329219960762013
0.00013404549225282981
0.00013517848455335546
0.00013632105324171574
0.00013747327925963358
0.0001386352442334744
0.00013980703048035656
0.000140988721013024
0.00014218039954476272
0.0001433821504973577
0.00014459405900554755
0.00014581621092432922
0.00014704869283420179
0.00014829159204687446
0.00014954499661287593
0.00015080899532614393
0.0001520836777318966
0.00015336913413218538
0.00015466545559138798
0.00015597273394407662
0.00015729106180171972
0.000158620532558198
0.0001599612403961378
0.00016131328029458459
0.00016267674803587982
0.0001640517402113908
0.00016543835422880467
0.00016683668831945272
0.00016824684154530093
0.00016966891380499748
0.00017110300584148336
0.00017254921924933584
0.00017400765648256016
0.00017547842086036142
0.000176961616575076
0.00017845734870031597
0.00017996572319769393
0.00018148684692414222
0.00018302082763983177
0.00018456777401580258
0.00018612779564199208
0.00018770100303411742
0.00018928750764232033
0.00019088742185807694
0.00019250085902405498
0.00019412793343993135
0.0001957687603719952
0.0001974234560598396
0.0001990921377275365
0.00020077492358784067
0.00020247193285445608
0.00020418328574647177
0.00020590910350202747
0.00020764950838099167
0.00020940462367972316
0.00021117457373354262
0.0002129594839316712
0.0002147594807204178
0.00021657469161714797
0.00021840524521520065
0.00022025127119708007
0.00022211290033865867
0.0002239902645238944
0.00022588349674835178
0.0002277927311354921
0.00022971810293889424
0.0002316597485580987
0.00023361780554333753
0.00023559241260984372
0.00023758370964272997
0.00023959183771162125
0.0002416169390767037
0.00024365915720351433
0.0002457186367654429
0.0002477955236650292
0.00024988996503053605
0.00025200210924172795
0.0002541321059264417
0.00025628010597726104
0.00025844626157441215
0.0002606307261517962
0.0002628336545023118
0.00026505520262988524
0.000267295527987905
0.00026955478919910144
0.0002718331464154429
0.00027413076093612166
0.00027644779563534047
0.000278784414559332
0.0002811407833223892
0.0002835170687931209
0.0002859134393548053
0.0002883300647579153
0.00029076711618523075
0.0002932247663147857
0.0002957031892219724
0.00029820256048207646
0.0003007230572167047
0.00030326485781867376
0.0003058281426526312
0.0003084130928337483
0.00031101989214134994
0.00031364872437748294
0.0003162997768436955
0.0003189732360545318
0.0003216692928885165
0.00032438813663716176
0.00032712996178148324
0.0003298949604905368
0.0003326833308518475
0.0003354952680100793
0.0003383309736767325
0.00034119064604469247
0.00034407449053119356
0.0003469827083638702
0.0003499155088306574
0.0003528730961117987
0.00035585568358392685
0.0003588634782782105
0.00036189669786323856
0.0003649555521543818
0.0003680402632932117
0.00037115104380877693
0.00037428812053936404
0.0003774517085819633
0.00038064203977877364
0.00038385933160259116
0.00038710382119733195
0.0003903757282903964
0.00039367529551639045
0.00039700274486349427
0.00040035832447320955
0.00040374225894938137
0.00040715480118437434
0.0004105961804191736
0.00041406665014524877
0.0004175664526363614
0.00042109582864353467
0.0004246550522907089
0.0004282443315962465
0.00043186398589853577
0.00043551419173310977
0.0004391952914499044
0.000442907472474137
0.000446651048144286
0.00045042626756497026
0.0004542333785220146
0.00045807270690669
0.0004619444425788034
0.0004658489601557748
0.0004697864339247321
0.0004737572347131508
0.00047776158736644253
0.00048179977044195675
0.00048587218587619685
0.0004899788517234294
0.0004941205427747049
0.0004982968232425273
0.0005025089948624751
0.0005067560773621732
0.0005110399241652743
0.0005153590351086442
0.0005197157729233634
0.0005241081493798838
0.0005285390341613354
0.0005330059100339519
0.0005375122395339417
0.000542054853346617
0.0005466379569934708
0.0005512575675296106
0.0005559188037771307
0.0005606166791413507
0.0005653574503423862
0.0005701348567363792
0.0005749566015653139
0.0005798148200273421
0.0005847190029500096
0.000589659330448913
0.0005946474515052167
0.0005996711842501065
0.0006047447927025467
0.0006098532157816603
0.0006150139275621419
0.0006202083190073687
0.0006254577672440366
0.0006307394913132973
0.0006360792158726148
0.0006414498067201819
0.000646881218918554
0.0006523423619448424
0.0006578667144779445
0.0006634204603710061
0.0006690384757018359
0.0006746877365897234
0.0006803990344617572
0.0006861482419557334
0.0006919505879375285
0.0006978059420771933
0.0007036985731419884
0.0007096482232194984
0.000715650437472516
0.0007216569445926216
0.0007278028425134321
0.0007338623402218113
0.0007401445701283166
0.0007462970395368198
0.0007526694045229215
0.0007589551590464043
0.0007653707375087354
0.0007718192711655968
0.0007782564073779765
0.0007848829413395672
0.0007913249477462092
0.0007981854957310977
0.0008045676646896377
0.0008117151047650749
0.0008180075108158103
0.0008254323909278574
0.0008316600467588844
0.0008393459452990691
0.0008455041668491894
0.000853510094609441
0.0008595221133968834
0.0008679459821236914
0.0008737101108217057
0.0008826634959182914
0.0008880725270163112
0.0008976782996197134
0.0009026355846821522
0.0009130050350181756
0.0009173946712108111
0.000928681352175588
0.0009322902494830658
0.0009447455664396733
0.000947285586089518
0.0009612375889546353
0.0009623465463070701
0.0009782291337603563
0.0009774272059847097
0.0009957697383083147
0.0009924983600237795
0.0010139616286287331
0.0010075062675975952
0.0010328303015262024
0.0010223841962005353
0.0010524404019095377
0.0010370459798184713
0.0010729044556899592
0.0010512525730924118
0.0010945617364142984
0.0010648662428050654
0.0011175752998412464
0.0010777850697818352
0.0011424325685816608
0.0010889960127923389
0.0011705047659877881
0.0010965669198369906
0.001205180884676249
0.0010936460671304576
0.0012601315464143004
0.00105014165989422
0.0014112983998143362
0.0011344937184030422
0.0015173072014298752
0.0013146133648595272
0.001518944196881162
0.001349382257868641
0.0014604329066715827
0.0013845781501639065
0.001457727262590306
0.001369018345033635
0.0015652908564718628
0.0015108600293458154
0.001559450507928572
0.0015970835357572988
0.0015598681280495994
0.0016389380750511332
0.001562277522338288
0.0016745191414784689
0.0015599913932017873
0.001735762969109168
0.0015127670750330405
0.0017413975178582103
0.0014840361851491475
0.001716014041892094
0.0014622727380891997
0.0016788534536819697
0.00146790977525579
0.0017819101709907104
0.0016247520469265869
0.001792319495212215
0.001706572408990633
0.001834203702409244
0.0016948676868855494
0.0018103169091695966
0.0017266040760148017
0.001834319068866077
0.0017090764054052687
0.0018119772745174845
0.001718945809017075
0.0018151707050025057
0.0016552925877866553
0.0017206598512477522
0.0017070946912914053
0.001636944705167273
0.0016339308052183976
0.0016534013031288541
0.0015357941214699244
0.0017407025414152358
0.0016941566399564373
0.0016247355779220318
0.0017998625187201356
0.001420130521439092
0.0017637104365633878
0.001363042123589208
0.0016824895675380536
0.001320183243341308
0.0015939550466412405
0.0013267742851302972
0.0015637599117080004
0.0012998932283078135
-0.0017492649588173599
-0.0017395082321110945
-0.001810193775654513
-0.0018203665842843482
-0.0018871853247494446
-0.0019296206884906663
-0.0019657306308925758
-0.0019934374609655693
-0.0020638774812992483
-0.0020713168993043256
-0.0021908476173508433
-0.00212706077648019
-0.0021746293591881983
-0.002151573058095509
-0.0022559397669302105
-0.002147649978198507
-0.002295706052715266
-0.0021271682147886396
-0.002349524033471331
-0.00208391707161434
-0.002390636397000292
-0.0019999578845882075
-0.0024076907435653582
-0.002021645137565693
-0.0024799982464415744
-0.0020620626915491694
-0.0026652255175427823
-0.002126988787949213
-0.002860381022133783
-0.0021626466925484308
-0.003013519671201016
-0.0020455758129159494
-0.0033048853335246975
-0.0018782745035861366
-0.003610847716914785
-0.0017754213003141075
-0.0037236150746868717
-0.0015298744504542515
-0.004140172048329593
-0.0013451574020964083
-0.003907933581499648
-0.0010766561412541582
-0.004776240620370372
-5.257811710590349e-05
-0.004925322635080551
0.0011223133120875203
-0.005555201758918481
0.002694909991577901
-0.008432045866236944
0.006056597004998207
-0.02032034796777912
0.09851727071818617
0.19630743472876172
0.18751630498817531
0.09040611789184842
0.13020585553612446
0.17645385064250552
-0.004829129162159528
-0.08408064130929332
-0.11395294557392077
-0.14278379183980222
-0.20480012541054812
-0.18461281831343573
-0.11035284647373089
0.0012789030118621643
0.06046479055077935
0.049955029616743654
-0.0284298353405891
-0.06332037403197503
-0.007509860203726364
0.08161302929112399
0.11260638790538564
0.06342606255432397
0.007748904192774907
-0.006073176157252456
-0.020203009840663356
0.0030359550176326964
0.04754258793305308
0.05053175440966026
0.01064877747634525
-0.029496998267413005
-0.03083325442718985
-0.020668446584397204
-0.019269575510711498
-0.012355210589403054
-0.0012617099299103395
-0.0060456959801293165
-0.026820987373901022
-0.02518524376604439
0.010074955898454694
0.030638940034879422
0.019134216587201044
0.00919893501798448
0.0195644856854357
0.03607911178828855
0.03135014779738825
0.011480703765185722
-0.003509839501022775
-0.004730680048597523
0.0011383815355577493
0.0010447904358865073
-0.0022936113568008828
-0.015492450133590943
-0.032538500308636496
-0.039884669934702244
-0.02824504297859421
-0.003656975032195658
0.013820812705143244
0.005312992949826942
-0.014027845158645184
-0.019634063664016495
-0.013124611269992384
0.0025316666358832732
0.018023940468883552
0.02683579732278734
0.019238081689852832
-0.00035005510172748955
-0.01301978164967894
-0.004902007569963343
0.011791308017610615
0.01622556415999412
0.007104805879622118
-0.0037303201443158254
-0.00966872772230688
-0.012824103747185043
-0.0112628071638933
-0.005559896597336902
-0.001872839863639301
-0.0047077853726622525
-0.008200714019714382
-0.007366541565525449
-0.004726854450567719
-0.004051969594212561
-0.004872641422881282
-0.00333144892019592
0.0010973753304922393
0.004107736158408681
0.0037970834589635084
0.0015233244809745056
-0.0012059615050991025
-0.0030526978624983193
-0.0017697011334009548
0.0016204670540221012
0.006537500448886055
0.005137085593919924
-0.0024994743613296327
-0.008188836354730934
-0.0069892372326212805
-0.0010095152133240148
0.002172171879450178
0.004076008221278533
0.001947047203431909
-0.002884736761102705
-0.005355485269595691
-0.0034656590210075614
0.0022923051238313216
0.005594206004048963
0.004244485147332845
-0.00016616457014500733
-0.0035639816583003326
-0.003532188396411024
-0.0009858098256056058
0.0004952740327317017
0.00269215992971136
0.0007425352132061335
-0.0025980304838198196
-0.0036045674763205207
-0.0013928646889217937
0.0007681751386010081
-0.0010968613297185552
-0.0009229979188904603
2.402722833863178e-05
-0.00024241272494662368
-0.0009047270421791573
-0.00043820561545377095
-0.0006160949177322106
-0.0002933111531046032
-0.0009442827479911774
-0.0010420504566248847
-0.0006266956093746359
0.00010731221172293745
0.00022105598825552153
-0.0012481863076288665
-0.0023493819373716467
-0.001576207270047915
0.00035062520423835255
0.001374566401774669
0.0010760962593086263
-0.0009816149732553322
-0.0021177767171133774
-0.0025218985341625274
0.000862200838897151
0.0018083343697104129
0.00027063357806299477
-0.002549081324608692
-0.002536017263146701
-0.0019991916784202696
-0.0016062793283931182
-0.0012036479735641516
-0.00041648135223136193
0.0006318142401449123
-0.00043965992344205
-0.0016230078979226604
-0.0017219936480838195
0.0013084410408142043
0.002617143963534562
0.001427775147938066
-0.0017784632561614914
-0.0035662822954934687
-0.0028486002849407313
-0.0010949594772516292
2.2815708602529766e-05
-0.0003312348647819847
-0.0014925607289058018
-0.002207690514792964
-0.0019753994626320703
-0.0006281055992057687
0.0002479219170453055
0.000631210712868361
0.00016339589680229442
8.489191485026539e-05
6.11412122428288e-05
0.00042891071603867216
0.00015907487131929898
0.0001892868042861617
2.369213476432862e-05
3.371344603179247e-05
8.808841005564981e-05
0.00012988169546716035
0.00013003490943731951
5.205659742936686e-05
1.1438571870908302e-05
-2.108074486972632e-05
2.7668547668209835e-07
1.0620180652874255e-05
1.6124186209113297e-05
1.0635751150122783e-05
-2.5596629544363163e-06
-1.0460429179020507e-05
-9.90467987692912e-06
-4.0980894078749435e-06
-4.295351000038468e-06
-8.252078565353484e-06
-9.280371374013538e-06
-1.2089000111094143e-05
-6.8139317694164425e-06
-9.04355539023535e-06
-5.193434199390976e-06
-8.939366262005442e-06
-6.057354706988458e-06
-7.924056309393211e-06
-3.885096010752646e-06
-4.060446706691343e-06
-2.9715871087540244e-06
-3.3061199076469747e-06
-3.5674068642474813e-06
-3.1904167175603355e-06
-3.314627749107825e-06
-2.743967516665889e-06
-3.0244004823315592e-06
-2.8794847350625385e-06
-3.1705284408223354e-06
-3.159772356915269e-06
-3.1847190582111285e-06
-3.2798590642313386e-06
-3.349535389296249e-06
-3.493767286299901e-06
-3.5460107214694983e-06
-3.615454968674414e-06
-3.648989210691526e-06
-3.6655335176608494e-06
-3.768313476064627e-06
-3.77313627180644e-06
-3.8957625833920114e-06
-3.864792554094851e-06
-3.9606771266887135e-06
-3.938436715337059e-06
-4.023004939132679e-06
-4.025178274789519e-06
-4.086497404504671e-06
-4.106414577198774e-06
-4.141622812054953e-06
-4.175864061950821e-06
-4.20320705249032e-06
-4.244803237835547e-06
-4.270421278854911e-06
-4.3104385338377064e-06
-4.33891156811461e-06
-4.377532923245954e-06
-4.411604745427775e-06
-4.448681801569936e-06
-4.486073888312512e-06
-4.5221497076925675e-06
-4.560664155006487e-06
-4.597994892258851e-06
-4.6373822597330934e-06
-4.676557524869703e-06
-4.7158673740576944e-06
-4.756501857799099e-06
-4.795752309620291e-06
-4.837617856309892e-06
-4.8774025663422685e-06
-4.919992716601019e-06
-4.960659798793041e-06
-5.003539549925577e-06
-5.045277746700181e-06
-5.088442865797734e-06
-5.1313116441100565e-06
-5.17481708959492e-06
-5.218656470289129e-06
-5.2626660596885415e-06
-5.3073280037898955e-06
-5.352042023292099e-06
-5.397437721408574e-06
-5.442955642458863e-06
-5.4890377899812284e-06
-5.535384814939117e-06
-5.5821768869335556e-06
-5.629360117721284e-06
-5.676914350926168e-06
-5.724913898598211e-06
-5.773274171480807e-06
-5.822078529239046e-06
-5.8712760462090695e-06
-5.920893454414156e-06
-5.970945654427918e-06
-6.021392929726234e-06
-6.072305755958074e-06
-6.123605495053641e-06
-6.175384332028904e-06
-6.2275601913896745e-06
-6.280212746573289e-06
-6.333283109578365e-06
-6.386821515016756e-06
-6.4408009397862e-06
-6.495241699544139e-06
-6.550143081147973e-06
-6.605504638544516e-06
-6.661340070044752e-06
-6.717640771864873e-06
-6.7744235635835395e-06
-6.831681043383881e-06
-6.889426313432738e-06
-6.947657181756266e-06
-7.0063813406738215e-06
-7.0656016627079375e-06
-7.125321940872802e-06
-7.18554787082265e-06
-7.2462818553467655e-06
-7.307529971221872e-06
-7.369295227629361e-06
-7.431582698353345e-06
-7.494396797251774e-06
-7.557741355042916e-06
-7.621621985166253e-06
-7.686041766240986e-06
-7.751006851582345e-06
-7.81652028057113e-06
-7.882588101485442e-06
-7.949213839216667e-06
-8.016403077782102e-06
-8.084160011604443e-06
-8.152489733938935e-06
-8.22139701613068e-06
-8.290886642422151e-06
-8.360963739325222e-06
-8.431633016617573e-06
-8.502899739270251e-06
-8.574768724676596e-06
-8.647245247583716e-06
-8.720334314447041e-06
-8.794041175902434e-06
-8.868371026889927e-06
-8.943329125065606e-06
-9.018920810115969e-06
-9.09515139774404e-06
-9.172026326658626e-06
-9.249551012903672e-06
-9.327730966476584e-06
-9.406571721259959e-06
-9.486078854244596e-06
-9.566258016458916e-06
-9.647114862577888e-06
-9.728655149338072e-06
-9.810884624799916e-06
-9.893809140427371e-06
-9.977434549151643e-06
-1.0061766791087234e-05
-1.014681182998382e-05
-1.023257569625043e-05
-1.0319064464809746e-05
-1.0406284260524158e-05
-1.0494241266225312e-05
-1.0582941707984678e-05
-1.0672391874695815e-05
-1.0762598098465045e-05
-1.0853566773560063e-05
-1.0945304342098477e-05
-1.1037817304411523e-05
-1.1131112213681434e-05
-1.1225195678872752e-05
-1.1320074365801921e-05
-1.1415754995185157e-05
-1.1512244346051186e-05
-1.1609549253321241e-05
-1.1707676610738698e-05
-1.1806633369694096e-05
-1.1906426540382663e-05
-1.2007063192703696e-05
-1.2108550455737456e-05
-1.2210895519651835e-05
-1.2314105634058607e-05
-1.2418188111200596e-05
-1.252315032415803e-05
-1.2628999709092081e-05
-1.2735743764447538e-05
-1.284339005224594e-05
-1.2951946198326266e-05
-1.3061419893168713e-05
-1.3171818892214251e-05
-1.3283151016454341e-05
-1.3395424152805627e-05
-1.3508646255074811e-05
-1.3622825344263012e-05
-1.3737969508825429e-05
-1.38540869059579e-05
-1.3971185761795803e-05
-1.4089274372175702e-05
-1.4208361102599574e-05
-1.43284543893318e-05
-1.44495627400704e-05
-1.457169473466748e-05
-1.4694859025160783e-05
-1.4819064336743515e-05
-1.4944319468452802e-05
-1.5070633293689031e-05
-1.5198014760903179e-05
-1.532647289417561e-05
-1.5456016793817702e-05
-1.5586655636961547e-05
-1.5718398678326098e-05
-1.585125525107884e-05
-1.5985234766919708e-05
-1.612034671734418e-05
-1.6256600674143754e-05
-1.6394006289902063e-05
-1.653257329880457e-05
-1.6672311517140255e-05
-1.681323084424761e-05
-1.6955341263349966e-05
-1.7098652842001058e-05
-1.724317573268807e-05
-1.7388920173755026e-05
-1.7535896490097815e-05
-1.768411509383422e-05
-1.7833586485133113e-05
-1.7984321253116525e-05
-1.8136330076293965e-05
-1.8289623723124907e-05
-1.8444213053219437e-05
-1.8600109018255162e-05
-1.875732266240493e-05
-1.8915865122964143e-05
-1.907574763143193e-05
-1.9236981514260225e-05
-1.9399578193766108e-05
-1.9563549188693005e-05
-1.9728906115043347e-05
-1.9895660687231295e-05
-2.0063824718618797e-05
-2.0233410122402762e-05
-2.0404428912364735e-05
-2.0576893203846404e-05
-2.0750815214748072e-05
-2.092620726627456e-05
-2.1103081783444347e-05
-2.1281451296568206e-05
-2.1461328441724735e-05
-2.164272596186928e-05
-2.1825656707699995e-05
-2.2010133638532465e-05
-2.2196169823252997e-05
-2.238377844098957e-05
-2.257297278242502e-05
-2.2763766250582162e-05
-2.2956172361751155e-05
-2.315020474658307e-05
-2.3345877150819346e-05
-2.3543203436234548e-05
-2.3742197582039614e-05
-2.3942873685462948e-05
-2.414524596276046e-05
-2.4349328750627747e-05
-2.455513650689102e-05
-2.4762683811426324e-05
-2.4971985367425284e-05
-2.5183056002303075e-05
-2.5395910668874616e-05
-2.5610564446255923e-05
-2.582703254114596e-05
-2.6045330288680668e-05
-2.6265473153527785e-05
-2.648747673122953e-05
-2.6711356749045678e-05
-2.6937129067192145e-05
-2.7164809680048255e-05
-2.7394414717184234e-05
-2.7625960444109532e-05
-2.7859463264286177e-05
-2.8094939719613965e-05
-2.8332406491984874e-05
-2.857188040395961e-05
-2.881337842064349e-05
-2.9056917650164583e-05
-2.9302515345699205e-05
-2.9550188905783418e-05
-2.9799955876586926e-05
-3.005183395156125e-05
-3.030584097487958e-05
-3.0561994941211146e-05
-3.08203139966416e-05
-3.1080816441362387e-05
-3.134352072985537e-05
-3.160844547349579e-05
-3.187560943954614e-05
-3.214503155479168e-05
-3.241673090579895e-05
-3.269072674064264e-05
-3.2967038469598016e-05
-3.324568566729258e-05
-3.352668807366844e-05
-3.381006559573284e-05
-3.4095838308723916e-05
-3.4384026457658914e-05
-3.467465045860793e-05
-3.496773089973451e-05
-3.526328854363452e-05
-3.5561344328567104e-05
-3.586191936943571e-05
-3.616503495981315e-05
-3.6470712573287954e-05
-3.677897386488815e-05
-3.708984067234567e-05
-3.740333501814656e-05
-3.7719479111158485e-05
-3.803829534801672e-05
-3.835980631436333e-05
-3.8684034786839964e-05
-3.901100373473001e-05
-3.934073632133453e-05
-3.9673255905540625e-05
-4.000858604389615e-05
-4.03467504922478e-05
-4.068777320710495e-05
-4.1031678347178634e-05
-4.137849027541733e-05
-4.172823356104853e-05
-4.2080932980900385e-05
-4.2436613520980626e-05
-4.27953003785251e-05
-4.315701896383272e-05
-4.352179490208809e-05
-4.38896540348524e-05
-4.426062242213549e-05
-4.4634726344423836e-05
-4.501199230418085e-05
-4.539244702787132e-05
-4.5776117467824506e-05
-4.616303080419437e-05
-4.655321444699278e-05
-4.694669603789309e-05
-4.734350345193816e-05
-4.7743664800141417e-05
-4.8147208430854294e-05
-4.8554162932076816e-05
-4.896455713356354e-05
-4.937842010877096e-05
-4.979578117681946e-05
-5.0216669904496955e-05
-5.0641116108542626e-05
-5.1069149857913346e-05
-5.150080147568086e-05
-5.1936101541145974e-05
-5.237508089206422e-05
-5.2817770626680666e-05
-5.326420210644456e-05
-5.37144069575645e-05
-5.4168417073633714e-05
-5.46262646180549e-05
-5.508798202592813e-05
-5.555360200643067e-05
-5.6023157545306325e-05
-5.649668190698277e-05
-5.697420863717221e-05
-5.74557715650615e-05
-5.794140480581359e-05
-5.8431142762846965e-05
-5.892502013059403e-05
-5.94230718964266e-05
-5.9925333343649294e-05
-6.043184005377882e-05
-6.094262790901604e-05
-6.145773309488428e-05
-6.19771921026302e-05
-6.250104173217432e-05
-6.302931909439851e-05
-6.356206161373112e-05
-6.40993070310427e-05
-6.464109340609259e-05
-6.518745912054646e-05
-6.573844288003839e-05
-6.62940837178703e-05
-6.68544209968256e-05
-6.741949441331469e-05
-6.798934399810481e-05
-6.856401012053995e-05
-6.914353349170461e-05
-6.972795516654948e-05
-7.031731654729182e-05
-7.091165938496015e-05
-7.15110257849612e-05
-7.211545820768554e-05
-7.272499947251054e-05
-7.333969276089028e-05
-7.395958161953494e-05
-7.458470996286534e-05
-7.521512207685731e-05
-7.585086262122502e-05
-7.649197663342646e-05
-7.713850953134076e-05
-7.779050711725867e-05
-7.844801558055817e-05
-7.91110815007278e-05
-7.977975185099583e-05
-8.045407400156354e-05
-8.11340957229084e-05
-8.181986518976782e-05
-8.251143098384449e-05
-8.320884209744839e-05
-8.391214793694598e-05
-8.462139832610214e-05
-8.533664351005393e-05
-8.60579341586266e-05
-8.678532136996864e-05
-8.751885667396004e-05
-8.825859203610495e-05
-8.900457986123732e-05
-8.975687299697291e-05
-9.051552473763702e-05
-9.128058882813665e-05
-9.205211946746562e-05
-9.28301713127675e-05
-9.361479948339561e-05
-9.440605956428881e-05
-9.520400761031005e-05
-9.600870015012719e-05
-9.682019419026918e-05
-9.763854721891421e-05
-9.846381721031767e-05
-9.929606262870389e-05
-0.0001001353424324219
-0.00010098171607828997
-0.00010183524352556765
-0.00010269598524029427
-0.00010356400219944077
-0.0001044393558956309
-0.00010532210834117298
-0.00010621232207248311
-0.00010711006015473611
-0.00010801538618586317
-0.00010892836430129367
-0.00010984905917870954
-0.00011077753604259795
-0.00011171386066866998
-0.00011265809938849685
-0.00011361031909435987
-0.00011457058724398095
-0.00011553897186513252
-0.00011651554156054042
-0.00011750036551299767
-0.00011849351348988115
-0.00011949505584839303
-0.00012050506354028818
-0.00012152360811703785
-0.00012255076173494796
-0.00012358659716024776
-0.00012463118777406718
-0.00012568460757793863
-0.00012674693119872632
-0.00012781823389426434
-0.00012889859155822657
-0.00012998808072601543
-0.00013108677857973403
-0.00013219476295384493
-0.00013331211234083508
-0.0001344389058966206
-0.00013557522344614513
-0.00013672114548889455
-0.0001378767532050998
-0.00013904212846075508
-0.00014021735381407818
-0.00014140251252110758
-0.00014259768854144657
-0.00014380296654432922
-0.00014501843191483616
-0.0001462441707597629
-0.00014748026991312372
-0.0001487268169432644
-0.0001499839001590118
-0.00015125160861563947
-0.00015253003212054028
-0.00015381926124038992
-0.00015511938730751983
-0.00015643050242626378
-0.00015775269947937036
-0.0001590860721344178
-0.00016043071485121154
-0.00016178672288749566
-0.00016315419230618225
-0.00016453321998234925
-0.00016592390360996453
-0.00016732634170849785
-0.00016874063363030167
-0.0001701668795674122
-0.00017160518055865719
-0.00017305563849681456
-0.00017451835613609145
-0.00017599343709928878
-0.00017748098588492387
-0.00017898110787459287
-0.00018049390934072652
-0.0001820194974539172
-0.00018355798029084485
-0.00018510946684157834
-0.00018667406701744493
-0.00018825189165859696
-0.00018984305254200913
-0.0001914476623896165
-0.00019306583487618362
-0.00019469768463709273
-0.00019634332727677396
-0.0001980028793767271
-0.000199676458503861
-0.00020136418321876199
-0.00020306617308397604
-0.00020478254867293942
-0.000206513431578068
-0.00020825894441954833
-0.0002100192108538534
-0.00021179435558268424
-0.00021358450436181165
-0.00021538978400990655
-0.00021721032241771293
-0.00021904624855665982
-0.00022089769248845466
-0.00022276478537376458
-0.00022464765948251603
-0.0002265464482020009
-0.00022846128604755859
-0.00023039230867069735
-0.00023233965287014578
-0.00023430345660054876
-0.0002362838589828548
-0.0002382810003134202
-0.00024029502207491412
-0.00024232606694574946
-0.00024437427880993987
-0.0002464398027680675
-0.00024852278514677327
-0.0002506233735098478
-0.00025274171666796034
-0.0002548779646897537
-0.00025703226891238295
-0.0002592047819517949
-0.0002613956577142408
-0.0002636050514066966
-0.00026583311954740197
-0.0002680800199792688
-0.00027034591187662186
-0.0002726309557620322
-0.0002749353135124876
-0.00027725914837436994
-0.00027960262497483685
-0.0002819659093290945
-0.0002843491688605418
-0.00028675257240312624
-0.00028917629021997396
-0.00029162049401582426
-0.00029408535693766706
-0.00029657105361368156
-0.0002990777601207579
-0.00030160565406228907
-0.0003041549144937143
-0.00030672572204387504
-0.00030931825880066736
-0.00031193270846212686
-0.00031456925621275794
-0.0003172280888564757
-0.00031990939474579134
-0.000322613363823562
-0.0003253401876757409
-0.000328090059441134
-0.00033086317397895226
-0.00033365972770147166
-0.00033647991876285913
-0.0003393239469529002
-0.00034219201372048623
-0.00034508432234589255
-0.000348001077580043
-0.0003509424862917807
-0.000353908756569655
-0.0003569000989295203
-0.00035991672487988013
-0.00036295884859663993
-0.0003660266851371229
-0.00036912045231785593
-0.00037224036889299663
-0.00037538665629632166
-0.0003785595371099122
-0.000381759236404702
-0.0003849859806662878
-0.0003882399986918847
-0.000391521520872348
-0.0003948307798917372
-0.00039816800999439416
-0.00040153344793932846
-0.00040492733177486043
-0.0004083499025079691
-0.0004118014019710834
-0.0004152820755470984
-0.0004187921689089427
-0.0004223319318239268
-0.0004259016140439674
-0.0004295014694629018
-0.0004331317525703153
-0.00043679272051685503
-0.00044048463341101254
-0.00044420775156973154
-0.0004479623392040109
-0.00045174866374128944
-0.0004555669888878632
-0.00045941759214707996
-0.0004633007385276422
-0.0004672167080535688
-0.0004711657783463732
-0.0004751482209772134
-0.00047916433316259237
-0.000483214376803787
-0.00048729866532375046
-0.0004914174579870414
-0.0004955710754213474
-0.0004997597839890863
-0.0005039839017202963
-0.0005082437128123786
-0.0005125395193614285
-0.000516871639200482
-0.0005212403439276356
-0.0005256459927815259
-0.0005300888349090772
-0.0005345692406791043
-0.0005390874881329312
-0.0005436438938146301
-0.00054823883462746
-0.0005528725083981149
-0.0005575454473024169
-0.0005622576852194339
-0.0005670099375476442
-0.0005718020721861001
-0.0005766349571180079
-0.0005815083574942951
-0.0005864232076554197
-0.0005913792645038062
-0.0005963774441971243
-0.0006014175576499075
-0.0006065004688628681
-0.0006116260462807496
-0.0006167951308408726
-0.0006220075881722282
-0.0006272643259335599
-0.0006325650911766992
-0.0006379109950965437
-0.0006433015206409848
-0.0006487381229929269
-0.0006542198993828626
-0.0006597487337861032
-0.0006653232997498594
-0.0006709459151105743
-0.000676614841873209
-0.0006823328120137826
-0.0006880977160924216
-0.0006939125934775432
-0.0006997751688043884
-0.0007056885030952161
-0.0007116504758007844
-0.0007176638112029208
-0.0007237269729815461
-0.0007298420259293781
-0.0007360070979434892
-0.0007422307113284935
-0.0007484991302807442
-0.0007548336237143741
-0.0007612152539404312
-0.0007676505683094535
-0.0007741544479466
-0.0007806952488244232
-0.0007873119948813348
-0.0007939723648613718
-0.0008006994942270063
-0.000807488487083679
-0.0008143255626096881
-0.0008212448391612594
-0.0008281985972990523
-0.0008352490957896858
-0.0008423231618160068
-0.0008495012412043927
-0.0008567113193892807
-0.0008640070471500257
-0.0008713798498338215
-0.0008787680418212858
-0.000886325929689467
-0.000893797454305728
-0.0009015463972178966
-0.0009091149913104653
-0.0009170473512368026
-0.0009247177446052046
-0.0009328178843651417
-0.0009406095887587956
-0.0009488503204017227
-0.0009567902206564539
-0.0009651566382423368
-0.0009732421643600564
-0.0009817744584310173
-0.0009899548565846339
-0.0009987101065596763
-0.001006943202956195
-0.0010159618316677235
-0.0010242246302524273
-0.0010335389832800464
-0.0010417927242505434
-0.0010514539927177387
-0.0010596625736806436
-0.0010697024897868244
-0.001077831603725864
-0.001088300900388077
-0.001096297651126501
-0.0011072575003901863
-0.0011150756798644305
-0.0011266330538723546
-0.0011341191692766134
-0.0011463490698775496
-0.0011534843568881692
-0.001166500454103641
-0.001172973845323928
-0.0011871636733625833
-0.0011926393070593817
-0.0012084831510252789
-0.001212103784644006
-0.001231218328730993
-0.0012298293220040029
-0.0012595613857602646
-0.001233791928618917
-0.001209955382935883
-0.0012328066913496298
-0.0012060793789824362
-0.001170572920403165
-0.001206935627296134
-0.0011744622319741146
-0.0012360003849600093
-0.0011677427150473783
-0.0012279113516053463
-0.0011982984471734922
-0.0012487274378530679
-0.0012009448925852642
-0.0012291700574606004
-0.0012440336478857922
-0.0012264748674076622
-0.0012929853618266277
-0.0012136048415740605
-0.0012902900924796814
-0.0012367227675705254
-0.0013175095827813055
-0.001280011239390257
-0.0013479980047756525
-0.0012852760645019508
-0.0013294926488192204
-0.001324695759294713
-0.0013323082737963527
-0.0013608470525045303
-0.0013401513703409059
-0.0014126298898054657
-0.0013583227549181925
-0.0013836791960085033
-0.0014329577570492175
-0.0013727133030566102
-0.0014246998823738274
-0.0014083544836753742
-0.0014304986779719528
-0.0014419292001258582
-0.0014508287752945117
-0.0014728922656786466
-0.001473500942726354
-0.0015031387436653153
-0.00149562330661876
-0.001532630494492099
-0.0015189449198512006
-0.0015642140932580833
-0.0015350959559027812
-0.001610684567958512
-0.0015216715873963092
-0.0016162247118831504
-0.0015209812799170767
-0.0015996987790189501
-0.001587742403665146
-0.001603876903310153
-0.0016684126820320638
-0.0016151952014692578
-0.0017061486438158663
-0.0016410579300431835
-0.0017012204359414737
-0.0016937910781796017
-0.0016491984031578588
-0.0017226497264442586
-0.0016868767582882277
-0.0017738119334020086
