-0.009186574594961743
-0.009555434188594551
-0.009382321623415039
-0.009316026334187814
-0.009344581422341852
-0.00919902135340726
-0.009531964714034665
-0.009438882952832791
-0.010087681450891065
-0.009831987056304472
-0.010292569546006328
-0.009873785010848067
-0.010225870420667853
-0.00983656587361776
-0.010460630141724445
-0.009986868934080278
-0.010399757217786066
-0.010945003141400091
-0.010804021174725321
-0.01066132524160471
-0.010854467475835773
-0.010733713600143727
-0.0098251725266895
-0.009901208337006846
-0.011057088258591315
-0.009946382673698968
-0.010948495952897225
-0.012554571315329813
-0.01150429262070708
-0.010861519308825052
-0.031897985830819965
0.9023626198380712
0.5546365742433799
0.9724402291518088
0.32776358760890845
0.6517721098558363
-1.0821666841173618
-0.6393574530471956
-0.4480959620959645
-0.7051787380542021
-0.15860969822270063
0.027825712750831004
0.1921949392328164
-0.16753883421982335
-0.34577774974601794
-0.3939640491419837
-0.29983033387210317
0.04584696653736536
0.26204439873307095
0.15634888602284563
0.21182270158058097
-0.06579299306932311
0.08515280338118007
-0.08689173183105262
0.06593476543649887
0.10116799766129574
0.29096750390676707
0.027043094779530635
-0.011700603181631472
-0.15317271978552058
-0.0418377264654447
-0.13304670309697564
-0.08718709522997821
-0.00803853546228054
0.04852170758253249
-0.09666086412450949
-0.08468463615595478
-0.06702323054258563
-0.15115437084233443
-0.16103631167653384
-0.03749108358765876
0.09074162849397585
0.03838497449670568
0.06337796361185544
0.0584707595908401
-0.0037951767973528347
-0.07926708371332761
-0.06635847153726404
0.00485078777243991
0.04238653807118882
0.055327922684546185
-0.0006417179706007543
-0.035788924734728396
-0.06727816627149374
-0.09965950596519005
-0.051659990474519066
-0.00364105419883974
0.0018592008226534472
-0.0012935961227183157
-0.01894510894633565
-0.04200897882108974
-0.09485956157460161
-0.06813138091317181
-0.04068818276307623
-0.0029176551294761905
0.01054650803341397
0.009857206478808016
-0.018948676043643906
-0.040484976316043
-0.025406968019176017
-0.006126482623333294
0.006657786286166988
0.02030292642008873
0.01978466409471298
0.0036510003315823334
-0.014793609323583238
-0.02322245779692225
-0.030364843228817957
-0.04268633845630283
-0.030488948795818028
-0.021308256291022978
-0.008082358891825205
-0.00898149170017585
-0.02002943858927852
-0.036036496226243594
-0.037873280902256196
-0.03509411528297332
-0.010697126904760289
-0.0011142218246693787
0.011474638047216192
-0.0031636179784302627
-0.016280529193231454
-0.01827117504392721
-0.01693277260512058
-0.011263724695702748
-0.0034040792113405054
0.0038534687000310675
0.001938507935567405
-0.004633518628876374
-0.011074865726784074
-0.018850509376289893
-0.0191822068802715
-0.009880975923525721
-0.00148078250300513
-0.004116479675966234
-0.00863240644413922
-0.01535256061039671
-0.01739273721111562
-0.0215054058640997
-0.015547300093507705
-0.012160376257772889
-0.0057036748666259626
-0.008592187340179924
-0.008086086060280526
-0.008880794126367223
-0.007613664821853463
-0.00842432594955557
-0.012609527106480929
-0.007748768614872467
-0.0020715203312129124
-0.0038129191534572783
-0.010425231428773817
-0.0023966561059478968
-0.007388929059611386
-0.013424778909886437
-0.008033286059715974
-0.0013273476493229548
-0.0005849522418548451
-0.004505828959563451
-0.007649710766223982
-0.009462665712758847
-0.011200914759656488
-0.006497129574034802
-0.009013884240918682
-0.004482293670928051
-0.0030830910540348704
-0.0036623391939658964
-0.0027170759207565086
-0.008691167533532367
-0.007172191447443151
-0.00905150292341089
-0.005748368607885285
-0.0027255343925750722
5.1258772274926506e-05
-0.0013723107431224194
-0.00558556967907791
-0.009409761449270556
-0.012116910330092804
-0.004403114158806556
-0.002513429806908053
0.00015715555805841043
-0.002644506307061409
-0.0009403390835807284
0.002928646300646424
0.00021866076006213158
-0.0011304879617238543
-0.007226909710339158
-0.006940447290672511
-0.001789194082039041
0.0015563960167326216
0.004454841044278191
0.0013007587598863892
0.001132289827336479
-0.003403719236458844
-0.0016129863371315075
0.0011370868570198082
0.0025180083850968125
0.0020339829517516915
0.0014890384803391528
1.531282280732094e-05
0.0012085874544552377
-0.0003165284865339281
0.0005661147881134828
-0.0007055942863109226
5.591381852014391e-05
-0.0006776463530501933
0.0002480349740625815
-0.00023289929320660175
0.00027714338563851904
-0.0003551745944087004
6.536054726437334e-05
-0.00036948988389826553
8.787662020221356e-05
-0.0002326545306733669
0.00012832809427917088
-0.0001641059630455332
9.812033708308924e-05
-0.00015376758154278915
9.952592974303521e-05
-0.00010716769248532041
8.774582267008762e-05
-0.00010158811887418535
6.69617656834107e-05
-8.287428565100408e-05
5.932307977567913e-05
-6.632318275744814e-05
4.038030473527479e-05
-6.352167757165024e-05
2.104868724686973e-05
-5.725256149668144e-05
1.4038994751258e-05
-4.93213535468634e-05
6.007018569708419e-06
-4.582891006932809e-05
-2.8509462254334983e-07
-4.1842450891265565e-05
-4.455791355672395e-06
-3.821392073823961e-05
-8.100199539967483e-06
-3.553918226696098e-05
-1.1040557207522665e-05
-3.284277233047642e-05
-1.3074335982987163e-05
-3.080468603773091e-05
-1.5307757399219508e-05
-2.9452222326939968e-05
-1.7133124984542803e-05
-2.8302175343874417e-05
-1.8584988427658607e-05
-2.7509117383888522e-05
-1.993242302029681e-05
-2.7074688211671007e-05
-2.108506737172008e-05
-2.6778580413888264e-05
-2.205742599422863e-05
-2.6653316005167743e-05
-2.2943884585138307e-05
-2.6631689279404437e-05
-2.371718402619351e-05
-2.6679229429943732e-05
-2.4413959610202103e-05
-2.680184615690053e-05
-2.5061827829584663e-05
-2.6983388846588997e-05
-2.5655139400374786e-05
-2.720628573855185e-05
-2.621073926514783e-05
-2.7475184158066296e-05
-2.6742017704596208e-05
-2.7779977312963975e-05
-2.7252124679054803e-05
-2.8114023782760574e-05
-2.7748439872381757e-05
-2.847425479059044e-05
-2.8236750509946025e-05
-2.8855537298408613e-05
-2.8719014765583688e-05
-2.9254473295551664e-05
-2.9198921415259657e-05
-2.9669455417366758e-05
-2.967828626383685e-05
-3.009806380898511e-05
-3.0158283538559783e-05
-3.0538996054794727e-05
-3.064042178284581e-05
-3.099143720362212e-05
-3.112581157378486e-05
-3.145440766668371e-05
-3.1615245273688974e-05
-3.1927313442647876e-05
-3.210962126740102e-05
-3.240972427281767e-05
-3.2609575626427884e-05
-3.290125022094824e-05
-3.31156425205717e-05
-3.3401666798139884e-05
-3.362829712059154e-05
-3.391083213407622e-05
-3.4147900058508623e-05
-3.4428632978217993e-05
-3.467475480781884e-05
-3.4955034772304536e-05
-3.520913979292075e-05
-3.5490031093117556e-05
-3.575128819281997e-05
-3.603363775593355e-05
-3.630141467321404e-05
-3.6585899837531964e-05
-3.685972079602311e-05
-3.714688027350085e-05
-3.7426391058388705e-05
-3.771665619499388e-05
-3.800160148152102e-05
-3.829532136287331e-05
-3.858552062277758e-05
-3.8882979610090594e-05
-3.917831003367252e-05
-3.947974400779529e-05
-3.978012780727854e-05
-4.00857358507262e-05
-4.039112963518548e-05
-4.070108227206045e-05
-4.101146936688052e-05
-4.1325915522901456e-05
-4.164130057374843e-05
-4.196037257980963e-05
-4.2280776902492434e-05
-4.26045943039432e-05
-4.293005250391381e-05
-4.3258725256567054e-05
-4.358928255724509e-05
-4.3922913493491954e-05
-4.4258623516158554e-05
-4.459731026028703e-05
-4.493823334856043e-05
-4.528206989224499e-05
-4.5628271823351836e-05
-4.597734968225369e-05
-4.63289006520036e-05
-4.668330976606268e-05
-4.704028365481788e-05
-4.740011307297325e-05
-4.7762586889347634e-05
-4.812792529071717e-05
-4.849597874634652e-05
-4.8866914833219e-05
-4.9240630031449194e-05
-4.961725285525199e-05
-4.9996714048729934e-05
-5.0379113248955054e-05
-5.076440666090397e-05
-5.115267266925824e-05
-5.154388635215316e-05
-5.193811054408784e-05
-5.233533428943113e-05
-5.2735609113514987e-05
-5.3138934374589736e-05
-5.3545353451611515e-05
-5.395487330306847e-05
-5.436753150482587e-05
-5.4783340608609765e-05
-5.52023341236971e-05
-5.5624528716823355e-05
-5.6049955109084776e-05
-5.647863299602929e-05
-5.6910591248458906e-05
-5.734585180303109e-05
-5.778444236092335e-05
-5.822638653018566e-05
-5.867171133859756e-05
-5.9120441658844875e-05
-5.9572604196742474e-05
-6.002822480348827e-05
-6.048733011775607e-05
-6.0949946765650066e-05
-6.141610149774793e-05
-6.188582157815557e-05
-6.235913399582637e-05
-6.283606655991853e-05
-6.331664658577115e-05
-6.380090236594936e-05
-6.428886160335183e-05
-6.478055303770001e-05
-6.527600480051281e-05
-6.577524605606958e-05
-6.62783053936094e-05
-6.678521239479075e-05
-6.729599612179636e-05
-6.781068657229464e-05
-6.832931329708196e-05
-6.885190671068465e-05
-6.937849686060901e-05
-6.990911458562479e-05
-7.04437904372867e-05
-7.098255568650617e-05
-7.15254413930313e-05
-7.207247927130912e-05
-7.262370089211221e-05
-7.317913842467584e-05
-7.373882395587407e-05
-7.430279011846528e-05
-7.48710695197682e-05
-7.544369527002636e-05
-7.602070049845784e-05
-7.660211880180915e-05
-7.718798384039429e-05
-7.777832970656755e-05
-7.837319059558583e-05
-7.897260110543568e-05
-7.957659597343817e-05
-8.018521031461032e-05
-8.079847941068724e-05
-8.141643890589867e-05
-8.203912463393328e-05
-8.266657277822693e-05
-8.329881972832427e-05
-8.393590221705697e-05
-8.457785720001991e-05
-8.522472196781025e-05
-8.587653404789654e-05
-8.653333129928376e-05
-8.719515183082394e-05
-8.786203407743984e-05
-8.853401673823702e-05
-8.921113883323057e-05
-8.989343965969598e-05
-9.058095883473366e-05
-9.12737362605753e-05
-9.197181216141076e-05
-9.267522705253689e-05
-9.338402177493533e-05
-9.409823746804808e-05
-9.481791559726649e-05
-9.554309793587254e-05
-9.627382658523604e-05
-9.701014396090377e-05
-9.775209280893024e-05
-9.849971619713387e-05
-9.925305752841833e-05
-0.00010001216053141305
-0.00010077706927418711
-0.0001015478281588128
-0.00010232448192953143
-0.00010310707566991983
-0.00010389565481052753
-0.0001046902651283179
-0.00010549095275143479
-0.00010629776415921094
-0.00010711074618734336
-0.0001079299460301393
-0.00010875541124281268
-0.00010958718974235677
-0.00011042532981539455
-0.00011126988011529726
-0.00011212088966894643
-0.00011297840787713453
-0.00011384248451987676
-0.00011471316975666251
-0.00011559051413141501
-0.0001164745685740806
-0.00011736538440428393
-0.0001182630133336332
-0.00011916750747054854
-0.00012007891932142543
-0.000120997301792488
-0.00012192270819796729
-0.00012285519225760898
-0.00012379480810168278
-0.00012474161027575467
-0.0001256956537417052
-0.00012665699388240915
-0.0001276256865032435
-0.00012860178783777256
-0.0001295853545488705
-0.0001305764437335398
-0.00013157511292409205
-0.00013258142009387082
-0.00013359542365887211
-0.00013461718248269786
-0.00013564675587902334
-0.00013668420361409583
-0.00013772958591315443
-0.000138782963461051
-0.00013984439740599708
-0.00014091394936466273
-0.0001419916814248967
-0.00014307765614995915
-0.0001441719365795624
-0.00014527458623894707
-0.00014638566913636325
-0.00014750524977086982
-0.00014863339313430507
-0.00014977016471563742
-0.00015091563050420587
-0.0001520698569959511
-0.00015323291119333747
-0.00015440486061278624
-0.00015558577328372847
-0.00015677571776472055
-0.00015797476312327634
-0.00015918297897282718
-0.0001604004354449247
-0.0001616272032181204
-0.0001628633535037602
-0.00016410895806032166
-0.00016536408919924726
-0.000166628819776253
-0.00016790322321242473
-0.00016918737348592915
-0.00017048134514289007
-0.00017178521329926436
-0.00017309905364484553
-0.00017442294244756403
-0.00017575695656106213
-0.00017710117342286356
-0.00017845567106801723
-0.000179820528122843
-0.00018119582382019033
-0.00018258163799504245
-0.00018397805109624053
-0.0001853851441829266
-0.00018680299894046834
-0.00018823169767278464
-0.00018967132331905966
-0.00019112195944762708
-0.0001925836902703414
-0.00019405660063998194
-0.0001955407760608095
-0.000197036302688163
-0.0001985432673387369
-0.00020006175749221703
-0.00020159186129693057
-0.00020313366757618648
-0.00020468726583236507
-0.00020625274625327324
-0.00020783019971459295
-0.00020941971778838664
-0.00021102139274654323
-0.00021263531756671606
-0.00021426158593782461
-0.00021590029226499323
-0.0002175515316762593
-0.0002192154000263749
-0.0002208919939041265
-0.0002225814106350532
-0.00022428374829078224
-0.00022599910569350012
-0.00022772758241884627
-0.00022946927880629353
-0.00023122429596186822
-0.00023299273576554702
-0.00023477470087462926
-0.0002365702947333126
-0.0002383796215766655
-0.00024020278643579335
-0.00024203989514726826
-0.0002438910543548084
-0.000245756371519662
-0.0002476359549231921
-0.000249529913677422
-0.0002514383577254392
-0.00025336139785386846
-0.00025529914569637213
-0.0002572517137389308
-0.0002592192153290651
-0.00026120176468111614
-0.0002631994768824558
-0.0002652124679014614
-0.0002672408545917604
-0.0002692847547034966
-0.0002713442868845482
-0.0002734195706921502
-0.000275510726596569
-0.00027761787599039564
-0.00027974114119460117
-0.0002818806454654427
-0.0002840365130011759
-0.00028620886895157696
-0.00028839783942184033
-0.00029060355148327437
-0.00029282613317668793
-0.00029506571352529154
-0.00029732242253653965
-0.00029959639121293624
-0.0003018877515603719
-0.00030419663659176505
-0.00030652318033995256
-0.0003088675178605085
-0.0003112297852442096
-0.00031361011961991703
-0.000316008659166912
-0.0003184255431226534
-0.0003208609117855213
-0.00032331490653365186
-0.0003257876698171767
-0.0003282793451874731
-0.0003307900772801971
-0.0003333200118487735
-0.00033586929575345605
-0.00033843807698258625
-0.00034102650465560216
-0.00034363472902852786
-0.00034626290151426944
-0.0003489111746762634
-0.0003515797022482139
-0.0003542686391390243
-0.0003569781414420477
-0.0003597083664447509
-0.0003624594726381624
-0.0003652316197246125
-0.00036802496862968145
-0.0003708396815050325
-0.00037367592174874717
-0.0003765338540031825
-0.00037941364417393847
-0.0003823154594320734
-0.00038523946823123536
-0.0003881858403086539
-0.00039115474670513295
-0.00039414635976335686
-0.00039716085315013444
-0.000400198401855352
-0.0004032591822120046
-0.0004063433718976009
-0.0004094511499515706
-0.0004125826967816119
-0.0004157381941745286
-0.0004189178253081356
-0.0004221217747611798
-0.00042535022852384016
-0.0004286033740081305
-0.00043188140006185046
-0.00043518449697401893
-0.000438512856491732
-0.0004418666718267188
-0.0004452461376697695
-0.00044865145019893065
-0.0004520828070941974
-0.00045554040754696226
-0.000459024452271988
-0.0004625351435191113
-0.0004660726850857749
-0.00046963728232683397
-0.0004732291421689228
-0.0004768484731195184
-0.0004804954852834312
-0.00048417039036980513
-0.000487873401709159
-0.0004916047342617179
-0.0004953646046330085
-0.000499153231084867
-0.0005029708335479092
-0.0005068176336354029
-0.0005106938546548754
-0.0005145997216227834
-0.0005185354612762653
-0.0005225013020854115
-0.0005264974742693771
-0.0005305242098077422
-0.0005345817424523103
-0.0005386703077451735
-0.000542790143028943
-0.0005469414874615202
-0.0005511245820295097
-0.0005553396695628318
-0.0005595869947496372
-0.0005638668041475113
-0.0005681793462013076
-0.0005725248712549717
-0.000576903631568293
-0.000581315881329172
-0.0005857618766709325
-0.0005902418756844809
-0.0005947561384361346
-0.0005993049269795963
-0.0006038885053736094
-0.0006085071396957739
-0.0006131610980607477
-0.0006178506506314125
-0.0006225760696378368
-0.0006273376293927165
-0.0006321356063063229
-0.0006369702789024705
-0.0006418419278355484
-0.0006467508359065217
-0.00065169728807833
-0.0006566815714942454
-0.0006617039754950976
-0.0006667647916306992
-0.0006718643136859269
-0.000677002837687528
-0.0006821806619310132
-0.0006873980869874891
-0.0006926554157328236
-0.0006979529533547748
-0.0007032910073782103
-0.0007086698876791159
-0.0007140899065024147
-0.0007195513784835721
-0.0007250546206617988
-0.000730599952502306
-0.000736187695912885
-0.0007418181752648805
-0.0007474917174086462
-0.0007532086516958295
-0.0007589693099957365
-0.0007647740267179566
-0.0007706231388261396
-0.0007765169858643412
-0.000782455909971936
-0.0007884402559064753
-0.0007944703710600028
-0.0008005466054831713
-0.0008066693119034448
-0.0008128388457466522
-0.0008190555651542555
-0.0008253198310110587
-0.0008316320069585857
-0.0008379924594212263
-0.0008444015576255372
-0.0008508596736210476
-0.0008573671823044701
-0.0008639244614381348
-0.0008705318916747439
-0.0008771898565773377
-0.0008838987426433177
-0.0008906589393257258
-0.0008974708390561913
-0.0009043348372675666
-0.0009112513324178164
-0.0009182207260114944
-0.0009252434226239424
-0.0009323198299253455
-0.0009394503587030175
-0.0009466354228870942
-0.0009538754395726934
-0.0009611708290454754
-0.0009685220148048027
-0.0009759294235901668
-0.0009833934854033815
-0.000990914633535931
-0.0009984933045929598
-0.0010061299385188648
-0.0010138249786225823
-0.0010215788716043512
-0.0010293920675792574
-0.0010372650201076177
-0.001045198186215273
-0.0010531920264258317
-0.0010612470047838048
-0.0010693635888846366
-0.0010775422498973974
-0.001085783462596382
-0.001094087705387609
-0.0011024554603344247
-0.0011108872131877863
-0.0011193834534137346
-0.0011279446742228335
-0.0011365713725950044
-0.0011452640493148313
-0.001154023208993371
-0.0011628493601040274
-0.00117174301500715
-0.0011807046899825887
-0.001189734905258732
-0.0011988341850415686
-0.0012080030575489992
-0.0012172420550362185
-0.0012265517138295482
-0.0012359325743586695
-0.0012453851811851228
-0.0012549100830366103
-0.0012645078328343091
-0.0012741789877355634
-0.0012839241091483866
-0.0012937437627851415
-0.0013036385186765572
-0.0013136089512199526
-0.0013236556392004885
-0.0013337791658307833
-0.0013439801187916586
-0.0013542590902366927
-0.0013646166768835515
-0.0013750534799694411
-0.0013855701053813669
-0.0013961671635895005
-0.0014068452697654074
-0.0014176050437962795
-0.001428447110241154
-0.0014393720985582407
-0.0014503806428613597
-0.001461473382284796
-0.0014726509606993086
-0.0014839140269952934
-0.001495263235025093
-0.0015066992435124244
-0.0015182227164935985
-0.0015298343226785474
-0.001541534736374055
-0.0015533246365861206
-0.0015652047078222459
-0.001577175639787487
-0.0015892381271594563
-0.001601392870568848
-0.0016136405751004633
-0.0016259819522654682
-0.0016384177180365292
-0.0016509485945864141
-0.0016635753093272878
-0.0016762985949497025
-0.0016891191906389345
-0.0017020378398041637
-0.0017150552933076976
-0.0017281723059590585
-0.0017413896397935483
-0.0017547080619018862
-0.0017681283451201181
-0.001781651269247053
-0.001795277618210086
-0.0018090081842396394
-0.001822843763265109
-0.0018367851592512837
-0.0018508331812103417
-0.0018649886443041605
-0.0018792523712260261
-0.0018936251885455684
-0.001908107932368332
-0.001922701441665232
-0.00193740656512176
-0.0019522241553621348
-0.001967155072936086
-0.001982200184703649
-0.001997360363786215
-0.002012636491671543
-0.002028029450062091
-0.002043540144091493
-0.0020591694565431085
-0.002074918314823723
-0.002090787617948512
-0.0021067782874304697
-0.00212289127077201
-0.00213912746735063
-0.0021554878657215858
-0.0021719733594299734
-0.0021885849762386584
-0.002205323600774633
-0.002222190272106601
-0.002239185951948211
-0.002256311560170975
-0.002273568247161048
-0.002290956790540412
-0.002308478437960729
-0.0023261340044940086
-0.0023439246347464653
-0.002361851363488352
-0.0023799150948302867
-0.0023981171559948567
-0.002416458215521379
-0.002434939795392409
-0.00245356251807399
-0.0024723278033267748
-0.0024912366253992697
-0.002510289874704241
-0.0025294892074048635
-0.0025488349080147804
-0.0025683290749133215
-0.002587971887117748
-0.0026077652388310744
-0.002627709842472094
-0.002647806891612223
-0.0026680579188899157
-0.0026884633883670316
-0.0027090254395654755
-0.0027297441959737148
-0.0027506218835108044
-0.0027716589246059705
-0.0027928569487468483
-0.0028142172312138228
-0.0028357405730738677
-0.0028574289238042236
-0.002879282821710402
-0.0029013040940067455
-0.0029234938573600255
-0.0029458530733224293
-0.0029683838810851777
-0.0029910863069054095
-0.003013963137800014
-0.0030370142218515118
-0.0030602420441294097
-0.0030836473120736145
-0.0031072312080386013
-0.003130996493335746
-0.0031549413988421365
-0.0031790729982249387
-0.0032033831294861308
-0.0032278903548178736
-0.0032525607718602197
-0.0032774532303590405
-0.0033025048366747524
-0.003327756955547774
-0.003353228416040229
-0.0033788174222881876
-0.0034047223721998037
-0.003430702786571287
-0.0034569881983392984
-0.003483375800799324
-0.0035100590153830415
-0.0035368715117870438
-0.0035638886727317794
-0.0035912237984327394
-0.003618538446916379
-0.003646363876235347
-0.0036741343237048857
-0.0037023113157884763
-0.0037306682271099744
-0.0037591335031080374
-0.0037880441315421547
-0.003816855625670708
-0.00384618133748941
-0.0038754791538166463
-0.0039051659708037503
-0.0039350233285543375
-0.003965018349240542
-0.003995534944638219
-0.004025726432082422
-0.004056890964348069
-0.0040874382302020906
-0.004119069692654001
-0.004150208893340607
-0.004182121897775782
-0.004213958775462993
-0.00424619955949153
-0.00427865230524661
-0.004311392881065072
-0.004344350405432219
-0.004377589562823376
-0.004411125253420914
-0.004444920516590277
-0.004479052967183438
-0.004513347108530286
-0.004548071454889793
-0.00458276561677699
-0.0046180362707327095
-0.004653073886001408
-0.004688735478173944
-0.004724335951272623
-0.004760110082642672
-0.00479693208080979
-0.004832307887331456
-0.004871239830500966
-0.004905228497411124
-0.004947457967057942
-0.0049784382367259825
-0.00502639879093108
-0.005051231898263231
-0.005108484859924103
-0.005123144727350523
-0.0051940257053999
-0.005196126918420182
-0.00526810356326463
-0.005373029807153835
-0.005261483412106124
-0.0055508133833522336
-0.005264561723160373
-0.005679687145741047
-0.005484808137961039
-0.005664509366357404
-0.005508793522782364
-0.005791620948349733
-0.005682209711085441
-0.005936981227051198
-0.006009138525051566
-0.00596563089023483
-0.006046013950994654
-0.005974526924102971
-0.005990401878609008
-0.00614498784048291
-0.005955815713973899
-0.0062975754713606846
-0.0061656305441206705
-0.006289827851908951
-0.006397746872007556
-0.006306686261749001
-0.006393432718248481
-0.006469163519283878
-0.0065500350441352
-0.006661060955720163
-0.006765070565622963
-0.00687160338391285
-0.006981623697581461
-0.007097445297536824
-0.007074463128367796
-0.007414452366053925
-0.007322120241731067
-0.007744470719480007
-0.0077328185945327865
-0.007812406667612626
-0.007784218740268023
-0.007707831861856279
-0.007644194525762871
-0.00737721380165704
-0.007397234146867599
-0.007144774641994575
-0.007592797100153981
-0.00751759177668479
-0.007940015846383847
-0.007977264748552482
-0.008251280401373223
-0.008525891329360324
-0.00822999276830838
-0.00885045103432014
-0.008533962196569725
-0.009193759160891865
-0.009047204856065104
-0.009110277009046146
-0.009507422148948882
-0.008766159819942887
-0.009617216456114932
-0.008451055888398428
-0.009671200080985903
-0.008510626845102811
-0.00956343855063467
-0.008920877632623461
-0.009670099368400176
-0.0010639291278489635
-0.0010414456331737905
-0.0010730839880351355
-0.0010591880972712344
-0.00108567418930916
-0.0010833410189685397
-0.0011022563699815508
-0.0011146920031227508
-0.001121962069361669
-0.0011492453289887858
-0.001148276525850943
-0.0011686885816540125
-0.0011813625581978972
-0.0011910217833851146
-0.0012304112325050088
-0.001222090222651696
-0.0012594160391788973
-0.0012435878272770507
-0.001254112487159406
-0.0012341390844369646
-0.0012128492977691568
-0.001201401806084417
-0.0011688526564799958
-0.001159891656322216
-0.001157511384345951
-0.0011448104918921876
-0.00118981900207407
-0.00118669564420408
-0.0012383929711154529
-0.0012352620829830549
-0.0012989081671836936
-0.0012188082179329363
-0.001160426829993915
-0.0010942139405181604
-0.001117258623939957
-0.0011213475223011222
-0.0012471499817004997
-0.0015027419556950584
-0.0015208787904442233
-0.0015487980592902681
-0.0015622225295652005
-0.0014903413511661132
-0.0013740147148942276
-0.0013630025198477728
-0.0014254006965153654
-0.0013414685080673993
-0.0014414161318237148
-0.0014405981340281243
-0.0013469036207251228
-0.0011129889086953363
-0.0011856242580999719
-0.0013085962782036524
-0.0012490222402244857
-0.0013859538457066146
-0.0011124725502714835
-0.0012897850414287028
-0.0011807989285868323
-0.0016087376057291245
-0.0016540763476910144
-0.000990090591692133
-0.0015127328922208418
-0.001931647700053095
-0.0017236164443028123
-0.001479644595279872
-0.00078310824625958
7.422411862521025e-05
0.0003890703380870971
0.0003559540621231918
-5.897361424025765e-05
-0.0011881819362310417
-0.00219261010461923
-4.288611833547847e-05
0.012927451466814687
0.02596480607084367
0.04649718090558377
0.07054629368032042
0.08348330007558745
0.10368134546989355
0.11448157795135187
0.10866730251316402
0.05546533791416551
0.00819875329901645
-0.04457563234270992
-0.08753569380558082
-0.09506253014430918
-0.07656798947327224
-0.05029657605923067
-0.039671499918082206
-0.03494150643160513
-0.030004343910717428
-0.028068535193482902
-0.014255465574118324
0.0065720558621693
0.0236953755979344
0.032496131855757227
0.023343432751930744
0.013037549471607988
0.014290580871647912
0.02232683835706934
0.029674595089028553
0.031042528438306093
0.02224156102787349
0.011956022874734254
0.0021103977618318922
-0.003892063012764806
-0.007902823948703553
-0.0077439514309314665
-0.008046698041271002
-0.01373080429906831
-0.0182056530310079
-0.02038199257635516
-0.019133262291775616
-0.017025625756055186
-0.011661689563232127
-0.0027744292514177344
0.004242038259460571
0.005441858414139287
0.004096835011926917
0.003812598809234907
0.003826675332919591
0.005310972671352568
0.006883378273667985
0.009898591260241878
0.009403925007267944
0.004448427383748425
-0.0019931572156973157
-0.004590748130228559
-0.0020085985973694173
0.0006921987858830691
0.0017551157354660498
-0.00012553982062781243
-0.004084666185865213
-0.008348889616092713
-0.009543539451757564
-0.006215618803374619
-0.0016485452216857765
0.00042032788289403394
-0.0011567212896557116
-0.0034857341236316716
-0.004239740012400938
-0.002460881969385831
0.0008013221635528947
0.003881990025170084
0.005180159536950581
0.004401109566074791
0.002257670428852553
0.000552569612305165
0.0005339296696393996
0.0013476756060799822
0.001154989943853069
-0.0001518136806161009
-0.0010429564125757078
-0.0016787204975976654
-0.002792300142519048
-0.003681921573106708
-0.0033345594390577857
-0.001981441455535911
-0.001026700598116635
-0.0006459432619559071
-7.23035477648019e-05
0.00018577236204929382
-0.0003068824602843812
-0.00041869478137990376
0.0007316314070210602
0.0025378767945935903
0.0035290536655896857
0.0033272195647978324
0.0021302612487056997
0.0008215157454979816
0.0005433538286906312
0.0008971176717630815
0.001437581231835092
0.0015443455369188066
0.0007857589711391966
-0.0004016209881283993
-0.001512654479256895
-0.0017967374790163753
-0.0009425865713927797
-5.0230059790863706e-05
0.0001514589339591895
-0.0002323282784319046
-0.0007070460423111081
-0.0009938743563297934
-0.0009890894835520967
-0.0003584235792955057
0.0005348751898540823
0.0010643709151870028
0.0011876323296243084
0.001075269310600925
0.0012591170259101383
0.0014698982319594333
0.0012114714469230654
0.0010269203422189192
0.001044453824387501
0.0006500337613006633
0.00018768338300837096
-0.00031765960429806523
-0.0005895439693733214
-0.000660457417908293
-0.0006266470010549471
-0.00047102893646801096
-0.0002929649882917151
-0.00016112533093477505
-0.0002611764767298367
-0.0003638519580631918
-0.00015131208100466632
0.0003530113557698904
0.0007371017155796871
0.0010684171113401904
0.0012336741832190638
0.0008441713990296185
0.0002619378929458924
-1.560960115888719e-05
0.0003887090193226881
0.0009888555384057322
0.0012088723083362994
0.0009330400109815637
0.0004803190160300823
0.00034342650234272143
0.00015980410261253982
-4.993311585939244e-07
1.3983380524372827e-05
0.00035880564838873096
0.00032112992872320367
-3.606611270329875e-05
-0.0003296546066608768
-0.0003140042724945551
4.866921925015478e-05
0.0002559109088249819
0.0003522685679953523
0.00028668511433156685
0.00024327082490450654
0.000346504674859638
0.0005880400229336971
0.0009735802263843128
0.0012300210121969544
0.0012859451688571905
0.0012627174535379342
0.0011295338864286586
0.0008612243224965629
0.0006099358614329742
0.0003662695587502827
0.0001298439488958708
2.0221479538078986e-05
-4.674849905285456e-05
-0.00011585130816322135
-0.00012159407060494356
-0.0001559191350837957
-0.00012846340819390234
-0.0001460781586117607
-0.00010790920787847181
-0.00011172458702720263
-7.375423252875433e-05
-6.930427060387627e-05
-3.96712165351839e-05
-3.561583129461102e-05
-1.3559413540189461e-05
-1.3759929456823696e-05
1.797245893329444e-06
-4.169838139746673e-07
9.619960908792847e-06
5.388587099100885e-06
1.2208880266122054e-05
5.948291484723814e-06
1.0000634513025698e-05
2.764637980695009e-06
5.520138617427664e-06
-8.663786911106705e-07
1.6004731247851569e-06
-3.734932303695157e-06
-1.3949266019434425e-06
-5.371818813183272e-06
-3.2945003961535897e-06
-6.157766676667914e-06
-4.315867935627139e-06
-6.37366820489322e-06
-4.7410465252500705e-06
-6.199349503307832e-06
-4.748823928548166e-06
-5.830138822854542e-06
-4.588800833358155e-06
-5.467666967774677e-06
-4.4361325782104775e-06
-5.182924650670788e-06
-4.35964161404922e-06
-5.000026802243055e-06
-4.3554486259815735e-06
-4.911595305379503e-06
-4.4240124510161265e-06
-4.899799438664391e-06
-4.538548957168246e-06
-4.938745152459036e-06
-4.675026712467082e-06
-5.0074430511224565e-06
-4.813315036055832e-06
-5.086361286939573e-06
-4.942279647537502e-06
-5.166292709737143e-06
-5.058818910108918e-06
-5.244567225348186e-06
-5.164562171421278e-06
-5.3195313125304245e-06
-5.261457226492022e-06
-5.392203902769566e-06
-5.352658984804034e-06
-5.464447342622527e-06
-5.440908095689657e-06
-5.537995790253544e-06
-5.528290312185104e-06
-5.61400495015444e-06
-5.616000061706576e-06
-5.693085837578583e-06
-5.70467470372869e-06
-5.775210944078656e-06
-5.7945579023569e-06
-5.860191192298499e-06
-5.885732985490638e-06
-5.947694220333159e-06
-5.978160637601002e-06
-6.037356437711184e-06
-6.071774543607491e-06
-6.12889520269506e-06
-6.166547968009613e-06
-6.222138633564124e-06
-6.262481830814805e-06
-6.316983385465464e-06
-6.359611465125967e-06
-6.4133946956622224e-06
-6.457990947222251e-06
-6.511369688769024e-06
-6.557685307045404e-06
-6.610922723692802e-06
-6.65876255776009e-06
-6.712075178394623e-06
-6.761287225222866e-06
-6.814847811827639e-06
-6.865313984414419e-06
-6.9192582119784705e-06
-6.970889548626189e-06
-7.025323132900125e-06
-7.078052994480104e-06
-7.133058923948065e-06
-7.18683787769318e-06
-7.242482356984402e-06
-7.297274323111828e-06
-7.35361166499522e-06
-7.409390848110925e-06
-7.466466610723285e-06
-7.523215366392257e-06
-7.5810686547164545e-06
-7.638776067331408e-06
-7.697440850108674e-06
-7.7561014858367e-06
-7.815607607640626e-06
-7.875220524271656e-06
-7.935594496030459e-06
-7.996162403701513e-06
-8.057428093786014e-06
-8.118956567523643e-06
-8.181135790039974e-06
-8.243632632916385e-06
-8.306745671059592e-06
-8.370220410989484e-06
-8.434286425224393e-06
-8.498749936582247e-06
-8.563787287022419e-06
-8.629251520736762e-06
-8.695278007688455e-06
-8.761755805728583e-06
-8.828788848818303e-06
-8.89629380695109e-06
-8.964350581071827e-06
-9.032896948068137e-06
-9.101994491738654e-06
-9.171597087681826e-06
-9.241752389525169e-06
-9.312426539172426e-06
-9.383656609356257e-06
-9.45541808708753e-06
-9.527740014230943e-06
-9.600604999661849e-06
-9.674035996231755e-06
-9.748021041113095e-06
-9.822578479192867e-06
-9.897700482939723e-06
-9.9734019212905e-06
-1.004967811348714e-05
-1.0126541318886042e-05
-1.0203989247787497e-05
-1.0282032212144323e-05
-1.0360669737234695e-05
-1.0439910691869897e-05
-1.0519755978861548e-05
-1.0600213406367353e-05
-1.0681284924568546e-05
-1.0762977569468831e-05
-1.084529409040361e-05
-1.092824096839174e-05
-1.101182156625015e-05
-1.1096041972765694e-05
-1.1180906025325251e-05
-1.1266419542681151e-05
-1.135258673322375e-05
-1.1439413237374492e-05
-1.152690355737257e-05
-1.1615063224257511e-05
-1.1703896976858951e-05
-1.1793410288503923e-05
-1.1883608092037629e-05
-1.1974495841749378e-05
-1.2066078633574508e-05
-1.215836193180068e-05
-1.225135097283886e-05
-1.2345051252592032e-05
-1.243946813178712e-05
-1.2534607153868901e-05
-1.2630473792522596e-05
-1.2727073650836002e-05
-1.2824412307693885e-05
-1.29224954348783e-05
-1.3021328711173077e-05
-1.3120917883759596e-05
-1.3221268727997646e-05
-1.3322387071822096e-05
-1.3424278785233341e-05
-1.352694978100583e-05
-1.3630406022883436e-05
-1.3734653511739353e-05
-1.3839698304809675e-05
-1.3945546493736999e-05
-1.4052204229620703e-05
-1.4159677697222692e-05
-1.4267973142231827e-05
-1.4377096844453343e-05
-1.4487055145189507e-05
-1.4597854421160975e-05
-1.4709501110501955e-05
-1.4822001688412595e-05
-1.4935362691187513e-05
-1.5049590694197383e-05
-1.5164692333393326e-05
-1.5280674285766656e-05
-1.5397543288485274e-05
-1.5515306121773997e-05
-1.5633969625555876e-05
-1.5753540684773778e-05
-1.5874026243816505e-05
-1.5995433293883342e-05
-1.6117768885501425e-05
-1.6241040117755075e-05
-1.6365254148923203e-05
-1.6490418187548066e-05
-1.6616539501367413e-05
-1.6743625410038684e-05
-1.6871683292489818e-05
-1.7000720581066746e-05
-1.7130744767725973e-05
-1.726176339924418e-05
-1.7393784082393726e-05
-1.7526814480032377e-05
-1.766086231554803e-05
-1.7795935369657734e-05
-1.793204148408875e-05
-1.80691885591569e-05
-1.8207384556968853e-05
-1.8346637499282344e-05
-1.8486955470261787e-05
-1.862834661494478e-05
-1.877081914151632e-05
-1.8914381320199458e-05
-1.905904148511925e-05
-1.920480803360887e-05
-1.9351689427730967e-05
-1.9499694193772857e-05
-1.9648830923675933e-05
-1.9799108274650996e-05
-1.9950534970513117e-05
-2.010311980148692e-05
-2.0256871625322012e-05
-2.0411799367287334e-05
-2.056791202106429e-05
-2.0725218648945326e-05
-2.088372838272414e-05
-2.104345042386221e-05
-2.120439404434282e-05
-2.1366568586939343e-05
-2.1529983465981697e-05
-2.169464816772541e-05
-2.186057225101449e-05
-2.2027765347778545e-05
-2.219623716366432e-05
-2.236599747847763e-05
-2.2537056146889944e-05
-2.270942309890776e-05
-2.2883108340521725e-05
-2.305812195420209e-05
-2.3234474099562263e-05
-2.3412175013874536e-05
-2.3591235012733515e-05
-2.3771664490630082e-05
-2.3953473921570254e-05
-2.4136673859640465e-05
-2.4321274939706784e-05
-2.4507287877908416e-05
-2.469472347234499e-05
-2.488359260367418e-05
-2.5073906235826204e-05
-2.526567541658387e-05
-2.5458911278196294e-05
-2.56536250381001e-05
-2.584982799948968e-05
-2.6047531552008765e-05
-2.624674717242035e-05
-2.6447486425229387e-05
-2.6649760963443634e-05
-2.685358252915357e-05
-2.7058962954277133e-05
-2.7265914161197645e-05
-2.7474448163489055e-05
-2.768457706665286e-05
-2.7896313068750088e-05
-2.810966846112555e-05
-2.8324655629136412e-05
-2.8541287052846428e-05
-2.8759575307758952e-05
-2.897953306557838e-05
-2.9201173094937005e-05
-2.94245082621418e-05
-2.964955153185846e-05
-2.987631596792974e-05
-3.0104814734077494e-05
-3.0335061094741286e-05
-3.0567068415810676e-05
-3.0800850165378624e-05
-3.103641991455031e-05
-3.127379133829053e-05
-3.1512978216044875e-05
-3.1753994432697896e-05
-3.1996853979292294e-05
-3.224157095391448e-05
-3.2488159562435426e-05
-3.2736634119393936e-05
-3.2987009048915535e-05
-3.323929888515557e-05
-3.349351827377258e-05
-3.374968197220383e-05
-3.400780485097118e-05
-3.426790189415169e-05
-3.452998820051295e-05
-3.4794078984333714e-05
-3.5060189576010956e-05
-3.5328335423365865e-05
-3.559853209232237e-05
-3.5870795267890163e-05
-3.614514075508574e-05
-3.6421584479730804e-05
-3.670014248953417e-05
-3.698083095485751e-05
-3.726366616966697e-05
-3.754866455266595e-05
-3.7835842648135126e-05
-3.8125217126884524e-05
-3.84168047872255e-05
-3.871062255589795e-05
-3.900668748910486e-05
-3.9305016773503326e-05
-3.9605627727186445e-05
-3.990853780075262e-05
-4.021376457820271e-05
-4.0521325778090364e-05
-4.083123925445269e-05
-4.11435229978357e-05
-4.145819513642528e-05
-4.177527393705335e-05
-4.209477780626539e-05
-4.241672529136144e-05
-4.27411350814969e-05
-4.306802600876277e-05
-4.339741704928683e-05
-4.372932732432051e-05
-4.406377610136503e-05
-4.440078279529105e-05
-4.47403669694419e-05
-4.508254833681508e-05
-4.542734676112091e-05
-4.577478225804496e-05
-4.612487499631307e-05
-4.647764529895279e-05
-4.6833113644347e-05
-4.719130066757615e-05
-4.7552227161549304e-05
-4.791591407814211e-05
-4.8282382529511725e-05
-4.865165378925215e-05
-4.902374929370047e-05
-4.939869064312513e-05
-4.977649960298883e-05
-5.0157198105249545e-05
-5.05408082495766e-05
-5.092735230468291e-05
-5.13168527095445e-05
-5.170933207478308e-05
-5.21048131839532e-05
-5.250331899490793e-05
-5.2904872641009685e-05
-5.33094974326017e-05
-5.3717216858277864e-05
-5.4128054586268307e-05
-5.454203446583891e-05
-5.4959180528657385e-05
-5.5379516990194076e-05
-5.580306825116264e-05
-5.6229858898826715e-05
-5.665991370853215e-05
-5.709325764510992e-05
-5.752991586432417e-05
-5.7969913714330055e-05
-5.8413276737131255e-05
-5.886003067009232e-05
-5.931020144744523e-05
-5.976381520174032e-05
-6.022089826540969e-05
-6.068147717227298e-05
-6.114557865911224e-05
-6.161322966714497e-05
-6.208445734366729e-05
-6.255928904358205e-05
-6.303775233107748e-05
-6.351987498110596e-05
-6.40056849810195e-05
-6.449521053229453e-05
-6.498848005201808e-05
-6.548552217466928e-05
-6.598636575367591e-05
-6.649103986318449e-05
-6.699957379971292e-05
-6.751199708379034e-05
-6.802833946179015e-05
-6.854863090748845e-05
-6.907290162417955e-05
-6.960118204584682e-05
-7.013350283941166e-05
-7.066989490614827e-05
-7.121038938380682e-05
-7.175501764822441e-05
-7.230381131517966e-05
-7.285680224246934e-05
-7.341402253140811e-05
-7.397550452879173e-05
-7.454128082886227e-05
-7.511138427508494e-05
-7.568584796217013e-05
-7.626470523792864e-05
-7.68479897052518e-05
-7.743573522402971e-05
-7.80279759130607e-05
-7.862474615212664e-05
-7.92260805838856e-05
-7.983201411596589e-05
-8.044258192307726e-05
-8.105781944889204e-05
-8.167776240811651e-05
-8.230244678867108e-05
-8.293190885364307e-05
-8.35661851435462e-05
-8.420531247828897e-05
-8.484932795945204e-05
-8.549826897234054e-05
-8.615217318821939e-05
-8.681107856646656e-05
-8.747502335671142e-05
-8.814404610121441e-05
-8.881818563696527e-05
-8.949748109796378e-05
-9.018197191752687e-05
-9.087169783062441e-05
-9.156669887608391e-05
-9.226701539892892e-05
-9.297268805274323e-05
-9.368375780205641e-05
-9.440026592469813e-05
-9.512225401420285e-05
-9.584976398224694e-05
-9.658283806100932e-05
-9.732151880571154e-05
-9.80658490970064e-05
-9.881587214347e-05
-9.957163148421183e-05
-0.00010033317099131993
-0.00010110053487242718
-0.00010187376767325655
-0.00010265291428024508
-0.00010343801992311038
-0.00010422913017745411
-0.00010502629096751094
-0.0001058295485687401
-0.0001066389496105372
-0.00010745454107889045
-0.00010827637031915471
-0.00010910448503877136
-0.00010993893331006464
-0.00011077976357304662
-0.00011162702463820168
-0.00011248076568931532
-0.00011334103628634642
-0.0001142078863682897
-0.00011508136625607593
-0.00011596152665549617
-0.00011684841866016516
-0.00011774209375446623
-0.00011864260381651527
-0.00011955000112122906
-0.00012046433834333092
-0.00012138566856039054
-0.0001223140452559215
-0.00012324952232250835
-0.00012419215406490663
-0.00012514199520322674
-0.00012609910087606636
-0.00012706352664372273
-0.00012803532849140061
-0.00012901456283254185
-0.00013000128651200512
-0.00013099555680943847
-0.00013199743144260822
-0.0001330069685706605
-0.0001340242267975568
-0.00013504926517547223
-0.00013608214320823394
-0.00013712292085470558
-0.00013817165853238019
-0.00013922841712084766
-0.0001402932579652808
-0.0001413662428800472
-0.00014244743415227096
-0.00014353689454554277
-0.00014463468730336752
-0.00014574087615300773
-0.00014685552530903275
-0.0001479786994772079
-0.0001491104638581492
-0.0001502508841511266
-0.00015140002655798259
-0.00015255795778684105
-0.00015372474505596424
-0.00015490045609772068
-0.00015608515916253353
-0.00015727892302282886
-0.00015848181697698566
-0.00015969391085341285
-0.0001609152750145736
-0.00016214598036105377
-0.00016338609833567777
-0.00016463570092771615
-0.00016589486067702033
-0.0001671636506782724
-0.00016844214458514817
-0.0001697304166146092
-0.00017102854155129588
-0.00017233659475174564
-0.0001736546521489366
-0.00017498279025651592
-0.00017632108617336413
-0.0001776696175879885
-0.0001790284627830664
-0.00018039770064004793
-0.0001817774106435993
-0.00018316767288641318
-0.00018456856807362538
-0.00018598017752769857
-0.00018740258319300358
-0.00018883586764067734
-0.00019028011407337762
-0.00019173540633008677
-0.0001932018288910305
-0.00019467946688250034
-0.00019616840608196952
-0.00019766873292273912
-0.00019918053449946045
-0.00020070389857265475
-0.0002022389135741654
-0.00020378566861221735
-0.00020534425347629756
-0.00020691475864288418
-0.00020849727527995983
-0.00021009189525345647
-0.0002116987111308195
-0.00021331781618872645
-0.00021494930441633869
-0.00021659327052188056
-0.00021824980993903034
-0.0002199190188291423
-0.00022160099409253108
-0.00022329583336653142
-0.0002250036350390734
-0.0002267244982481367
-0.00022845852288999277
-0.0002302058096274698
-0.00023196645988776774
-0.00023374057588187313
-0.00023552826059194905
-0.00023732961779886699
-0.00023914475206814184
-0.0002409737687682673
-0.0002428167740789321
-0.00024467387497765
-0.0002465451792819216
-0.00024843079560873233
-0.00025033083343025005
-0.00025224540303760157
-0.00025417461557357965
-0.00025611858303617875
-0.0002580774182596767
-0.0002600512349756733
-0.0002620401477402115
-0.0002640442720338615
-0.000266063724179101
-0.0002680986214112172
-0.00027014908186506054
-0.0002722152245483756
-0.0002742971694334016
-0.0002763950373412601
-0.00027850895008835164
-0.00028063903036329245
-0.0002827854018278458
-0.0002849481890896386
-0.00028712751767095344
-0.0002893235141265753
-0.0002915363058835958
-0.000293766021444713
-0.00029601279020712213
-0.0002982767426137693
-0.0003005580100935533
-0.00030285672504533367
-0.0003051730209481581
-0.00030750703223712366
-0.0003098588944019998
-0.0003122287438510114
-0.00031461671836582997
-0.0003170229560359078
-0.000319447596949758
-0.0003218907815594283
-0.0003243526513259298
-0.0003268333499401835
-0.0003293330205418536
-0.00033185180945727224
-0.0003343898619039701
-0.0003369473270073914
-0.0003395243519677981
-0.00034212108724045154
-0.00034473768448180036
-0.00034737429269815793
-0.0003500310691753753
-0.0003527081623915904
-0.00035540573306423956
-0.000358123933502868
-0.00036086292173515434
-0.0003636228604584548
-0.00036640390224600985
-0.00036920621776058177
-0.0003720299597046541
-0.0003748753020261261
-0.00037774240141885294
-0.000380631430111925
-0.000383542557915423
-0.00038647594282395525
-0.00038943177563007404
-0.00039241020261564555
-0.00039541142156517234
-0.0003984355863296989
-0.0004014828828326129
-0.00040455348834862086
-0.0004076475688864758
-0.000410765325288011
-0.0004139069111313592
-0.00041707254073883554
-0.0004202623672399378
-0.00042347659929976606
-0.00042671541514141477
-0.0004299789926124958
-0.0004332675480809919
-0.0004365812366677426
-0.00043992028645489486
-0.00044328486430543046
-0.00044667517821860237
-0.00045009143042992695
-0.000453533793991318
-0.0004570025049443358
-0.0004604977242996308
-0.00046401968746847096
-0.0004675685800492231
-0.0004711446093968244
-0.0004747480041311572
-0.00047837893238763336
-0.00048203767113105605
-0.00048572434636760234
-0.000489439279529362
-0.0004931825349085497
-0.0004969545938846938
-0.000500755079486277
-0.0005045857232203257
-0.0005084453370725415
-0.0005123352542197685
-0.000516257069555753
-0.0005202071063648142
-0.000524191105780318
-0.0005282037037919185
-0.0005322485689006281
-0.0005363222226625515
-0.0005404269336424766
-0.0005445621798557372
-0.0005487257586823456
-0.000552925270293836
-0.0005571505510088501
-0.0005614137993391919
-0.0005657040174611778
-0.0005700305166035865
-0.0005743915332149826
-0.0005787780357570541
-0.0005832111329172708
-0.0005876683919535132
-0.0005921677049944695
-0.0005966982962121131
-0.0006012667840902301
-0.000605868666172103
-0.0006105033483014131
-0.0006151829222823692
-0.0006198784020322334
-0.0006246322153776627
-0.0006294011110550193
-0.0006342240572751474
-0.0006390746655465518
-0.000643965184989187
-0.000648900464742138
-0.0006538645900841557
-0.000658874123978585
-0.0006639172990602208
-0.000669002090399197
-0.0006741251865128137
-0.0006792809745969968
-0.0006844898748308015
-0.0006897227701380612
-0.0006950052546481206
-0.0007003266050321227
-0.0007056741213419277
-0.0007110774759170784
-0.0007165054901397882
-0.0007219807861813875
-0.0007275098117990016
-0.0007330419090994661
-0.0007386888211956596
-0.0007442870254761923
-0.0007500418780210789
-0.0007557006677309922
-0.0007615750017727707
-0.0007672573181458442
-0.0007733106463474865
-0.0007789622487731282
-0.0007852585030055906
-0.0007908039654948224
-0.0007974462654764629
-0.0008028207741097024
-0.0008096839447970563
-0.0008161265913191738
-0.0008140597499530721
-0.0008205942232881642
-0.000809044000761671
-0.0008117577377115655
-0.0008095093398916469
-0.0008110578370057707
-0.0008115410335222464
-0.0008135757827796783
-0.000814981864640546
-0.0008170638591433535
-0.0008191800416928879
-0.0008207140230875182
-0.0008234594923964278
-0.0008233721343892113
-0.0008341435818634002
-0.0008477727392913262
-0.0008330250378151549
-0.000853055063487887
-0.0008480577622971726
-0.0008559859767779919
-0.0008538572308543976
-0.0008676873260578307
-0.0008675384218782226
-0.0008796403166266573
-0.0008925255659093406
-0.0008962954570564761
-0.0008989528483393794
-0.0009201973636054437
-0.000912935992635972
-0.0009343645801245383
-0.0009298434932175978
-0.0009453270642621507
-0.0009571268880962634
-0.0009430502668576744
-0.0009613563553127042
-0.0009663224277294947
-0.0009564592207199885
-0.0009724023597592935
-0.0009527465063328881
-0.0009729721936748444
-0.0009575336674181235
-0.0009822625831859197
-0.0009744968214488491
-0.0009965180810104716
-0.0009837392181146968
-0.0010187408869912907
-0.0010044249791280964
-0.001026155216701372
-0.0010136325444200657
-0.0010471490121261888
-0.0010318273502337642
-0.0010621177322601414
-0.001052113478465365
-0.0010778045963857213
-0.0010629979195330439
-0.0010853971690331164
-0.001061808884294685
-0.0010902862973484978
-0.0010583902445936485
-0.0010932034832938301
