-0.0007419748028307722
-0.0006736566090055861
-0.0005638896097395502
-0.0005855555791464398
-0.0003815853259553463
-0.0007121166450006879
-0.000288439188715699
-0.0005548843721968641
-0.00011663060732624696
-0.0004918705457297469
0.00017582317118212693
-0.0003355175946466443
0.0007062220981386893
-0.0007635899000955123
0.0010348087636550488
-0.001493896340369461
0.0020190362606607387
-0.0025284937288873317
0.003156136686293995
-0.005300197320009938
0.005242473314865995
-0.008150664624093574
0.00961775695910077
-0.012418334876326848
0.014951358243282791
-0.01996402935271887
0.025666347736597105
-0.0343184893374015
0.045231146942024666
-0.06647211344046178
0.10096135013613586
-0.18619956359686207
0.5612038291320238
0.8225539436732627
0.817134403830559
0.5533861353209264
-0.7081899419703686
-0.2680622674080395
-0.24222303540143392
-0.04024199066068273
-0.4232297049169438
0.0369104702668102
0.19571950549528772
-0.022321666047570955
-0.35817121942783137
-0.5576088746683229
-0.6876973671951888
-0.0894082817859923
0.06452971458952646
0.25386180428426935
0.055840216932482645
0.07561100170705679
-0.1471635356459659
-0.09362034734195265
0.09135162240852887
0.14052566762401694
0.36140573408349536
0.19312929423047287
-0.01857703898313469
-0.15923809051607088
0.010794051062226796
-0.02499414308902808
-0.04325675249282408
-0.06275236946442472
-0.016754620052006376
-0.0060666014433593
0.024429195332595223
-0.07412081985732522
-0.12812105871302915
-0.16716387640568647
-0.04832517686367849
0.05439456074356803
0.09330315725580539
0.05593471880012031
0.03148009545717978
0.016100623377951075
-0.07408416099511446
-0.04064104671306118
-0.024791286831819206
0.053182419139775984
0.07880872809202086
0.06603217749711376
0.0031135163377631744
-0.023423362336979895
-0.06469154834522312
-0.06699582113047309
-0.0015640901466094943
0.0681806218887711
0.0668868791613132
0.0360034542227876
-0.04837314047497813
-0.08700913016281903
-0.05745978505118363
-0.0014200673038652252
0.022825748947410466
0.018586695663882057
0.03173196137031925
-0.0077039061787919265
-0.009681539634716145
-0.010128049383329295
0.003435908871785098
0.019496630218545467
0.03991597497854737
0.04965437195387349
0.04785903652636113
0.030450539520218457
0.007702765908511235
-0.01249786859622695
-0.007710345961349907
0.003558940515156654
0.020786839078251997
0.028825266507094653
0.015045447225422321
-0.0012284033231094783
-0.014824166520141586
-0.012742848543667043
-0.009191156219037561
0.007023075952288309
0.02044924166139783
0.032800238259827544
0.02857492646435127
0.016761083963531154
0.0005463013656864364
2.172457380207897e-05
0.007785238899351976
0.030342295873315328
0.04232662829511437
0.03725020616376355
0.02400377018891247
0.0074953983433972944
0.0021302378575487686
0.004352206445529317
0.01584818256204209
0.022776430562037202
0.024306171435870178
0.020159836632784145
0.008300473703046003
0.002173782829705556
0.002383995926865991
0.002963923704512518
0.01138531025398874
0.016808928163929066
0.021724811361112706
0.018342803466072217
0.01547008153474953
0.00796902566670498
0.014159986244275675
0.011548819081003938
0.014081611399348305
0.01981820496008988
0.021929859590039038
0.02310693777168927
0.015233097834132911
0.013791817245916035
0.007796559460333156
0.013912282062422962
0.016455585024289544
0.018993278502823424
0.01622144827520757
0.014080572556096366
0.010951784270861145
0.010348180267403943
0.010197704238505453
0.011456261308422012
0.015307074426400976
0.012457799561527125
0.015541853536261804
0.01304871148673041
0.014644999795271497
0.012935600543687864
0.01376150424879489
0.012549467526792703
0.012992839642692934
0.012098940824197626
0.012310029171230384
0.011634062247927242
0.011692414219167028
0.011165896119832493
0.011125654895292174
0.010701262010181517
0.010599318806493273
0.010245566359797249
0.010106278377442473
0.009802398260562416
0.009641679033437578
0.009373867476723884
0.00920207694174954
0.008961084124958323
0.00878492560932172
0.008564509184735968
0.008388276217601225
0.008184186602166126
0.00801058732553657
0.007819896612137814
0.007650598445984253
0.007471256676292947
0.007307245556911565
0.0071377875319808305
0.006979604716041572
0.0068189562384518305
0.0066668543616780936
0.006514204115196988
0.006368249982968983
0.006222964748141006
0.006083106976303959
0.005944675461681147
0.0058107889245589215
0.005678784495719668
0.0055506994739316536
0.0054247553651008825
0.005302276602660852
0.00518206937607863
0.005064988485041267
0.0049502269424367955
0.004838330424243448
0.004728748124729369
0.00462182250571014
0.004517172671462509
0.004415007740584996
0.00431505974560318
0.004217450546377701
0.0041219874568440545
0.004028735463373262
0.003937552278491083
0.003848466039199746
0.0037613684004806844
0.0036762638364210946
0.0035930670519594803
0.0035117675327552902
0.003432295814977014
0.003354632093426976
0.0032787179430205987
0.003204528001554262
0.0031320116929482223
0.0030611405368546375
0.002991869675558069
0.002924169095787849
0.0028579982277661953
0.002793326548158892
0.0027301168079669445
0.002668338626502936
0.002607957415205228
0.002548943345423279
0.0024912640321987983
0.002434890448657526
0.002379792091873424
0.0023259408820229073
0.0022733079668257345
0.0022218662907067203
0.002171588481026618
0.002122448539553643
0.002074420442959015
0.00202747925514255
0.0019816001993818648
0.0019367593885719282
0.0018929332088804232
0.00185009879795653
0.0018082336343837335
0.0017673158496959804
0.0017273239538378813
0.0016882370376476033
0.0016500345882474515
0.001612696619383612
0.0015762035463283142
0.0015405362687486
0.001505676085035694
0.0014716047439811031
0.0014383043852708363
0.0014057575707021918
0.001373947242085758
0.00134285673908812
0.0013124697687451811
0.001282770414605274
0.0012537431140254435
0.001225372661688809
0.0011976441921580224
0.0011705431797882561
0.001144055424860115
0.0011181670512243006
0.0010928644949012786
0.0010681345003299586
0.0010439641106984368
0.0010203406633692803
0.0009972517814462638
0.0009746853687518874
0.0009526296023029549
0.0009310729270807494
0.0009100040491928495
0.0008894119305951909
0.0008692857827886924
0.0008496150615902413
0.000830389461264576
0.0008115989094039933
0.0007932335614256559
0.0007752837955973969
0.0007577402078463436
0.0007405936069548522
0.0007238350096460787
0.0007074556359580077
0.0006914469045779889
0.0006758004283990999
0.0006605080100838233
0.000645561637805811
0.0006309534810207834
0.0006166758863907057
0.0006027213737526049
0.000589082632215404
0.0005757525163197202
0.0005627240422993196
0.0005499903844197443
0.0005375448714053993
0.0005253809829402411
0.0005134923462537713
0.0005018727327843961
0.0004905160549140981
0.0004794163627784664
0.0004685678411494069
0.0004579648063866643
0.0004476017034672317
0.00043747310307057233
0.0004275736987325012
0.0004178983040647418
0.000408441850043587
0.0003991993823498144
0.0003901660587700079
0.00038133714666611224
0.00037270802049221277
0.0003642741593711026
0.00035603114472887486
0.00034797465797747787
0.000340100478251398
0.00033240448019730565
0.00032488263181366505
0.00031753099233573713
0.0003103457101747346
0.0003033230208976138
0.0002964592452546276
0.0002897507872535515
0.0002831941322728878
0.0002767858452221378
0.0002705225687413943
0.00026440102144644926
0.0002584179962036588
0.0002525703584519991
0.0002468550445623814
0.0002412690602307465
0.0002358094789103682
0.00023047344027835905
0.0002252581487359284
0.0002201608719450103
0.0002151789393970594
0.00021030974101285003
0.00020555072577716372
0.0002008994003991709
0.00019635332800769676
0.00019191012687498014
0.0001875674691683843
0.00018332307972980218
0.00017917473488730361
0.00017512026128508685
0.00017115753474887703
0.00016728447917070417
0.0001634990654226353
0.00015979931029237206
0.0001561832754448638
0.00015264906640749098
0.00014919483157601558
0.0001458187612462217
0.00014251908666595243
0.0001392940791059413
0.0001361420489554145
0.00013306134483797357
0.0001300503527443802
0.0001271074951896536
0.00012423123038498955
0.00012142005142928153
0.00011867248552018678
0.00011598709318476428
0.00011336246752109615
0.00011079723346444801
0.00010829004706603817
0.00010583959478851915
0.00010344459281785975
0.0001011037863913487
9.881594913983827e-05
9.657988244526818e-05
9.439441481187553e-05
9.225840125399293e-05
9.017072269456097e-05
8.813028537984265e-05
8.613602030794858e-05
8.418688266454127e-05
8.228185127981315e-05
8.041992809008707e-05
7.860013761713976e-05
7.682152645686825e-05
7.508316277953344e-05
7.33841358398317e-05
7.172355550343935e-05
7.010055177606236e-05
6.851427435367518e-05
6.696389217007541e-05
6.544859296646636e-05
6.396758286459714e-05
6.252008594884086e-05
6.110534386364469e-05
5.972261541219853e-05
5.837117617202726e-05
5.705031811070087e-05
5.575934921996919e-05
5.449759314880972e-05
5.3264388853399916e-05
5.205909024598443e-05
5.088106585957736e-05
4.972969851692929e-05
4.860438500641764e-05
4.75045357664957e-05
4.642957457652412e-05
4.537893825440819e-05
4.4352076363079595e-05
4.33484509191704e-05
4.2367536115233556e-05
4.1408818041138024e-05
4.0471794415644635e-05
3.955597432427245e-05
3.866087796032796e-05
3.778603637544903e-05
3.6930991231396565e-05
3.609529456290758e-05
3.5278508540377584e-05
3.448020524304384e-05
3.3699966432892796e-05
3.293738333559311e-05
3.219205642750482e-05
3.1463595224391714e-05
3.0751618079233496e-05
3.005575198047677e-05
2.937563235811953e-05
2.871090289164463e-05
2.8061215322904703e-05
2.742622927520786e-05
2.680561207349906e-05
2.6199038570803748e-05
2.560619097805581e-05
2.502675869700717e-05
2.4460438157721497e-05
2.3906932660079996e-05
2.3365952217333646e-05
2.2837213405251314e-05
2.2320439213232776e-05
2.1815358898173015e-05
2.1321707844149107e-05
2.0839227422624063e-05
2.0367664857773304e-05
1.990677309462313e-05
1.945631066711459e-05
1.901604157435871e-05
1.858573515539641e-05
1.8165165968375002e-05
1.7754113674183815e-05
1.735236291771497e-05
1.6959703219245406e-05
1.657592885991651e-05
1.6200838777909177e-05
1.5834236459812828e-05
1.5475929839966346e-05
1.5125731197112354e-05
1.4783457059796244e-05
1.4448928106824271e-05
1.4121969076061336e-05
1.3802408671263972e-05
1.3490079471364935e-05
1.3184817844281299e-05
1.2886463861206537e-05
1.2594861210902392e-05
1.230985712111915e-05
1.203130227432972e-05
1.1759050734292981e-05
1.1492959865906476e-05
1.1232890261605663e-05
1.0978705668851507e-05
1.0730272918091366e-05
1.0487461852753954e-05
1.0250145261930799e-05
1.0018198813771528e-05
9.791500988426405e-06
9.569933018468979e-06
9.353378821673822e-06
9.141724943942386e-06
8.934860496903271e-06
8.732677103120978e-06
8.535068836325148e-06
8.34193216772694e-06
8.153165911795046e-06
7.96867117344724e-06
7.788351291348333e-06
7.612111797370563e-06
7.439860355520911e-06
7.271506723194321e-06
7.106962699586494e-06
6.94614207549793e-06
6.788960598070465e-06
6.635335915123469e-06
6.485187547103366e-06
6.338436824793181e-06
6.195006866355213e-06
6.054822526684045e-06
5.917810363298415e-06
5.783898593492674e-06
5.6530170598808466e-06
5.525097191471165e-06
5.400071971077558e-06
5.277875895842114e-06
5.15844494798222e-06
5.041716554413794e-06
4.927629562470788e-06
4.816124198614435e-06
4.70714204507932e-06
4.600626005322669e-06
4.496520274297486e-06
4.394770310923134e-06
4.2953228065842775e-06
4.198125660813748e-06
4.103127949896485e-06
4.010279904586092e-06
3.919532879891052e-06
3.830839334037842e-06
3.7441527987083344e-06
3.6594278586682405e-06
3.576620125494718e-06
3.495686215445855e-06
3.4165837266993647e-06
3.3392712166890708e-06
3.263708179898281e-06
3.189855029512266e-06
3.1176730718035506e-06
3.04712449192366e-06
2.9781723273822336e-06
2.9107804537138737e-06
2.8449135641948897e-06
2.7805371499607656e-06
2.7176174838897116e-06
2.656121601739281e-06
2.596017285236285e-06
2.537273045499777e-06
2.479858106196886e-06
2.4237423868200825e-06
2.36889648749794e-06
2.3152916739654916e-06
2.2628998615492613e-06
2.211693603135223e-06
2.161646070959408e-06
2.1127310445706593e-06
2.0649228967741656e-06
2.0181965802168467e-06
1.972527615108112e-06
1.9278920745102734e-06
1.8842665733820319e-06
1.8416282566990905e-06
1.799954785098451e-06
1.759224326439851e-06
1.7194155411265344e-06
1.6805075729806052e-06
1.64248003737405e-06
1.6053130116322478e-06
1.5689870233141778e-06
1.5334830419690137e-06
1.4987824659279392e-06
1.4648671154970927e-06
1.431719222122485e-06
1.399321418949634e-06
1.3676567327952638e-06
1.33670857439816e-06
1.3064607289666602e-06
1.2768973503083508e-06
1.2480029492611955e-06
1.2197623883210967e-06
1.1921608721590302e-06
1.16518393963351e-06
1.138817457176089e-06
1.1130476113077603e-06
1.0878609002507034e-06
1.0632441297675488e-06
1.0391844022517027e-06
1.015669113375861e-06
9.92685942571847e-07
9.702228486105358e-07
9.482680628425041e-07
9.268100825132741e-07
9.058376669191653e-07
8.853398269928828e-07
8.653058256036239e-07
8.45725165250083e-07
8.265875891290408e-07
8.078830689630268e-07
7.896018039054917e-07
7.717342195533161e-07
7.542709519400836e-07
7.372028569035873e-07
7.20520986569051e-07
7.042166051580978e-07
6.882811688750656e-07
6.727063294638402e-07
6.574839261780374e-07
6.426059841330156e-07
6.28064708777258e-07
6.138524834458162e-07
5.999618602828272e-07
5.863855643013088e-07
5.731164788068746e-07
5.601476549973138e-07
5.474722965573796e-07
5.350837642020302e-07
5.229755669529379e-07
5.111413615421778e-07
4.995749480866951e-07
4.882702655337884e-07
4.772213927370719e-07
4.664225398212391e-07
4.5586805033810684e-07
4.455523939892337e-07
4.354701666657102e-07
4.2561608543361523e-07
4.159849889091502e-07
4.065718307989623e-07
3.9737167946798154e-07
3.8837971425226617e-07
3.7959122457884714e-07
3.71001605891947e-07
3.626063580853319e-07
3.54401083977815e-07
3.4638148342647224e-07
3.385433549303943e-07
3.3088259256998376e-07
3.2339518244871215e-07
3.160772015688021e-07
3.08924816631341e-07
3.0193427981006077e-07
2.9510192958194514e-07
2.884241856286607e-07
2.8189755004078e-07
2.7551860305686723e-07
2.692840024937299e-07
2.6319048225249657e-07
2.5723484949578823e-07
2.514139842502497e-07
2.4572483790265276e-07
2.401644288831453e-07
2.347298438997239e-07
2.294182360945479e-07
2.2422682185909565e-07
2.1915288260705192e-07
2.1419375940317023e-07
2.0934685445936352e-07
2.0460962787786918e-07
1.9997959790560293e-07
1.954543393327922e-07
1.9103148136360298e-07
1.8670870602409753e-07
1.824837495630234e-07
1.7835439735085917e-07
1.7431848686570717e-07
1.7037390328926427e-07
1.6651858050168583e-07
1.6275049795040977e-07
1.5906768199196522e-07
1.5546820243857173e-07
1.5195017440041564e-07
1.4851175439076214e-07
1.4515114140148389e-07
1.4186657398568975e-07
1.3865633180292977e-07
1.3551873282672405e-07
1.3245213345775345e-07
1.2945492722108223e-07
1.2652554340266547e-07
1.2366244761703726e-07
1.2086413901787538e-07
1.1812915280771247e-07
1.1545605543101731e-07
1.128434468453815e-07
1.1028995733439878e-07
1.0779424989421083e-07
1.0535501654331675e-07
1.029709795694056e-07
1.0064089044515417e-07
9.836352786018326e-08
9.613769877620318e-08
9.396223689091612e-08
9.183600331846148e-08
8.975788342744859e-08
8.772678760683716e-08
8.574165308306014e-08
8.380143861220352e-08
8.190512961782359e-08
8.005173105819774e-08
7.8240272259264e-08
7.646980458835689e-08
7.473940034051496e-08
7.304815250299204e-08
7.1395174818141e-08
6.977960139526937e-08
6.820058693008182e-08
6.66573029333914e-08
6.514894198032459e-08
6.367471256534842e-08
6.22338429726553e-08
6.08255784082315e-08
5.94491806728617e-08
5.810392844987633e-08
5.6789118040457415e-08
5.5504059957509067e-08
5.424808081954183e-08
5.302052284001345e-08
5.182074253994723e-08
5.0648112114460436e-08
4.950201646508612e-08
4.838185515307174e-08
4.728704116815918e-08
4.6217001678852676e-08
4.517117606307394e-08
4.414901642098984e-08
4.314998663696064e-08
4.2173563887665244e-08
4.121923513492401e-08
4.028650222405103e-08
3.9374875702167036e-08
3.848387863719313e-08
3.761304365190732e-08
3.676191478898909e-08
3.5930045639903305e-08
3.5117000834160306e-08
3.432235412157911e-08
3.354568919096846e-08
3.2786599543600456e-08
3.204468696285916e-08
3.1319562946580115e-08
3.0610847946699327e-08
2.991817015310372e-08
2.9241166477761427e-08
2.8579482384827326e-08
2.7932770698020637e-08
2.7300693707446588e-08
2.6682919584681934e-08
2.607912493596265e-08
2.5488992714552648e-08
2.4912213899414004e-08
2.4348486656901834e-08
2.379751538016117e-08
2.3259011355802883e-08
2.2732692561699963e-08
2.2218283105479228e-08
2.1715514008074227e-08
2.122412111078137e-08
2.074384691710257e-08
2.0274439974966862e-08
1.9815654059025106e-08
1.9367248794499928e-08
1.8928988991702422e-08
1.850064589546674e-08
1.8081993296767407e-08
1.7672813565003387e-08
1.7272890398968132e-08
1.688201520461466e-08
1.6499982720408202e-08
1.6126592951326048e-08
1.5761650460060367e-08
1.540496390650334e-08
1.5056346459960818e-08
1.4715615600418078e-08
1.4382592443407116e-08
1.4057103009390559e-08
1.373897677136443e-08
1.3428045941669964e-08
1.3124147808882963e-08
1.2827121986108692e-08
1.2536812530813957e-08
1.2253063169350223e-08
1.1975721197479347e-08
1.1704638246904514e-08
1.1439666560385253e-08
1.1180666970381226e-08
1.0927497022267946e-08
1.068001593911537e-08
1.0438093815939159e-08
1.0201598582386395e-08
9.970405737136367e-09
9.74439122057233e-09
9.523440232380928e-09
9.307445216237206e-09
9.096294733071386e-09
8.889895635605383e-09
8.688143528830933e-09
8.490945890187243e-09
8.298216777787026e-09
8.109859585096746e-09
7.925798176187243e-09
7.745942997260113e-09
7.570207080339134e-09
7.3985219762717075e-09
7.230778559241813e-09
7.066923268794767e-09
6.906844252779765e-09
6.750484581041771e-09
6.5977428242991465e-09
6.448553778633237e-09
6.3028125548564295e-09
6.160477630410763e-09
6.021420133339728e-09
5.885639157900829e-09
5.752986250578962e-09
5.623496365835326e-09
5.497016673447486e-09
5.373618442577888e-09
5.2531334421290765e-09
5.135687776739936e-09
5.021082392312609e-09
4.909490641281933e-09
4.800699465127428e-09
4.694880555503045e-09
4.591824113216875e-09
4.491687770205935e-09
4.394213917215117e-09
4.299597984071257e-09
4.20745691932789e-09
4.118059150626241e-09
4.030909601113533e-09
3.9462876130942626e-09
3.86371201265695e-09
3.783367407989707e-09
3.704840114814728e-09
3.6282976098415964e-09
3.553149329448002e-09
3.4804638112534425e-09
3.410509467286632e-09
3.342331585109992e-09
3.2794164805602377e-09
3.2207846945020435e-09
3.169730128111531e-09
3.129971124296582e-09
3.100807454119864e-09
3.0902089598154603e-09
3.090617413901986e-09
3.1114416399261047e-09
3.1506209559675757e-09
3.1993908694225026e-09
3.2726815701877854e-09
3.3447347088169654e-09
3.425044730904353e-09
3.507707866355625e-09
3.5680173290746076e-09
3.6415107318443773e-09
3.668741637308931e-09
3.696895205327483e-09
3.682213559671327e-09
3.645368564734325e-09
3.5764379990518846e-09
3.492904857276685e-09
3.364185267168418e-09
3.2541249122414184e-09
3.0717674137821505e-09
2.9415481339785388e-09
2.725336482531371e-09
2.576948364765852e-09
2.344790302026556e-09
2.197354026164944e-09
1.9408332623330193e-09
1.8168978257668278e-09
1.5459924763983057e-09
1.4148916526249278e-09
1.1485133443248086e-09
9.565059204755255e-10
6.407405925279441e-10
3.6170510510358245e-10
-1.1909831801326654e-10
-5.274853869668972e-10
-1.2275750242707328e-09
-1.8611905237483906e-09
-2.7561629133490695e-09
-3.6906310100018325e-09
-4.776023574890043e-09
-5.970117078653303e-09
-7.237173938259844e-09
-8.519231141715378e-09
-9.906162584671918e-09
-1.1117236443924927e-08
-1.2478705666875423e-08
-1.3461169725767497e-08
-1.466091093665911e-08
-1.5361701738783595e-08
-1.6215740444858184e-08
-1.676823650417769e-08
-1.7172682252770965e-08
-1.7573873992322853e-08
-1.7516314100574082e-08
-1.78366885419598e-08
-1.6828724649919913e-08
-3.1876924609479385e-08
-3.154332560125275e-08
-4.277518737263661e-08
-7.12305261024726e-08
-8.336618192300582e-08
-1.4376684128597494e-07
-1.7560596070505252e-07
-2.4362609739227853e-07
-2.8230472188736644e-07
-3.197110720592339e-07
-3.730996696214243e-07
-3.886143071490239e-07
-4.0371798527318037e-07
-4.3527454620696793e-07
-3.5730582773063624e-07
-4.029726517161547e-07
-2.7948421693624326e-07
-3.148607365804912e-07
-1.946948032091264e-07
-2.0951096128731667e-07
-4.568389926767891e-08
-1.1200135257780075e-07
7.143955453765838e-08
-3.6938674775194302e-09
6.957174683835249e-08
9.824475257196735e-08
6.611535698260174e-08
1.375203444679146e-07
1.5495952945983327e-07
1.6121770445194639e-07
1.9990833469499258e-07
2.1414528111884934e-07
1.7056963684709825e-07
2.6254976685270714e-07
2.0975843644747277e-07
3.44747421514649e-07
4.4650944561012984e-07
5.81507271023296e-07
9.250165894439388e-07
9.839960752773547e-07
1.6256904157487678e-06
1.565478400361673e-06
2.3491905192414564e-06
2.251161385024257e-06
2.931460263351591e-06
2.980088070592135e-06
3.3958877918432995e-06
3.5484480120830802e-06
3.6295990509550022e-06
3.7656145147058062e-06
3.3641871390521425e-06
3.9853109822457836e-06
2.7253102412119236e-06
3.965196101522045e-06
1.9661843416868274e-06
4.067395639514165e-06
9.149774575639702e-07
4.661877805320282e-06
-3.4362746179972866e-07
5.497853204552289e-06
-2.3029490661737734e-06
8.473939175860506e-06
-1.1974225416707535e-05
5.79611748724642e-05
0.00011960868336820772
-0.00010195964332216506
0.0002409351941618787
6.3855341855406644e-06
0.0002753275646607267
0.0001689261717389215
0.0002226982656605911
5.213032370582349e-05
0.00010959109492199304
-3.091543902260241e-05
-6.931263221260191e-05
0.0001293169693236812
-0.00023567716726084764
0.0001713849119430247
-0.00023658049051679397
-2.07065980870752e-06
-9.960459747030553e-05
-0.00013948360399869669
-3.5464879944227534e-07
-0.00020838194786346187
3.405238488754514e-05
-0.00010506355610230512
0.0001156992108775623
-0.00013426961537921223
0.00018059562680275074
-0.0001464980905509436
6.99377773936416e-05
-0.00020359580362060842
5.34096518768674e-05
-7.376440990368091e-05
-5.91608608530754e-05
4.199281127575949e-05
-0.00021588979582654044
-0.00023909916055120384
-0.0005438100149557923
-0.000609924023576347
-0.0007576798446734534
-0.0008469617679708746
-0.0009429664123093359
-0.0010482649334935257
-0.000951776657817982
-0.0008083442694732934
-0.0009442055336867684
-0.000339841212907005
-0.0008311310749803402
-0.0003502821701243386
-0.0003379347797295984
-0.00022914467402589123
-7.270057269803676e-06
-5.0045250124121365e-05
3.8813359701135586e-05
-6.530853079997345e-05
-0.00012424657486428958
-0.0002526695948525601
-7.042823417791055e-07
-0.00047684341040166167
0.00017032699353983216
-0.0003337727488464271
0.00016782784532606843
-0.0003646904811169284
-0.00036553490757875763
-0.000660914865722572
-0.0007607469696413773
0.00021355950840175688
0.0002381753185930523
0.0002156737651687067
0.00020347661440317554
0.00018110334206845945
0.00016492901723256706
0.00014107572328163516
0.00012196995541652882
0.00010227134932476461
8.953013330139685e-05
7.489639347737463e-05
7.329125410758004e-05
6.941825279680846e-05
8.079275826253208e-05
8.288534916924787e-05
0.00010831241967069628
0.00011855667912021744
0.00014588367361054888
0.00016418269229953375
0.00018632309810354
0.00019400012936887856
0.00020522630052741895
0.00019961880205114597
0.00020264787854604914
0.00019204549733433125
0.00019047630379339837
0.00018793478034568017
0.00018543648457872928
0.0001836943302848037
0.0001795827642006231
0.00017714527607015212
0.0001821329008722128
0.00019592525416279246
0.000323850544501782
0.0004145383451745582
0.0004773808921940047
0.00034058587044894444
0.00018095822856235196
0.0001861130107348405
0.0001319794847537592
0.00017620279611872236
0.00018085326322429514
0.00026147721896009894
0.0002948801322116816
0.00033576839847689093
0.0003587403803080926
0.00017937233194383905
0.0002522990630179449
0.00034276925466172474
0.0004934206832138589
0.00046922652498086477
0.0005341184056650725
0.0006066809153298115
0.0003605009624200184
0.00033958389094352525
0.0004655623964454534
0.0011015741346279565
0.0005375978246256984
0.0008266682798539384
0.0005794833515199323
0.0008196385311349698
-0.00045593328754654576
0.0005536216035301388
-0.0013087655595647894
0.010584994607788091
0.04256300923191483
0.05490330890425068
0.05544773343529251
0.047806078283704305
0.04604138385946991
0.04055823944470022
0.031094025461474332
0.021248075393375067
0.00750704407489541
-0.013459007411997992
-0.0355140837579782
-0.03757279587168512
-0.025527088071698983
-0.020018767750286562
-0.012959991178280264
-0.006116069337541894
-0.008733375978249986
-0.01500193591015482
-0.004154150661325056
0.016757631242458305
0.030778415519827615
0.0328192814242625
0.0295582782949025
0.024759576892714193
0.012458148462562334
0.004088733459611057
0.0006914844437900481
-0.005530794256438742
-0.012564910926460553
-0.01845773106616248
-0.02235574876940196
-0.02272273992178835
-0.024629334627020005
-0.025469584517480763
-0.023795768638800632
-0.01890244981206548
-0.008553441076202095
-0.0030990652827111278
-0.00314698190108221
-0.0021789331746000654
-0.0005506759865920298
0.0025006257074207633
0.005142145275711422
0.007419622383971123
0.009033295379133438
0.005116454533301172
-0.0012256272118895285
-0.004663654060323022
-0.004381936522222927
-0.0031305533338789066
-0.0025167959305307094
-0.004028319543290665
-0.007532774226068262
-0.010741554834365508
-0.011695737078185414
-0.010542907059904596
-0.0076337476122142435
-0.0054837110496396
-0.005295591149627368
-0.006217812625449529
-0.006627316688285619
-0.006148341278699983
-0.0047553794141000525
-0.0032183846406730193
-0.0018080620626565388
-0.0002969784371792054
0.0007331062195171233
0.0006130227927196154
-0.00023147903492383779
0.00039910081067869377
0.0012089828364234645
0.0015139610654591247
0.0011649141689319838
7.186187836398174e-05
-0.0019488840945016427
-0.004077668102446131
-0.00487299564410682
-0.0038857967618055184
-0.0024238572034024474
-0.0020069026273043544
-0.0024930781696235627
-0.0032182738353152473
-0.0034415221332342945
-0.002731829296120791
-0.0013978726033256332
-0.0006255528817217749
-0.000262513970713654
-0.0006899421730074673
-0.0014970671503105942
-0.0020548202537688433
-0.0015932065787294552
-0.0005509471463477232
-0.0004932531376175924
-0.0010289791930805055
-0.0010194214360594704
-0.0008413856391416852
-0.001009946019726642
-0.0011106492227993723
-0.0003363973646438492
0.00047044270474892497
0.0005737603290852258
0.0005593536631122799
0.0004187421152171206
0.00024505035439317384
7.478798744991989e-05
0.0002815001041199712
0.0007204177347957092
0.000784416382234455
0.0005755739269743116
6.763781983474561e-05
-0.0005666878210944676
-0.0010009617588406829
-0.0012036737393574708
-0.0007699608192542273
6.615432157308361e-05
0.00047736571269349005
3.5213085990489716e-05
-0.00038757589561711186
-0.00038061053217327884
-1.765049349942429e-05
0.0005398896677721924
0.0007065358227111865
0.00043651168412897515
-7.090850220232232e-05
-0.0003821391577832694
-0.0005098099619569342
-0.0004322508985781607
-1.8837112557257144e-05
0.0002962757523529403
7.853220040009157e-06
-0.0004965428815629563
-0.000960397217989027
-0.001059829656783705
-0.0008959025910668162
-0.00020899845122066669
0.0002891993147942409
0.0002089802768087117
3.8610773471624976e-05
-0.00023740283246474758
-1.7282978392612778e-05
0.00039123935842619393
0.000518534838959631
0.00025413926121611776
-8.17914631897292e-05
-0.00022019676112965114
-0.00033847668806247894
-0.00017983366058317088
7.579259569790765e-05
0.00033933805167780896
0.00041206576453274146
0.00019969961276856507
2.4099039465317164e-05
-6.575646844153636e-06
0.00022280625215726914
0.0005992741446766534
0.00067369896051917
0.00034302967083641117
-9.446226774735122e-05
-0.00033051730738036943
-0.00021340360185651163
5.8151852572473624e-05
0.0001690441828026458
0.00024498259212429337
0.0003673297189274526
0.0003820206907576417
0.00020074117061518972
5.636832174391604e-05
-3.0621202669820275e-05
-1.0357900927383707e-05
7.008582334126304e-05
0.00010188979763782409
6.370049251880818e-05
-2.394861500377815e-05
-0.00011795580859091881
-0.0002392932884067981
-0.00029012082732947917
-0.0002664248198979776
-0.000132216697993384
6.609964335512188e-05
0.0002359008802616203
0.0002824168962665437
0.00029306092170503515
0.00024297206542716276
0.0002805802323495911
0.00022650305946566576
0.0002537387924288156
0.00021912716243557641
0.00023474162797144075
0.00021215071475058379
0.000220857569647858
0.0002047296979847625
0.000209142216313728
0.00019704206634267726
0.00019859639155397283
0.00018922729851077733
0.00018891459475287985
0.0001814211058042612
0.0001799326395532072
0.00017373651720514126
0.00017153155113142814
0.00016624751487904972
0.00016362509111110697
0.00015899663358708206
0.00015615095171944964
0.0001520063361719297
0.00014906315086040582
0.00014528666902113139
0.00014232676579389392
0.00013883984433955073
0.00013591441974163045
0.00013266311183089403
0.00012980392300613762
0.0001267506307551073
0.00012397669442583062
0.0001210946994148556
0.00011841670976471143
0.00011568655957833288
0.00011310980038195276
0.00011051691994776296
0.00010804318310917131
0.00010557629440026656
0.0001032051428056307
0.00010085521825004953
9.858481595390915e-05
9.634438428822318e-05
9.417204125351805e-05
9.2034726165277e-05
8.99572547330863e-05
8.791746730271049e-05
8.59314145287648e-05
8.398414732591392e-05
8.208594551286714e-05
8.022663392202948e-05
7.841269728120148e-05
7.663712532658012e-05
7.490391120197466e-05
7.320814686378743e-05
7.155219368027925e-05
6.993254379028066e-05
6.835049374815944e-05
6.680347191642443e-05
6.529208372263436e-05
6.38143869691139e-05
6.237054209277787e-05
6.095903332293333e-05
5.957973807253268e-05
5.823143250448545e-05
5.691381743873945e-05
5.562587172820299e-05
5.436718939472317e-05
5.313689262674841e-05
5.1934514280749654e-05
5.075928027534233e-05
4.9610692005180095e-05
4.848805256853698e-05
4.739085110593569e-05
4.631844998035598e-05
4.527033837587683e-05
4.424592572259932e-05
4.3244709001581845e-05
4.226613630320007e-05
4.130971717577082e-05
4.037493248099989e-05
3.94613071511156e-05
3.856835060757325e-05
3.769560470858347e-05
3.684260434532339e-05
3.600890901683438e-05
3.5194076748280585e-05
3.439768486198215e-05
3.3619312692416154e-05
3.2858555229102254e-05
3.2115011641257064e-05
3.1388294218495844e-05
3.0678020733208167e-05
2.9983820280472698e-05
2.9305328176419936e-05
2.8642189754121434e-05
2.799405693859245e-05
2.7360590695991614e-05
2.6741458718066292e-05
2.6136336985247197e-05
2.5544908185299626e-05
2.49668626937187e-05
2.4401897480113405e-05
2.3849716706299392e-05
2.33100309562776e-05
2.2782557584253562e-05
2.2267020160680277e-05
2.1763148657179612e-05
2.1270679037113964e-05
2.0789353334876555e-05
2.031891934415605e-05
1.9859130629362037e-05
1.9409746279579952e-05
1.8970530877411248e-05
1.854125429856735e-05
1.8121691653778127e-05
1.7711623120107467e-05
1.7310833867312367e-05
1.6919113911707275e-05
1.65362580332129e-05
1.6162065645718257e-05
1.579634071011333e-05
1.5438891616920266e-05
1.5089531097721524e-05
1.4748076117467447e-05
1.4414347786456373e-05
1.4088171260164732e-05
1.3769375652832364e-05
1.3457793943736306e-05
1.3153262893134576e-05
1.285562295393587e-05
1.2564718190390578e-05
1.228039619451842e-05
1.200250800776129e-05
1.1730908041801633e-05
1.1465454003255291e-05
1.1206006818222244e-05
1.0952430560096202e-05
1.0704592377899281e-05
1.0462362427108326e-05
1.022561380121121e-05
9.994222465559523e-06
9.768067192145286e-06
9.547029496240298e-06
9.330993574185105e-06
9.119846242809312e-06
8.913476880127063e-06
8.71177736743588e-06
8.514642032557212e-06
8.321967594558666e-06
8.133653109576198e-06
7.949599917947284e-06
7.769711592539043e-06
7.593893888274564e-06
7.422054692705102e-06
7.254103977759503e-06
7.089953752559622e-06
6.929518017332074e-06
6.7727127183550865e-06
6.619455703926741e-06
6.469666681340906e-06
6.323267174794712e-06
6.180180484276394e-06
6.040331645397034e-06
5.903647390102058e-06
5.770056108303707e-06
5.639487810339707e-06
5.511874090295948e-06
5.387148090213684e-06
5.265244465034111e-06
5.146099348363013e-06
5.029650319019266e-06
4.915836368312582e-06
4.804597868111535e-06
4.6958765395552216e-06
4.589615422551617e-06
4.485758845968629e-06
4.384252398447375e-06
4.285042899854923e-06
4.188078373432982e-06
4.09330801858258e-06
4.000682184275095e-06
3.91015234300603e-06
3.821671065405057e-06
3.7351919953457734e-06
3.6506698256567535e-06
3.5680602744369346e-06
3.4873200617885304e-06
3.4084068872131503e-06
3.3312794073842456e-06
3.2558972145456822e-06
3.1822208152940124e-06
3.1102116098886447e-06
3.039831872049363e-06
2.9710447292054156e-06
2.903814143195415e-06
2.8381048913046422e-06
2.7738825478550774e-06
2.711113466186176e-06
2.6497647610391854e-06
2.5898042912697594e-06
2.531200643045642e-06
2.473923113434015e-06
2.417941694194195e-06
2.363227056144737e-06
2.309750533783378e-06
2.2574841102955545e-06
2.2064004028977263e-06
2.156472648326413e-06
2.107674689009846e-06
2.059980959250897e-06
2.0133664718671035e-06
1.967806805095243e-06
1.923278089840247e-06
1.879756997152232e-06
1.837220725920373e-06
1.7956469909909123e-06
1.7550140115217463e-06
1.7153004995395377e-06
1.6764856487832755e-06
1.6385491238154158e-06
1.6014710493431408e-06
1.5652319998215106e-06
1.529812989287116e-06
1.4951954614133428e-06
1.4613612797633943e-06
1.4282927183013536e-06
1.3959724521276761e-06
1.364383548361673e-06
1.3335094572832808e-06
1.3033340036921331e-06
1.2738413784170108e-06
1.2450161300091994e-06
1.2168431566539164e-06
1.1893076982715981e-06
1.1623953287919056e-06
1.1360919485803387e-06
1.1103837770728054e-06
1.0852573455359272e-06
1.0606994900050114e-06
1.0366973443972973e-06
1.0132383337535323e-06
9.903101676873823e-07
9.679008339339805e-07
9.459985920570654e-07
9.24591967279347e-07
9.036697444705843e-07
8.832209622812868e-07
8.632349074276891e-07
8.437011090435212e-07
8.246093331848654e-07
8.059495775038846e-07
7.877120660054477e-07
7.698872439001542e-07
7.524657725847017e-07
7.354385247936523e-07
7.18796579804413e-07
7.025312187449308e-07
6.86633920045078e-07
6.710963549684318e-07
6.559103832626039e-07
6.410680488484397e-07
6.265615756935168e-07
6.123833637321306e-07
5.985259848777062e-07
5.849821791067966e-07
5.717448507097482e-07
5.588070645419366e-07
5.461620423799799e-07
5.338031593921187e-07
5.217239406432356e-07
5.099180577206698e-07
4.983793254081009e-07
4.871016984764874e-07
4.7607926846623505e-07
4.653062606132407e-07
4.5477703084975804e-07
4.4448606283250484e-07
4.344279650096792e-07
4.245974678911959e-07
4.149894211578377e-07
4.055987910353987e-07
3.9642065773108854e-07
3.8745021273175464e-07
3.786827564327593e-07
3.7011369539925775e-07
3.6173854025411825e-07
3.5355290315324884e-07
3.4555249558222744e-07
3.377331260372206e-07
3.3009069786189165e-07
3.226212071847333e-07
3.1532074064022353e-07
3.081854734009583e-07
3.0121166724435613e-07
2.9439566856358105e-07
2.8773390639994585e-07
2.81222890575352e-07
2.7485920996363916e-07
2.6863953055872357e-07
2.6256059377114337e-07
2.566192147721957e-07
2.508122808846436e-07
2.451367498263863e-07
2.3958964810303005e-07
2.3416806954843977e-07
2.2886917374202323e-07
2.2369018453569417e-07
2.1862838859176175e-07
2.1368113400136682e-07
2.0884582888328111e-07
2.0411993995791538e-07
1.995009912733344e-07
1.949865629360324e-07
1.9057428978416758e-07
1.862618602161022e-07
1.8204701489899226e-07
1.7792754561364815e-07
1.739012941467984e-07
1.6996615111029194e-07
1.6612005487166815e-07
1.6236099040716585e-07
1.58686988299602e-07
1.5509612374042456e-07
1.5158651541733468e-07
1.4815632460026353e-07
1.4480375420285988e-07
1.4152704780231702e-07
1.3832448871021162e-07
1.3519439904380315e-07
1.3213513891906226e-07
1.291451055870224e-07
1.2622273252126115e-07
1.2336648866004274e-07
1.2057487761008012e-07
1.1784643682254126e-07
1.1517973684017913e-07
1.1257338053839022e-07
1.100260024144116e-07
1.0753626789386517e-07
1.0510287258742868e-07
1.027245416021505e-07
1.0040002892952593e-07
9.812811673382688e-08
9.59076147206625e-08
9.373735954869115e-08
9.161621420707144e-08
8.95430674208858e-08
8.751683305005878e-08
8.553644953706446e-08
8.360087933988875e-08
8.170910840293866e-08
7.986014558848675e-08
7.805302221306626e-08
7.628679151144152e-08
7.456052814286233e-08
7.287332770639847e-08
7.122430625361789e-08
6.961259984943069e-08
6.803736410116584e-08
6.64977737267064e-08
6.499302213081037e-08
6.352232094931215e-08
6.20848996813611e-08
6.068000524619976e-08
5.9306901613667695e-08
5.796486939220469e-08
5.6653205486676544e-08
5.5371222699497104e-08
5.4118249394091884e-08
5.289362913418402e-08
5.169672030735928e-08
5.052689585303971e-08
4.938354287629086e-08
4.82660623868543e-08
4.7173868906449576e-08
4.610639022775611e-08
4.5063067137182666e-08
4.404335301002628e-08
4.30467135876687e-08
4.2072626641798984e-08
4.11205819540305e-08
4.0190080697255146e-08
3.928063538848059e-08
3.8391769548607596e-08
3.752301748569803e-08
3.667392405059568e-08
3.584404438062086e-08
3.503294375558838e-08
3.424019725975329e-08
3.346538952442128e-08
3.270811460651807e-08
3.196797575440169e-08
3.124458520522514e-08
3.053756395595287e-08
2.9846541600811764e-08
2.9171156130822174e-08
2.851105372690503e-08
2.7865888490200105e-08
2.7235322411342435e-08
2.661902515364899e-08
2.601667381556998e-08
2.542795284364097e-08
2.4852553798813596e-08
2.429017523821993e-08
2.374052253048542e-08
2.3203307701223294e-08
2.267824929843426e-08
2.21650722404031e-08
2.1663507653122555e-08
2.117329278995394e-08
2.069417080275207e-08
2.0225890686896217e-08
1.9768207134597537e-08
1.932088031621551e-08
1.8883675855294177e-08
1.8456364691220827e-08
1.80387229644361e-08
1.7630531903595637e-08
1.7231577635699186e-08
1.6841651137274385e-08
1.6460548122731056e-08
1.6088068916818364e-08
1.5724018395820404e-08
1.5368205821591954e-08
1.502044480743321e-08
1.4680553161571658e-08
1.4348352781520107e-08
1.402366962464062e-08
1.3706333598260609e-08
1.3396178438404831e-08
1.3093041660952077e-08
1.2796764451019444e-08
1.2507191594034184e-08
1.2224171366764607e-08
1.1947555475961017e-08
1.167719900112339e-08
1.1412960313741862e-08
1.1154700985105664e-08
1.0902285702257125e-08
1.0655582213889986e-08
1.0414461271883793e-08
1.0178796561047601e-08
9.948464615771929e-09
9.723344763026831e-09
9.503319054680577e-09
9.288272215647684e-09
9.07809158520647e-09
8.872667057991356e-09
8.671890999669037e-09
8.475658221107369e-09
8.283865902589636e-09
8.096413563023208e-09
7.913202998140016e-09
7.734138239351082e-09
7.559125486200722e-09
7.388073024563492e-09
7.220891233854134e-09
7.057492510970792e-09
6.897791272192366e-09
6.741703859232395e-09
6.589148496792541e-09
6.440045260524413e-09
6.294316016747931e-09
6.151884404453564e-09
6.01267582218349e-09
5.876617344222762e-09
5.743637677448066e-09
5.613667159592994e-09
5.486637676089742e-09
5.362482684463654e-09
5.24113713204228e-09
5.122537458449039e-09
5.006621554945641e-09
4.893328691790537e-09
4.7825995057705975e-09
4.674375940271836e-09
4.568601342613658e-09
4.4652203085200626e-09
4.364178665151874e-09
4.2654234885895065e-09
4.1689030220570106e-09
4.074566697822961e-09
3.9823651110440766e-09
3.892249995695934e-09
3.804174171934951e-09
3.7180914687134567e-09
3.6339567778542747e-09
3.5517260324208905e-09
3.4713561680317618e-09
3.3928051068818897e-09
3.3160317239224867e-09
3.240995812173284e-09
3.167658051700796e-09
3.0959799912004364e-09
3.0259241051610783e-09
2.9574537364091143e-09
2.890533004967712e-09
2.825126856717162e-09
2.7612010232929514e-09
2.698722001370725e-09
2.637657073740465e-09
2.577974255631708e-09
2.5196423016456615e-09
2.4626306552246076e-09
2.4069094134221078e-09
2.352449385639656e-09
2.2992220232890626e-09
2.2471994486999948e-09
2.196354419829196e-09
2.1466602655065108e-09
2.098090939617889e-09
2.050620955145236e-09
2.00422542582688e-09
1.958880032967435e-09
1.9145609995592484e-09
1.871245075720212e-09
1.8289095385040253e-09
1.78753216982313e-09
1.7470912662946201e-09
1.7075656004867908e-09
1.6689344378597974e-09
1.6311774976530621e-09
1.5942749523973829e-09
1.5582073946028216e-09
1.5229558916057817e-09
1.48850188668977e-09
1.4548272546643102e-09
1.4219142209834614e-09
1.3897454122289814e-09
1.3583037405885852e-09
1.327572495091558e-09
1.2975352126835642e-09
1.2681756864259264e-09
1.239477908873167e-09
1.2114260432467827e-09
1.1840043939584984e-09
1.1571973206059294e-09
1.1309892599276755e-09
1.1053647175091746e-09
1.0803081199788414e-09
1.055804065919555e-09
1.031837014865266e-09
1.0083916932262897e-09
9.854528926277022e-10
9.63005616574789e-10
9.410353027958056e-10
9.195275909245574e-10
8.984687686360406e-10
8.778456527365692e-10
8.576453360432251e-10
8.378561957731942e-10
8.184662212567823e-10
7.994652330282122e-10
7.808422424070865e-10
7.625881724324882e-10
7.44693157562603e-10
7.27148925138343e-10
7.099462804205543e-10
6.930783056708278e-10
6.765356618731934e-10
6.603133897141195e-10
6.444017109910529e-10
6.28797556246328e-10
6.134908487050541e-10
5.984806600767192e-10
5.837572751983501e-10
5.693213766497533e-10
5.551634944399482e-10
5.412864893718922e-10
5.276805878644437e-10
5.143513063789141e-10
5.012879839417887e-10
4.884996958944574e-10
4.759743695102042e-10
4.6372430149836143e-10
4.517364096315703e-10
4.4002583754433264e-10
4.2857861989951517e-10
4.1741151168644096e-10
4.065105551709445e-10
3.9589276416851244e-10
3.8554320401105926e-10
3.7547896444888127e-10
3.6568383576503303e-10
3.5616702214478005e-10
3.4696340679013504e-10
3.3809690377223367e-10
3.296090241022842e-10
3.215499108297215e-10
3.1396422657883893e-10
3.0698681183910503e-10
3.00706700642403e-10
2.954549451232233e-10
2.914525899268272e-10
2.890235177924194e-10
2.8875206305872814e-10
2.9104428437599916e-10
2.967767381671649e-10
3.0664304634994005e-10
3.214921597168019e-10
3.4242505987831795e-10
3.696992811712263e-10
4.049387603661733e-10
4.480298561348236e-10
5.003164220808778e-10
5.614941068522727e-10
6.322906187343491e-10
7.119170333542285e-10
8.007967685231404e-10
8.972335661982037e-10
1.0027762146851398e-09
1.1135988514242474e-09
1.2333701734077752e-09
1.356588902518864e-09
1.4883731671178763e-09
1.6222916016193217e-09
1.7647743459723447e-09
1.908760814770677e-09
2.0612523961988094e-09
2.2144185862164184e-09
2.376761467108232e-09
2.5378144455161754e-09
2.708462544520618e-09
2.8753939217975814e-09
3.051654400910205e-09
3.221161504521862e-09
3.3988124860395447e-09
3.5674367676510194e-09
3.741375716669829e-09
3.904877821970815e-09
4.0706396377569384e-09
4.225362221243513e-09
4.3785840118590325e-09
4.5202075168830624e-09
4.658183954016348e-09
4.782170128533707e-09
4.901471265292929e-09
5.003425827029406e-09
5.099955061667501e-09
5.178394459439718e-09
5.248090392275494e-09
5.305582253427917e-09
5.346022950605649e-09
5.386279552910787e-09
5.392885832019613e-09
5.431199127589603e-09
5.38268475999042e-09
5.479530944545348e-09
5.2801023802794694e-09
4.78470308284875e-09
4.230435514374596e-09
3.307404313748416e-09
2.507247059708312e-09
9.04503923542248e-10
-8.593967970799751e-10
-4.165648836941191e-09
-8.69179752021991e-09
-1.4565435498014624e-08
-2.2138108872951233e-08
-3.249165072616907e-08
-4.4215467925445145e-08
-6.048307247576157e-08
-7.697060344560164e-08
-9.970669307313336e-08
-1.2008391093347795e-07
-1.468850220332201e-07
-1.7077579638749216e-07
-2.0043004581851362e-07
-2.2518206404826407e-07
-2.553643920235032e-07
-2.7939012314510785e-07
-3.0813084706568343e-07
-3.293736625679315e-07
-3.584392941997569e-07
-3.787776639365987e-07
-4.086112893381859e-07
-4.3138087870738103e-07
-4.6294779862166057e-07
-4.883108785330801e-07
-5.203785485654883e-07
-5.500015814625947e-07
-5.809677963396209e-07
-6.125251328769482e-07
-6.422612929060656e-07
-6.736283567985307e-07
-6.999484901395667e-07
-7.254725804145025e-07
-7.495202396000725e-07
-7.666941784969378e-07
-7.88618600197806e-07
-8.012621786021058e-07
-8.189210676219985e-07
-8.302052503673246e-07
-8.41387295039478e-07
-8.530401382849349e-07
-8.574408850861928e-07
-8.679081109222789e-07
-8.690785086107669e-07
-8.838218209326204e-07
-8.772721141480939e-07
-8.955408751704953e-07
-8.737555974654317e-07
-9.108394088434488e-07
-8.602975603904869e-07
-9.361039984426625e-07
-8.427384760754594e-07
-9.716735228254038e-07
-8.229029953808753e-07
-9.959420772345275e-07
-8.670151982886898e-07
-8.007111165237585e-07
-1.7118654259242264e-06
3.4586776725955767e-06
1.6720935609136622e-06
4.584474842188324e-06
2.265550624568069e-07
5.657329882752249e-06
4.274553426796002e-06
1.346890937395026e-05
1.72771989432087e-05
2.708999319098876e-05
2.9906043459629675e-05
4.095772068522449e-05
4.466719854413076e-05
5.47559811903825e-05
5.8339372511057724e-05
7.244877413504873e-05
7.482735169921616e-05
7.746711448436546e-05
7.896367083176214e-05
7.874367813661201e-05
7.998524507698201e-05
7.524740474778961e-05
8.496420398676485e-05
8.26596451095063e-05
9.131742951297948e-05
9.384728902082223e-05
0.00010344555210992524
0.0001090027215909133
0.0001134881775921778
0.00012952471632674814
0.00013183472674495756
0.0001409199943513649
0.00014694671792209874
0.00014033194302572974
0.00014744276114238866
0.0001346192227531912
0.0001416656264288429
0.0001353067802113489
0.0001341094184260434
0.00013604426443360944
0.00012721199689858835
0.00014079315639842368
0.0001206144659106085
0.0001437736512583945
0.00013080663878869747
0.00014856389221300226
0.00014297141383092665
0.00015576091685291237
0.0001538756659937024
0.0001642157193871224
0.00016133996919353818
0.00017217088602007458
0.00016774467412121666
0.00018006172091657733
0.00016995858617854773
0.00018256654064770938
0.00017744826667858554
0.00017798753502252542
0.00018112182897406115
0.00018326520637057558
0.0001868372634395898
0.0001909225704462863
0.00019166008478321408
0.00019626911660699888
0.0001938439617259175
