-0.00036146726962811
-0.000337284218805403
-0.000312736254893277
-0.000245630249500115
-0.000182274393236751
-8.55242399556864e-05
-5.98651480854359e-06
9.81035531070086e-05
0.000179635775376763
0.000282800526203209
0.000351468517445275
0.000424103941815438
0.000452982062443171
0.000489831652796639
0.000486986684837626
0.000489112142837181
0.000446068050109819
0.000412627711220625
0.000341806402701285
0.000286410656198079
0.000194934765373739
0.000126589776878811
3.26748657198594e-05
-2.76509448859707e-05
-0.000107581091128546
-0.000146900972350791
-0.000202942291290591
-0.000219160511419635
-0.000250070343288605
-0.000230512720546407
-0.000218780171816422
-0.000163981094774569
-0.000131186665395904
-6.10256070927872e-05
-1.04414634723325e-05
7.51889455236827e-05
0.000131938411828019
0.000213679725501953
0.000260950275237756
0.000328841702221229
0.00035729683238387
0.000405285366651778
0.000409013250596823
0.000424396957692073
0.000396441587636126
0.000394459491535407
0.000359133428736375
0.000343104072431768
0.000282943866973689
0.000250873828492694
0.000194210153759943
0.000172456903227061
0.000117752638286299
9.34880648107956e-05
4.08545907876886e-05
2.51420517157026e-05
-7.24117859675268e-06
8.27376692191881e-06
-4.70383343918941e-06
3.26332333635431e-06
-1.67127777460497e-05
2.65567154873613e-05
6.46924503244952e-05
0.000119372110968262
0.000109832693664467
0.000131144383903128
0.00015416501155553
0.000230334798605517
0.00025871216943343
0.000283204158009536
0.000244413552246456
0.000249261022701023
0.000282341077404988
0.000381441365705293
0.000345113820521254
0.000192014137079651
6.83602893877834e-05
0.000264977517022675
0.000493581109932434
0.000355998708924412
-0.000131032746453589
-0.000134115997597838
0.000513596935826119
0.000876268142390634
3.31754407760346e-05
-0.000820916135963546
5.79614497472449e-05
0.00192891091715296
0.00144061737877059
-0.00117396161156411
0.00164726233961817
0.0194065781559545
0.0510132458202772
0.08108211934862
0.0917884188590933
0.0785929304485133
0.053855914792542
0.0343694668084599
0.026238158480133
0.0230281446945303
0.0144815333222464
-0.00367816645853686
-0.0271400713722355
-0.0456463967084811
-0.0496557806535171
-0.0364994725893356
-0.0131696713692998
0.00813733859201162
0.0184709179755962
0.0181219215845466
0.013824842233312
0.0115413972556763
0.0118475193972274
0.0121555128597041
0.0102606428364227
0.00598073808144338
-0.000228360056210731
-0.00788099742467507
-0.0158882509903925
-0.0218960784562956
-0.0234507133465003
-0.0196692494481314
-0.012239537224932
-0.00437332164681839
0.000823166072621643
0.002044737777344
0.000267057485004125
-0.00194456103957564
-0.00212391459190521
0.000663570002493908
0.00505153142520529
0.00828507577629293
0.00812125692512426
0.0045532092746524
-4.96250976614323e-05
-0.00265467701112113
-0.00200315039114059
0.000463432574621557
0.0019043987633228
0.000439451940528308
-0.00347057211063925
-0.00770097611134204
-0.0101390126375131
-0.00999696888111394
-0.00776704568284455
-0.00461622187313762
-0.001667144100815
0.000293096183732015
0.00110222076030642
0.00110849839310563
0.0010041186910534
0.00125118285609509
0.00192658997788766
0.00263277647382082
0.00290336541633313
0.00239101718513785
0.00118993602529955
-0.000341509725530468
-0.0016136411311284
-0.00228584747920108
-0.00233841145034603
-0.00218615869905895
-0.00223095371748361
-0.00272336176591943
-0.00345054920968855
-0.00403872768240971
-0.00405994221009179
-0.00348043843946156
-0.00249875949422137
-0.00151235837468687
-0.000656159456512994
0.000113527953638024
0.00105469053039083
0.00224261345160135
0.00359512956860245
0.00472600827277775
0.00529163940958391
0.00508810624365936
0.00433182361862003
0.00338308671445366
0.00261673963246717
0.0020633262619489
0.00160808233684248
0.00101427009861089
0.000199793133013347
-0.000839521406765893
-0.00187969277271402
-0.00265321394200508
-0.00288962084040835
-0.00261312352891157
-0.00204564671368576
-0.00148439365227263
-0.000990058316948381
-0.000488531223189127
0.000134582811926282
0.000859628384555171
0.00164235214247812
0.00240523017003044
0.00306878385062001
0.00347850647427479
0.00350427980743454
0.00311277668896514
0.00239555017759615
0.00148645903349542
0.000519004567536866
-0.000374965389463395
-0.0010847638307476
-0.00151152876220613
-0.0015837150975012
-0.00120915646834299
-0.00040627595316254
0.000642843524888429
0.00161265011830639
0.00230188687262109
0.0026557901397618
0.00267834520518037
0.00220443115918015
0.00113585670996695
-0.000341493250462537
-0.00170459754239705
-0.00260413315375241
-0.00302977094862995
-0.00322998624559469
-0.00318371468760092
-0.00268164474949248
-0.00154787371986944
-1.68036607804687e-05
0.00152745405669035
0.00266057828801099
0.00316166330866159
0.00285434094784815
0.0018352460342638
0.000387567256258886
-0.00101759729350355
-0.00215472668057906
-0.00295673682117279
-0.0034709530901485
-0.00352281853776898
-0.0029919370765504
-0.00187697019934742
-0.000512671917002552
0.000760563019625139
0.00159324208040098
0.00185723629002453
0.00150528786193014
0.000741093168092778
-0.000211256371866492
-0.00108869801535797
-0.00181257661897885
-0.00229096163230825
-0.00252883062593615
-0.00253131012615644
-0.00246590879442383
-0.00239843613997463
-0.00231563976664484
-0.00203760844024572
-0.0015417288618374
-0.000908287813557589
-0.000328226027546793
0.000139361550515458
0.000431565254071557
0.000544056506827114
0.000459675625123524
0.000303228075076066
0.000189385519001207
0.000194878717390224
0.000287007624642403
0.000525492919448533
0.00100526183580541
0.00174132255231783
0.00248574840389982
0.00289177760471821
0.00276260699122795
0.00220011239072018
0.00146028244755852
0.000750989406107894
0.000188319444094862
-0.000177102164436705
-0.000317586671523188
-0.000307709819716632
-0.00024833035273295
-0.000235207916838478
-0.000220198221334775
-0.000167850514082038
-7.73138508208299e-05
-0.000111510438506456
-0.000324430868414808
-0.000672072465182654
-0.000892875850258147
-0.000872593634323965
-0.000608550991166559
-0.000340744740631502
-0.000118247556008183
7.33946756980207e-05
0.00042279665211367
0.000836612295260346
0.00120182913324796
0.00131531338990865
0.00133917232742773
0.0013852501832862
0.00159251171272219
0.0017385679126061
0.00177509854719267
0.00162989519734128
0.00149949817460966
0.00129129136703327
0.0010132803370717
0.000545891298548211
0.00013351768351078
-0.00020960970232954
-0.000429073343715253
-0.000795397198731469
-0.00120293993587657
-0.00157504238267079
-0.00161366249868761
-0.00150135111887242
-0.00132192859128331
-0.0012939431902602
-0.00113271432591481
-0.000759178654500382
-3.29200238228511e-05
0.000655505576819952
0.00112497070667913
0.00107762780312355
0.000726299864956981
0.000142932047594793
-0.000305971181487329
-0.000596081214918581
-0.000494651649561636
-0.000160752933936998
0.000406180455494963
0.000814827523383648
0.00101583032551811
0.000846520783326339
0.000603204744257182
0.000269502727385592
-2.94392722483854e-05
-0.000526464934470174
-0.00103671577505501
-0.0015008336128624
-0.00158514702171147
-0.00144253560643173
-0.00110466172099328
-0.000877994539654343
-0.000660518289855414
-0.00056228683031232
-0.000425870139273233
-0.000399989068132853
-0.000332360277702327
-0.00032033502634948
-0.000187732417664732
-6.16992607584479e-05
0.000169531629521586
0.000322388858533361
0.000463229161910269
0.000416573594482021
0.000316278817848851
9.7587818733945e-05
-4.64324108376442e-05
-0.000189877970087751
-0.000204982708632014
-0.000225272505623977
-0.00017339553226035
-0.000185807576187154
-0.000148486092433268
-0.00013864406516375
-5.20597011290725e-05
-2.82025317030138e-05
-1.20563475653982e-05
-7.82000300496224e-05
-5.64811993893346e-05
3.1748700495076e-05
0.000273557357362405
0.000525338167543289
0.000802000502916265
0.000977584628721939
0.00110897432943007
0.00113082805461595
0.00115011017058237
0.00114193266883563
0.00118722383488308
0.00120284434270487
0.00121945694829472
0.00116585079913741
0.00109393444050093
0.000948787337155866
0.000782664883486392
0.000566098828116041
0.000368982903062121
0.000157278897290663
-3.79740282238381e-05
-0.000249945678709921
-0.000421290090503329
-0.000557108793418711
-0.000621573405366562
-0.000648731600957278
-0.000616509549836773
-0.000548662933434938
-0.000435610730398887
-0.000321433195070522
-0.000207313646810352
-0.000100347785963597
2.44416774968929e-05
0.0001631582849367
0.000304487532541128
0.000419362577097661
0.000485703382399843
0.000492059061859535
0.000441501456982546
0.000359130344610596
0.00026963324974194
0.000199453527543575
0.000137884779660305
7.92208043748082e-05
-1.40787166420797e-06
-9.4190010299873e-05
-0.000208950246520548
-0.000326370125130046
-0.000464788348447057
-0.000599176636849316
-0.00074155385701118
-0.000862496749398646
-0.000989782200807298
-0.00110095895172693
-0.00122230183014645
-0.00130793585537638
-0.00137183067397563
-0.00137647629686654
-0.00136713483947123
-0.00132796255142831
-0.00130721434608385
-0.00125813679881963
-0.00119058541951035
-0.00103683361404108
-0.000823295811458691
-0.000523696232146671
-0.000205982995624827
0.000142992749918735
0.000451290632823748
0.000739553540909169
0.000939887824014469
0.00109344098403363
0.00116098264606767
0.00120769938332958
0.0011984209895556
0.00118559376081856
0.00111352322347988
0.00101646670542322
0.000827749366859402
0.000609479441028619
0.000334267355786742
0.000112978270507477
-8.72346064952124e-05
-0.000217764581121649
-0.00034902977635117
-0.000452924003303295
-0.000562578971877862
-0.000600694244748621
-0.000596308126656981
-0.000489946960483263
-0.000344856983709731
-0.000153367740649942
-9.49393918387592e-06
0.000122733112814541
0.000203187858125511
0.000302161900839799
0.000381160042452202
0.000470596355763956
0.000506219463798694
0.000524638432092268
0.000483634425816612
0.00043147068848867
0.000341380544083044
0.000281942213671533
0.000230462996806191
0.000231485882073626
0.000219485354778455
0.000209943346660215
0.00015449218519877
0.000105213758804247
2.90223074664335e-05
-3.41692895064649e-05
-0.000135171085075914
-0.000198544765080523
-0.000236729994357909
-0.000180927804599475
-0.000107188264177212
-3.04283225244888e-05
-9.15846030621198e-07
3.67915639955443e-05
8.53144275348594e-05
0.000180873805211936
0.000262024760656156
0.00033298321907898
0.000357042913371446
0.000381988063103881
0.000382959576170752
0.000402030703053889
0.000394671516473172
0.000392156238959805
0.000354671398981979
0.00031767013879246
0.00024598077887749
0.000180402769993277
8.82512963545218e-05
1.62094514984988e-05
-7.07143200761026e-05
-0.000133150141244278
-0.000211215211641412
-0.000262529777292363
-0.000321170532850405
-0.000341683873317751
-0.000397424605931396
-0.000374594008990555
-0.000361528756927417
-0.000299575115404217
-0.000250942888078519
-0.00016027501115908
-8.60266290595893e-05
2.55931580967892e-05
0.00011763307928502
0.000235515260230399
0.000320546838116654
0.000413965601212748
0.000465381303522318
0.000517237166134928
0.000525129146423974
0.000532638097390879
0.000502957039369562
0.000477550894464471
0.000415813438865138
0.000358391102901411
0.00027314001741901
0.000200419008608979
0.000106428762502088
2.62287470617193e-05
-6.31520920871423e-05
-0.000126015451912926
-0.00019087776071791
-0.000233170514019942
-0.000274616435313354
-0.000287774208894521
-0.000293813119475996
-0.000271470208510111
-0.000239514671653934
-0.00018024459156123
-0.00012009809185877
-4.83886447870422e-05
1.84018039889013e-05
9.68765613191367e-05
0.000167510267958236
0.000235086345237942
0.000287784252282727
0.000335167506604969
0.000364127335452694
0.000377907679348571
0.000372534627912387
0.000358000286011544
0.00033094700647612
0.000295531732604199
0.000255082978633141
0.000212613050586449
0.000162371903969172
0.000104267984439297
5.23931963345616e-05
1.149424743635e-05
-2.14186268664417e-05
-5.90911130469171e-05
-8.33058662759764e-05
-9.10180813916794e-05
-8.12444594783389e-05
-7.39797290276996e-05
-5.25132482689192e-05
-2.09861834020077e-05
2.17917949051588e-05
5.42167672354974e-05
0.000103585286969502
0.000158884998487236
0.000209322266316866
0.00022151836615735
0.000250597617154792
0.000305019055850555
0.000361634721864327
0.000346949139036415
0.000324304804157781
0.000345964695277492
0.000402683638119632
0.000369378145573952
0.00028664696726845
0.000256068503238759
0.000321287738654296
0.000312236540391654
0.000206159380574829
0.000135248975279727
0.000226558396707967
0.000266205449592078
9.44853248334266e-05
-0.000146489740270343
-6.06385366819256e-05
0.000332454376096969
0.000592584362476235
0.000240462385402656
-0.00020824188366651
0.00149955413827463
0.00958984609022709
0.027848512088244
0.0549625859019519
0.0818667253215733
0.0957132309480119
0.0890446301929755
0.066855197747703
0.041708493226476
0.0223861836608566
0.00751300443291878
-0.0100192006711579
-0.0334032530333652
-0.0569199848047706
-0.0702222529222395
-0.0656124474942513
-0.0431170956307659
-0.0109967007159265
0.0177896323506685
0.032732228845733
0.0321071296590424
0.0235432737478764
0.0168157021400274
0.0156625235198494
0.0160023160011419
0.0119834601437779
0.00236521103004206
-0.00889064502364502
-0.0170048197328985
-0.0198160334879759
-0.0179736181731922
-0.0130501298811137
-0.00688576630039199
-0.00176407860465915
0.000128749937743001
-0.00170565780233484
-0.00541278665054284
-0.00793333526950558
-0.00724110892704898
-0.00366482014583324
0.000624845889499042
0.00334072285214924
0.00341610318726408
0.00160016533237899
-0.000120619266284843
0.000134544465272233
0.00267793069643446
0.00581068379532056
0.00684876384941845
0.00415264544676689
-0.00153543303117039
-0.00762561867439578
-0.0114577774102955
-0.0118969926946999
-0.00965488144603748
-0.00644297515618279
-0.00381337633355109
-0.00244982022092374
-0.00194588034654072
-0.00125230706387822
0.000489657088323812
0.00313021266860947
0.0055001086213529
0.00622572472890447
0.00488175906381014
0.00229525789331934
-0.000124723728681793
-0.0014569905972231
-0.00166608637564786
-0.00136778438207286
-0.00120777155139771
-0.00154709690749734
-0.0023218361089031
-0.00315174505702655
-0.00347112587733379
-0.0029763013281658
-0.00184142986111008
-0.000697717982040484
-0.000138747876383245
-0.000339612480498873
-0.000896668540930626
-0.00119976787713854
-0.000774062075913049
0.000396674868041607
0.00198053503330873
0.00345524368914821
0.00439895880293896
0.00456127689817945
0.00401677972912265
0.00311216773930993
0.00238390202548838
0.00214593287555019
0.00225856432244309
0.00217566002198791
0.00149882778642864
0.000307637614383437
-0.00085649515181669
-0.00153498803155143
-0.00165592855135933
-0.00151745159032551
-0.00139970354362063
-0.00140206832585513
-0.00139927420427507
-0.0012343478894532
-0.000775584801734456
-1.94531205556582e-05
0.000919924505513724
0.00178665096996684
0.00234655835867806
0.00245778404071121
0.00215913898617793
0.00159765842739834
0.000990273198730789
0.000492197116671843
0.000131368978021518
-0.000218653977675863
-0.000667234013685644
-0.00114339060957997
-0.00138670591281002
-0.00118852226973922
-0.000563262640318325
0.000273439753478517
0.00110279315952366
0.00177509051036706
0.00214914023762743
0.00208640713626583
0.00153165399564548
0.000576192544007214
-0.000634225537704079
-0.00195290745358116
-0.00318855013931941
-0.00400835558100053
-0.0041089432982521
-0.00344431285908587
-0.0023171152281156
-0.0010934871681512
3.01006952564088e-05
0.00107509940857069
0.00200877082889929
0.00265693421978348
0.00273599134337331
0.00210511035820336
0.00083671623343467
-0.000708426737514792
-0.00207227593155918
-0.00283709846405495
-0.00290204262375034
-0.00241296683889208
-0.00165163129816991
-0.000751252604605138
0.00020186098532534
0.00112912336578963
0.00179636976434117
0.00201685227293108
0.0016766634567503
0.000883833426744823
-0.000184466164013169
-0.00123201877599321
-0.00204659854355347
-0.00247009325481909
-0.00255094939433762
-0.00235842880083307
-0.00203092876779047
-0.00163687754339721
-0.00131650472146721
-0.00109665651255001
-0.000965627096219908
-0.00079361896610093
-0.000597745127143092
-0.00043190481796203
-0.000410566967952102
-0.000446785753612965
-0.000464207958642735
-0.000373401203833345
-0.000232039557319674
-3.72900748732939e-06
0.000326651564216601
0.000833073730515631
0.00143069493782765
0.00204774666323176
0.00252257857780206
0.00276459121648431
0.0026187855029071
0.00210946108487511
0.00135036098609284
0.000632305102919774
0.000121808120689033
-7.69662666487352e-05
-5.43977073497608e-05
0.00011144689031861
0.000229805994038712
0.000211310041580222
-3.40470894128332e-06
-0.000266415769801165
-0.000477463923969491
-0.000545308572344958
-0.000558846230395989
-0.000537577898833744
-0.000523135031737707
-0.000441173620637482
-0.000288654487881987
-2.65520992300363e-06
0.000377229536712897
0.000821293840141738
0.00115898194547989
0.00130587596196193
0.00122098788605569
0.00105675976089821
0.000914154966770934
0.000893267003011339
0.000927126058253086
0.000986346988546455
0.000992690713146959
0.000974316103804815
0.000910200731411833
0.000837206757874142
0.000677489682011466
0.000401992011244214
-3.28902741291931e-05
-0.00050313049566162
-0.000918515250861656
-0.00118701694775031
-0.001388895543594
-0.00154622667157188
-0.00168398618069701
-0.00171756015687369
-0.00165887496808797
-0.00148861119644868
-0.00123477938399895
-0.000817887998337095
-0.000269104634803952
0.000331271760040417
0.000760470892452676
0.000908142539948835
0.000732150768652556
0.000390683426878519
4.00191024211338e-05
-0.000113647718655616
-1.10481485523573e-05
0.000342483690780533
0.000775716512697103
0.00115256496539142
0.0013248320458234
0.00127436537973519
0.000994385093671761
0.000584598606895286
0.000114598507497639
-0.000316157717318032
-0.000714197908457236
-0.00104729037916461
-0.00128449685996362
-0.00130921189112645
-0.00111708318555395
-0.000773441326849765
-0.000446543989775932
-0.000191850471751979
-1.38715766572454e-05
0.000151695867637729
0.000282650340642675
0.000379525967965618
0.00042491821585754
0.000468661643795644
0.000501435878130792
0.00052057769625901
0.000485015074885936
0.000411157226956357
0.000295949504639113
0.00017103753120876
2.69980544380759e-05
-0.000116611480022852
-0.000278162429228738
-0.000440516892935519
-0.000597168976444342
-0.000696393910966606
-0.000736860453485498
-0.000728111842200526
-0.000724212970930701
-0.000731941286612376
-0.000753358846338461
-0.00075405326788151
-0.000724967633176304
-0.000621767997707588
-0.000424915232622798
-0.000124755734659093
0.000209151258055966
0.000513413683791093
0.00073424837528871
0.000897536032793829
0.00102265021400835
0.00113607201914035
0.00121523671269258
0.00125378976772202
0.00122389976396925
0.00113234644792713
0.000977587473571732
0.000799994272980821
0.00061841409317642
0.00046016031522902
0.000312456385467938
0.000183981240790424
6.10545235627944e-05
-4.75533469529901e-05
-0.000162143650424362
-0.000266046909315135
-0.000348552331053804
-0.00036756916766928
-0.000321833344190086
-0.000207490083876729
-5.58924132419685e-05
0.000126432394729232
0.000317718676027674
0.000520725653092058
0.000721285154869725
0.000917867650880847
0.00108373913303535
0.0012062494898888
0.00126551359971559
0.00127168817653101
0.00122321293856948
0.00112967661054941
0.000984397989041034
0.000799032681210102
0.000578483935248054
0.000339821794230285
8.89338185966655e-05
-0.000159053752296544
-0.000396260526466803
-0.000613272761259956
-0.000812500152496336
-0.00099389227807674
-0.00115648481360545
-0.00129519187620299
-0.00140894123339316
-0.00150430904145622
-0.00158778636053895
-0.00166577837783051
-0.00172657213621619
-0.00176144707590113
-0.00175432651392671
-0.00171077483194368
-0.00163096492589668
-0.00153182062598824
-0.00140294786074503
-0.00124976982751571
-0.0010517708569016
-0.000819059346653944
-0.000537431419250412
-0.000229560013132407
0.000109713839535096
0.00043999265943333
0.000753256005882039
0.00100102197342642
0.00118845723767711
0.00128755636215696
0.00133201720905748
0.00131216244245466
0.001272785868116
0.00119514641019705
0.00111046968107157
0.00097913319833614
0.000829652591884166
0.000631688554636216
0.00044245319015838
0.000236539114279806
6.49499967602178e-05
-0.000116710161670888
-0.000273056455391274
-0.000426927884528867
-0.000501110560427258
-0.000515896439943286
-0.000408050619982163
-0.000246770782959701
-2.62935064259025e-05
0.000159854474470014
0.000334835702348892
0.000431927707051445
0.00052025412348867
0.000551727534657086
0.000584612741123355
0.000552577009524621
0.000515254062069691
0.000415186284899919
0.000338096248846838
0.000237195611254522
0.000188190160658891
0.000112016273168661
7.06511189215745e-05
-1.22574716292815e-05
-5.23658266309776e-05
-0.000137022535240099
-0.000199859318983392
-0.000340127553548271
-0.000420038390434846
-0.000486247449149087
-0.000409713212042363
-0.000309663979786956
-0.000174258662465689
-9.9120728463761e-05
-1.02958428401922e-05
4.85702465671325e-05
0.000173707598943569
0.000270471288793821
0.00038107538238378
0.000415062077072422
0.000455591696756793
0.000438482562367078
0.000458142734240182
0.000427594073755077
0.000417427333560243
0.000352129670308684
0.000313854119867299
0.000226058902887677
0.000164040891329341
5.75123587224576e-05
-1.08729632424475e-05
-0.000106299844672605
-0.000158637378843944
-0.000240747566861032
-0.000283022221296817
-0.000348659142840056
-0.000366561837449302
