-0.0019156154224788734
-0.001858186494211388
-0.0018874514548904784
-0.0018484056448316178
-0.0018978894488420508
-0.0018548526214789284
-0.0019128186174681865
-0.0018588953042583064
-0.001936969082965071
-0.0019122589345888842
-0.0019269136429343275
-0.0019260018622094125
-0.001916025656180983
-0.0019360058428851742
-0.0019394386432535203
-0.001938642050465517
-0.0020189852476209763
-0.0020113863630032806
-0.0021986874368403317
-0.0022192263367587914
-0.002334770175127162
-0.002352500086510595
-0.002335226108855691
-0.002396130893879597
-0.002377127851996836
-0.0023590865672887345
-0.0023668514974985694
-0.0022309182932537574
-0.002323111444034013
-0.0020684098733018295
-0.0024740860377010596
-0.0018796304366332588
-0.002899849919342141
-0.0016069262358396174
-0.0032452027606186366
-0.0010154383873949278
-0.004287854265363131
0.0002605777205342165
-0.005913202503740506
0.002319357361490498
-0.010162549656537977
0.009144211108186709
-0.024726933846907176
0.09037353830771164
0.20837963625705314
0.2887194063692854
0.38856370890715564
0.18183567187594987
-0.003382913947437797
-0.06325682860980207
-0.11283737401871022
-0.2111444940931221
-0.16910711278430876
-0.039836328492777115
0.008698714400944633
-0.10009858342565688
-0.16190172558886884
-0.19982087587182273
-0.09612894156443803
-0.00870634652022722
0.06891688386288533
0.10271574660567748
0.07300098366879954
0.013510444427936908
-0.0021991356007882283
0.02998941147039857
0.052873794461951076
0.08157007932625471
0.08316501981435975
0.02152678712326493
-0.012721296467058647
-0.007377714649015506
0.010483616924683886
-0.028157107516779162
-0.03683037815419139
-0.028726399841330123
0.008630431914186568
0.008959176496634873
0.006869675781902648
-0.018384038975249442
-0.03644588261645145
-0.05805444317050858
-0.02777973867767236
0.0035013682065283434
0.02889668110304506
0.029433498730746376
0.03191461912286003
0.005013649877133804
-0.015567562218745003
-0.020958928808519153
-0.0027066437831256966
0.023623336571142576
0.03926914432266562
0.02359813045879059
0.003831088245431248
-0.014331875371494697
-0.029360346925140605
-0.030175110504722723
-0.007161346712897554
0.012043810167134884
0.016007570247847172
0.0010736468111452017
-0.016907802971542568
-0.010410617283468069
-0.0027651362985140083
0.004263893269426371
0.0075079192269525575
0.015346786171383681
0.017047651009196856
0.007182773996433031
0.0021821230589089357
0.006498360599768691
0.007573224254602204
0.0024263488108181306
-0.000523956831828387
-0.0006349159131811998
0.001163883396350999
-0.008938928606509529
-0.013444304344736542
-0.014936387260334543
-0.014990735135190364
-0.013630903378641443
-0.006500608967316156
0.0004690230205663384
0.0030989937101947584
0.00040292319668567764
-0.00111496102548198
-0.0009756853331248579
0.002955508766214002
0.007659746831072114
0.01377538191645182
0.016810134970943552
0.01119409062189022
0.0014103322872388354
-0.0038901696939134403
-0.003448378974061467
-0.00046253495796366257
0.002889251362502775
0.0035075525648026545
0.002018440147816511
-0.0023573815816661336
-0.006745981906917928
-0.007534192104340052
-0.003797892884303187
-0.0005379477790630036
-0.0002960676021594507
7.25062964611986e-05
0.0006683569325328558
-0.0007473119617886107
-0.0029560807828941213
-0.001353118350825364
0.000805729974144904
0.0018541988423777375
0.002027022829314129
0.003103408850666485
0.003117411050609349
0.002248522656344321
0.0008507309984370842
0.00022229702612767727
0.0006646230194360682
0.0005195423038073784
0.0005832479049709739
0.0007578522299069282
0.0004108658092041985
-0.0014994228238789523
-0.0027951189878206682
-0.0032319254279903013
-0.000545582191223767
-0.0002276122197313303
0.00203922356449061
0.0024848474852469274
0.0008630635483040147
-0.001270561335838224
-0.003877157796629133
-0.0007156584650437675
0.0002706779837058292
0.0023424115842263908
0.0013691650905207084
0.000649166847403606
-0.00020704791072786923
-0.0006102343073143293
0.0011768284860464977
0.0009304572904912967
0.0010957758027110571
0.002032727821468794
0.0024533063817904002
0.0021806627517346267
0.00014304628635258062
-0.00036143094839287935
-0.0016167576935337607
7.757036166043549e-05
0.0005340529009995437
0.0009177356924173834
0.00043672139421958725
-0.00038075100953523667
-0.0014746201259941446
-0.0015197694084276426
-0.0008143154187298412
0.00016710557608717917
0.0006585733638889257
0.0011746590565326902
0.0004496165457808824
0.0005832017643685984
0.0006335018328098838
0.0009507928209502187
0.0009074307108743601
0.001251039256582047
0.0017676944583489855
0.0017267634083192667
0.001563074023572438
0.0008139241201083863
0.00023933512199669473
0.0002862517294195601
0.00033401058335346453
0.0007073548997644917
0.00044505267070934265
0.0004898827749957087
7.260785566116392e-05
-0.0001600275379840161
-6.216700730804568e-05
-0.0003155086691886916
-0.00016832259165248237
-0.0002979251149044324
-0.00013972212645513478
-0.00018072059068125173
-5.3727198644536905e-05
-9.815409757976016e-05
-3.55830464738829e-05
-7.645343720216277e-05
-3.1058879111281126e-05
-4.4769007210717434e-05
5.952536284514233e-06
-6.7468262664725255e-06
2.4787191021662482e-05
5.267214964156815e-06
2.8297668247061463e-05
2.6174674708605294e-06
2.664991834296429e-05
-1.8142850359559315e-07
2.211076360780686e-05
-1.9589790631405484e-06
1.6208297060809956e-05
-1.7134279271641649e-06
1.0250711859162605e-05
-3.674513209653979e-06
3.864346411335613e-06
-6.210295551198678e-06
-7.483386030597214e-08
-7.045616324635219e-06
-1.430013880893144e-06
-6.7477413472497375e-06
-1.9246092088076583e-06
-6.3106625182245656e-06
-2.0773725885208684e-06
-5.676983371118074e-06
-2.040854244688686e-06
-4.97476424235531e-06
-1.9102852605257454e-06
-4.228117033848976e-06
-1.8061156749650791e-06
-3.5906506485943943e-06
-1.8234052053560574e-06
-3.2030006893866883e-06
-1.9585889818482213e-06
-3.0146993075085156e-06
-2.1033843520563023e-06
-2.9357091290589925e-06
-2.2475893298113314e-06
-2.9336929006594775e-06
-2.4033799957572967e-06
-2.9779925378959834e-06
-2.563588801576637e-06
-3.0355628415331196e-06
-2.7121113459842826e-06
-3.089687856504134e-06
-2.839410067653368e-06
-3.1331389291332787e-06
-2.9445361874222116e-06
-3.170807128822584e-06
-3.0336730342658477e-06
-3.207863400763074e-06
-3.1104886882280837e-06
-3.2460792722468503e-06
-3.1776829253692368e-06
-3.286483512016363e-06
-3.23979307301095e-06
-3.330617309568653e-06
-3.300739813204783e-06
-3.378866337635074e-06
-3.362648216904767e-06
-3.4310528624172446e-06
-3.4261409521229024e-06
-3.486710423651005e-06
-3.4911284128694468e-06
-3.545416605615871e-06
-3.557378370055292e-06
-3.606840210985821e-06
-3.624712103548523e-06
-3.6705696816037537e-06
-3.692898919468394e-06
-3.7361573075479076e-06
-3.7618168709334376e-06
-3.8032851637503917e-06
-3.8314873228523574e-06
-3.871779001223964e-06
-3.902006870202613e-06
-3.941556005831581e-06
-3.973481184564413e-06
-4.012600692738025e-06
-4.046005690446874e-06
-4.084937233378211e-06
-4.119664126083899e-06
-4.158613297525378e-06
-4.194535082607462e-06
-4.233677816566084e-06
-4.270686641156407e-06
-4.310166611179705e-06
-4.348173305821022e-06
-4.388102469738125e-06
-4.427039964754694e-06
-4.467502559784745e-06
-4.507324381888486e-06
-4.54838214657919e-06
-4.589058468468504e-06
-4.6307569676836725e-06
-4.672269933862316e-06
-4.714644570807762e-06
-4.7569845566246705e-06
-4.80006513443518e-06
-4.843228170958074e-06
-4.8870415945533995e-06
-4.931027849547007e-06
-4.97559906788178e-06
-5.020412006270358e-06
-5.065764217817751e-06
-5.111410226392378e-06
-5.157564959938415e-06
-5.204053014407507e-06
-5.251030318592425e-06
-5.298371496303123e-06
-5.346190231365422e-06
-5.394397172427904e-06
-5.443075377915005e-06
-5.492161819156769e-06
-5.5417170524317745e-06
-5.591697504027837e-06
-5.6421471016309635e-06
-5.69303665823057e-06
-5.744397902234617e-06
-5.796212155904251e-06
-5.84850236683379e-06
-5.9012573741561635e-06
-5.95449396854973e-06
-6.008206241073753e-06
-6.062406777182885e-06
-6.11709327368818e-06
-6.172275496303973e-06
-6.227953602583108e-06
-6.284135484146427e-06
-6.3408229907481115e-06
-6.398022769534592e-06
-6.455737850353345e-06
-6.513974058868703e-06
-6.5727352567468075e-06
-6.632026740910715e-06
-6.691852959223184e-06
-6.752218892177556e-06
-6.813129394320661e-06
-6.874589285113791e-06
-6.93660369589948e-06
-6.999177397151715e-06
-7.062315706207658e-06
-7.126023421022946e-06
-7.190305986357905e-06
-7.255168276610051e-06
-7.320615830683978e-06
-7.3866536265783855e-06
-7.4532872799284e-06
-7.520521887628879e-06
-7.588363134976146e-06
-7.656816244432839e-06
-7.725886970363406e-06
-7.795580664167305e-06
-7.865903150821836e-06
-7.93685991155185e-06
-8.008456844591557e-06
-8.080699561904218e-06
-8.153594038671011e-06
-8.227146016962818e-06
-8.301361553211768e-06
-8.376246519311301e-06
-8.451807057626706e-06
-8.528049168295639e-06
-8.60497908455719e-06
-8.682602934496257e-06
-8.760927047055892e-06
-8.839957676845067e-06
-8.919701253352072e-06
-9.000164157532296e-06
-9.081352923496935e-06
-9.163274058486266e-06
-9.245934205523741e-06
-9.329339998524918e-06
-9.413498192957753e-06
-9.49841555001269e-06
-9.584098941326847e-06
-9.670555256361757e-06
-9.7577914860821e-06
-9.845814649242404e-06
-9.934631859388288e-06
-1.0024250266559074e-05
-1.0114677109493778e-05
-1.0205919670718596e-05
-1.0297985318023427e-05
-1.0390881468027435e-05
-1.0484615619751035e-05
-1.0579195326137353e-05
-1.0674628220691193e-05
-1.0770921994702164e-05
-1.0868084418537514e-05
-1.0966123324252994e-05
-1.1065046621923136e-05
-1.116486228623214e-05
-1.1265578369626817e-05
-1.1367202992179951e-05
-1.1469744352034608e-05
-1.15732107170371e-05
-1.1677610432954053e-05
-1.1782951918165065e-05
-1.1889243669480597e-05
-1.1996494257651528e-05
-1.2104712333332055e-05
-1.2213906623093941e-05
-1.2324085933967434e-05
-1.243525915102487e-05
-1.2547435240598811e-05
-1.2660623248962155e-05
-1.2774832304810043e-05
-1.2890071618463107e-05
-1.300635048407479e-05
-1.312367827880842e-05
-1.3242064465344636e-05
-1.3361518590710884e-05
-1.3482050288898985e-05
-1.3603669280386752e-05
-1.3726385373640047e-05
-1.3850208465229275e-05
-1.3975148541296628e-05
-1.4101215677621819e-05
-1.4228420041484911e-05
-1.4356771891597606e-05
-1.448628157927484e-05
-1.4616959549004771e-05
-1.474881633970089e-05
-1.488186258515262e-05
-1.5016109015236149e-05
-1.5151566456482555e-05
-1.5288245833410506e-05
-1.5426158168805118e-05
-1.5565314585029404e-05
-1.5705726304602588e-05
-1.5847404651467972e-05
-1.599036105144917e-05
-1.6134607033695125e-05
-1.6280154231287924e-05
-1.6427014382250013e-05
-1.6575199330408526e-05
-1.6724721026627914e-05
-1.687559152951934e-05
-1.7027823006301318e-05
-1.718142773400773e-05
-1.7336418100635234e-05
-1.7492806605590508e-05
-1.7650605861212892e-05
-1.780982859373451e-05
-1.7970487643927807e-05
-1.813259596865173e-05
-1.8296166641606007e-05
-1.8461212854180135e-05
-1.8627747917005465e-05
-1.87957852606202e-05
-1.8965338436966595e-05
-1.9136421119977324e-05
-1.9309047107178985e-05
-1.948323032030096e-05
-1.9658984806785146e-05
-1.983632474079791e-05
-2.001526442441573e-05
-2.0195818288579453e-05
-2.0378000894446125e-05
-2.056182693475298e-05
-2.074731123452231e-05
-2.0934468752606405e-05
-2.1123314582857655e-05
-2.1313863955207957e-05
-2.150613223683706e-05
-2.170013493384311e-05
-2.189588769196775e-05
-2.209340629815565e-05
-2.229270668173411e-05
-2.249380491593095e-05
-2.26967172188286e-05
-2.2901459954766633e-05
-2.3108049635719996e-05
-2.3316502922685056e-05
-2.3526836626500125e-05
-2.3739067710623618e-05
-2.3953213290505652e-05
-2.4169290636748275e-05
-2.4387317175494916e-05
-2.460731048950157e-05
-2.4829288320954868e-05
-2.505326857146859e-05
-2.5279269305291947e-05
-2.5507308748465513e-05
-2.5737405291648835e-05
-2.5969577492006507e-05
-2.620384407346556e-05
-2.6440223928649682e-05
-2.667873612104241e-05
-2.691939988582891e-05
-2.7162234632629686e-05
-2.7407259945226603e-05
-2.765449558436489e-05
-2.7903961488841148e-05
-2.8155677777507923e-05
-2.8409664750358565e-05
-2.8665942890804047e-05
-2.8924532867317596e-05
-2.918545553445254e-05
-2.94487319351046e-05
-2.971438330169867e-05
-2.9982431058346798e-05
-3.0252896822344612e-05
-3.0525802406086884e-05
-3.0801169818907856e-05
-3.107902126825825e-05
-3.1359379162394525e-05
-3.1642266111296755e-05
-3.1927704929213046e-05
-3.221571863599483e-05
-3.2506330459341386e-05
-3.279956383608613e-05
-3.309544241494053e-05
-3.3393990057501365e-05
-3.36952308412753e-05
-3.3999189060560445e-05
-3.4305889228804595e-05
-3.461535608040897e-05
-3.492761457328942e-05
-3.524268989006196e-05
-3.556060744082143e-05
-3.588139286470884e-05
-3.62050720324439e-05
-3.653167104799692e-05
-3.686121625075603e-05
-3.719373421760819e-05
-3.752925176532529e-05
-3.786779595243983e-05
-3.8209394081750725e-05
-3.85540737022857e-05
-3.8901862611748564e-05
-3.925278885828082e-05
-3.9606880743295325e-05
-3.9964166823343306e-05
-4.032467591254252e-05
-4.068843708507266e-05
-4.105547967746953e-05
-4.142583329076743e-05
-4.17995277930544e-05
-4.217659332187568e-05
-4.255706028652223e-05
-4.2940959370692255e-05
-4.332832153502303e-05
-4.3719178019079735e-05
-4.411356034457253e-05
-4.451150031738798e-05
-4.491303003041538e-05
-4.5318181865998744e-05
-4.572698849882734e-05
-4.613948289789588e-05
-4.655569832983861e-05
-4.697566836139042e-05
-4.739942686218324e-05
-4.782700800706275e-05
-4.825844627950795e-05
-4.869377647388935e-05
-4.9133033698660865e-05
-4.9576253378737006e-05
-5.002347125858224e-05
-5.047472340515566e-05
-5.0930046210805394e-05
-5.138947639617836e-05
-5.185305101320335e-05
-5.2320807447972e-05
-5.2792783423876084e-05
-5.326901700464064e-05
-5.374954659726969e-05
-5.423441095519545e-05
-5.4723649181725965e-05
-5.521730073239882e-05
-5.5715405419307085e-05
-5.621800341287141e-05
-5.672513524660784e-05
-5.723684181932996e-05
-5.775316439884763e-05
-5.827414462576902e-05
-5.8799824515524436e-05
-5.933024646301646e-05
-5.986545324495815e-05
-6.040548802464969e-05
-6.0950394354724376e-05
-6.150021618018045e-05
-6.205499784272034e-05
-6.261478408460617e-05
-6.317962005090343e-05
-6.374955129432143e-05
-6.432462377778012e-05
-6.490488387996722e-05
-6.549037839709108e-05
-6.608115454832027e-05
-6.667725997820586e-05
-6.727874276099685e-05
-6.788565140472438e-05
-6.84980348548787e-05
-6.911594249865732e-05
-6.97394241687682e-05
-7.036853014757372e-05
-7.100331117098734e-05
-7.16438184323626e-05
-7.229010358708468e-05
-7.294221875609993e-05
-7.360021653106917e-05
-7.426414997789652e-05
-7.493407264117977e-05
-7.561003854802059e-05
-7.629210221388828e-05
-7.698031864543289e-05
-7.767474334564948e-05
-7.837543231797133e-05
-7.908244207116024e-05
-7.979582962369192e-05
-8.051565250874514e-05
-8.124196877801713e-05
-8.197483700725025e-05
-8.271431630027773e-05
-8.346046629444212e-05
-8.421334716459295e-05
-8.49730196287531e-05
-8.573954495249799e-05
-8.6512984954239e-05
-8.729340200990215e-05
-8.808085905830223e-05
-8.887541960596085e-05
-8.967714773206966e-05
-9.048610809391834e-05
-9.13023659321377e-05
-9.212598707576228e-05
-9.295703794784453e-05
-9.379558557049897e-05
-9.464169757069463e-05
-9.549544218518405e-05
-9.635688826614068e-05
-9.722610528709207e-05
-9.810316334804943e-05
-9.89881331818657e-05
-9.988108615888462e-05
-0.00010078209429342745
-0.00010169123024966623
-0.00010260856734728888
-0.00010353417956700638
-0.00010446814155700698
-0.00010541052863903924
-0.0001063614168144828
-0.00010732088276988605
-0.00010828900388376432
-0.00010926585823275298
-0.00011025152459762772
-0.0001112460824698162
-0.00011224961205788487
-0.00011326219429394762
-0.00011428391084033259
-0.00011531484409581011
-0.00011635507720256255
-0.00011740469405297947
-0.0001184637792958689
-0.00011953241834369247
-0.00012061069737940542
-0.00012169870336361513
-0.00012279652404138664
-0.00012390424794901905
-0.00012502196442161918
-0.00012614976360050505
-0.00012728773643970578
-0.00012843597471367347
-0.000129594571025049
-0.00013076361881161544
-0.00013194321235430312
-0.00013313344678416605
-0.00013433441809069586
-0.00013554622312913033
-0.0001367689596284988
-0.00013800272619954752
-0.0001392476223424288
-0.00014050374845485562
-0.00014177120584018968
-0.00014305009671569408
-0.00014434052422066706
-0.0001456425924247569
-0.00014695640633645326
-0.0001482820719117132
-0.00014961969606214513
-0.0001509693866636664
-0.00015233125256519848
-0.00015370540359796827
-0.00015509195058379744
-0.00015649100534444622
-0.00015790268071004358
-0.0001593270905285367
-0.00016076434967494024
-0.00016221457406057267
-0.000163677880642405
-0.00016515438743235924
-0.00016664421350709322
-0.00016814747901744962
-0.00016966430519792675
-0.00017119481437656244
-0.00017273912998511858
-0.00017429737656880507
-0.0001758696797963974
-0.0001774561664699288
-0.00017905696453549447
-0.00018067220309372542
-0.00018230201240942393
-0.00018394652392254615
-0.00018560587025883378
-0.00018728018524034963
-0.00018896960389633966
-0.00019067426247421982
-0.00019239429845028508
-0.00019412985054126464
-0.0001958810587150983
-0.0001976480642022347
-0.00019943100950721443
-0.0002012300384199848
-0.0002030452960275232
-0.00020487692872586704
-0.00020672508423170933
-0.0002085899115942015
-0.00021047156120689373
-0.00021237018482019032
-0.00021428593555305932
-0.00021621896790595196
-0.00021816943777304052
-0.0002201375024549015
-0.00022212332067090158
-0.00022412705257248214
-0.0002261488597555167
-0.00022818890527345526
-0.00023024735365088965
-0.00023232437089631876
-0.0002344201245161881
-0.00023653478352771758
-0.00023866851847265442
-0.00024082150143152911
-0.00024299390603695547
-0.0002451859074878112
-0.000247397682563364
-0.0002496294096377687
-0.0002518812686943477
-0.0002541534413397547
-0.0002564461108189493
-0.00025875946203004346
-0.00026109368153891184
-0.0002634489575945112
-0.0002658254801438587
-0.00026822344084739624
-0.0002706430330945851
-0.00027308445201959975
-0.0002755478945167222
-0.00027803355925627433
-0.00028054164670071905
-0.0002830723591208421
-0.0002856259006117361
-0.00028820247710965386
-0.00029080229640899386
-0.00029342556817793454
-0.00029607250397591903
-0.00029874331727144964
-0.00030143822345803887
-0.00030415743987236574
-0.00030690118581168965
-0.0003096696825508746
-0.0003124631533603767
-0.00031528182352602905
-0.00031812592036519
-0.0003209956732451876
-0.00032389131360326584
-0.0003268130749645387
-0.0003297611929606221
-0.0003327359053478023
-0.00033573745202791414
-0.00033876607506644254
-0.00034182201871393994
-0.0003449055294229166
-0.000348016855869849
-0.00035115624897508104
-0.0003543239619202281
-0.00035752025017302363
-0.00036074537150366067
-0.000363999586010461
-0.0003672831561348385
-0.00037059634668896134
-0.00037393942487289403
-0.0003773126602951149
-0.0003807163250003692
-0.0003841506934847006
-0.0003876160427229711
-0.0003911126521862697
-0.0003946408038690329
-0.0003982007823082178
-0.00040179287460581647
-0.0004054173704576181
-0.0004090745621679573
-0.00041276474468076706
-0.000416488215600053
-0.00042024527521448973
-0.00042403622652372873
-0.00042786137525724745
-0.0004317210299111681
-0.000435615501751412
-0.0004395451048680919
-0.00044351015616836864
-0.00044751097542935873
-0.0004515478853063708
-0.00045562121137013344
-0.0004597312821095121
-0.0004638784290576411
-0.00046806298651591696
-0.00047228529180340633
-0.0004765456856212583
-0.00048084451093605564
-0.00048518211449818526
-0.000489558845684605
-0.0004939750572811977
-0.0004984311047727835
-0.0005029273468574762
-0.0005074641466233647
-0.0005120418683394522
-0.0005166608816726602
-0.0005213215579131074
-0.0005260242730964228
-0.0005307694056702692
-0.0005355573371022475
-0.0005403884546481576
-0.0005452631462562244
-0.000550181805282067
-0.0005551448271078054
-0.000560152613726261
-0.0005652055668915389
-0.0005703040952767882
-0.0005754486106479649
-0.000580639527580916
-0.0005858772649288219
-0.0005911622444033191
-0.0005964948957442023
-0.000601875642670195
-0.0006073049257662253
-0.0006127831781293486
-0.0006183108417933123
-0.0006238883644860162
-0.000629516194244594
-0.0006351947887536527
-0.0006409246025534278
-0.0006467061049118757
-0.000652539761152668
-0.0006584260381957266
-0.0006643654217706936
-0.0006703583815518659
-0.0006764054044003651
-0.0006825069780943692
-0.0006886635869398817
-0.0006948757421018373
-0.00070114391208378
-0.0007074686526082485
-0.0007138504077733597
-0.0007202897757782369
-0.000726787183493569
-0.0007333432589003635
-0.0007399584222559218
-0.0007466333178827685
-0.0007533683799778021
-0.0007601642312066993
-0.00076702137223376
-0.0007739403627055276
-0.0007809217914666282
-0.0007879661391761471
-0.0007950741590351655
-0.0008022460164292455
-0.0008094834288417761
-0.0008167835197432395
-0.0008241490360208795
-0.0008315809875904826
-0.0008390767055737787
-0.000846640370343805
-0.0008542688331212719
-0.0008619661779150013
-0.0008697280476569084
-0.0008775576592745075
-0.0008854583246625616
-0.0008934259397812882
-0.0009014656386116815
-0.0009095697954294652
-0.0009177503743470654
-0.0009259985255867271
-0.0009343184004152532
-0.0009427134662427691
-0.0009511849977283915
-0.000959726499026045
-0.0009683474979954228
-0.000977048998427152
-0.0009858244780892303
-0.0009946861686854738
-0.0010036249819248852
-0.0010126502142197057
-0.0010217444436465778
-0.0010309370897918868
-0.0010401971239093017
-0.001049548251478273
-0.0010589721115235075
-0.0010685032828895136
-0.0010780782838547241
-0.0010878133865185585
-0.0010975599916462542
-0.0011074967262097602
-0.0011174226839497613
-0.0011275576123883247
-0.0011376737119659815
-0.0011479698103799246
-0.0011582876872897451
-0.0011687338920002774
-0.001179250844988238
-0.001189848324437648
-0.0012005815217224253
-0.0012113401593284528
-0.0012222870744382278
-0.0012332303793674165
-0.0012443760453828903
-0.0012555440769217406
-0.0012668714513516888
-0.0012782523786632844
-0.0012897194408124247
-0.0013013662576581994
-0.0013129495574065678
-0.0013248793883091762
-0.0013366034205163292
-0.0013488242844377878
-0.001360749190394844
-0.0013731925890790508
-0.0013855997383275362
-0.0013973595038841219
-0.0014143462015449686
-0.0013974891355056536
-0.0014083404726544443
-0.0014158057549437386
-0.0014266193089964227
-0.0014416060190860554
-0.0014294434899451798
-0.001437683331228113
-0.001427819934944334
-0.0014274605177301662
-0.0014209407690144015
-0.0014446058588136832
-0.0014218070415898919
-0.0014372693411247766
-0.0014221231430536843
-0.0014599033310005588
-0.001396774682202586
-0.0014778995369683513
-0.0014009611187412053
-0.0014901807377764864
-0.0014334985499324052
-0.0015695295306944277
-0.0014561572628806246
-0.0016008059516998251
-0.0014779939026081032
-0.001590348052423625
-0.0014854246143488452
-0.0016012977115395406
-0.0015202519112048566
-0.0015831640768743296
-0.0016395586105840418
-0.0016096345682272432
-0.0017566773329948922
-0.0017276318721108823
-0.0017945020517847127
-0.0017883105950393429
-0.0018235431087137463
-0.0017995969621779464
-0.001821026608533068
-0.0017717468489201358
-0.0018037251935831239
-0.0017651407366466015
-0.0017908888023211791
-0.0017622786918767008
-0.0018062110125750541
-0.001768792390110241
-0.001797920112628193
-0.0017137344102050721
-0.001742431909462397
-0.0016739894616398868
-0.0017031312458562764
-0.001633844294671588
-0.0016501961118132874
-0.0016528215327896636
-0.0017022588580540426
-0.0017529642384312982
-0.0018302213070322537
-0.0018982195038440702
-0.0019122373309385585
-0.0019529772894601796
-0.001977490505817081
-0.0019302171285834335
-0.0019199406388780297
-0.0016968380544596237
-0.0017479619873839033
-0.001787942258830083
-0.0018373192839687567
-0.0018448149163252474
-0.0018573132008215126
-0.0018682883303109512
-0.0018745225869312627
-0.001880941337949295
-0.0018738063230576774
-0.0018728302849746964
-0.0018606728736470326
-0.001890520969298831
-0.001866437059621193
-0.0019000208919298061
-0.0018715182912200244
-0.0018878394262919786
-0.0018820011856555583
-0.0018913948471418114
-0.0018889860904375863
-0.0018965885510367454
-0.0019261277900281348
-0.0019464290364867923
-0.001987371892584233
-0.002054381013013514
-0.0021203367429366627
-0.0022091011756716324
-0.0022530146470793634
-0.002312614810653505
-0.0023439295555391345
-0.002368095283268673
-0.0024110924825757676
-0.002401615366219555
-0.0024378909461186763
-0.0023541053897235212
-0.0023428980989841607
-0.0022731300261824867
-0.002490307735323981
-0.0023253192421098944
-0.002423564263348495
-0.0023615878450228005
-0.0026206235321129846
-0.002292250700705849
-0.0024617651976443656
-0.0017647749266569376
-0.002683042227484913
-0.0015773193682520957
-0.003586421535419987
-0.0006847457455685509
-0.005779361245393732
0.052683047103945654
0.12999101621740314
0.1712365415995188
0.18371747382431453
0.12760889791766206
0.0490010734204346
-0.03047065834717877
-0.07617009705377165
-0.07300102307315899
-0.050537149641998944
-0.054202535347272686
-0.04582869360429313
-0.06186968816506368
-0.07420754291734818
-0.07507979267162765
-0.026568753287418798
0.018871035865137265
0.02459574049121101
0.005707812507445021
0.0035264622443280306
0.012553049890628748
0.007779648741693341
0.006855698903407161
0.02530393751586779
0.03330014621192277
0.025080939766478048
0.008733285726064065
0.004487512522937894
0.005827174307211249
0.002015805568800412
0.0038219406367626975
0.006792609096472831
0.011596377036159043
0.003403963350433574
-0.011141590053875194
-0.022114602226627617
-0.01851010070803035
-0.005020574963111181
0.003944058068475351
0.008612039013976908
0.007418685436287311
0.0010266829810446783
-0.012109687717706926
-0.015050233978329594
-0.005437126121596224
0.008939895241700734
0.013505122373628258
0.006545341399270451
-0.00016519352733065029
-0.005019736100887541
-0.006750423658057025
-0.002681462146417451
0.00447681899874618
0.010802152240434
0.0074398978991460345
-0.0030964443885698554
-0.00590115111865855
-0.003432326532436642
0.0028043505372266995
0.0041569224510923574
0.004570585875044444
0.004249410675486059
-0.0002590255340029885
-0.004384427753442693
-0.004690132516833633
0.0014573800077606652
0.006193208587041971
0.0052973322293770895
0.0008954482515724313
-0.0041053599822341805
-0.0071573203734156595
-0.009874710820630773
-0.009633810801447179
-0.006731031869992623
-0.0037546967941543764
-0.0027760889208602053
-0.0041872857736843065
-0.0030045889707213686
-0.0005623825044617529
0.0027690665937793396
0.0033836860244223187
0.0037829840299624658
0.006310127159386309
0.007561951282594413
0.005019049022074512
0.00037529605097807615
-0.0018130419808942623
-0.0019160342895197242
-0.0016068405703564062
-0.0005329337281510846
0.0007608075456635319
0.0008524201428735236
-0.0015218440246159764
-0.0038184099696898315
-0.003023239928567083
-0.0006336609439389754
0.00024993222728665913
-0.0008065004463105809
-0.002501670221618733
-0.003488554171794856
-0.0035105073073898843
-0.0028380003063482825
-0.00046751557605387756
0.0016301749137572767
0.0014841677349202323
0.00041817018022132944
0.0003162078599031103
0.0014512423373596553
0.0024018298558787033
0.0015859847193253227
0.0002591867297022266
-0.0005226696649132936
-0.0009887679416472938
-0.001412464040723605
-0.0019200479298085195
-0.001459760111172889
-0.0009243571732835032
-0.0008922578313942158
-0.001107880676878958
-0.0011994579380969566
-0.0008578936089469963
-0.0007563788786928954
-0.0007195533272408485
-0.0005899414558850004
0.00019754264986759893
0.0015051944464817774
0.00132725012869012
0.0006223030613729192
0.0007965550409861404
0.0015252976337695172
0.0007783367548800627
-0.0004617662569713979
-0.0014986859905965037
-0.0011956860314105008
-0.0013823022471666326
-0.0012830711748564863
-0.0017008023465035324
-0.001165993331003568
-0.00043968140501765703
0.0011462551967426717
0.0013438432041537047
0.0010039267099611756
0.00043261749998051375
0.0009040450460271825
0.0012508707421051612
0.000897575340407658
0.00022017608461813475
-0.0003434782642541558
-0.00047374747581886017
-9.830582154880574e-05
-3.485502861524931e-05
-0.00015777241383792794
-0.0003305228700531233
-7.123198658316363e-05
-2.7154434145709337e-06
-0.00031467083544375576
-0.00048702236226159
-0.0001981867656779271
0.00018857453925293685
0.0003304254387285618
0.0002939890173265983
0.0003555902017839845
0.00041854967926506406
0.00041174928512272707
0.00043147083441165044
0.0004033842212466325
0.0001953874143972865
-5.704903802734401e-05
0.00010005331845842859
-0.00011799083125740251
3.9953515252417516e-05
-0.0001186965867920807
-2.5626885438854617e-06
-0.00010015603441160411
-7.468679084160612e-06
-7.711985217881505e-05
-5.4522245984988445e-06
-5.858427861753397e-05
-9.881327096754097e-06
-4.883826053983986e-05
4.0790032595478096e-06
-3.103503595155593e-05
1.0451912485326745e-05
-2.069213045195463e-05
1.366544496935925e-05
-1.6199329933048952e-05
1.526774964072623e-05
-1.045016637788766e-05
1.6208694237738563e-05
-7.003272433222087e-06
1.3020221011887618e-05
-4.787137157269205e-06
9.621721506014027e-06
-4.1799075674456634e-06
6.138580894893969e-06
-4.434797635587129e-06
3.556767213979458e-06
-4.7047157243059e-06
2.0215061076006525e-06
-4.58138322663058e-06
9.471229570441261e-07
-4.488631298573721e-06
1.5495508722787772e-07
-4.155070798361358e-06
-3.359221731021652e-07
-3.7235714511383265e-06
-6.286548162123969e-07
-3.2634092428891824e-06
-8.468041888177904e-07
-2.84962488226781e-06
-1.002113326707666e-06
-2.5222835724801954e-06
-1.1379484110114139e-06
-2.301503608427276e-06
-1.2434104327502878e-06
-2.1569945510694407e-06
-1.3401218692182327e-06
-2.0753439950763845e-06
-1.4412771872223957e-06
-2.039036527949704e-06
-1.5476380762869204e-06
-2.0260028464998614e-06
-1.6487640073614262e-06
-2.0270673171386656e-06
-1.7417621733061667e-06
-2.036322167897251e-06
-1.8233025836685967e-06
-2.051279048333036e-06
-1.8939665392527037e-06
-2.070262752423618e-06
-1.9549564245784805e-06
-2.092456862761306e-06
-2.00802100583299e-06
-2.1169479248713333e-06
-2.055767985404539e-06
-2.1438933192629596e-06
-2.1006257742288187e-06
-2.173099030921817e-06
-2.1441190809774177e-06
-2.2045122914078434e-06
-2.1871013120371944e-06
-2.2381136471047084e-06
-2.23007448003577e-06
-2.2738744121501733e-06
-2.2732452658494426e-06
-2.31163642751152e-06
-2.3167553440596347e-06
-2.351169131312503e-06
-2.360656116792107e-06
-2.392193714397767e-06
-2.404994405428063e-06
-2.4344770101454105e-06
-2.4498232613341344e-06
-2.4778536704515858e-06
-2.4952014988781254e-06
-2.5222105032971805e-06
-2.5411757148395987e-06
-2.567487271814238e-06
-2.5877933758303856e-06
-2.6136616305613702e-06
-2.6350999918277156e-06
-2.6607343618794983e-06
-2.683142013018276e-06
-2.7087147053020226e-06
-2.7319645676689673e-06
-2.7576137511180036e-06
-2.78160897299669e-06
-2.8074412114422343e-06
-2.832111717912837e-06
-2.8582072274349786e-06
-2.8835040608381733e-06
-2.9099222305806888e-06
-2.9358120876823903e-06
-2.9625973700218465e-06
-2.9890578440429317e-06
-3.0162447216264536e-06
-3.0432610427809153e-06
-3.070877504239664e-06
-3.098440284803343e-06
-3.1265099943223774e-06
-3.1546140220712563e-06
-3.183157467232531e-06
-3.2118009505716343e-06
-3.240836095717484e-06
-3.2700201772181735e-06
-3.2995629365044826e-06
-3.3292912066304594e-06
-3.3593559030205755e-06
-3.389633875230968e-06
-3.4202336611004284e-06
-3.4510682675479914e-06
-3.48221551163964e-06
-3.513614700263474e-06
-3.545321282349799e-06
-3.577293732080105e-06
-3.6095712470888696e-06
-3.6421261898087007e-06
-3.6749860733579283e-06
-3.708133192554641e-06
-3.7415868033428184e-06
-3.7753361776272367e-06
-3.8093948543496464e-06
-3.843756919527175e-06
-3.878432030865583e-06
-3.913417550113491e-06
-3.948720539679148e-06
-3.984340575199777e-06
-4.020283002835337e-06
-4.056548891944161e-06
-4.093142466531888e-06
-4.130065802729777e-06
-4.167322407140227e-06
-4.204915028427055e-06
-4.242846736209093e-06
-4.281120718784898e-06
-4.319739805981257e-06
-4.358707462386052e-06
-4.398026415349421e-06
-4.437700293610276e-06
-4.477731815137316e-06
-4.518124700039912e-06
-4.558881715956099e-06
-4.600006630580528e-06
-4.641502295788511e-06
-4.683372503674617e-06
-4.725620207926621e-06
-4.768249215064213e-06
-4.811262588181198e-06
-4.854664146636983e-06
-4.898457064636335e-06
-4.942645176415705e-06
-4.987231765986853e-06
-5.0322206869194515e-06
-5.077615330548104e-06
-5.123419574842577e-06
-5.169636915368391e-06
-5.216271260347679e-06
-5.263326206292589e-06
-5.310805697190946e-06
-5.358713426980265e-06
-5.4070533814243055e-06
-5.455829348867303e-06
-5.505045362212951e-06
-5.554705301268027e-06
-5.604813251309268e-06
-5.655373181351654e-06
-5.70638923353004e-06
-5.757865464133864e-06
-5.8098060765396755e-06
-5.862215213224987e-06
-5.915097142377909e-06
-5.9684560916798055e-06
-6.022296397531658e-06
-6.076622372517259e-06
-6.131438424161219e-06
-6.186748949784174e-06
-6.242558430861718e-06
-6.298871349885108e-06
-6.35569226472241e-06
-6.413025743244594e-06
-6.470876422129732e-06
-6.529248955529326e-06
-6.588148061192821e-06
-6.647578480147931e-06
-6.707545013241137e-06
-6.768052489666842e-06
-6.829105795359315e-06
-6.890709848662987e-06
-6.952869622593293e-06
-7.0155901259643435e-06
-7.078876420759522e-06
-7.142733607422335e-06
-7.2071668388723215e-06
-7.27218130893402e-06
-7.3377822631739975e-06
-7.403974990135296e-06
-7.4707648298833265e-06
-7.538157167272979e-06
-7.6061574386507205e-06
-7.674771126803953e-06
-7.744003766346026e-06
-7.813860939792075e-06
-7.884348281808092e-06
-7.955471476343672e-06
-8.027236259882612e-06
-8.099648419506556e-06
-8.172713795560069e-06
-8.24643828018618e-06
-8.320827819478725e-06
-8.395888412412664e-06
-8.471626112693288e-06
-8.548047028160595e-06
-8.625157322149184e-06
-8.702963213173256e-06
-8.781470976282953e-06
-8.860686942811194e-06
-8.940617501468286e-06
-9.02126909832642e-06
-9.102648237818006e-06
-9.184761482908602e-06
-9.267615455874068e-06
-9.351216838617699e-06
-9.435572373413335e-06
-9.520688863270412e-06
-9.606573172702988e-06
-9.69323222804199e-06
-9.780673018133226e-06
-9.868902594832758e-06
-9.957928073699163e-06
-1.0047756634323779e-05
-1.0138395521139525e-05
-1.022985204393958e-05
-1.0322133578553275e-05
-1.0415247567212987e-05
-1.0509201519288362e-05
-1.0604003011928593e-05
-1.0699659690669577e-05
-1.0796179269995966e-05
-1.0893569533948315e-05
-1.0991838336805483e-05
-1.109099360370805e-05
-1.119104333127609e-05
-1.1291995588220125e-05
-1.139385851609909e-05
-1.1496640329924446e-05
-1.1600349318845602e-05
-1.1704993846693278e-05
-1.1810582352755547e-05
-1.1917123352523902e-05
-1.2024625438257627e-05
-1.2133097279690814e-05
-1.224254762476957e-05
-1.2352985300414588e-05
-1.2464419213204631e-05
-1.2576858349970808e-05
-1.2690311778578854e-05
-1.2804788648809474e-05
-1.2920298192963735e-05
-1.303684972660222e-05
-1.3154452649275514e-05
-1.3273116445375132e-05
-1.3392850684869101e-05
-1.351366502399518e-05
-1.3635569206089774e-05
-1.3758573062444336e-05
-1.3882686513034463e-05
-1.4007919567265314e-05
-1.4134282324846292e-05
-1.426178497665638e-05
-1.4390437805454626e-05
-1.4520251186790623e-05
-1.465123558973963e-05
-1.4783401577858624e-05
-1.4916759810074467e-05
-1.505132104131883e-05
-1.518709612361932e-05
-1.5324096006887056e-05
-1.5462331739843002e-05
-1.5601814470904418e-05
-1.5742555448934256e-05
-1.5884566024363528e-05
-1.6027857650043054e-05
-1.6172441881957085e-05
-1.631833038058376e-05
-1.6465534911385164e-05
-1.6614067346080617e-05
-1.6763939663365498e-05
-1.6915163949939504e-05
-1.7067752401794898e-05
-1.72217173247366e-05
-1.7377071135777885e-05
-1.7533826363854538e-05
-1.7691995650887383e-05
-1.7851591752801967e-05
-1.8012627540591516e-05
-1.8175116001257693e-05
-1.8339070239226356e-05
-1.85045034768246e-05
-1.867142905601581e-05
-1.88398604389242e-05
-1.9009811209096052e-05
-1.918129507253103e-05
-1.9354325858992423e-05
-1.9528917523045164e-05
-1.9705084145030314e-05
-1.988283993233802e-05
-2.0062199220531075e-05
-2.0243176474540794e-05
-2.0425786289683667e-05
-2.0610043392909607e-05
-2.0795962644151993e-05
-2.098355903729955e-05
-2.1172847701559413e-05
-2.1363843902582735e-05
-2.155656304370318e-05
-2.175102066731652e-05
-2.1947232455864045e-05
-2.2145214233360868e-05
-2.2344981966497985e-05
-2.254655176603252e-05
-2.27499398881172e-05
-2.2955162735499297e-05
-2.3162236858851644e-05
-2.3371178958203837e-05
-2.3582005884231733e-05
-2.3794734639525478e-05
-2.40093823801395e-05
-2.4225966416827483e-05
-2.4444504216648402e-05
-2.4665013404068432e-05
-2.488751176255328e-05
-2.5112017236084182e-05
-2.533854793048025e-05
-2.5567122114857066e-05
-2.5797758223151945e-05
-2.6030474855560926e-05
-2.626529078013362e-05
-2.6502224934199167e-05
-2.674129642581298e-05
-2.698252453551056e-05
-2.7225928717754255e-05
-2.7471528602515324e-05
-2.7719343996718965e-05
-2.796939488607618e-05
-2.822170143659472e-05
-2.8476283996207996e-05
-2.8733163096279074e-05
-2.8992359453456837e-05
-2.925389397130662e-05
-2.951778774191137e-05
-2.9784062047638008e-05
-3.005273836278186e-05
-3.032383835546498e-05
-3.0597383889257234e-05
-3.087339702488568e-05
-3.115190002210642e-05
-3.143291534150189e-05
-3.1716465646257005e-05
-3.20025738039611e-05
-3.229126288850398e-05
-3.2582556181944434e-05
-3.2876477176359015e-05
-3.317304957576369e-05
-3.347229729789279e-05
-3.377424447638215e-05
-3.40789154625056e-05
-3.4386334827206724e-05
-3.469652736308188e-05
-3.500951808632982e-05
-3.532533223891683e-05
-3.56439952904627e-05
-3.5965532940286735e-05
-3.628997111957918e-05
-3.661733599351432e-05
-3.694765396324495e-05
-3.728095166807138e-05
-3.7617255987631255e-05
-3.7956594044012996e-05
-3.8298993204065844e-05
-3.864448108124104e-05
-3.899308553827072e-05
-3.934483468922526e-05
-3.9699756901866515e-05
-4.005788079987252e-05
-4.0419235264938696e-05
-4.0783849439507414e-05
-4.115175272866728e-05
-4.152297480280098e-05
-4.189754560002864e-05
-4.2275495328638604e-05
-4.265685446929314e-05
-4.304165377770359e-05
-4.3429924286835e-05
-4.382169730988961e-05
-4.421700444217326e-05
-4.461587756427951e-05
-4.501834884436742e-05
-4.5424450740858745e-05
-4.583421600481952e-05
-4.624767768265036e-05
-4.6664869119005076e-05
-4.708582395940818e-05
-4.751057615272076e-05
-4.793915995411017e-05
-4.837160992780549e-05
-4.880796094992369e-05
-4.924824821097478e-05
-4.969250721898399e-05
-5.0140773802332165e-05
-5.0593084112594095e-05
-5.104947462750073e-05
-5.150998215372449e-05
-5.197464383010575e-05
-5.244349713043198e-05
-5.291657986654591e-05
-5.3393930191289116e-05
-5.3875586601763144e-05
-5.4361587942405024e-05
-5.485197340804218e-05
-5.5346782547010815e-05
-5.584605526442598e-05
-5.634983182536141e-05
-5.6858152858077355e-05
-5.737105935734649e-05
-5.788859268778879e-05
-5.841079458722984e-05
-5.8937707169954114e-05
-5.946937293011596e-05
-6.000583474519494e-05
-6.0547135879451145e-05
-6.109331998746184e-05
-6.164443111761168e-05
-6.220051371563892e-05
-6.276161262827877e-05
-6.332777310670514e-05
-6.389904081027602e-05
-6.447546181028907e-05
-6.50570825936017e-05
-6.564395006653823e-05
-6.623611155843405e-05
-6.683361482569467e-05
-6.743650805545663e-05
-6.804483986952502e-05
-6.865865932828493e-05
-6.927801593470628e-05
-6.990295963835139e-05
-7.053354083935535e-05
-7.116981039248244e-05
-7.181181961131227e-05
-7.245962027225444e-05
-7.311326461884287e-05
-7.37728053657809e-05
-7.443829570340628e-05
-7.510978930181858e-05
-7.578734031525665e-05
-7.647100338652939e-05
-7.716083365131489e-05
-7.785688674270716e-05
-7.855921879560099e-05
-7.926788645131426e-05
-7.998294686215621e-05
-8.070445769595602e-05
-8.143247714068958e-05
-8.216706390928776e-05
-8.290827724433385e-05
-8.365617692281479e-05
-8.441082326094708e-05
-8.517227711904354e-05
-8.594059990643112e-05
-8.671585358644649e-05
-8.749810068133524e-05
-8.828740427736141e-05
-8.908382802985573e-05
-8.98874361683776e-05
-9.069829350190914e-05
-9.151646542399734e-05
-9.234201791812383e-05
-9.317501756303515e-05
-9.401553153809861e-05
-9.486362762867192e-05
-9.571937423156812e-05
-9.658284036059638e-05
-9.745409565208469e-05
-9.833321037053949e-05
-9.922025541434453e-05
-0.00010011530232150443
-0.0001010184232752687
-0.00010192969111005079
-0.000102849179317276
-0.0001037769620514072
-0.0001047131141357193
-0.00010565771106852751
-0.00010661082902922302
-0.00010757254488444016
-0.00010854293619407711
-0.00010952208121769405
-0.00011051005892089081
-0.00011150694898161563
-0.00011251283179651784
-0.00011352778848747479
-0.0001145519009082027
-0.00011558525165083114
-0.00011662792405246048
-0.00011768000220195899
-0.00011874157094679687
-0.00011981271589983004
-0.00012089352344623682
-0.00012198408075036782
-0.00012308447576291092
-0.0001241947972279483
-0.00012531513469013825
-0.00012644557850182081
-0.00012758621983043278
-0.00012873715066584273
-0.00012989846382775586
-0.00013107025297317187
-0.00013225261260390103
-0.00013344563807428877
-0.000134649425598831
-0.0001358640722599398
-0.00013708967601576736
-0.00013832633570821874
-0.000139574151070756
-0.00014083322273656274
-0.00014210365224660653
-0.0001433855420578242
-0.00014467899555144562
-0.00014598411704117714
-0.00014730101178172866
-0.00014862978597743825
-0.0001499705467905599
-0.0001513234023500687
-0.00015268846176037017
-0.0001540658351100654
-0.00015545563348087353
-0.000156857968956475
-0.00015827295463172902
-0.00015970070462166747
-0.00016114133407072161
-0.00016259495916202336
-0.00016406169712675879
-0.0001655416662536756
-0.00016703498589853212
-0.00016854177649379496
-0.00017006215955831828
-0.0001715962577071713
-0.00017314419466151956
-0.00017470609525852823
-0.0001762820854615824
-0.00017787229237028763
-0.00017947684423077042
-0.00018109587044605352
-0.0001827295015865335
-0.00018437786940049474
-0.00018604110682456088
-0.00018771934799482147
-0.00018941272825729883
-0.00019112138417885403
-0.00019284545355849705
-0.0001945850754382438
-0.00019634039011453479
-0.00019811153914914693
-0.0001998986653814005
-0.0002017019129385527
-0.00020352142724817588
-0.00020535735505013445
-0.00020720984440803452
-0.00020907904472110102
-0.0002109651067364428
-0.00021286818256158663
-0.000214788425675186
-0.00021672599094197878
-0.00021868103462247833
-0.00022065371438858682
-0.00022264418933274109
-0.0002246526199839434
-0.00022667916831837972
-0.00022872399777229655
-0.00023078727325851134
-0.00023286916117357348
-0.00023496982941949697
-0.0002370894474081294
-0.0002392281860846972
-0.00024138621793111907
-0.0002435637169895513
-0.00024576085887059984
-0.00024797782076891066
-0.00025021478147869167
-0.00025247192140381565
-0.0002547494225826211
-0.00025704746868308
-0.00025936624504541844
-0.000261705938664356
-0.00026406673823940285
-0.00026644883415415804
-0.00026885241852609267
-0.0002712776851949172
-0.0002737248297504176
-0.0002761940495569239
-0.0002786855437382468
-0.000281199513241991
-0.0002837361607922156
-0.00028629569098635255
-0.0002888783102136649
-0.00029148422676516226
-0.0002941136508253559
-0.00029676679432293453
-0.0002994438713586641
-0.0003021450977941923
-0.0003048706912177421
-0.000307620871822306
-0.000310395861109787
-0.00031319588301879377
-0.0003160211632695536
-0.0003188719301430818
-0.00032174841359172923
-0.00032465084504848865
-0.00032757946025612275
-0.00033053449422107493
-0.0003335161860871658
-0.00033652477625316227
-0.0003395605078491189
-0.000342623625277744
-0.0003457143755039219
-0.0003488330091849291
-0.00035197977651024915
-0.0003551549330882016
-0.00035835873443664624
-0.00036159144186372126
-0.00036485331367063585
-0.0003681446182860996
-0.0003714656182057574
-0.0003748165842054419
-0.0003781977870130228
-0.00038160949695735806
-0.0003850519939000632
-0.0003885255464034133
-0.0003920304456805295
-0.0003955669602545139
-0.00039913538656336563
-0.00040273600226315055
-0.00040636910615164743
-0.00041003498324886496
-0.0004137339351334685
-0.0004174662597993977
-0.00042123225366459053
-0.00042503223034489907
-0.0004288664806808148
-0.00043273533749846555
-0.0004366390791038918
-0.00044057805884547944
-0.0004445525545528745
-0.00044856292123925513
-0.00045260945391388985
-0.000456692500662249
-0.0004608123769659168
-0.00046496941834350304
-0.00046916397186592463
-0.0004733963517726972
-0.00047766692271459165
-0.000481976010270124
-0.00048632396825273736
-0.0004907111391098656
-0.0004951378647980991
-0.0004996045410292175
-0.0005041114446061132
-0.0005086589814421107
-0.0005132477912376937
-0.0005178767272061523
-0.0005225491261720799
-0.0005272624845727861
-0.0005320174092277282
-0.0005368175782753653
-0.0005416591795898466
-0.000546546505929622
-0.0005514764849258017
-0.0005564554147922215
-0.000561477106967516
-0.0005665446999336365
-0.0005716625949217862
-0.0005768232017418065
-0.0005820333692024035
-0.0005872883944367802
-0.0005925947994844723
-0.0005979443751039014
-0.0006033504823625962
-0.0006087999661433807
-0.0006143113091395028
-0.0006198663883217582
-0.0006254866258920094
-0.0006311553310596708
-0.0006368808640718548
-0.0006426690330816086
-0.0006484958674757113
-0.0006543952577299782
-0.0006603260959220085
-0.0006663300120500861
-0.0006723630999124056
-0.0006784666878793177
-0.0006846085000656453
-0.0006908161127681854
-0.0006970641008711012
-0.0007033792425583931
-0.0007097511790894642
-0.0007161663572710438
-0.0007226665534174996
-0.0007291879529736072
-0.0007358128116124957
-0.0007424485511130581
-0.0007491903606481559
-0.0007559541342612179
-0.0007628014398239067
-0.0007697054843010731
-0.0007766623257369702
-0.0007837083342919918
-0.000790767817854786
-0.0007979800033239301
-0.0008051123141829108
-0.0008125072905935324
-0.0008197145028349404
-0.0008272935920732037
-0.0008345059565443356
-0.0008423580024323816
-0.0008494912945249721
-0.0008576832968816535
-0.0008646513874419706
-0.0008733309617845121
-0.0008800178137219859
-0.0008890015046470342
-0.0008971478086886107
-0.0008947949546991019
-0.0009209231631794618
-0.0009126308704545567
-0.0009266729815395856
-0.0009383441944250848
-0.0009503130993120889
-0.0009650201945236329
-0.0009790680165367672
-0.0009941468311300211
-0.0010006527042704712
-0.0010123001381032101
-0.0010275612894853105
-0.0010402830075512941
-0.0010377297541935544
-0.0010668600324186405
-0.0010610786260619209
-0.00111696601266446
-0.0011216542385955926
-0.0011565785090971708
-0.0011928413371368066
-0.0012244415453463598
-0.0012766615848712488
-0.0012776517061624457
-0.001324395517801063
-0.0013156880846927213
-0.0013526197189227028
-0.0013408304171097108
-0.0013596557493570317
-0.0013602356123400836
-0.0013658286495313319
-0.001368224419393902
-0.0013743374772860698
-0.0013788016669713911
-0.0013649692845287206
-0.001393635127090836
-0.0013844007636683742
-0.0014100444896715672
-0.001428420940094599
-0.0014452344924286717
-0.0014591395813765538
-0.001483982637575348
-0.001498354967393209
-0.0015133967995841495
-0.0015368218568810323
-0.0015516431740565093
-0.0015746612427969054
-0.001588134070204633
-0.0015803176678060049
-0.001591299961028035
-0.0015788281841182098
-0.0015738364380000341
-0.0015912170270293846
-0.0015577721255232574
-0.001571760529377575
-0.0015302705371318809
-0.001542542137847304
-0.0015197736707325427
-0.001509173612792701
-0.0015078972855630257
-0.0015137580558231556
-0.0015236518956965525
-0.0015610349278292156
-0.0015950808675768875
-0.0016765369492193968
