0.00010891727148448213
0.00019842458956329643
0.00019049034570045657
0.00023656283798159403
0.00020251240927732675
0.0002852576577305697
0.00018275942098039698
0.00023379394621679696
0.0002201170862087941
0.00023467667571077744
0.00022385685754372403
0.0002610235554993891
0.0002514084082802723
0.00025892023529422935
0.0002685422882839843
0.0002474839474947714
0.00029387685831492466
0.00019260504115126576
0.00027290872597636007
0.00015239937017934128
0.0002167026380374788
0.0001740048263531098
0.0001925268423794359
0.00019877741157221579
0.00018371830420704153
0.0002259264987286855
0.00016313325886230994
0.0003041049998899301
0.0001619812993966655
0.00026806058140307833
0.00018532676152206907
0.0002653748685310085
0.00024272354176309478
0.0003027679419932707
0.00027923709964362885
0.00032008311616148346
0.00034061104789310647
0.00033395832240993824
0.0003699149400965845
0.0003850987976670692
0.0003906759753662328
0.00038720278176231613
0.0004188867238586468
0.000414516081473291
0.0004112466374920972
0.00044391249009031813
0.00045074201415695476
0.0004709769682622686
0.0004538120394248355
0.0004887857531162082
0.00044483512520933707
0.0005239648432515839
0.0004596620752023833
0.0006120625987392065
0.0005580188078515875
0.0006785276037258566
0.0006212929624744505
0.0007236030897305888
0.0006685656377806459
0.0005865373686920759
0.0005665222871720576
0.0005382757874101534
0.0004922873661010468
0.000496798885020614
0.0005986525412159307
0.0006045036411839502
0.0006748970825764043
0.0006851361011555474
0.0007244298222369716
0.0007920810816331751
0.0006646885544293207
0.0007629934361614301
0.0006015968459371913
0.0007565139963837781
0.0005633611964834216
0.0008227262729279057
0.0005926888653440454
0.000949648818351317
0.0006707031890917604
0.0010427888403791888
0.0007011873494851982
0.0011187968973058592
0.0007071887587430862
0.0011220165272941727
0.0007099611918248124
0.0012224175651352335
0.0006195812914888822
0.0012859301693106042
0.000477084725865634
0.0014765254905631177
0.00024895117567072094
0.0016689596968815189
0.00011552745681004286
0.0018162563669323305
0.0002559307233734229
0.00024206007442939163
-0.0002705192655395853
0.0012142628722216125
-0.0010162005471950344
0.0026065488774967265
-0.0005900498556976972
0.004824331069565498
-0.00296319489393969
0.006481364917598766
-0.003997959140475783
0.008383259924091292
-0.00738718572347512
0.010794435057378208
-0.010074590746276958
0.015069062697220408
-0.015487052803538693
0.023251349787200212
-0.028160255020885497
0.0433474168701584
-0.0800808279774401
0.3477330599803322
0.32839335036978623
0.19931404232319216
0.18472009480065163
0.10851005331062291
-0.1612354296702879
-0.3467350736819858
-0.07271192742472402
-0.1107696772539374
-0.22035442184751203
-0.2311037056661436
0.019516077092664584
0.12175712461706302
0.08683041675161476
-0.016588193905047423
-0.11082425036197971
-0.03812295761661613
-0.03748057799351778
0.01701485255577756
0.08888751697415803
0.09672454876818301
0.03307866278476701
-0.043028610404302906
-0.021828831924065522
0.04675271640168862
0.11597326540987535
0.08851735229701631
0.07017743932087904
0.006467091367183167
-0.0463207787121205
-0.06700541926783762
-0.05105241974779344
-0.012953243935262385
-0.017441715704697953
-0.0404709517450636
-0.04771224108591979
-0.06805716971408446
-0.06336689694791381
-0.06854413544699776
0.002731900330553382
0.028451199247034743
0.015963373738427745
0.019695199080031832
0.053554942722907194
0.04578691502841416
0.014359729784151362
0.008313895091440678
0.01610321004975004
0.010352534950899208
0.009239867162036291
0.008849380801265879
0.01641035602528379
-0.005536946602692274
-0.023437219440133095
-0.03827257962742671
-0.016153961461023603
-0.00251213282546585
-0.0034604867117585146
0.004417261938370524
0.00021763969152685872
-0.009352324474322112
-0.021124098879711485
-0.009606920610726339
0.003423983818327367
0.011318448244917505
0.01613404631783875
0.012562151654638361
0.004267656321468971
-0.004705916653703871
-0.010515390883936295
-0.0017178561370602627
0.008305554088615209
0.012208467207620699
0.005630770509918229
0.0006609927876131995
-0.002826324405214463
-0.00787258799300512
-0.00541400389918344
-0.0010814492776981286
0.0034021325675320474
-7.986007106137088e-05
-0.0017066621760027894
-0.0007750773048787601
-0.0005118288047077875
-0.0033174448453087003
-0.0050050953464027175
-0.0024133055608148665
0.002065101866725989
0.0043083332044299115
0.005288305104631082
0.004332397704274902
0.0011644636075238534
-0.003192206830640393
-0.0025882581486865535
0.001486767244552079
0.0044583950137055805
0.0031395355772588355
0.002239184161958143
0.000737639672204469
-0.00238204451421886
-0.0043536091907257
-0.0026772565203371573
0.0012740951959248786
0.0030502677542462928
0.003308993666742586
0.0014921056952350228
3.7968108667244636e-05
-0.0017930490880449733
-0.0024559779520253646
-0.00022271172448445876
0.002496599478777543
0.003640689817494421
0.0024947256558838626
0.001064765523685891
-0.0003702849900452784
-0.0015696559138301189
-0.0012059032554113253
0.0007989037338837456
0.001617475919242468
0.0012994963181642684
-3.142092111762767e-05
-0.00021606951539302236
-0.0010518005001407468
-0.0013190037464455508
-0.0008550497084464122
0.0005447990438587941
0.0019762517913306044
0.0020865668869311993
0.002145769338699694
0.0017975871543285406
0.0008829278009413531
0.00033512900747577904
6.319611636463978e-05
0.0010401480904461738
0.0010741979761219045
0.0006569771452648486
-6.955943590512256e-05
-0.0003845921405158531
-0.0007308916056882523
-0.001090300926177689
-0.000484026836710375
0.0004709899641100619
0.0007850869201258739
0.0009033045605061744
0.00047842658272271167
0.00039208988486111134
-0.00014089520069486124
6.028531791082162e-05
0.0004871985537285626
0.0010427549805753205
0.0010953339709807645
0.0007747874372516971
0.00031813375049826636
-3.732637257680346e-05
-0.0001910528208365163
-0.00010805137973688117
0.00038057788229943696
0.00036561625052116884
-0.0002205878535726036
0.00013796349550162395
-0.00015288401361251936
5.1379890226224386e-05
-0.00010640602058363752
-5.365717885983485e-05
-0.00010841254865739556
-6.71227640374973e-05
-3.314877882535077e-05
-1.006232110123558e-06
1.6884896265458764e-05
2.062717850513998e-06
-1.2710668754019371e-05
-8.960822777709539e-06
-6.501121145858872e-07
4.110804798504037e-06
3.5538223050805796e-06
1.2482888030324914e-05
3.3490202891635085e-06
3.005476953589568e-06
5.145571775882086e-07
5.865983129491525e-06
2.6360461177619325e-06
1.5113733457550746e-06
-2.319331767436741e-06
1.1857601875576605e-07
-5.305264008597557e-07
8.147511639465917e-07
1.6687508844225908e-07
-2.0087485469785912e-07
-7.945939626051533e-07
-1.024551184563671e-06
-4.238973263113923e-07
-1.0683124921436089e-07
-1.2533816954240704e-07
-2.767577673951733e-07
-2.7274663691678963e-07
-9.170041932575219e-08
-1.1225738080973443e-07
5.120456599309528e-09
-3.54537876185476e-08
7.437957208152914e-11
-1.2411188749026927e-07
-6.798232268104081e-08
-3.942712918395485e-08
7.722359493186892e-09
-3.3953620539242256e-08
-5.8853490035419564e-08
-7.68126723583399e-08
-7.228067835777542e-08
-7.068264781555155e-08
-6.517270961830168e-08
-6.777164585837383e-08
-7.931714948963722e-08
-8.615758955788418e-08
-8.328394039192923e-08
-7.762311898980301e-08
-7.760103059402043e-08
-8.268301159432105e-08
-8.378725262431566e-08
-8.500845969944965e-08
-8.361739943328747e-08
-8.402910307717462e-08
-8.28277900117658e-08
-8.436588641331112e-08
-8.576769869729321e-08
-8.72827565882861e-08
-8.719678252025204e-08
-8.747056548811995e-08
-8.830708805168674e-08
-8.94766222590132e-08
-9.053938512359593e-08
-9.143754338208302e-08
-9.227866402505402e-08
-9.30278130104132e-08
-9.3864951389213e-08
-9.491294433932403e-08
-9.597907046009994e-08
-9.692421761454267e-08
-9.7741946927625e-08
-9.864818134976486e-08
-9.960441309589396e-08
-1.0060857506518153e-07
-1.0157409637435305e-07
-1.0255742629661571e-07
-1.035160032674537e-07
-1.0448903252943502e-07
-1.0547896064222462e-07
-1.0650491872113421e-07
-1.0753431221605797e-07
-1.0855769471112414e-07
-1.0958517173255758e-07
-1.106298609138568e-07
-1.1169151333412924e-07
-1.1276343803460695e-07
-1.138450915500605e-07
-1.1493513065461217e-07
-1.1603277811581686e-07
-1.1714125714573642e-07
-1.1826292479685807e-07
-1.1939792168152996e-07
-1.205418059847807e-07
-1.2169513527709314e-07
-1.228588812733633e-07
-1.240350308850946e-07
-1.2522262061217398e-07
-1.2642179814635612e-07
-1.2763216397301824e-07
-1.2885386482114347e-07
-1.3008689615789937e-07
-1.3133189202645112e-07
-1.3258918558564647e-07
-1.338586091484406e-07
-1.3513996915265336e-07
-1.3643341620524219e-07
-1.377392839958802e-07
-1.3905774002166e-07
-1.4038886023484687e-07
-1.4173274540119074e-07
-1.430894722622561e-07
-1.4445914218487454e-07
-1.4584188715374702e-07
-1.4723791413352727e-07
-1.4864733984334966e-07
-1.5007026005209312e-07
-1.5150676858227685e-07
-1.5295701830315457e-07
-1.5442115137986878e-07
-1.5589931039519667e-07
-1.573916263413605e-07
-1.5889822712732843e-07
-1.6041924383227574e-07
-1.6195481434937153e-07
-1.6350508423579324e-07
-1.6507019844416715e-07
-1.6665029680187904e-07
-1.6824551764271778e-07
-1.6985600563167082e-07
-1.7148191014653563e-07
-1.7312337882713358e-07
-1.7478056056011854e-07
-1.764536061397981e-07
-1.7814266652267652e-07
-1.798478933488475e-07
-1.815694425542848e-07
-1.8330747177672593e-07
-1.850621392202956e-07
-1.868336027301934e-07
-1.8862202243153346e-07
-1.9042756054215692e-07
-1.922503819053005e-07
-1.940906514928415e-07
-1.959485372623332e-07
-1.9782420745918447e-07
-1.997178322912102e-07
-2.01629583133911e-07
-2.0355963320159431e-07
-2.0550815846894638e-07
-2.07475335753729e-07
-2.0946134344015932e-07
-2.1146636157778897e-07
-2.1349057274799854e-07
-2.1553415979758128e-07
-2.1759730825521295e-07
-2.1968020594287374e-07
-2.2178304200787258e-07
-2.239060064336551e-07
-2.260492922290247e-07
-2.2821309453302518e-07
-2.3039760916818142e-07
-2.326030348262509e-07
-2.3482957149656425e-07
-2.3707742095174789e-07
-2.393467869290025e-07
-2.4163787614925325e-07
-2.4395089602945587e-07
-2.4628605680294393e-07
-2.486435706658635e-07
-2.510236513487507e-07
-2.5342651456972815e-07
-2.558523787575865e-07
-2.58301463917709e-07
-2.6077399211736044e-07
-2.632701880843564e-07
-2.657902786348755e-07
-2.6833449178617565e-07
-2.7090305899547134e-07
-2.7349621322574416e-07
-2.7611418960992503e-07
-2.7875722564965556e-07
-2.814255617799948e-07
-2.8411943997979716e-07
-2.8683910457391387e-07
-2.8958480277724535e-07
-2.9235678362509463e-07
-2.951552983509304e-07
-2.9798060117297576e-07
-3.008329485132573e-07
-3.037125989484909e-07
-3.0661981436833465e-07
-3.095548583888219e-07
-3.125179975956428e-07
-3.155095002683908e-07
-3.1852963888323994e-07
-3.2157868693448444e-07
-3.246569212590273e-07
-3.2776462121702165e-07
-3.309020693752706e-07
-3.340695490784381e-07
-3.3726734945887604e-07
-3.4049575963885335e-07
-3.437550734594391e-07
-3.4704558559340746e-07
-3.503675954036285e-07
-3.537214042989025e-07
-3.5710731637475046e-07
-3.605256400985286e-07
-3.639766848608319e-07
-3.674607644348852e-07
-3.709781938709137e-07
-3.7452929290189986e-07
-3.7811438399354424e-07
-3.8173379256423645e-07
-3.8538784683997537e-07
-3.8907687818548454e-07
-3.9280122292670175e-07
-3.9656121729813947e-07
-4.0035720380918443e-07
-4.041895266725863e-07
-4.0805853368075084e-07
-4.1196457579646716e-07
-4.159080071333785e-07
-4.1988918601218493e-07
-4.239084733770847e-07
-4.27966235009837e-07
-4.3206283877626815e-07
-4.3619865603085524e-07
-4.403740619941235e-07
-4.4458943607248586e-07
-4.4884516098682914e-07
-4.531416227671742e-07
-4.5747921148113794e-07
-4.6185832073487496e-07
-4.6627934808203867e-07
-4.707426943413031e-07
-4.752487647104891e-07
-4.797979686941667e-07
-4.843907189002448e-07
-4.890274323078375e-07
-4.937085292096245e-07
-4.984344349717284e-07
-5.032055783692202e-07
-5.080223922356106e-07
-5.128853135503183e-07
-5.177947843023993e-07
-5.227512500006635e-07
-5.277551599148014e-07
-5.328069684871779e-07
-5.379071344197711e-07
-5.430561205365877e-07
-5.482543942590852e-07
-5.535024270096438e-07
-5.588006952339693e-07
-5.641496798145396e-07
-5.695498663726636e-07
-5.750017446646888e-07
-5.805058097307133e-07
-5.860625616807818e-07
-5.9167250395409e-07
-5.973361459561438e-07
-6.030540019015367e-07
-6.088265909433754e-07
-6.146544363576899e-07
-6.205380675000242e-07
-6.264780182950355e-07
-6.324748276562012e-07
-6.385290399650237e-07
-6.44641204809886e-07
-6.508118769926524e-07
-6.570416164998824e-07
-6.633309888945331e-07
-6.696805643963046e-07
-6.760909197315061e-07
-6.825626367402759e-07
-6.890963027579973e-07
-6.95692510348361e-07
-7.023518590329523e-07
-7.090749528641154e-07
-7.158624013813822e-07
-7.227148208387353e-07
-7.296328339766406e-07
-7.366170680917611e-07
-7.436681570018836e-07
-7.507867409519992e-07
-7.57973465495394e-07
-7.652289833951355e-07
-7.72553952738998e-07
-7.799490392267766e-07
-7.874149125284386e-07
-7.949522517453582e-07
-8.025617401515023e-07
-8.102440683878831e-07
-8.17999933959868e-07
-8.258300417397205e-07
-8.337350990528063e-07
-8.417158279545162e-07
-8.497729492544656e-07
-8.579071964806388e-07
-8.661193046522863e-07
-8.744100223781026e-07
-8.827801012803221e-07
-8.912302988183885e-07
-8.997613856524757e-07
-9.083741342719154e-07
-9.170693271185273e-07
-9.25847750644351e-07
-9.347102049266217e-07
-9.436574930190894e-07
-9.526904273248502e-07
-9.618098257772986e-07
-9.710165171393829e-07
-9.803113384618007e-07
-9.89695131484614e-07
-9.991687492983976e-07
-1.0087330508041278e-06
-1.01838890477184e-06
-1.0281371868024226e-06
-1.0379787812616172e-06
-1.0479145819558555e-06
-1.057945491007644e-06
-1.0680724191278342e-06
-1.0782962845568039e-06
-1.0886180154085975e-06
-1.0990385481160584e-06
-1.1095588292470295e-06
-1.120179812473033e-06
-1.13090246272972e-06
-1.1417277534936116e-06
-1.1526566667503053e-06
-1.163690194177678e-06
-1.1748293373885308e-06
-1.186075107240006e-06
-1.1974285247929976e-06
-1.2088906196359214e-06
-1.2204624332025349e-06
-1.2321450151260918e-06
-1.2439394258684233e-06
-1.255846735396561e-06
-1.2678680249931379e-06
-1.2800043855624305e-06
-1.2922569183719534e-06
-1.3046267353829244e-06
-1.317114959483584e-06
-1.3297227241387821e-06
-1.3424511736415123e-06
-1.35530146300189e-06
-1.3682747590781918e-06
-1.3813722386860072e-06
-1.3945950905862314e-06
-1.4079445149473013e-06
-1.4214217236019344e-06
-1.4350279396689591e-06
-1.448764397997404e-06
-1.462632345322623e-06
-1.4766330402107841e-06
-1.4907677531395339e-06
-1.5050377671736725e-06
-1.5194443775852495e-06
-1.5339888917095812e-06
-1.5486726296851105e-06
-1.5634969244854996e-06
-1.578463121074819e-06
-1.5935725781223223e-06
-1.6088266666831885e-06
-1.6242267709895564e-06
-1.6397742892051287e-06
-1.6554706324996976e-06
-1.6713172249892966e-06
-1.6873155055923544e-06
-1.7034669255837354e-06
-1.719772951172538e-06
-1.7362350621802358e-06
-1.7528547529004502e-06
-1.7696335315210698e-06
-1.7865729212175607e-06
-1.8036744585305658e-06
-1.8209396966083202e-06
-1.8383702019590317e-06
-1.8559675567953599e-06
-1.8737333577802107e-06
-1.8916692175220684e-06
-1.909776763921872e-06
-1.9280576407029737e-06
-1.9465135064517273e-06
-1.9651460365288295e-06
-1.983956922123678e-06
-2.002947870610207e-06
-2.022120605044142e-06
-2.0414768663826882e-06
-2.0610184101712073e-06
-2.0807470124599263e-06
-2.100664458678722e-06
-2.1207725619146016e-06
-2.141073143930791e-06
-2.1615680502510247e-06
-2.1822591381153583e-06
-2.2031482863028255e-06
-2.224237392593753e-06
-2.245528367732924e-06
-2.2670231452611225e-06
-2.288723676198423e-06
-2.310631932264922e-06
-2.3327498974289474e-06
-2.355079581308015e-06
-2.377623010783609e-06
-2.4003822329341645e-06
-2.4233593121209505e-06
-2.4465563336845478e-06
-2.4699754032145305e-06
-2.4936186453043685e-06
-2.5174882074298355e-06
-2.541586255011552e-06
-2.565914975378829e-06
-2.5904765771460336e-06
-2.6152732886877694e-06
-2.640307360090438e-06
-2.665581063963224e-06
-2.6910966951128323e-06
-2.716856567778342e-06
-2.7428630210691272e-06
-2.7691184149095105e-06
-2.795625132258339e-06
-2.8223855784025205e-06
-2.849402182242668e-06
-2.876677396150692e-06
-2.904213695341829e-06
-2.9320135793935826e-06
-2.960079571099017e-06
-2.9884142172580336e-06
-3.017020090777473e-06
-3.0458997864848177e-06
-3.075055925851793e-06
-3.10449115569259e-06
-3.134208147688878e-06
-3.1642095978268864e-06
-3.1944982293701245e-06
-3.2250767919945675e-06
-3.2559480605617733e-06
-3.2871148366435963e-06
-3.318579949197374e-06
-3.3503462539994852e-06
-3.3824166341197984e-06
-3.414794000326782e-06
-3.447481291020231e-06
-3.4804814724319517e-06
-3.513797540649643e-06
-3.5474325184890266e-06
-3.5813894590431454e-06
-3.6156714440628915e-06
-3.6502815856875002e-06
-3.6852230241559222e-06
-3.720498931056868e-06
-3.75611250812884e-06
-3.7920669878719284e-06
-3.828365632573146e-06
-3.8650117373546095e-06
-3.902008628348325e-06
-3.93935966324922e-06
-3.977068231614077e-06
-4.015137756353099e-06
-4.05357169214009e-06
-4.092373527714863e-06
-4.131546784334598e-06
-4.17109501754388e-06
-4.211021816508323e-06
-4.251330805349175e-06
-4.292025642078012e-06
-4.3331100203238796e-06
-4.374587668456455e-06
-4.416462351654934e-06
-4.458737869736818e-06
-4.501418059956732e-06
-4.544506796115913e-06
-4.588007989323752e-06
-4.631925586296088e-06
-4.67626357449454e-06
-4.721025976176902e-06
-4.766216855983923e-06
-4.8118403133747835e-06
-4.857900492019016e-06
-4.904401568009386e-06
-4.9513477664321615e-06
-4.99874334380915e-06
-5.046592606598645e-06
-5.0948998913346964e-06
-5.14366958952753e-06
-5.1929061194973605e-06
-5.2426139572025435e-06
-5.292797606343578e-06
-5.343461632279948e-06
-5.394610620942925e-06
-5.446249226979808e-06
-5.4983821229317065e-06
-5.551014056762171e-06
-5.604149787611875e-06
-5.6577941548390616e-06
-5.711952010862355e-06
-5.766628288668418e-06
-5.821827931695679e-06
-5.877555967433873e-06
-5.933817438072268e-06
-5.990617466004639e-06
-6.047961189771349e-06
-6.10585382957384e-06
-6.164300621572683e-06
-6.223306891183335e-06
-6.2828779661731025e-06
-6.343019290548559e-06
-6.403736269642354e-06
-6.465034488363974e-06
-6.526919408117969e-06
-6.589396781630868e-06
-6.652472102395375e-06
-6.716151318342765e-06
-6.780439934203934e-06
-6.845344110778344e-06
-6.910869359489074e-06
-6.977022051238302e-06
-7.043807724560177e-06
-7.111232933462415e-06
-7.179303289305732e-06
-7.2480254759671025e-06
-7.317405242909282e-06
-7.387449336494854e-06
-7.4581637132169285e-06
-7.529555128343401e-06
-7.601629782639434e-06
-7.674394436259094e-06
-7.74785550963882e-06
-7.822019837661415e-06
-7.896893954417727e-06
-7.972484915248659e-06
-8.048799202209269e-06
-8.125844275571974e-06
-8.203626384783481e-06
-8.282153570295233e-06
-8.361431701317621e-06
-8.441469515633603e-06
-8.522272396499356e-06
-8.603849909128466e-06
-8.6862067869318e-06
-8.769353658509864e-06
-8.853294299420301e-06
-8.938040816822688e-06
-9.023595601226797e-06
-9.109972594550155e-06
-9.197172545547037e-06
-9.28521131885959e-06
-9.374088163203716e-06
-9.463820438724256e-06
-9.554406631401887e-06
-9.645864658546551e-06
-9.738193304874651e-06
-9.831410048572538e-06
-9.925514650537123e-06
-1.0020523343748779e-05
-1.0116437622486544e-05
-1.0213272558129947e-05
-1.0311032760776991e-05
-1.0409729368530702e-05
-1.0509372472401139e-05
-1.0609967268742065e-05
-1.0711530289845943e-05
-1.0814060589291012e-05
-1.0917573322534024e-05
-1.1022078104461989e-05
-1.112756968218618e-05
-1.123409276245109e-05
-1.1341592239496375e-05
-1.145018179364121e-05
-1.1559723674533454e-05
-1.167042559705486e-05
-1.1782047811510939e-05
-1.1894903029435007e-05
-1.20086500059309e-05
-1.212368900924566e-05
-1.2239611698619535e-05
-1.2356858252391182e-05
-1.2475011629694852e-05
-1.2594486839272341e-05
-1.2714931512042673e-05
-1.2836661512928213e-05
-1.2959459081274619e-05
-1.3083480581755486e-05
-1.3208676922811871e-05
-1.3335042265564048e-05
-1.3462652361377267e-05
-1.3591431606155627e-05
-1.372146295869998e-05
-1.385273289655417e-05
-1.3985201751044035e-05
-1.4119035801805901e-05
-1.425396399265923e-05
-1.4390423431999942e-05
-1.4527847654350213e-05
-1.466697399661555e-05
-1.4806951770838378e-05
-1.4948828074059714e-05
-1.509136171210651e-05
-1.5236103456143894e-05
-1.5381042964675296e-05
-1.552883857166079e-05
-1.5676129778000036e-05
-1.5827085422481096e-05
-1.5976827798987354e-05
-1.6130915921990646e-05
-1.6283477812600866e-05
-1.6440444017870592e-05
-1.6596099671894668e-05
-1.675574643335634e-05
-1.6914710598510407e-05
-1.7076864536471476e-05
-1.7239369071058927e-05
-1.7404116675133474e-05
-1.757001093354374e-05
-1.773771191287271e-05
-1.7907082022303178e-05
-1.8073521211702664e-05
-1.824721832869615e-05
-1.841218294624386e-05
-1.8600879838764905e-05
-1.877081170242878e-05
-1.8965118068415415e-05
-1.9146327545998404e-05
-1.9333777961393073e-05
-1.9533665809673417e-05
-1.9687054545802773e-05
-1.990680488216101e-05
-2.003430101444161e-05
-2.027842934856222e-05
-2.038373074814831e-05
-2.065900651641861e-05
-2.0747475381287933e-05
-2.1036982156368705e-05
-2.112576915680453e-05
-2.1413456754909577e-05
-2.1524151703811167e-05
-2.1792594207308003e-05
-2.19263871743397e-05
-2.2158415279328707e-05
-2.2330309299928644e-05
-2.2515138189273254e-05
-2.274522958091267e-05
-2.2906950412689142e-05
-2.3155058270735857e-05
-2.3327818517894484e-05
-2.3557119146483158e-05
-2.3739688481591234e-05
-2.393988837857768e-05
-2.4131891053273582e-05
-2.4322750211583193e-05
-2.4536112009038245e-05
-2.4698852357367927e-05
-2.493494539332992e-05
-2.5057431593783486e-05
-2.532357756166847e-05
-2.5396533123503255e-05
-2.5744695159368725e-05
-2.56818533089561e-05
-2.634230703555014e-05
-2.5929890129616773e-05
-2.690438750301699e-05
-2.6034549892656883e-05
-2.7049997265889136e-05
-2.6537589992159383e-05
-2.7190273708566082e-05
-2.7146626851271005e-05
-2.756221776897827e-05
-2.770331293944911e-05
-2.787102489559823e-05
-2.8269574571249123e-05
-2.8092023659311016e-05
-2.9047043944782636e-05
-2.8108227942302833e-05
-3.011711596082045e-05
-2.7641465032259352e-05
-3.235265317626246e-05
-2.452602648616854e-05
-4.113132319170465e-05
-9.24886860777165e-07
-2.20820652952824e-05
2.45091389539185e-06
-3.73667425059307e-05
-0.00010288858425011718
-4.149735042143545e-05
-0.00010955285230059692
-3.1615778381045465e-05
-6.858783821190917e-05
1.2076730444913022e-05
-4.815397766533367e-05
4.824378824388109e-05
-3.340334509801889e-05
9.514784602638888e-05
6.730706932482047e-06
0.00010664264527962303
3.8331828859109124e-05
0.00011176219752913644
7.857090187021157e-05
8.82669312425653e-05
0.00011434356296983382
9.700878953850791e-05
0.00010846968495722116
0.00010688662232986954
7.41976084399928e-05
1.4510477996934157e-05
4.1368445084084525e-05
-1.6242657788852004e-05
6.857159296379504e-05
-3.813838275346729e-05
1.7236069802579985e-05
4.6994801084671055e-06
2.1496322596855478e-05
1.587982405585833e-05
4.430845669863083e-05
5.861542430658068e-05
8.272887188302532e-05
0.00010558135597074411
0.00012993447553436715
0.00015092520198361375
0.00017908192724839906
0.0001766220846665846
0.00017837303182748824
0.0001862459338008044
0.00016041727670923663
0.00021196432781451336
0.0001660628913673462
0.00023280146168757124
0.000191722462592958
0.00022521275106244737
0.0002032462325965103
0.0002207238897411632
0.0002052024856940151
0.0002209129132190804
0.00019955401143649545
0.00023647195138562618
0.00016216599970059718
0.0001708983533211315
7.90035694144981e-05
0.0001248430320143981
6.770161041587698e-05
0.0001348528853222907
-0.00011811517219218208
-9.054864958160777e-05
-0.00010344600130643834
-0.00010625563727254586
-0.00010989802028921257
-0.00011701251480766683
-0.00012745598644913473
-0.00012334210181420792
-0.00013534704539282607
-0.00012568015769457146
-0.00014312807407772292
-0.00013831182022186068
-0.00015188696277166827
-0.00014837889821031977
-0.00015360261124338235
-0.00015089503249133608
-0.000160618619215692
-0.00015656870484491916
-0.0001623333153453157
-0.00015909155021967758
-0.0001638939517933997
-0.00015903447252727746
-0.00016530511799987206
-0.00015986026214169892
-0.00016469036347543432
-0.00016218209206856455
-0.00015951906325043508
-0.0001608696261246937
-0.00015620366522777846
-0.00015569477773441236
-0.00015201537991209823
-0.0001499219594090025
-0.00014875073449318037
-0.00014998250785112978
-0.00014478665742762215
-0.00015065415480028296
-0.00014673006817121623
-0.00015100837436956587
-0.0001530146270990497
-0.0001513005706451519
-0.00015651533865227235
-0.00015450595592683128
-0.00016109648921088838
-0.00015654059600430045
-0.00017036349229544847
-0.00016277110744393396
-0.00017826469654030365
-0.00017232684774978554
-0.00018056692880021426
-0.00017800027202705248
-0.00018312465950626018
-0.00018002919886170229
-0.00018225888382165356
-0.00017798302802300475
-0.0001764554981210221
-0.00017476273384662877
-0.00017573648700630864
-0.00017078921608828143
-0.00017443101516866234
-0.00017529580321259922
-0.00017463690683783682
-0.00018703018925746102
-0.00018566993887749348
-0.00018928212743582977
-0.00019805086224369578
-0.00019510247906200887
-0.0001976756364886388
-0.00020110321432596995
-0.00021010494316337245
-0.00020641956788801727
-0.00022001666067165775
-0.00021451743309766917
-0.00021727030526120727
-0.00022295259545589943
-0.00022441607232952796
-0.00022402232499491617
-0.00023498434102423043
-0.00022916357715713583
-0.0002432990440173573
-0.00024042020522594128
-0.0002588582591373814
-0.000250525342664953
-0.000268438475692689
-0.0002676112935482993
-0.0002770708910581444
-0.0002850404355175249
-0.00028106254282112415
-0.00028405919541427723
-0.0002850572023230157
-0.0002841525150909637
-0.00028584448893723905
-0.00028363035331103423
-0.0002932651640426664
-0.00028663131850841574
-0.00029508469247910957
-0.0002954068354697343
-0.0003017726602273401
-0.00030293396631393406
-0.00030947612700744833
-0.0003189923003950679
-0.00032435104471873193
-0.0003370720548255515
-0.0003443864882636988
-0.0003578127072800672
-0.0003569979360550544
-0.0003566663650000991
-0.00035992397520755073
-0.00035207380027121144
-0.0003470033043044755
-0.0003428453972056408
-0.00033440441660594446
-0.0003417115959915884
-0.00033694446642850546
-0.0003384161419784474
-0.0003487383990954876
-0.000335195921110888
-0.00027389834594359177
-0.0002691466617973102
-0.000266931646297782
-0.00029736839811355775
-0.0003245951807904041
-0.0004073723220509247
-0.00043751765719521666
-0.00044829159652762273
-0.0004498539240897488
-0.00046237006723952605
-0.00045847297655535435
-0.00042917544423772854
-0.000369443703829737
-0.0003453351994043861
-0.00039647553763891936
-0.00036584162339415313
-0.0004219403720293082
-0.0004070964719042862
-0.00042581996286754646
-0.00045362557217816014
-0.0003594570302056948
-0.00046009847573771846
-0.0005531601934806844
-0.0003767831598059109
-0.0003482760138699755
-0.00045748764904668274
-0.0004554986402967495
-0.0004016204598261248
-0.0004745562941981401
-0.0003031953450880809
-0.0003324787781095823
-0.000459035110131225
-0.0006219732481087988
-0.0004681677255666506
-0.00036610881190717265
-0.00040347347198068045
-0.0004823631468510015
8.756495953321575e-05
0.008659148882187986
0.01865484516372355
0.026121690957153033
0.0340812255484934
0.04018184137215601
0.034073014504574395
0.02620872996061587
0.02569767454277804
0.024217962368556868
0.013265373468636422
-0.00048403599747750105
-0.006502085708600032
-0.013746700147529215
-0.017278589017643807
-0.01629180670007855
-0.012873022608424853
-0.009683705022263147
-0.014713856453614001
-0.021149510007117348
-0.021123330445450693
-0.012005708977927278
0.0006383712419882684
0.0067899828646617935
0.005313920619928951
0.0011971863168356391
-0.0007664597055089856
0.0016491311613132747
0.0063522151727714495
0.011169430972055763
0.012264920320619401
0.008830888743511801
0.002004642760164346
-0.0022491452862258465
-0.0016785052860933303
0.00038507189296058185
0.00042063574642031926
-0.0012477451066834299
-0.0023212612206534007
-0.004538530629562462
-0.006252453360703203
-0.005061371331286426
-0.002003984748767124
-0.001134333643565068
-0.002029638701596654
-0.0014982369289910065
0.000729858537952803
0.0018168199715412796
0.0008744008340859282
0.00047696698948347194
0.0018772507440399044
0.0035655041397469854
0.003765440446738378
0.002690293087068604
0.0015754451637565758
0.0002939328628765526
-0.0008846545623388033
-0.0009093204879824907
0.00035967156350266504
0.001247644156626979
0.00012297827041007737
-0.0024031298471502752
-0.004018704657458857
-0.0035875980416050918
-0.0017372017796028938
0.00011965357169537778
0.0009894573442910852
0.00046857524716049616
-0.0008727015801982706
-0.001612268296282871
-0.00016700007721947901
0.0020221606671882424
0.002779058157457839
0.002051527496144502
0.0008514544677005631
0.00020317813799781596
0.0002680320015292285
0.0006730055929778447
0.0012554153057213093
0.0016952776852263113
0.0012395911798003551
0.0004061650265926993
0.00011005633348600226
8.553847271388482e-05
0.00018825498901663856
0.00045812726822055515
0.0005439688320106144
0.00047331423085434173
0.00037349791731498453
0.00014860666065275016
-6.575606915083115e-05
-9.112928006731918e-05
0.00016935004875059652
0.0005587469686114104
0.0009027550249863582
0.0010347638075703736
0.0007456323498431867
0.00020922429930998266
-7.817116267856342e-05
0.00016317781040168724
0.0007302758070762813
0.0010871731372403754
0.0010288342519830366
0.0007792847327837179
0.0005664634876647388
0.00044611681047981394
0.0006036838964170492
0.0009333456990442853
0.0010476914941738597
0.000768864566483847
0.0002838031717782945
-4.804662706370014e-05
-0.00016233176714478342
-5.754888904596635e-05
9.19236827054114e-05
6.456018037427231e-05
-0.00013447258684572735
-0.0002264002841201028
-0.00019972270406606895
-5.915305282827265e-05
0.0002037025691714694
0.00048290172642090427
0.0006058999331280434
0.0005202177368789808
0.00034885397332305235
9.250086938133832e-05
-0.00018159371224172233
-0.00034778671302136785
-0.00039008059261958785
-0.00032098554228784416
-0.00028127815285277534
-0.0002764161890339341
-0.0003439114001713421
-0.0003349601878851001
-0.00018002053038902575
-4.7682618267936476e-05
0.00015754594742754412
0.0003875039606729697
0.0004468650031407726
0.00040107795483889936
0.0004336827722285761
0.0005516526100153034
0.0007350495439567824
0.00077074283748399
0.0007450659253301012
0.0005794606317035931
0.000355379527965991
0.0002492103159631215
0.00022695505700471322
0.00020449015009303882
8.51077369402561e-05
3.945229189966637e-06
-5.565150031159349e-06
-1.876460752873942e-05
-3.93611621268339e-05
3.3333638685956235e-05
0.00018019470318877528
0.0002574577228880065
0.0002798040117129015
0.0003145635002741225
0.000326207414785392
0.0002851323206703811
0.0002086857013121157
0.000122168545314088
0.00013940198163563542
8.826634478728752e-05
-1.0082177744223924e-05
2.271816962029342e-05
6.958183382481994e-05
8.342664774774623e-05
0.00013022991807373643
0.0002184595823124664
0.0002474854391713195
0.0003005990266052437
0.00035249436987740514
0.00020717535719979262
5.235764066294823e-05
2.083308302039627e-05
6.5173401600643875e-06
-0.0001698962477378206
-0.00027481074979841737
-0.00029453514854074
-0.0002561934213806051
-0.00020180236019424043
-0.0001596803928930509
-3.700539385962558e-05
0.00014411358985936396
0.00026350870287864827
0.00028255422239928407
0.00019445089107969678
0.00014006525882985553
0.00020451723378695505
0.0003229191119098517
0.0004173163906016326
0.000345757083306645
0.0002447960938412833
0.00021437586411769176
0.0001403884414551235
2.156808125823258e-05
3.953110806826331e-05
9.863219216215465e-05
0.000140296456411052
0.00011548520827789083
0.00014948513604278368
0.00019971173244150825
0.0002501080326486435
0.0002690248512798362
0.0002125315123823416
0.00012010298517693696
-2.696383359089647e-06
-7.186762207378851e-05
-0.00010163551030186943
-7.941165392965754e-05
-3.304362333343561e-05
-5.4289846680687646e-06
3.211217100463921e-05
4.0046075354584296e-05
8.390100576031632e-05
0.00011069041847844768
0.00011415631523968963
0.0001331596810170586
0.00012067434303321455
9.298467739067041e-05
-1.6098318582096014e-05
2.3660767208659992e-05
-2.9898306995949594e-05
-6.061675145105426e-06
-2.6051651009386425e-05
-1.5051765299183822e-05
-1.766771419368354e-05
-1.1247152007035142e-05
-7.616396066557172e-06
-6.399418995069886e-06
-5.302158270379574e-06
-6.170633639583054e-06
-5.2667728006699875e-06
-2.2343087355721343e-06
-3.5261314258405404e-07
9.613338347514073e-07
7.475421015502252e-07
2.0073730417092948e-06
7.277285927741477e-07
1.0574067051984635e-06
5.894763894445795e-07
1.2301575612196867e-06
5.685678592777873e-07
5.798616631856363e-07
1.1592918834073978e-07
3.8176187354554297e-07
1.242135551406809e-07
1.199594340542886e-07
-5.414832172405339e-08
-1.3925188820860775e-07
-1.7946324465871021e-07
-1.8391914113140523e-07
-1.1084326538786696e-07
-9.449377298600942e-08
-1.08511183836979e-07
-1.1111289539064012e-07
-1.0167066604588326e-07
-6.820611652552655e-08
-7.314167143127048e-08
-5.105664956615852e-08
-5.4595315591076873e-08
-4.068558576305302e-08
-4.9597937035617684e-08
-3.763957128919901e-08
-3.695508067113674e-08
-3.462398391981163e-08
-4.1428412983252234e-08
-4.355187822522016e-08
-4.501239857213589e-08
-4.5030078510053216e-08
-4.609429548609826e-08
-4.7137190054328225e-08
-4.869317478395363e-08
-5.074124182283257e-08
-5.1892704139278566e-08
-5.20996791901734e-08
-5.242787309899053e-08
-5.313824485948327e-08
-5.421206249353833e-08
-5.447190844851265e-08
-5.495193246732419e-08
-5.513036312876493e-08
-5.5685300953244726e-08
-5.599336121554863e-08
-5.661387376200465e-08
-5.711597937691642e-08
-5.764147220772527e-08
-5.804423564012627e-08
-5.854725970343372e-08
-5.9120161045387166e-08
-5.970699891612438e-08
-6.028217264422806e-08
-6.085224483771273e-08
-6.143514516034065e-08
-6.202149185709541e-08
-6.262156293173975e-08
-6.324330277344552e-08
-6.386113726454648e-08
-6.447416628183885e-08
-6.50827050898133e-08
-6.571158679883715e-08
-6.634562713073882e-08
-6.698734996569815e-08
-6.762694622672967e-08
-6.827505032478776e-08
-6.892598187352179e-08
-6.958487321263472e-08
-7.025041427460036e-08
-7.092412128905864e-08
-7.160283522086267e-08
-7.22867057028549e-08
-7.29774237320617e-08
-7.367575129192954e-08
-7.438123554164315e-08
-7.509318211386872e-08
-7.581186293629605e-08
-7.653740543086965e-08
-7.726976700774294e-08
-7.800935816290074e-08
-7.875621794853956e-08
-7.951040160383854e-08
-8.027149725714326e-08
-8.103982430548263e-08
-8.18155028344794e-08
-8.259876241104838e-08
-8.338947931524658e-08
-8.418775895758666e-08
-8.49936364601204e-08
-8.580721439491747e-08
-8.662855942071458e-08
-8.7457788820067e-08
-8.829498188009176e-08
-8.914017859781338e-08
-8.999344032732139e-08
-9.085486109952203e-08
-9.172453988530918e-08
-9.26025521007729e-08
-9.348896820601349e-08
-9.438386935470535e-08
-9.528733364588492e-08
-9.619944478701571e-08
-9.712028557741483e-08
-9.804994687014114e-08
-9.898850885796947e-08
-9.993605424055165e-08
-1.0089266641088852e-07
-1.0185843612372719e-07
-1.0283345150040801e-07
-1.0381780080886559e-07
-1.0481157240036567e-07
-1.058148564450722e-07
-1.0682774370279756e-07
-1.0785032609971343e-07
-1.0888269712844677e-07
-1.0992495077162973e-07
-1.1097718123365954e-07
-1.120394835543671e-07
-1.1311195423206223e-07
-1.1419469093747713e-07
-1.1528779197885483e-07
-1.1639135654178159e-07
-1.175054846914704e-07
-1.1863027756946242e-07
-1.1976583718319687e-07
-1.2091226664929925e-07
-1.22069670085466e-07
-1.2323815256561922e-07
-1.2441782005554575e-07
-1.2560877958762984e-07
-1.268111392792033e-07
-1.280250082825909e-07
-1.2925049675006353e-07
-1.3048771590053014e-07
-1.3173677804273975e-07
-1.3299779652775265e-07
-1.3427088579205106e-07
-1.3555616140588096e-07
-1.3685374002195575e-07
-1.381637394077791e-07
-1.3948627840840253e-07
-1.408214770839294e-07
-1.4216945664844718e-07
-1.4353033940769943e-07
-1.4490424886798032e-07
-1.462913097297785e-07
-1.476916479204658e-07
-1.4910539052818798e-07
-1.505326658643555e-07
-1.5197360345990294e-07
-1.5342833407142834e-07
-1.5489698973373634e-07
-1.5637970374644827e-07
-1.5787661068568616e-07
-1.5938784641631232e-07
-1.6091354811045906e-07
-1.62453854211357e-07
-1.6400890449015567e-07
-1.6557884008902915e-07
-1.6716380350879909e-07
-1.6876393863046634e-07
-1.7037939066916628e-07
-1.7201030622063696e-07
-1.736568333030016e-07
-1.7531912134805436e-07
-1.7699732124569385e-07
-1.7869158531489715e-07
-1.80402067339246e-07
-1.821289225635573e-07
-1.8387230768481647e-07
-1.8563238092615737e-07
-1.8740930205026735e-07
-1.8920323234255674e-07
-1.910143345956836e-07
-1.9284277317672e-07
-1.94688714046339e-07
-1.9655232473426598e-07
-1.984337743783946e-07
-2.003332337399131e-07
-2.0225087521712795e-07
-2.0418687285764237e-07
-2.061414023638757e-07
-2.081146411185607e-07
-2.1010676821013098e-07
-2.1211796447047132e-07
-2.1414841244067742e-07
-2.1619829637924154e-07
-2.1826780232827014e-07
-2.2035711812608098e-07
-2.2246643339575802e-07
-2.245959395980198e-07
-2.267458299914292e-07
-2.2891629968834512e-07
-2.311075456719173e-07
-2.333197668158188e-07
-2.3555316390415468e-07
-2.378079396450755e-07
-2.4008429869962385e-07
-2.4238244765980644e-07
-2.4470259507978516e-07
-2.470449515397095e-07
-2.494097296384186e-07
-2.5179714399864526e-07
-2.5420741131917295e-07
-2.56640750358173e-07
-2.5909738195228644e-07
-2.615775290451929e-07
-2.6408141674426675e-07
-2.6660927230213907e-07
-2.6916132514951497e-07
-2.7173780691775893e-07
-2.743389514358455e-07
-2.769649947672627e-07
-2.796161752505275e-07
-2.8229273352502367e-07
-2.8499491250624787e-07
-2.8772295744029786e-07
-2.9047711593156017e-07
-2.9325763793638113e-07
-2.9606477582012295e-07
-2.9889878436879184e-07
-3.0175992076614776e-07
-3.0464844473401375e-07
-3.0756461843214986e-07
-3.10508706504657e-07
-3.134809761222608e-07
-3.1648169707436044e-07
-3.195111416854366e-07
-3.2256958486728284e-07
-3.2565730422799526e-07
-3.2877458009300574e-07
-3.319216953159837e-07
-3.350989354799285e-07
-3.383065890272057e-07
-3.415449470688093e-07
-3.448143035484144e-07
-3.48114955110051e-07
-3.5144720139770923e-07
-3.548113448616333e-07
-3.582076907436576e-07
-3.616365473025176e-07
-3.6509822572691004e-07
-3.685930402739867e-07
-3.721213081400222e-07
-3.756833495054628e-07
-3.792794876346324e-07
-3.829100488971453e-07
-3.865753628127112e-07
-3.9027576206882085e-07
-3.940115825062045e-07
-3.977831632166539e-07
-4.015908464921462e-07
-4.0543497788011096e-07
-4.093159062442948e-07
-4.1323398384234954e-07
-4.1718956629417333e-07
-4.211830126280166e-07
-4.2521468527104925e-07
-4.2928495011579544e-07
-4.333941765838166e-07
-4.3754273760553196e-07
-4.4173100971885365e-07
-4.45959373059795e-07
-4.502282114142816e-07
-4.5453791220880033e-07
-4.5888886655948645e-07
-4.6328146935661007e-07
-4.6771611930143903e-07
-4.721932188782394e-07
-4.767131744005574e-07
-4.812763960963833e-07
-4.858832981322753e-07
-4.905342986241332e-07
-4.952298196872484e-07
-4.999702874868006e-07
-5.04756132273243e-07
-5.095877884057215e-07
-5.144656943876363e-07
-5.193902929316943e-07
-5.243620310067462e-07
-5.293813598568689e-07
-5.344487350296222e-07
-5.39564616416693e-07
-5.447294683384903e-07
-5.499437595608142e-07
-5.552079633316248e-07
-5.605225574262934e-07
-5.658880242024635e-07
-5.713048506160966e-07
-5.767735282852238e-07
-5.822945535359156e-07
-5.878684274673342e-07
-5.934956559702461e-07
-5.991767497593586e-07
-6.049122244400525e-07
-6.10702600553647e-07
-6.165484036442146e-07
-6.224501642719971e-07
-6.284084180792175e-07
-6.344237058384349e-07
-6.404965734946658e-07
-6.466275722107583e-07
-6.528172584208429e-07
-6.590661939109973e-07
-6.653749458318233e-07
-6.71744086757698e-07
-6.781741947464189e-07
-6.846658533864614e-07
-6.912196518618413e-07
-6.978361849882455e-07
-7.045160532771766e-07
-7.11259862984457e-07
-7.180682261778834e-07
-7.24941760778128e-07
-7.318810906281007e-07
-7.388868455354496e-07
-7.459596613596225e-07
-7.531001800306506e-07
-7.603090495612375e-07
-7.675869242403707e-07
-7.749344646000903e-07
-7.823523375247773e-07
-7.898412162388744e-07
-7.974017804699774e-07
-8.050347164257417e-07
-8.12740716837684e-07
-8.205204810238763e-07
-8.283747151358457e-07
-8.363041320855132e-07
-8.443094514586601e-07
-8.523913998209447e-07
-8.605507106404899e-07
-8.687881244938411e-07
-8.771043889584541e-07
-8.855002588379918e-07
-8.939764961969111e-07
-9.025338702986084e-07
-9.11173157829782e-07
-9.198951428354208e-07
-9.287006168803499e-07
-9.375903792062306e-07
-9.4656523669614e-07
-9.556260038989664e-07
-9.647735031523166e-07
-9.740085646278425e-07
-9.833320265101818e-07
-9.927447349679288e-07
-1.0022475443599035e-06
-1.0118413171399045e-06
-1.0215269240448997e-06
-1.0313052441319158e-06
-1.0411771648441209e-06
-1.0511435821608777e-06
-1.06120540060967e-06
-1.0713635334779013e-06
-1.0816189026263852e-06
-1.0919724389286777e-06
-1.1024250819968956e-06
-1.1129777805916132e-06
-1.1236314923756532e-06
-1.1343871843715457e-06
-1.1452458327177858e-06
-1.1562084229852377e-06
-1.1672759501309073e-06
-1.1784494186325794e-06
-1.189729842656029e-06
-1.2011182459428131e-06
-1.2126156621922082e-06
-1.224223134806341e-06
-1.2359417174253578e-06
-1.2477724735367797e-06
-1.2597164770421741e-06
-1.2717748118393712e-06
-1.283948572545796e-06
-1.2962388638457722e-06
-1.3086468014677946e-06
-1.3211735113602104e-06
-1.3338201307010991e-06
-1.3465878071922946e-06
-1.3594776996829635e-06
-1.3724909782358505e-06
-1.3856288235906792e-06
-1.398892428873343e-06
-1.4122829970330538e-06
-1.4258017447989083e-06
-1.439449897608667e-06
-1.4532286963349827e-06
-1.467139389325594e-06
-1.4811832420649626e-06
-1.4953615262835855e-06
-1.5096755323908514e-06
-1.524126556223923e-06
-1.5387159127869363e-06
-1.5534449237384262e-06
-1.568314927526571e-06
-1.583327274376851e-06
-1.5984833240950008e-06
-1.613784459041941e-06
-1.6292320582017908e-06
-1.644827538743531e-06
-1.6605722981555423e-06
-1.6764677884901157e-06
-1.6925154284572089e-06
-1.7087167009895762e-06
-1.7250730529529026e-06
-1.7415859903436876e-06
-1.7582569986243461e-06
-1.7750875968909792e-06
-1.7920793204101297e-06
-1.8092336924107824e-06
-1.8265523065571707e-06
-1.8440366861286676e-06
-1.861688484241326e-06
-1.879509229407543e-06
-1.897500624125758e-06
-1.9156642188853897e-06
-1.9340017449651737e-06
-1.9525147998134053e-06
-1.9712051192433936e-06
-1.9900743711046248e-06
-2.0091242794023894e-06
-2.0283565909647657e-06
-2.047773021402507e-06
-2.067375383830864e-06
-2.0871654079724096e-06
-2.107144947646488e-06
-2.1273157676217824e-06
-2.1476797585620253e-06
-2.1682387036050426e-06
-2.188994570879294e-06
-2.2099491078660626e-06
-2.231104422119456e-06
-2.2524621814445898e-06
-2.2740246432608737e-06
-2.2957934431492677e-06
-2.317770872595302e-06
-2.339958713748762e-06
-2.362359057324348e-06
-2.3849740984306297e-06
-2.407805463957094e-06
-2.430855962557224e-06
-2.45412669884731e-06
-2.4776211165439092e-06
-2.501339823726364e-06
-2.525286880376192e-06
-2.549462435392732e-06
-2.573871460247786e-06
-2.5985130603228823e-06
-2.623393645641032e-06
-2.648511099236561e-06
-2.6738726695339863e-06
-2.699476270118283e-06
-2.7253273136588953e-06
-2.7514274813013892e-06
-2.7777757292046443e-06
-2.804382576002259e-06
-2.8312366416868916e-06
-2.8583602299089503e-06
-2.885730886621892e-06
-2.9133811747165776e-06
-2.9412822399555935e-06
-2.969468820382057e-06
-2.997915556670434e-06
-3.026647389893478e-06
-3.0556545995542124e-06
-3.0849410764931403e-06
-3.1145220860123593e-06
-3.144373497691497e-06
-3.1745397182206166e-06
-3.204968639499914e-06
-3.2357305556826588e-06
-3.2667532490222168e-06
-3.298119148936046e-06
-3.3297561407953982e-06
-3.3617340649987927e-06
-3.3940049128620975e-06
-3.426605383339762e-06
-3.459525128030397e-06
-3.4927631844487023e-06
-3.5263419267926588e-06
-3.5602382312390976e-06
-3.5944831418138756e-06
-3.629061757617902e-06
-3.663980580190934e-06
-3.699254619062833e-06
-3.7348731429980367e-06
-3.770836301290534e-06
-3.807194572517914e-06
-3.843826178565621e-06
-3.880958597384464e-06
-3.918270114930747e-06
-3.956160084995879e-06
-3.994226844307447e-06
-4.032823238795877e-06
-4.0717524874352325e-06
-4.111017210125471e-06
-4.150896919665891e-06
-4.19082731229739e-06
-4.231665806320796e-06
-4.27231027745026e-06
-4.314047340430024e-06
-4.355516347974951e-06
-4.39803432762689e-06
-4.440354174511338e-06
-4.4845455275935775e-06
-4.527411286370025e-06
-4.5740509232219115e-06
-4.617980565100634e-06
-4.668118885588213e-06
-4.715431378568091e-06
-4.767474641012397e-06
-4.821838017113236e-06
-4.87319928315624e-06
-4.9351364885366926e-06
-4.984069788764725e-06
-5.049955400059059e-06
-5.095968602012552e-06
-5.1614994502238005e-06
-5.208536322057818e-06
-5.272049952352787e-06
-5.325229681930302e-06
-5.385554971509886e-06
-5.449882229351783e-06
-5.5084244849999545e-06
-5.584013254461106e-06
-5.642817543059249e-06
-5.726947440975818e-06
-5.7873620944292464e-06
-5.880057430362323e-06
-5.94176547509713e-06
-6.036601322263746e-06
-6.105731393049596e-06
-6.1975647653034205e-06
-6.27898409764579e-06
-6.367680939605444e-06
-6.45953363077054e-06
-6.551261754428935e-06
-6.644327991273016e-06
-6.744159833822056e-06
-6.834320889188643e-06
-6.942358326848569e-06
-7.0307597894276545e-06
-7.146353095866865e-06
-7.2390035954008084e-06
-7.349823564628305e-06
-7.470134823842067e-06
-7.525233023127249e-06
-7.720048356880797e-06
-7.714467121399939e-06
-7.929404554492064e-06
-7.947752428237402e-06
-8.06072519259158e-06
-8.208657363583787e-06
-8.171160528752224e-06
-8.456796928906602e-06
-8.356552841686654e-06
-8.696536737408628e-06
-8.623906913130832e-06
-8.999856477815088e-06
-8.929740801486176e-06
-9.354130162653028e-06
-9.16970429462e-06
-9.857098722739345e-06
-9.165577093138845e-06
-1.090449304139981e-05
-7.81255102236928e-06
-1.6028632837037727e-05
-1.1806749434132132e-05
-1.780006951389895e-05
-2.5220643798499448e-05
-2.4304404213654142e-05
-4.890653056296849e-05
-4.4220075698841286e-05
-7.20182001543594e-05
-7.104357558033828e-05
-8.484617514867381e-05
-8.75329514088504e-05
-8.69173384554877e-05
-8.201920456026262e-05
-7.322189076462198e-05
-7.040836133577713e-05
-6.140083327293457e-05
-6.0866289925748377e-05
-4.936971377791897e-05
-5.063266838815618e-05
-4.088578047048995e-05
-5.3365622128529426e-05
-4.449978821896783e-05
-5.764025682960405e-05
-5.6765136686169344e-05
-7.326158016267542e-05
-7.228830143459224e-05
-8.510476361076292e-05
-8.308872812149752e-05
-0.00010009067340477015
-9.591179342086914e-05
-0.00011320040529786412
-0.00011203513024763964
-0.00011793497474724848
-0.0001135573279622648
-0.00011519633921409533
-0.0001079003041331349
-0.0001086713868610579
-0.00010224944161524926
-9.884975105373632e-05
-9.621739886411001e-05
-8.886891452696959e-05
-9.485504722907288e-05
-8.587530443376375e-05
-9.82083552779445e-05
-9.558814043015502e-05
-0.0001104070467002978
-0.00011525555961137733
-0.00012195868228012821
-0.00013164303100187256
-0.00013509025818942558
-0.00014286963584846866
-0.00014617023030172232
-0.00015274901549241994
-0.00015561838390490892
-0.00016367882039525667
-0.00016043554285407027
-0.0001610767288029294
-0.00016061589318263215
-0.0001539252700914686
-0.00015717989995692544
-0.0001465285421154223
-0.0001474186616932193
-0.0001417633268894254
