0.00022594214655242468
0.0003212334112926476
0.0002647247850382554
0.000287888119216375
0.00024949245536235625
0.00023006482989041928
0.00024104385097942037
0.0002805984839716519
0.00021564759694416816
0.0003010810849940834
0.00022360990428514817
0.00025552432215117415
0.00020869209686671556
0.00020142559918835215
0.00018453897023972603
0.00013429239593796465
0.00020034016664387515
0.0001331892403286426
0.0001627660037927213
0.00011713996874215409
0.00012417125163765883
7.340132159048986e-05
4.326857198920674e-05
0.00010286383179190954
4.528649648423769e-06
7.310761627504206e-05
9.836474183082147e-05
9.662419945002509e-06
0.00013323278010359896
-5.044307142663463e-06
0.0001597294723841091
4.524229787275429e-05
8.370962776572789e-05
9.687979049313328e-05
6.071249877483491e-05
7.16345615956982e-05
2.9579826223670165e-05
2.935710201703662e-05
-8.457607632273806e-06
-1.3679729792827016e-05
-5.107542996931248e-05
-4.799837586649201e-05
-0.00010641265507769365
-3.566669570950988e-05
-0.00010985404234420664
-6.967180882020786e-05
-0.00015427935655146362
-0.00013716090396472894
-0.0001842635295655206
-0.0001869645370983978
-0.00022321661657724682
-0.00020407062024283064
-0.00015982280622747706
-0.00023312558019639
-0.00012126704910714801
-0.0002443766568686461
-0.00010800860254247905
-0.0002439480200126651
-0.00011738921742015386
-0.0002222863859164721
-0.00017346963161538468
-0.00014972179915664525
-0.00018651253221899653
-0.0001526832808009276
-0.0001245765247834496
-0.00010021023473602136
-5.879830575272635e-05
-2.6223619639417545e-05
5.634350950625786e-06
-6.248986559752672e-05
-1.3458495469925768e-05
-7.110296335685818e-05
-7.803009583864007e-05
2.4388026013885677e-05
-0.00011865132146910154
-6.911390882561794e-06
-0.00015508158523196746
-6.715479586620333e-05
-0.0001700352657989913
-0.00011993576310319424
-0.00014161484277860334
-0.00015221537466564994
-0.00011345889210251728
-0.0001999127517524562
-8.52076566876601e-05
-0.0002639294623650708
-4.751238033960057e-05
-0.0002995133202619855
2.3791960862482438e-05
-0.0003117501236936448
0.00010576987251385893
-0.00034249663924254114
6.357590098615782e-05
-0.0004602251444876832
-3.683397032927836e-05
-0.0007228327689454495
-4.4616811561208137e-05
-0.0009749372509850012
0.00017090714977126568
-0.0012328344110055876
-0.001592521617590313
-0.0005701188054114581
-0.001075076237999052
0.000623361772657898
-0.0010818240691971696
0.0008058897260727447
-0.001500033977828575
0.00047626657876700593
-0.0009263163879785301
0.0009066784686226409
-0.0011757997083025322
0.00025047307616033425
-0.000879774563900787
0.001386700309957594
-0.0013467320636147506
0.001542467724138765
-0.0026944501136013975
0.0023852405814810953
-0.0073955364710278325
0.02100112110472494
0.3974322320050547
0.19184518215031107
0.08764776277090082
-0.13054913776685392
-0.027130185598843996
-0.05882240160079434
0.03974815373291224
0.015120575248430251
-0.0712174958000571
-0.12560314111732074
-0.03350197166314007
0.05738139990916876
-0.026556389387629713
-0.14695878319846178
-0.18024097510146872
-0.09891282962059822
0.009501722423485976
0.06377658786303962
0.10603611387252837
0.006666441938771908
-0.03097421241510925
0.016484430124084234
0.05886133421392819
0.12302261642269327
0.09783465127235227
0.04677278268619255
-0.022127517284359854
-0.03245831917562457
-0.03330573599886265
-3.930546868600039e-05
0.0015159081756957109
-0.02924757767986135
-0.04599353546858548
-0.026831880148447916
-0.024475041268633403
-0.05308501947737244
-0.07994783436795791
-0.031677731658411284
0.014924461727596847
0.043759860734440374
0.013912323033739635
-0.005411157777110067
0.007888868750354095
0.016618856360061905
0.02169793963087903
0.018069711396166657
0.02123889157764299
0.008313386099107964
0.003779252647262806
0.016360708312793477
0.022747749339630273
0.005431397758762705
-0.021900242326084174
-0.0188197239887924
-0.0088147694192351
0.004922666980320487
0.0060104653555422966
-0.005346419829162322
-0.01839698552583694
-0.03472727956148655
-0.01917923520077902
0.0027865274869371725
0.01550342776009719
0.005397125304710936
-0.00758385900973994
-0.00032307039427314013
0.0023360240194183904
0.002020781752303763
0.002175452655214282
0.009226996912565849
0.013466382663889127
0.008780138462826503
0.0056872054390455845
0.0005335230836023249
-0.002964088130348457
-0.006201952330660391
-0.0020920660462654746
0.00578274509724793
0.005221584338627987
-0.0009625175072927682
-0.005915604826365673
-0.004232570874625574
-0.001839988251321522
-0.0013148895470478463
0.00013311700492559715
0.0005527627088192807
0.00013826979474124127
-0.00015583700125680283
0.001799054877294635
0.0021094196668549944
-0.0023530340722940414
-0.005395659556965713
-0.001887067681844432
0.0035895580535728073
0.00536865822904642
0.0018498253412480641
-0.0017473013577787898
-0.00322832954618972
-0.0025125129049981742
4.289588710351921e-05
0.0032577914794913333
0.004093442657671548
0.0014484682382017585
-0.0012358859384315837
-0.0011922175024995042
-0.0003157750735006283
-0.0003771673316621152
0.00013487290710162682
0.0015337867149800737
0.002334268790456421
0.0014209277340468712
-3.970329195555191e-05
-0.000736444072663562
-0.00110875721283351
-0.000653145346810482
0.0006562937882402319
0.002236671947717655
0.0022859071957707683
0.0005011154616365193
-0.0002724612421036413
7.344198439086973e-05
0.0009467350694357067
0.0006723968456421692
0.0009992247986496572
0.001279750486513857
0.001219436078914966
0.0007760690473599429
0.00023585838971954166
-0.00017427273654214469
-0.0012518419617067588
-0.0017621721999529151
-0.0011397914642246262
-0.00011880198385439368
0.0004000906886748258
-0.00033231369477279175
-0.0005789813007093239
-0.0005131858247146616
4.0250063075255985e-05
0.0006859029506824169
0.0010736345447578681
0.0014099230104387488
0.0007464140287914973
0.00017504340277755588
0.0002412907794403862
0.0003638033213892621
0.00016839121312719365
-0.0002909398568444952
-9.642491154898584e-05
0.000202743613674857
0.00034372050934966156
-0.00016355729883964923
-0.0004251584629946537
-0.000608245253727587
-0.0002838071277200768
0.00010697858878113862
0.0005510603436612094
0.0003543396800770567
-0.00012950081671314904
-0.0004526270338938966
0.00020807293085542327
-0.00023340122914822844
0.00012195356893463525
-0.00013849824363785352
2.6948056918122288e-05
-4.5201569146837654e-05
4.2995088631467824e-05
3.2662421072768484e-05
3.182708269264557e-05
3.5750476257988316e-06
-1.681622450295485e-05
-1.2653873804594574e-05
8.295446455924917e-06
7.966166435001724e-06
1.2009168710634438e-05
6.2359279707097114e-06
8.143362945297375e-06
-8.750666999364455e-06
-3.064647413126469e-07
-1.1836099975880642e-06
3.3190354371600693e-06
-2.5594319823330023e-06
-5.290165204068767e-07
4.1597649163009794e-08
2.649710459634965e-07
1.9571844601344585e-06
-2.2733857664607236e-07
4.2166266042879623e-07
-1.2843431827326893e-06
-5.031452107792244e-07
-3.359060507610186e-07
5.400215887227714e-07
4.897766735274918e-07
1.8841056284247057e-07
3.1732853256861244e-07
2.4416895870362897e-07
2.8900445416283824e-07
2.5985358846184094e-07
3.5865515018493587e-07
3.4323783426822333e-07
2.6992974887964506e-07
3.6085171096827615e-07
3.49350177431695e-07
4.1993396114364985e-07
3.3473999922427854e-07
3.455499795748055e-07
3.003341107251506e-07
3.2452283107282064e-07
3.269524154941373e-07
3.4217499247251627e-07
3.565073391910249e-07
3.4512905666402114e-07
3.4727719577549044e-07
3.455531611432616e-07
3.568180297174045e-07
3.566339117116813e-07
3.599973625957245e-07
3.652250822150198e-07
3.6913874644961455e-07
3.7609312917956383e-07
3.805630238806843e-07
3.875673658754403e-07
3.906564803215617e-07
3.949029453330019e-07
3.9881807564106156e-07
4.03957629051255e-07
4.095495595716125e-07
4.142569358897867e-07
4.195724432574729e-07
4.240990657015595e-07
4.2920374428178677e-07
4.338217191873642e-07
4.3902518707364564e-07
4.440697966810736e-07
4.4911637738149525e-07
4.5426183754773003e-07
4.5949123545462045e-07
4.6492280956871024e-07
4.702812383770155e-07
4.7576311684380257e-07
4.812324604160263e-07
4.867885311315122e-07
4.924123817098836e-07
4.981181479868715e-07
5.039328589773531e-07
5.097837534493929e-07
5.157171346628284e-07
5.216947449688744e-07
5.277648566486687e-07
5.338935927395611e-07
5.40096850492949e-07
5.463722069741495e-07
5.527179064296339e-07
5.591402601002118e-07
5.65633238960514e-07
5.722084600685504e-07
5.788556344248508e-07
5.8558030783043e-07
5.923800599251516e-07
5.992592929668708e-07
6.062190080783833e-07
6.132591319988473e-07
6.20382125124299e-07
6.275869947969595e-07
6.348760641190429e-07
6.422489536479781e-07
6.497078870390527e-07
6.572534885819492e-07
6.648866681443349e-07
6.726085342839e-07
6.804199420354373e-07
6.883223907239167e-07
6.963164963721957e-07
7.044036384475615e-07
7.125846344623044e-07
7.208606808972728e-07
7.292327853167246e-07
7.37702108326993e-07
7.462698534471332e-07
7.549370946539902e-07
7.637050329356576e-07
7.725747662411242e-07
7.815475350451268e-07
7.906244990770958e-07
7.99806881683976e-07
8.090959064573078e-07
8.184928085642112e-07
8.279988484539915e-07
8.376152804629236e-07
8.473434068099334e-07
8.571845124174388e-07
8.671399160196241e-07
8.772109387038263e-07
8.87398927566091e-07
8.977052405583635e-07
9.081312488828409e-07
9.186783463122072e-07
9.293479380737425e-07
9.401414491917704e-07
9.510603168757462e-07
9.621059981307052e-07
9.73279964576728e-07
9.845837055455844e-07
9.960187293720727e-07
1.0075865602316185e-06
1.0192887415545358e-06
1.0311268329265101e-06
1.0431024130216904e-06
1.0552170779904802e-06
1.0674724436096194e-06
1.0798701438872495e-06
1.0924118314538768e-06
1.1050991796078828e-06
1.1179338792471232e-06
1.1309176417137663e-06
1.144052198646028e-06
1.157339301619681e-06
1.1707807217947123e-06
1.1843782509562669e-06
1.1981337025763518e-06
1.2120489115445207e-06
1.2261257331808162e-06
1.2403660436255404e-06
1.2547717416801218e-06
1.2693447486999965e-06
1.2840870080689862e-06
1.2990004848584258e-06
1.3140871677110727e-06
1.3293490683415066e-06
1.3447882217758464e-06
1.360406686362999e-06
1.3762065453682874e-06
1.3921899051930957e-06
1.4083588967405574e-06
1.424715675788765e-06
1.4412624236014872e-06
1.4580013465994391e-06
1.474934676699163e-06
1.4920646717619425e-06
1.5093936158229346e-06
1.5269238193174839e-06
1.544657619854145e-06
1.5625973818478967e-06
1.5807454975427416e-06
1.5991043869421879e-06
1.6176764977113327e-06
1.6364643061002635e-06
1.6554703173369932e-06
1.6746970661535353e-06
1.694147115511709e-06
1.7138230591490764e-06
1.733727520354905e-06
1.753863153601472e-06
1.7742326432910793e-06
1.7948387060183761e-06
1.8156840888060646e-06
1.8367715716012598e-06
1.858103965524647e-06
1.8796841156288517e-06
1.9015148989839177e-06
1.9235992268235177e-06
1.945940043537074e-06
1.968540327782085e-06
1.9914030933149813e-06
2.0145313887695395e-06
2.037928297763712e-06
2.0615969401554884e-06
2.0855404722582612e-06
2.1097620854144643e-06
2.134265010446127e-06
2.159052513687535e-06
2.1841279020409936e-06
2.2094945169241737e-06
2.2351557416559555e-06
2.261114997194436e-06
2.287375745598732e-06
2.3139414880474183e-06
2.3408157667961766e-06
2.368002165863702e-06
2.3955043096475055e-06
2.4233258651944816e-06
2.451470541904886e-06
2.479942093224749e-06
2.508744314944162e-06
2.537881047642889e-06
2.5673561768118002e-06
2.597173631292262e-06
2.6273373882259866e-06
2.657851468887939e-06
2.688719942859789e-06
2.7199469255324676e-06
2.7515365803528815e-06
2.783493119260693e-06
2.8158208034078053e-06
2.848523944017577e-06
2.8816069014598483e-06
2.915074086724096e-06
2.9489299618986253e-06
2.983179041384388e-06
3.0178258922635023e-06
3.0528751344171873e-06
3.0883314410649638e-06
3.12419953939444e-06
3.1604842123754266e-06
3.197190298029752e-06
3.2343226908714364e-06
3.271886341914065e-06
3.3098862595961254e-06
3.3483275111925595e-06
3.3872152220794025e-06
3.4265545775613815e-06
3.4663508231428178e-06
3.5066092651415558e-06
3.5473352714898633e-06
3.5885342725535736e-06
3.630211761795481e-06
3.672373296138468e-06
3.715024497696895e-06
3.7581710531915495e-06
3.801818715629254e-06
3.845973305283742e-06
3.890640709605046e-06
3.935826884447573e-06
3.981537854488393e-06
4.027779714848467e-06
4.074558631450704e-06
4.121880841312379e-06
4.1697526551298105e-06
4.218180455441808e-06
4.267170699623983e-06
4.3167299197985576e-06
4.366864724461393e-06
4.41758179822276e-06
4.46888790371862e-06
4.520789881730421e-06
4.573294652973792e-06
4.626409218158484e-06
4.680140659943067e-06
4.734496142436663e-06
4.789482913398578e-06
4.845108304480976e-06
4.901379732935999e-06
4.958304701415258e-06
5.015890800476862e-06
5.074145708546905e-06
5.133077193160575e-06
5.192693112440923e-06
5.253001415207007e-06
5.31401014282298e-06
5.375727429595772e-06
5.43816150576453e-06
5.501320695496038e-06
5.565213420714378e-06
5.629848200320618e-06
5.6952336529057076e-06
5.761378496653037e-06
5.828291551314137e-06
5.89598173929035e-06
5.964458085306056e-06
6.033729720361774e-06
6.103805881251575e-06
6.174695911201561e-06
6.246409263481646e-06
6.3189555002042975e-06
6.392344292195708e-06
6.466585428149319e-06
6.541688804347643e-06
6.6176644398368445e-06
6.694522458988372e-06
6.7722731139431455e-06
6.850926769183657e-06
6.930493914133059e-06
7.0109851570507065e-06
7.092411231550527e-06
7.174782994229183e-06
7.258111427833991e-06
7.3424076436225236e-06
7.427682881864169e-06
7.513948513523049e-06
7.601216039413935e-06
7.689497096359071e-06
7.778803455788655e-06
7.86914702479455e-06
7.96053985126677e-06
8.052994120359622e-06
8.146522160311408e-06
8.241136441177263e-06
8.336849578397253e-06
8.433674335061388e-06
8.531623620988823e-06
8.630710497356997e-06
8.730948175712295e-06
8.832350021527996e-06
8.934929555161949e-06
9.038700454766947e-06
9.143676556916695e-06
9.24987185893793e-06
9.35730052059288e-06
9.46597686605989e-06
9.575915386553831e-06
9.687130740919478e-06
9.799637757983799e-06
9.913451439417381e-06
1.0028586960502154e-05
1.0145059674109707e-05
1.0262885109874802e-05
1.0382078978658056e-05
1.050265717320747e-05
1.0624635771528182e-05
1.0748031037780296e-05
1.0872859425514899e-05
1.0999137578888204e-05
1.1126882335558107e-05
1.1256110728621871e-05
1.1386839989302455e-05
1.1519087548855084e-05
1.165287104118451e-05
1.1788208304350754e-05
1.1925117383987383e-05
1.2063616534970303e-05
1.2203724224829973e-05
1.2345459135313513e-05
1.2488840165143789e-05
1.2633886432363017e-05
1.278061727701639e-05
1.292905226393977e-05
1.3079211185269835e-05
1.3231114062997595e-05
1.33847811512669e-05
1.3540232939899827e-05
1.369749015635649e-05
1.3856573769371883e-05
1.401750499084066e-05
1.4180305279012928e-05
1.4344996340689108e-05
1.451160013603292e-05
1.4680138879424875e-05
1.4850635043795607e-05
1.5023111362694533e-05
1.5197590833542461e-05
1.5374096721072414e-05
1.555265256050417e-05
1.5733282160071586e-05
1.5916009604538723e-05
1.610085925846886e-05
1.6287855768839718e-05
1.6477024070014196e-05
1.666838938500434e-05
1.6861977230581138e-05
1.705781341907256e-05
1.7255924062686487e-05
1.745633557693289e-05
1.7659074684848314e-05
1.7864168419057594e-05
1.8071644126133437e-05
1.828152947064548e-05
1.8493852438064215e-05
1.87086413398381e-05
1.8925924814670522e-05
1.9145731834776733e-05
1.936809171084299e-05
1.9593034088327254e-05
1.982058896370098e-05
2.0050786674159597e-05
2.0283657919918912e-05
2.0519233747563932e-05
2.0757545570509496e-05
2.0998625162909658e-05
2.1242504670904334e-05
2.1489216611830656e-05
2.1738793883313784e-05
2.1991269763370347e-05
2.2246677915793017e-05
2.2505052395638096e-05
2.2766427654572798e-05
2.3030838544982855e-05
2.3298320322270817e-05
2.356890865181857e-05
2.3842639613125965e-05
2.4119549703923403e-05
2.4399675848389875e-05
2.4683055397905617e-05
2.4969726137671813e-05
2.525972629163504e-05
2.5553094527045253e-05
2.584986996173209e-05
2.615009216670264e-05
2.6453801174224903e-05
2.676103747927135e-05
2.7071842048518625e-05
2.738625632361198e-05
2.770432222835525e-05
2.8026082172564305e-05
2.8351579059627966e-05
2.868085629033866e-05
2.9013957769697903e-05
2.93509279128075e-05
2.9691811651161883e-05
3.0036654437292425e-05
3.0385502251816103e-05
3.073840160882869e-05
3.1095399563408374e-05
3.1456543717370516e-05
3.182188222496476e-05
3.2191463799835984e-05
3.256533772055153e-05
3.294355383918232e-05
3.332616258613398e-05
3.371321497786005e-05
3.410476262293119e-05
3.4500857729877275e-05
3.490155311279238e-05
3.530690220013926e-05
3.571695903969042e-05
3.613177830822322e-05
3.655141531625178e-05
3.6975926017812416e-05
3.740536701582432e-05
3.783979557157214e-05
3.8279269610267086e-05
3.872384773141814e-05
3.917358921299381e-05
3.962855402380751e-05
4.0088802826622916e-05
4.055439699109457e-05
4.102539859721652e-05
4.150187044937501e-05
4.198387607715304e-05
4.2471479752273614e-05
4.296474648809415e-05
4.3463742058984776e-05
4.396853299628629e-05
4.4479186611447166e-05
4.499577098964467e-05
4.551835501580517e-05
4.604700836487871e-05
4.6581801531922804e-05
4.712280581893228e-05
4.767009336887159e-05
4.822373714792003e-05
4.878381098577007e-05
4.935038955180592e-05
4.9923548403299825e-05
5.050336395199964e-05
5.108991352131679e-05
5.1683275305986985e-05
5.22835284388799e-05
5.289075293801679e-05
5.350502978934059e-05
5.4126440876367196e-05
5.475506908023868e-05
5.539099819187697e-05
5.603431303594314e-05
5.668509935498301e-05
5.73434439613235e-05
5.8009434592229804e-05
5.8683160096791124e-05
5.9364710252199295e-05
6.005417599334555e-05
6.0751649184908414e-05
6.145722289730358e-05
6.217099112924965e-05
6.289304913622735e-05
6.362349309995018e-05
6.436242051666965e-05
6.510992979710892e-05
6.586612073601396e-05
6.663109401859038e-05
6.740495179778102e-05
6.818779707673092e-05
6.897973443624114e-05
6.978086923725154e-05
7.05913085598956e-05
7.141116015730187e-05
7.224053369023773e-05
7.307953933560871e-05
7.392828942241964e-05
7.478689657835135e-05
7.56554758922246e-05
7.653414246785453e-05
7.742301424896447e-05
7.832220884410848e-05
7.923184714593222e-05
8.015204930092394e-05
8.108293923835442e-05
8.202463968658993e-05
8.297727769248633e-05
8.394097861986712e-05
8.491587270682793e-05
8.590208801312663e-05
8.6899758044929e-05
8.790901361289694e-05
8.892999158183342e-05
8.996282554642448e-05
9.10076558570407e-05
9.206461887989239e-05
9.313385863918684e-05
9.421551419049786e-05
9.530973350472182e-05
9.641665815290787e-05
9.753644042692134e-05
9.866922413483831e-05
9.981516637334908e-05
0.00010097441281518323
0.0001021471259293662
0.0001033334528090199
0.00010453356193036571
0.0001057476013203415
0.00010697574611354599
0.00010821814481025955
0.0001094749797920633
0.00011074639966439651
0.00011203259453862509
0.00011333371288029404
0.000114649952880371
0.00011598146276437806
0.00011732844904230235
0.00011869105961968178
0.00012006950965037008
0.00012146394644819373
0.0001228745944789302
0.00012430159964634934
0.0001257451973647643
0.00012720552952723383
0.00012868284638842687
0.0001301772810327317
0.0001316891050159149
0.00013321843421371048
0.00013476557218002974
0.0001363306040234099
0.00013791388172987155
0.000139515440760372
0.00014113570270382365
0.00014277463040109832
0.00014443273974817472
0.000146109894563538
0.00014780673032638758
0.00014952299007997506
0.00015125944819433532
0.00015301571232466068
0.00015479270501673673
0.00015658989596933817
0.00015840834844055643
0.0001602474136349326
0.0001621082683509106
0.00016399017841927516
0.00016589439925521242
0.00016782014626413617
0.00016976871648575857
0.00017173930337321258
0.0001737332351702276
0.0001757496729565232
0.0001777900105714124
0.0001798533156426316
0.00018194113504861956
0.0001840523236932099
0.00018618873555217852
0.0001883488307320158
0.00019053498258739254
0.000192745024027257
0.0001949821063919879
0.00019724313709317204
0.0001995323831776013
0.00020184550442636263
0.0002041881474429269
0.00020655449406236336
0.00020895179167873252
0.000211372551882384
0.00021382576879562694
0.00021630220234567996
0.00021881255681617182
0.00022134601118937915
0.00022391466440867692
0.000226506511705327
0.00022913461011125034
0.00023178633902877933
0.00023447506467873594
0.00023718798386630074
0.00023993871080528473
0.00024271400476241073
0.0002455281482309016
0.00024836726272157474
0.00025124648731188193
0.0002541462371902503
0.00025709334410997653
0.0002600520251620879
0.00026307063871601477
0.0002660828526563491
0.000269175022234152
0.0002722313735965959
0.00027540138622226054
0.0002784914329775831
0.00028174443977660446
0.00028486601315288324
0.00028820768190734175
0.0002913531801092689
0.00029477795349056035
0.0002979637334864192
0.00030146785205566727
0.0003047151044282253
0.00030829549720893905
0.00031161662293026707
0.0003152556353627767
0.0003186684808639817
0.00032235039504815294
0.00032585880171358966
0.00032959144231553203
0.00033318335995339513
0.0003369514100760515
0.0003406037084656068
0.00034442460045396923
0.0003481113861901247
0.00035201358654090035
0.00035572161927264557
0.00035973285606737907
0.0003634537504074761
0.0003675940114963951
0.00037132487435905133
0.0003756210050380528
0.000379357376295149
0.0003838600036908472
0.00038748423815329375
0.0003924204797014206
0.00039586089952615657
0.0004011338837116092
0.00040443683739205385
0.00040992242800710487
0.0004133155513168596
0.0004187478437078732
0.0004223839879142538
0.00042764739071486906
0.0004315741160860302
0.00043651484737718994
0.00044044696394601734
0.0004455347156718248
0.00044956061650276713
0.00045455844672798174
0.0004587326692057792
0.0004637675256021906
0.0004684920349414638
0.0004716821229697743
0.0004831795254246462
0.00046413064512517945
0.00045223625088281475
0.0004421620275779845
0.00041050874804029607
0.00042463729899402025
0.0003443034345429479
0.0003880198307933908
0.0002817941789358775
0.00034620089972874015
0.00021876402420105553
0.00033011922811652076
0.00026766185407630933
0.0003822407074416429
0.00027947916401917385
0.00042022048729394723
0.0003689551046339693
0.00045699089615446894
0.0004409309105155759
0.000512546892312296
0.00046145553221189277
0.00048609681120184093
0.0004270930416973576
0.000399670822027471
0.0003801301615550378
0.00034965689352096506
0.000341616171789256
0.00030782759762200775
0.00032035721739819163
0.0002465329761228499
0.0002819911467800158
0.00019309039494310506
0.0002284483021175804
0.00015719872977859492
0.0002220782855280384
0.00022040366677496517
0.00023382004564045434
0.00019059502795611632
0.0002743856220735471
0.00018298727879605229
0.000292865968023736
0.0002074223711864747
0.0002444317938919807
0.0002030634292007566
0.0001847949884863305
0.00021776640374999577
0.00022710760170629755
0.00023680902772371527
0.00016128921561611313
0.0002392501073932276
0.00017236255936723744
0.0001761974011192612
0.00020747134784683587
0.0001678274309080092
0.000171018629856151
0.00014816942342062741
0.00012269791109905572
0.0001343971635859997
5.1794520100455446e-05
0.00018698280946173525
4.729190057247662e-05
0.0002093770936259356
0.00013691845594102515
0.00022887406855107777
8.084211465510965e-05
0.0001105175794366863
0.00010013095075569714
9.879914339328707e-05
8.599092537079275e-05
9.230787184343625e-05
7.66258809824416e-05
8.676120246042048e-05
6.976520751030173e-05
7.168560644477461e-05
5.820111962908585e-05
5.386095811309806e-05
3.915728800484319e-05
3.981896647828908e-05
2.7757867563116804e-05
2.5440599071008756e-05
1.6484373473569982e-05
9.702277976913646e-06
6.788708804500055e-06
-3.1751964666636463e-06
-5.2487602579460695e-06
-1.9754262212842748e-05
-1.1551346774264453e-05
-2.2064108935094097e-05
-1.9924166607644504e-05
-2.194912248089091e-05
-1.5816468712698685e-05
-9.476493159144762e-06
-3.9053984358367706e-06
9.31358062654608e-07
1.8269148207760745e-05
2.0444717696387993e-05
2.9666542168790694e-05
3.263860626820071e-05
3.5948478112757286e-05
3.689293087377493e-05
3.9187976027182466e-05
2.9603293356364104e-05
2.7240588822782325e-05
1.4675209236843954e-05
7.72366606116522e-06
-1.1663569926124144e-06
-7.85759076510749e-06
-2.278027044945604e-05
-2.4905514281817984e-05
-4.654083501496836e-05
-5.255130883156245e-05
-7.635780556156053e-05
-7.410437010810316e-05
-9.130685894041037e-05
-9.231514143404724e-05
-0.00010530526731978304
-9.737794428553313e-05
-0.00010879098067980739
-0.00010135569129775105
-0.00010433503115880668
-0.00010369718742614126
-9.671504316440294e-05
-9.924271258299964e-05
-9.840288954526057e-05
-0.00010834866248623929
-0.00010650135379998562
-0.0001234146399558682
-0.00012792966706973874
-0.00013791590606162775
-0.00014587053560023342
-0.00015049038383213527
-0.00015808352921229448
-0.00015837924133496915
-0.00015769957636546991
-0.00016021536878376742
-0.00015807819714257714
-0.0001641759979621912
-0.00015319654437567857
-0.0001591957056344538
-0.00016051613872402845
-0.0001671301848208583
-0.0001803016429823985
-0.0001883706671324915
-0.00020892146406523772
-0.0002282522163720363
-0.00023446566786687178
-0.00025032255327931026
-0.00025114269597681794
-0.00026491343091226966
-0.0002651531069940849
-0.0002661082390282998
-0.0002631261388593894
-0.0002552056799496171
-0.00023800178111884962
-0.00022980591349119762
-0.00021214858124010209
-0.00020895935719427062
-0.00019683673798169478
-0.0002052623036485605
-0.0002050035823098773
-0.00021011300147463113
-0.0002225079488440777
-0.00023405181617342874
-0.00025842952795739516
-0.0002655062064155732
-0.0002847286674580036
-0.00027910245509039965
-0.0002836837144987048
-0.0002695901677372467
-0.0002709126289987406
-0.0002510930131987948
-0.0002623474133850562
-0.0002417623539386823
-0.0002474885857584367
-0.00023883588134471605
-0.000253776998680894
-0.0002482986891935988
-0.0002763110055421952
-0.0002770331013833
-0.0003057005877826935
-0.0002945115283918151
-0.00033310691422215675
-0.0003173011588924563
-0.00036346578864823416
-0.0003212652386344937
-0.00026535541682749445
-0.00038955683696886953
-0.0005260670555995324
-0.0004135381278399642
-0.0005692831520684496
-0.0003051209403488587
-0.0004886107050268978
-9.726178702191995e-05
-0.0005542020714597268
-5.0012078738800156e-05
-0.00048661896212932865
0.00015258533600863753
-0.0005937659185245293
0.00025600497107421285
-0.0008486175371494869
0.00036539887591293297
-0.0011452424456601718
0.0007889387791433584
-0.0015435806447025397
0.002726972196639293
-0.003706470404599075
0.02090757418994173
0.06542477820217427
0.056031887547621326
0.04007971994047736
0.023321405583634935
0.02404694288119097
0.011577891579553879
0.0021122201099114503
-0.007988736910839029
-0.018621066753626132
-0.032849279836609915
-0.051359387990726105
-0.04626778459611323
-0.02235227238576231
-0.0037850830181941626
0.00770760355821163
0.008590414725436736
0.00023961203650654683
-0.007145207729476585
0.0003537600631017956
0.012967945663852615
0.0178587563610791
0.015629421144516292
0.009370573854132376
0.004836981928873407
0.002581082519442567
0.0044806791834802
0.007912733136792839
0.00823225947095519
0.0053097434043040525
0.0026747650033313126
0.0011704849892162999
-0.0010812698369230414
-0.0014704555461579993
0.0012722431536192323
0.0049344601713954914
0.005688675717474834
0.004158243843226691
0.0018343330973425813
-0.0004982950423223472
-0.005911585416055655
-0.010732085958831487
-0.00934065010554061
-0.004769284138193825
-0.0022001810870677044
-0.0035094112302194555
-0.0045401061866988494
-0.003928003647865986
-0.0005639585672204488
0.004323773124063449
0.007538306266042068
0.006340749758760915
0.0017513186213339567
-0.0020689043136929756
-0.0021987751538982423
-4.7970972206442884e-05
0.0016302021826879699
0.0018928651487882696
0.0003799457410732802
-0.0018059887685441828
-0.0032150323546975917
-0.002430393250297341
-0.0006225786842977087
0.0011895573787160845
0.0018436333110292108
0.001265082242842502
8.675150900148702e-05
-0.0006619333602589747
-0.00019388311839764062
0.0004206887030037929
0.0007515646874079574
0.0010360355111223756
0.0013534527584990884
0.0016235832653829912
0.0011010384250745246
3.7305746110393184e-05
-0.0008892601549298551
-0.001001956934248782
-0.00015950335625791541
0.0006247166740917499
0.0005994459047184689
-0.0002429516978526325
-0.0010918662721441596
-0.0010149981931064337
-0.00012125473203062777
0.0009707623952559026
0.0015410085782142935
0.0014840363427742196
0.0008820891641857151
8.549289732902647e-05
-0.00013948964462404936
0.0004121626921037106
0.0011540303296166342
0.0010586382613298278
0.0001796785871913795
-0.0007522897474524062
-0.0010674017868697824
-0.0006881891586102533
-5.0047144809545896e-05
0.0005609205325090948
0.0007339344558149
0.00047101912018027983
0.00015142137036191003
0.00012191674226749274
0.00028901423521044496
0.00043901654164714085
0.00042441871770546296
0.0003221063673630461
0.00014026461142722973
-0.000151285829984081
-0.00034406832644644664
-0.0003654664308602566
-0.00019571577529633443
6.254796079720576e-05
0.0003673415228298396
0.0005811135489750918
0.0005738141961005143
0.00034019287226438974
-0.00011484930348417853
-0.00031026533328508887
-0.00020060300721066614
6.429094803401182e-05
9.500118673066584e-05
-0.00015908377820075549
-0.00035677113750873105
-0.0005080509733196895
-0.00031011443307275697
4.250704700077907e-05
0.00025738841723554505
0.00036774161927251737
0.00021990073076307666
1.0500360875803156e-05
-3.5749045619388285e-05
-1.4252252333381639e-05
0.00018259810295764546
0.000332361335733899
0.00024884847915172017
1.9108077644594903e-05
-0.0001665237243016547
-0.00024332430697219666
-0.000284440425188785
-0.00033443856246465374
-0.00041047991672300615
-0.0005841068729128556
-0.0007705169897947138
-0.0007700643923039497
-0.0006146319457561372
-0.0004809133975700594
-0.00039375911336401916
-0.00023734863071220262
-7.725925682826838e-05
1.9612903663908474e-05
0.00013888518273835352
0.00017370004792030563
8.83439400026726e-05
-7.471565599733799e-05
-0.00015915982636234964
-0.00016099466603273227
-1.1566546401495092e-05
0.00010669363717621326
9.57795445012646e-05
3.986731552776726e-05
6.474071084751599e-05
2.6262118141102655e-05
3.9131217013829624e-05
1.5434003164457006e-05
1.00613655383772e-05
-5.916670572814279e-06
-2.342967820279226e-06
2.3785615729691805e-06
6.399141153818388e-06
4.287027853171302e-06
-1.5925086179654302e-06
-6.983630987926369e-06
-7.633611496384452e-06
-6.869914751627532e-06
-4.397176453828171e-06
-1.900038750995133e-06
1.7326549886314234e-07
-9.043909227686876e-07
-1.0077956861277433e-06
-8.67504312872594e-07
-2.937480200271639e-07
-5.680129939712185e-07
-4.919403391333071e-07
-3.9364495088323485e-07
-1.575227180646932e-07
3.7280206973279006e-07
5.893670808326942e-07
7.227822133347786e-07
4.897780148424666e-07
3.075536797494103e-07
1.679395159959532e-07
1.978513754818446e-07
2.2436603152792603e-07
2.052659060547456e-07
1.9243756667005913e-07
1.6153435780573932e-07
1.2399095682675393e-07
9.039578500471233e-08
7.797932933764238e-08
6.235534097105786e-08
3.981612704291723e-08
3.7444304867202964e-08
4.227960683801917e-08
5.96856469106742e-08
6.713152292092933e-08
7.353518085930258e-08
7.084525028479434e-08
7.032652404330886e-08
7.064967650597005e-08
7.486268256369011e-08
8.14142261723258e-08
8.574734560330005e-08
8.891786527735757e-08
9.101441967576326e-08
9.367820273404465e-08
9.521139311859106e-08
9.628782760072278e-08
9.718475939193144e-08
9.780755435249977e-08
9.867058626709599e-08
9.968900766921078e-08
1.0107594111441768e-07
1.0218069771881187e-07
1.0310022856117743e-07
1.0383221112493209e-07
1.0462690327962473e-07
1.0558972112157186e-07
1.0663914674436184e-07
1.0782963611800141e-07
1.0903442041064926e-07
1.1029120459320543e-07
1.1152970997001938e-07
1.1283004498459717e-07
1.1415342563575459e-07
1.1548357196846e-07
1.1682300187843605e-07
1.1818341897457639e-07
1.1958131803020168e-07
1.2099919360173826e-07
1.2244132442120435e-07
1.2389181139887018e-07
1.253490457426567e-07
1.2681292129194787e-07
1.2828892353099718e-07
1.2978423349152294e-07
1.3129577861416882e-07
1.328249093507185e-07
1.3436866774427757e-07
1.3593028935493382e-07
1.3750845475886224e-07
1.3910418036078309e-07
1.407179342543456e-07
1.4234983199341075e-07
1.440004850942686e-07
1.456701166080432e-07
1.473602111168315e-07
1.4907053317789187e-07
1.5080124991621868e-07
1.5255208030400674e-07
1.54323272423193e-07
1.5611509405306576e-07
1.5792779890267967e-07
1.5976180633677298e-07
1.6161726334746468e-07
1.634944324993559e-07
1.6539341147689401e-07
1.6731448560826367e-07
1.6925789476582298e-07
1.7122386848037602e-07
1.7321264601604346e-07
1.7522446787944165e-07
1.772596371028823e-07
1.7931841124582855e-07
1.81401094666036e-07
1.8350795887944835e-07
1.8563928579312487e-07
1.8779534536423823e-07
1.8997642319831202e-07
1.9218281949813423e-07
1.9441483171598033e-07
1.9667276593283013e-07
1.989569215353113e-07
2.0126760696135074e-07
2.036051291508874e-07
2.0596980093766457e-07
2.0836193808658644e-07
2.1078185943166928e-07
2.132298877075906e-07
2.1570634784059354e-07
2.1821157124356054e-07
2.207458917125927e-07
2.2330964772988913e-07
2.259031808161526e-07
2.2852683649023044e-07
2.3118096413799393e-07
2.3386591715935604e-07
2.3658205348876978e-07
2.393297350436539e-07
2.421093284113435e-07
2.4492120418570713e-07
2.477657372690974e-07
2.5064330689658263e-07
2.535542966554085e-07
2.5649909468297314e-07
2.594780935860001e-07
2.6249169065596916e-07
2.655402877535946e-07
2.686242913983939e-07
2.7174411279508803e-07
2.7490016796910477e-07
2.780928778019253e-07
2.813226679527608e-07
2.8458996905823196e-07
2.8789521679906615e-07
2.9123885195750073e-07
2.946213203826022e-07
2.980430730575951e-07
3.0150456620888535e-07
3.050062614440318e-07
3.0854862563712567e-07
3.12132131029025e-07
3.1575725544959584e-07
3.194244823839299e-07
3.231343008028092e-07
3.2688720527713675e-07
3.3068369620847874e-07
3.3452427981527474e-07
3.384094682320964e-07
3.4233977951269684e-07
3.4631573777869876e-07
3.503378731560907e-07
3.5440672188748944e-07
3.5852282647465486e-07
3.626867357457818e-07
3.6689900496583104e-07
3.711601958304375e-07
3.754708764719141e-07
3.7983162165441806e-07
3.842430128060012e-07
3.887056381567016e-07
3.9322009271027983e-07
3.9778697846367495e-07
4.024069043671619e-07
4.0708048642613596e-07
4.1180834779756614e-07
4.165911188684067e-07
4.2142943738067e-07
4.2632394846309546e-07
4.3127530477268526e-07
4.3628416646985586e-07
4.4135120141585425e-07
4.464770852627569e-07
4.5166250150376107e-07
4.569081415277409e-07
4.6221470481871957e-07
4.675828988791355e-07
4.730134395217703e-07
4.785070508113056e-07
4.840644653347604e-07
4.896864240855084e-07
4.95373676640413e-07
5.011269813377752e-07
5.069471053014203e-07
5.128348245454991e-07
5.187909242089975e-07
5.248161984287394e-07
5.309114505713348e-07
5.370774934283123e-07
5.433151491482987e-07
5.49625249514704e-07
5.560086357813662e-07
5.6246615919142e-07
5.68998680709824e-07
5.756070714177939e-07
5.822922123684742e-07
5.890549949515763e-07
5.958963210469758e-07
6.02817102828709e-07
6.098182630452057e-07
6.169007351581679e-07
6.240654636246735e-07
6.313134037575708e-07
6.386455220312715e-07
6.460627960937985e-07
6.535662148312964e-07
6.611567787896298e-07
6.688355000151618e-07
6.766034024352884e-07
6.844615218373374e-07
6.924109060190353e-07
7.00452614941e-07
7.085877208288529e-07
7.168173084028118e-07
7.251424749565871e-07
7.335643305904989e-07
7.42083998288401e-07
7.507026139931007e-07
7.594213269259277e-07
7.68241299594621e-07
7.77163708018207e-07
7.861897418890358e-07
7.953206047884331e-07
8.045575142224229e-07
8.139017017660025e-07
8.233544133186209e-07
8.329169093048721e-07
8.425904648139007e-07
8.523763696778735e-07
8.62275928680525e-07
8.722904618458709e-07
8.824213045173986e-07
8.92669807526061e-07
9.030373373999002e-07
9.135252765122445e-07
9.241350232848638e-07
9.348679924081006e-07
9.457256149645203e-07
9.56709338692692e-07
9.67820628199291e-07
9.790609650037958e-07
9.904318478510029e-07
1.0019347928981544e-06
1.013571333957824e-06
1.0253430226054013e-06
1.0372514284598226e-06
1.049298139433998e-06
1.0614847617659855e-06
1.0738129203672905e-06
1.0862842590502069e-06
1.0989004407227729e-06
1.111663147627306e-06
1.1245740815422033e-06
1.137634963971118e-06
1.1508475364061833e-06
1.1642135605783108e-06
1.177734818683202e-06
1.1914131135899497e-06
1.205250269194682e-06
1.2192481305069755e-06
1.233408563975071e-06
1.247733457678412e-06
1.2622247217005875e-06
1.2768842882755044e-06
1.2917141120829823e-06
1.3067161705381943e-06
1.321892463979471e-06
1.3372450159304682e-06
1.3527758734702109e-06
1.3684871075168837e-06
1.3843808129085835e-06
1.4004591089531728e-06
1.4167241394408899e-06
1.4331780731550016e-06
1.4498231039828662e-06
1.4666614514031808e-06
1.483695360565236e-06
1.5009271027034208e-06
1.5183589755191216e-06
1.5359933033623575e-06
1.553832437409311e-06
1.5718787565445674e-06
1.5901346668193557e-06
1.6086026024092923e-06
1.6272850259373985e-06
1.6461844284720644e-06
1.6653033302802578e-06
1.6846442801597738e-06
1.7042098573157114e-06
1.7240026703986642e-06
1.7440253586412146e-06
1.7642805917165473e-06
1.7847710704343447e-06
1.8054995271185495e-06
1.8264687255526942e-06
1.8476814616436498e-06
1.8691405638383385e-06
1.8908488935776078e-06
1.9128093454054578e-06
1.9350248475005297e-06
1.9574983621064467e-06
1.980232885666648e-06
2.0032314495383417e-06
2.0264971202869626e-06
2.050033000169216e-06
2.07384222746391e-06
2.097927976797825e-06
2.122293459742798e-06
2.1469419251039573e-06
2.1718766594514428e-06
2.1971009875377287e-06
2.2226182727421736e-06
2.248431917525423e-06
2.2745453637996647e-06
2.300962093479674e-06
2.3276856288946215e-06
2.354719533332911e-06
2.382067411415661e-06
2.409732909686781e-06
2.437719717036923e-06
2.4660315651347424e-06
2.4946722290018304e-06
2.5236455275612986e-06
2.552955324050707e-06
2.5826055265886112e-06
2.6126000886164067e-06
2.642943009556367e-06
2.673638335339495e-06
2.7046901587787797e-06
2.73610262030747e-06
2.7678799083856107e-06
2.8000262601041853e-06
2.8325459617978277e-06
2.86544334958741e-06
2.898722809971041e-06
2.9323887803809137e-06
2.9664457497271396e-06
3.0008982590799295e-06
3.035750902287697e-06
3.0710083265363987e-06
3.1066752329911643e-06
3.1427563774062695e-06
3.179256570784439e-06
3.2161806799765186e-06
3.2535336283393695e-06
3.2913203964700898e-06
3.329546022776955e-06
3.3682156041939075e-06
3.407334296875612e-06
3.4469073168046354e-06
3.4869399405603217e-06
3.5274375060337024e-06
3.5684054130848478e-06
3.6098491242586572e-06
3.651774165634291e-06
3.6941861273633546e-06
3.737090664583881e-06
3.7804934981233284e-06
3.824400415197889e-06
3.868817270291994e-06
3.913749985888417e-06
3.959204553169102e-06
4.005187032991213e-06
4.0517035565732764e-06
4.098760326314563e-06
4.146363616712001e-06
4.194519775076611e-06
4.243235222452322e-06
4.2925164544542135e-06
4.342370042122873e-06
4.392802632854448e-06
4.443820951285926e-06
4.495431800061178e-06
4.547642060812648e-06
4.600458695211591e-06
4.653888745647034e-06
4.7079393365355915e-06
4.762617674634482e-06
4.817931050875345e-06
4.873886840696466e-06
4.930492504969528e-06
4.987755591362832e-06
5.045683734962057e-06
5.104284660342035e-06
5.163566180940108e-06
5.223536201298586e-06
5.284202717616897e-06
5.345573819115945e-06
5.407657688870891e-06
5.470462605006697e-06
5.53399694190593e-06
5.598269171128525e-06
5.663287862608252e-06
5.7290616857644326e-06
5.7955994106301885e-06
5.862909909268299e-06
5.9310021567253e-06
5.999885232310003e-06
6.069568320785871e-06
6.140060713574568e-06
6.211371809903312e-06
6.283511118222908e-06
6.356488257510274e-06
6.43031295840987e-06
6.504995064536361e-06
6.580544533886089e-06
6.6569714400758e-06
6.734285973647317e-06
6.812498443642672e-06
6.891619278708702e-06
6.97165902864059e-06
7.052628365778992e-06
7.134538086483956e-06
7.217399112391799e-06
7.301222492024292e-06
7.386019402224605e-06
7.471801149577475e-06
7.558579172032231e-06
7.646365040416122e-06
7.735170459931414e-06
7.825007271742928e-06
7.91588745450508e-06
8.007823125961034e-06
8.100826544579477e-06
8.194910111278085e-06
8.290086370959576e-06
8.38636801423154e-06
8.483767879098028e-06
8.582298952638313e-06
8.681974372669118e-06
8.782807429717554e-06
8.884811568657023e-06
8.9880003905211e-06
9.09238765421211e-06
9.197987278559104e-06
9.304813343876073e-06
9.412880094192196e-06
9.522201938690292e-06
9.632793454266895e-06
9.744669386736379e-06
9.85784465355343e-06
9.972334344949125e-06
1.0088153726901545e-05
1.0205318242216354e-05
1.032384351349465e-05
1.0443745344336226e-05
1.056503972222863e-05
1.068774282007276e-05
1.0811870998787582e-05
1.0937440809109626e-05
1.106446899416325e-05
1.1192972491329541e-05
1.1322968434890289e-05
1.1454474157811385e-05
1.1587507194828626e-05
1.1722085283569466e-05
1.1858226368817958e-05
1.1995948601979027e-05
1.2135270347680614e-05
1.2276210180480553e-05
1.241878689502588e-05
1.2563019498746091e-05
1.2708927226658329e-05
1.2856529528601889e-05
1.3005846090469518e-05
1.3156896814944688e-05
1.3309701849143748e-05
1.346428155958422e-05
1.3620656564906658e-05
1.3778847706725442e-05
1.3938876085125006e-05
1.4100763029547658e-05
1.4264530131136795e-05
1.4430199220045987e-05
1.4597792388072023e-05
1.4767331979847207e-05
1.4938840597263439e-05
1.5112341112715724e-05
1.528785664906267e-05
1.5465410619516323e-05
1.5645026680358664e-05
1.5826728796045032e-05
1.6010541171373235e-05
1.6196488331035065e-05
1.638459504655932e-05
1.6574886408992655e-05
1.6767387777747085e-05
1.6962124814337066e-05
1.715912348898617e-05
1.7358410037485416e-05
1.7560011063563925e-05
1.7763953383708743e-05
1.797026425437784e-05
1.8178971084009257e-05
1.8390101794939413e-05
1.860368440717992e-05
1.8819747512361577e-05
1.903831977346654e-05
1.9259430445076243e-05
1.9483108871189668e-05
1.9709384959523728e-05
1.9938288779911684e-05
2.016985087607251e-05
2.0404102092092704e-05
2.0641073599120784e-05
2.0880797043902643e-05
2.1123304246437052e-05
2.1368627654320244e-05
2.1616799789984638e-05
2.1867853859235554e-05
2.2121823197602045e-05
2.2378741654977647e-05
2.263864356776002e-05
2.290156323786095e-05
2.3167536276402812e-05
2.3436597146560875e-05
2.3708783107589514e-05
2.398412841200689e-05
2.4262672356830414e-05
2.4544448780238707e-05
2.4829499219578954e-05
2.5117856758688148e-05
2.5409565537563394e-05
2.5704657890247362e-05
2.6003180156992435e-05
2.630516478925324e-05
2.661065920517801e-05
2.6919697040362744e-05
2.7232325465306018e-05
2.7548581123751077e-05
2.786850843252721e-05
2.819214980763268e-05
2.851954428952899e-05
2.8850742220279673e-05
2.918577512372327e-05
2.952470320534504e-05
2.9867549644933995e-05
3.0214384182781812e-05
3.0565223785703215e-05
3.09201443562909e-05
3.1279161651773954e-05
3.164235141295355e-05
3.200973631691152e-05
3.2381382765137023e-05
3.275733020785543e-05
3.313762646903803e-05
3.352233513656197e-05
3.3911478576279484e-05
3.4305150172547674e-05
3.4703343038264105e-05
3.5106179152193974e-05
3.5513628561127664e-05
3.59258311920011e-05
3.634274764711173e-05
3.6764520579628344e-05
3.719112081421519e-05
3.762267036867611e-05
3.80591831421358e-05
3.850072077618777e-05
3.894736855910739e-05
3.939913156683541e-05
3.985615638427121e-05
4.0318377713756284e-05
4.078603232009984e-05
4.125896604345071e-05
4.1737486085064585e-05
4.2221415542115746e-05
4.271103197082417e-05
4.320625421483414e-05
4.3707186578314464e-05
4.4214021174902645e-05
4.472646884168567e-05
4.524524459353831e-05
4.576938255035696e-05
4.6300464054918773e-05
4.683638167363394e-05
4.738023222969996e-05
4.792785487026762e-05
4.8485010459723495e-05
4.9045997710361e-05
4.961648593377753e-05
5.018986241187758e-05
5.077409292975326e-05
5.136021152983675e-05
5.195676456557505e-05
5.2556592664421056e-05
5.316344628973147e-05
5.377602280775065e-05
5.4391145934785945e-05
5.5015546867525494e-05
5.563593309855855e-05
5.62710951545007e-05
5.689668012468646e-05
5.754145699114928e-05
5.817326947987235e-05
5.882957731519981e-05
5.947372409080727e-05
6.014394976099069e-05
6.080838206100336e-05
6.149508064006576e-05
6.21857032426093e-05
6.288714103949407e-05
6.360423644610931e-05
6.431601745713732e-05
6.505421375549119e-05
6.577304900452145e-05
6.652004735587281e-05
6.724572506229705e-05
6.799883356300323e-05
6.873240200769293e-05
6.949209803469873e-05
7.024140738113931e-05
7.101177242126654e-05
7.178058647447428e-05
7.256714549348054e-05
7.336205494487677e-05
7.41658752767106e-05
7.501468554831157e-05
7.577929808704075e-05
7.667977113201516e-05
7.750829852150605e-05
7.842857236362634e-05
7.931158372179322e-05
8.028477411376231e-05
8.122538562224259e-05
8.221460327811022e-05
8.318205476211149e-05
8.412176936725306e-05
8.512592413994385e-05
8.590000409274836e-05
8.701230794506016e-05
8.759480453313613e-05
8.889131556731941e-05
8.920431216645133e-05
9.088785396128894e-05
9.060224038649513e-05
9.355461127893099e-05
9.018844619650812e-05
0.00010279528376587715
0.00010792262873635751
0.00010830941086763128
0.00010736047726019666
0.00010374219393803906
9.171648403063374e-05
7.273256558159773e-05
5.28241395578275e-05
2.8548034395635386e-05
1.7951638482870678e-05
-1.6394181752964898e-06
9.2240683810661e-06
1.9128673245825473e-06
2.8206217555242722e-05
3.4845875930948145e-05
6.288926031543177e-05
8.092263377001442e-05
0.00010103626253498639
0.00012212670118827686
0.0001339777204162333
0.0001499532915284234
0.00014520974696880624
0.00014626949565673132
0.00013174697680865333
0.00012642344293178968
0.00011487623346119574
0.00010531561060987923
9.953215695403386e-05
9.043976628466648e-05
8.747947139117805e-05
6.788126874066934e-05
6.699426674679059e-05
5.497086026013059e-05
5.724537870699313e-05
6.320866359722817e-05
6.914368548875265e-05
8.892674877119283e-05
9.112976127024037e-05
9.9668417557342e-05
0.00010757218266024588
0.00011470780521657347
0.0001225498674177303
0.0001201498750923083
0.00012015639385544514
0.00011325751991513172
0.00010011257779487279
8.677833227270623e-05
6.76083334132198e-05
5.934477798379153e-05
4.783909969722127e-05
4.0964540060968076e-05
3.351490220924941e-05
2.6200382176770238e-05
2.3515034278223652e-05
2.4554987881063582e-05
2.764242159735395e-05
3.195967081590651e-05
2.5873269556661458e-05
3.457764912686908e-05
3.436075115714765e-05
3.982733638718677e-05
4.565414370409479e-05
4.9023333485946765e-05
