-0.0005007884226811823
-0.0004929476939797567
-0.0005429448434673722
-0.0005227965435267331
-0.0005832817416575825
-0.0005784426188537284
-0.000601892377572254
-0.0006132740298920795
-0.00062337383951854
-0.0006320258512432539
-0.0006165785346774902
-0.0006084325801807783
-0.0006184434135099306
-0.0006151268371806509
-0.0005413559907617538
-0.0005896674832629554
-0.00047309717808624173
-0.0005235316539715328
-0.00046575216953256
-0.00047046309833139507
-0.00048043446909317274
-0.0004641447515655346
-0.0004715919764314766
-0.0004447663183359887
-0.0005043462875485126
-0.0004488779154622047
-0.0005048815548155932
-0.00048554414156056034
-0.0005038388677569396
-0.0005391666257921132
-0.00053342125131863
-0.0005638983088929821
-0.0005375914363764263
-0.0005620321269371556
-0.00057291562445935
-0.0006064650989510629
-0.0005988523935182396
-0.0006342867016581814
-0.0005985011343980005
-0.0006337815607741367
-0.0006203275564157153
-0.0006286136967918723
-0.0006619394815858694
-0.0006547845078577717
-0.0006778161432921127
-0.0006829089207505103
-0.0006926969876351159
-0.000702261187046757
-0.0007102961033715694
-0.0007234627357582357
-0.0007107316901204661
-0.00070622464644834
-0.0007189680127585212
-0.0007195031831613232
-0.0007332103006492252
-0.0007412840658668277
-0.0007532421862039412
-0.0007627495481176643
-0.0007777784033733662
-0.0007823905152941774
-0.0008066154843743235
-0.0007798978707835276
-0.0008163457860365074
-0.000802768162605209
-0.0008320715790071086
-0.0008195254873849124
-0.0008844049644852834
-0.0008322385589532263
-0.0008934937672714549
-0.0008678729710186377
-0.0009031035104744521
-0.000895611946402936
-0.0009303053072577929
-0.0008971548692194227
-0.0009386798087174983
-0.0009329939336299414
-0.0009272706151713799
-0.0009546639387884913
-0.0009356023815545443
-0.000932271896371905
-0.0009624676237664198
-0.0009247796332203743
-0.000973959312080016
-0.0009406457718501275
-0.000957562199911884
-0.000950532366674852
-0.0009338829965890072
-0.0009939966027323046
-0.0009530450981020904
-0.0009873057531505824
-0.0009607062076738564
-0.0009963421695506486
-0.0009866452539290364
-0.0010298181917415144
-0.0009872118159148895
-0.0010738408497453287
-0.0010175438001003062
-0.0010712567856680376
-0.001093981924564643
-0.0010945252097766865
-0.001136717686004378
-0.001126389019095909
-0.0011562022089747822
-0.0011328410904125601
-0.0011557941842143416
-0.0011552716873575739
-0.0011557044377140326
-0.0012739478960823378
-0.0012384953809943412
-0.001392352755934424
-0.001292801469529108
-0.0014461121226251377
-0.0012679770916357107
-0.0014180224074998012
-0.0012690204009448086
-0.0013670836706330958
-0.0012828302874407418
-0.0013794201468224766
-0.0013026949717152413
-0.0013952519025022128
-0.0013980931735673033
-0.0013567088199326358
-0.0014254061842733127
-0.0013696585956326055
-0.0014098189336353172
-0.0013485097659697903
-0.0014089763229225769
-0.0013512524802799936
-0.0013916765797609876
-0.0013605603347786592
-0.0013844995040670563
-0.0013537156938506043
-0.0014241393406185829
-0.0013626665762731702
-0.0015112946047503924
-0.001379576425743029
-0.0015160854002246706
-0.001368051058206926
-0.0015870466592820026
-0.0013294093004737584
-0.0018256378828084348
-0.0011576902440840445
-0.0008476648723715239
-6.310044552598884e-05
0.0007396733349113432
0.0016174216334190572
0.0012872582431732742
0.0008146343064490871
9.073361704597585e-05
-0.00014713423211517917
-0.0017352747916997866
-0.00023094181208158646
-0.0026484173389747633
0.00016387692421481972
-0.0038605045522861
0.00019278182704566117
-0.005057263102200279
0.0013531302100580136
-0.006359607855799787
0.0043449161822063445
-0.008460456685086711
0.007842653064511719
-0.013952267564018902
0.018327639974091377
-0.0363349751374005
0.10901605707871681
0.1839941861631022
0.17036883636908667
0.2514407080671186
0.1335216716588665
-0.009215589249884408
-0.26001897490543213
-0.08130597888411589
-0.16680750296235086
-0.10377939178667361
0.002539474008618863
-0.001421359830205791
-0.0344632443820366
-0.09506283431463732
-0.11938073422803158
-0.056360195351036174
-0.034953469074270355
0.07073763193536009
0.07096379273631938
0.051899582767096795
0.02490559717180179
0.011617797457021685
0.016607813691188418
0.01365852216994169
0.03260100620233114
0.07420407919148928
0.05494081879811451
0.017212648014981253
-0.01209614620575811
-0.027303332040599183
-0.024488337093852775
-0.029997053083355915
-0.012287272946479705
0.011091368719688858
-0.009389127569823814
-0.018105132480121702
-0.01620685255697797
-0.03498116535170668
-0.042008846919775564
-0.01746403902838562
0.02108302826713941
0.029391782103354587
0.021766661461934976
0.020333562643714696
0.010050199940940543
-0.010192624626759753
-0.00326556942343283
0.010173005803509015
0.020056996089736663
0.021602360870096298
0.004111131279316356
-0.015630161997513884
-0.02749188660108189
-0.03085628509090778
-0.020755264747942228
-0.014570817212758883
-0.010051520878950036
-4.8044683573748376e-05
-0.0011849585468424351
-0.0003122272552605498
-0.00996238604259708
-0.011572444453396467
0.010653757402847342
0.020221324732804573
0.02245961075375041
0.014123064916918296
0.0013213184089333303
-0.0009023754179850824
-0.004342739472953882
-0.0027961567235322907
-0.0007553519759162127
0.0015327125172733232
0.004175117091489601
-0.0026851212291461903
-0.008122013378628426
-0.008320686448275324
-0.009832162742566368
-0.009717940777248111
-0.007006288155018977
-0.001990785273643927
0.0034414967665025477
0.004086880967292151
-0.00029384645025064233
-0.004714153497013497
-0.006738117487818508
-0.0024891411382185554
0.004322211728849343
0.00788181158127713
0.007112970771675482
0.003865270486977153
0.0013001422865939198
-0.0005972663149672869
-0.00176036441126702
-0.0007183629410160088
0.0024416006221867318
0.004006654606003469
0.002385051701862581
-0.0009972600043598138
-0.0033132358717483062
-0.004700059173872962
-0.005064282344265855
-0.0028230076282151585
0.000347648997630371
0.0013920477519362303
0.00019953607617949256
-0.0024127799081712087
-0.0038279937040780762
-0.0033259609871543155
-0.0017848534440696893
0.00018758760547729408
0.0015004901425143438
0.0016951659114657809
0.0013318072351377603
0.0001038553043630258
-0.00025691668382646875
-0.0008403910648573929
-0.0005732390271576044
0.0005553257088583898
0.0018228240962591658
0.0017987366567842576
0.0006748889498627087
-0.0007435141341137655
-0.0020664949256829473
-0.0025584982900674477
-0.0019293643175100246
-0.0006796962291849284
0.00019397091912996085
-0.0001560488879475859
-0.0012420440415545518
-0.0021049093027563958
-0.0023160905718639987
-0.0020671754108371257
-0.0013213926813422522
-0.000386058216178617
0.00021006448811509206
0.0003082359072646408
-3.14326572241389e-05
-0.00034457402726962856
-0.0003195142669183038
0.00038354216102619255
0.0011270881366991859
0.0018626108451369507
0.0016797271385524531
0.0012761513177281926
0.0005383437286705958
5.811258553543516e-05
-0.0005797250910950186
-0.00045611741830336853
-0.00045216053339670404
0.0003851670071995055
-0.0001907172130283729
0.00047244237509658314
-0.0004126443654712958
-0.0013882301092971274
-0.0013901444068469832
-0.000568698486493823
-0.0010463117932731558
-0.00013035548643197843
0.0014204155219511676
0.00029285616816399594
-0.00012172835905447993
0.0006627805816649631
0.00021770922954040834
0.0009396920436843155
0.0026220267518583117
0.002052412353022821
0.0009102484328400683
4.361224769284643e-05
-0.0006385079132355748
-0.0042001917907837
2.391448922654544e-05
0.00026532265012896294
0.0014652531799970135
0.0006286253279044044
0.0008013047141564941
0.0002818841581464166
-0.0007777199326465013
-0.001855067345589101
-0.0004055521949936033
0.0004361952731169695
0.0017793462172953954
0.0017975261910234946
0.0009885071526203795
-0.0005105795419744989
-0.0013803132824693003
-0.0006125419796150301
0.00010795766391324241
0.0011283639915815348
0.0012930624561060704
0.0011427019787207879
0.00014604068982490906
-0.00012722545855115355
-0.000690333187238993
7.495920965756853e-05
0.00033491016223715503
0.000736081234118599
0.0004360132868510072
0.00048155925190466195
-0.0003835946738042634
-0.0011727287429430626
-0.0014841923479296804
-0.0009673160339023247
-0.0006146661548195233
0.0005298810540115516
0.0007183232003859733
0.0006780635694240006
0.00014941519457493946
-0.00018621627947214628
-0.00010998881226232694
0.0005576492094078421
0.0015199162269354041
0.0015744209632915108
0.0008565362479425725
0.0012206440125543884
0.0014437584021788703
0.0009075651307823588
-0.00015184058957530208
0.00027562760549888765
-0.00042972772771905816
-2.2002519593364127e-05
-0.00023527873103526174
-0.00011541693091824648
-0.00019610000191748608
-4.277685640865554e-05
-0.00015428729389040607
-7.617946452156905e-05
-0.00014311717263453764
-2.411260048578622e-05
-2.6635008377912193e-05
1.0433815980894195e-05
-2.1524826228399397e-05
2.981527289002984e-05
1.3633019508755867e-05
4.0097439690651936e-05
1.2085033256931297e-05
3.519373780656761e-05
1.8994239807809178e-05
3.752967217983817e-05
2.1192507587460747e-05
2.3815266586159833e-05
2.8471798486849034e-06
8.338292799961022e-06
-6.406623813927224e-06
-4.292760483519181e-06
-1.0104877325570248e-05
-5.2055938429822635e-06
-7.554950440326691e-06
-3.674147257856251e-06
-6.529902511111653e-06
-3.1180848085368e-06
-4.387883289748429e-06
-1.7241563351597013e-06
-2.5318100852874314e-06
-5.751015145588579e-07
-1.0263220053127135e-06
7.506450151661612e-07
7.552345957818896e-08
8.741817349080389e-07
1.1292120620336188e-07
6.706563634838875e-07
8.28920262143859e-08
3.832122842065025e-07
-1.193521761769234e-07
5.925898785910655e-08
-3.978619479896167e-07
-3.431249133954706e-07
-7.306303355787919e-07
-6.959623386254467e-07
-9.008905710059054e-07
-8.003085038002164e-07
-9.13041980566548e-07
-8.034282139536206e-07
-8.626137240606326e-07
-7.61331735852494e-07
-8.010635206513392e-07
-7.35510792041448e-07
-7.657242724514856e-07
-7.117982207930935e-07
-7.329530363024694e-07
-6.956166741866427e-07
-7.200984693280215e-07
-7.033779976031718e-07
-7.313045949225438e-07
-7.292431994393054e-07
-7.590375791417543e-07
-7.641361565060949e-07
-7.904148611335895e-07
-7.977700077238959e-07
-8.217472037984255e-07
-8.317409535745033e-07
-8.531063057190969e-07
-8.634838278095578e-07
-8.817698214715368e-07
-8.916840609656841e-07
-9.073503915797611e-07
-9.166254434596127e-07
-9.304954613402559e-07
-9.401999424706216e-07
-9.537723221694772e-07
-9.645687650809307e-07
-9.783224394876566e-07
-9.901091415498854e-07
-1.0042226451538927e-06
-1.0169409457113808e-06
-1.031458659229165e-06
-1.0450684432401986e-06
-1.0601219009842002e-06
-1.0745845651975684e-06
-1.0901364374024235e-06
-1.1052428805758373e-06
-1.1211652024720143e-06
-1.1367807445743488e-06
-1.1530347115378914e-06
-1.1691005801679484e-06
-1.1856868126687998e-06
-1.2021944869025278e-06
-1.2191486892520489e-06
-1.2361008514842815e-06
-1.2534424771972938e-06
-1.270847001433068e-06
-1.288612731926834e-06
-1.3065027417241367e-06
-1.3247389803474713e-06
-1.3431474818678408e-06
-1.3618921405297076e-06
-1.3808422239740785e-06
-1.4001176719593417e-06
-1.4196208036030308e-06
-1.4394415097733053e-06
-1.4595091655099937e-06
-1.4798910195981956e-06
-1.500535244465214e-06
-1.5214922446755367e-06
-1.5427243348892618e-06
-1.564269763022969e-06
-1.5861015225417514e-06
-1.6082491771278945e-06
-1.630694308594094e-06
-1.6534604297287125e-06
-1.676535422187505e-06
-1.6999380697627629e-06
-1.7236606963404486e-06
-1.7477185649900708e-06
-1.772107330465434e-06
-1.7968396471153801e-06
-1.821913691471761e-06
-1.8473402485655126e-06
-1.873119379960128e-06
-1.8992604446654848e-06
-1.925764828582309e-06
-1.952640824039718e-06
-1.9798908498199538e-06
-2.007522474026767e-06
-2.035538948003037e-06
-2.063947366161929e-06
-2.092751656665925e-06
-2.121958618990071e-06
-2.1515727248366725e-06
-2.181600592817204e-06
-2.2120471423302127e-06
-2.242918910600345e-06
-2.2742212061966152e-06
-2.3059605601945623e-06
-2.3381426171602184e-06
-2.370773951899821e-06
-2.403860503644357e-06
-2.4374089215946013e-06
-2.471425408191025e-06
-2.505916715971556e-06
-2.5408892918479375e-06
-2.5763500162355696e-06
-2.612305569175467e-06
-2.648762978030533e-06
-2.685729146220065e-06
-2.7232112646276936e-06
-2.7612164569855782e-06
-2.7997520888770684e-06
-2.8388255047758805e-06
-2.878444257476071e-06
-2.9186159149905604e-06
-2.959348227663742e-06
-3.000648989111385e-06
-3.042526157969003e-06
-3.084987755996827e-06
-3.1280419576214333e-06
-3.171697015945938e-06
-3.2159613314316165e-06
-3.2608433935255564e-06
-3.3063518350505807e-06
-3.35249538858236e-06
-3.399282926273839e-06
-3.446723428124365e-06
-3.494826013806214e-06
-3.5435999179518396e-06
-3.5930545139962133e-06
-3.643199298222733e-06
-3.6940439064014864e-06
-3.7455981028526033e-06
-3.797871792741395e-06
-3.850875014997605e-06
-3.90461795326352e-06
-3.959110928852144e-06
-4.0143644109711516e-06
-4.070389011981516e-06
-4.127195494845745e-06
-4.184794770776805e-06
-4.2431979043660515e-06
-4.302416113876375e-06
-4.362460774932474e-06
-4.423343420818023e-06
-4.48507574702658e-06
-4.5476696111664645e-06
-4.6111370376044226e-06
-4.675490217500265e-06
-4.740741512363486e-06
-4.806903456509035e-06
-4.873988758957596e-06
-4.9420103056666605e-06
-5.0109811634663996e-06
-5.08091458077274e-06
-5.151823991267801e-06
-5.2237230159170485e-06
-5.2966254658816814e-06
-5.3705453447540396e-06
-5.445496851518667e-06
-5.521494384264514e-06
-5.598552541052513e-06
-5.676686123819359e-06
-5.755910141833076e-06
-5.836239812922019e-06
-5.91769056745213e-06
-6.000278051160367e-06
-6.0840181286023025e-06
-6.168926884955804e-06
-6.255020630654452e-06
-6.342315903811141e-06
-6.430829472597573e-06
-6.520578339761374e-06
-6.6115797453552465e-06
-6.703851169198539e-06
-6.797410336085378e-06
-6.8922752174274216e-06
-6.988464036456282e-06
-7.085995269571826e-06
-7.184887652210447e-06
-7.285160180435101e-06
-7.3868321150596505e-06
-7.489922986548582e-06
-7.59445259747131e-06
-7.700441026889729e-06
-7.807908634182084e-06
-7.91687606336959e-06
-8.027364245404532e-06
-8.13939440431785e-06
-8.25298805969682e-06
-8.368167032217835e-06
-8.484953445299717e-06
-8.603369733921687e-06
-8.72343864411935e-06
-8.845183239908003e-06
-8.968626907501212e-06
-9.093793359708606e-06
-9.220706637797643e-06
-9.349391122738873e-06
-9.479871532129622e-06
-9.612172930767784e-06
-9.74632073135525e-06
-9.88234070299198e-06
-1.0020258974669958e-05
-1.0160102035201195e-05
-1.0301896753444392e-05
-1.0445670361320368e-05
-1.0591450480873206e-05
-1.0739265110779744e-05
-1.088914264757955e-05
-1.1041111880187885e-05
-1.1195201998974382e-05
-1.135144260526813e-05
-1.1509863710548111e-05
-1.167049574612441e-05
-1.1833369568416932e-05
-1.1998516462192554e-05
-1.216596815222903e-05
-1.2335756802644407e-05
-1.2507915028935469e-05
-1.2682475901693241e-05
-1.2859472951427174e-05
-1.3038940177817428e-05
-1.32209120552005e-05
-1.3405423537735765e-05
-1.3592510068586816e-05
-1.3782207584832791e-05
-1.39745525258309e-05
-1.4169581839469799e-05
-1.4367332988314907e-05
-1.4567843958697738e-05
-1.4771153267154432e-05
-1.4977299966706858e-05
-1.518632365644015e-05
-1.539826448752478e-05
-1.5613163171805916e-05
-1.583106098927375e-05
-1.6051999795624043e-05
-1.627602203162974e-05
-1.6503170729446708e-05
-1.673348952182423e-05
-1.6967022650749442e-05
-1.7203814975490445e-05
-1.7443911981570573e-05
-1.768735978950435e-05
-1.7934205162861358e-05
-1.818449551875892e-05
-1.8438278934978375e-05
-1.8695604160803847e-05
-1.8956520625675044e-05
-1.9221078449274676e-05
-1.948932845052126e-05
-1.9761322157787944e-05
-2.0037111818291264e-05
-2.0316750408411882e-05
-2.060029164378807e-05
-2.0887789989914446e-05
-2.117930067243711e-05
-2.147487968724227e-05
-2.1774583812668794e-05
-2.2078470618920598e-05
-2.2386598479376407e-05
-2.2699026582560095e-05
-2.301581494227635e-05
-2.3337024410746005e-05
-2.3662716688993557e-05
-2.3992954339328507e-05
-2.432780079726117e-05
-2.4667320383195152e-05
-2.5011578315954717e-05
-2.536064072353704e-05
-2.57145746575399e-05
-2.607344810523493e-05
-2.6437330002343842e-05
-2.680629024720462e-05
-2.7180399713461895e-05
-2.7559730263667162e-05
-2.794435476349659e-05
-2.83343470956314e-05
-2.8729782173291755e-05
-2.91307359559863e-05
-2.9537285462745942e-05
-2.994950878768346e-05
-3.0367485114824507e-05
-3.07912947335575e-05
-3.122101905297589e-05
-3.165674061956971e-05
-3.209854312989733e-05
-3.254651145102004e-05
-3.300073163258529e-05
-3.346129092582362e-05
-3.3928277799993856e-05
-3.440178195825627e-05
-3.4881894356619965e-05
-3.536870721845397e-05
-3.586231405646595e-05
-3.636280968769348e-05
-3.6870290251977446e-05
-3.738485323299869e-05
-3.790659747044279e-05
-3.843562319136469e-05
-3.89720320088955e-05
-3.951592696759942e-05
-4.006741253967773e-05
-4.062659466412685e-05
-4.119358075168223e-05
-4.1768479715318654e-05
-4.235140198962251e-05
-4.294245954496005e-05
-4.35417659194544e-05
-4.414943623314016e-05
-4.476558721349961e-05
-4.539033721640256e-05
-4.6023806252306525e-05
-4.66661160017682e-05
-4.7317389848811715e-05
-4.797775289314848e-05
-4.864733198785726e-05
-4.932625574881615e-05
-5.001465459216923e-05
-5.071266075308545e-05
-5.142040830954193e-05
-5.21380332163539e-05
-5.286567331691961e-05
-5.360346839096419e-05
-5.435156015104383e-05
-5.511009231221856e-05
-5.5879210562967234e-05
-5.665906266514751e-05
-5.7449798395120576e-05
-5.825156967467879e-05
-5.9064530482857026e-05
-5.9888837018051244e-05
-6.072464758212384e-05
-6.157212276670064e-05
-6.24314253206415e-05
-6.330272035219163e-05
-6.418617518264306e-05
-6.508195956050802e-05
-6.599024551161639e-05
-6.691120755515759e-05
-6.78450225492116e-05
-6.879186992562146e-05
-6.975193149852529e-05
-7.072539176883482e-05
-7.171243762050215e-05
-7.271325879884896e-05
-7.372804736157463e-05
-7.475699848736466e-05
-7.580030951231465e-05
-7.685818123703955e-05
-7.793081639613899e-05
-7.901842158607414e-05
-8.0121205091023e-05
-8.123937945119257e-05
-8.237315868602033e-05
-8.35227614057279e-05
-8.46884075782643e-05
-8.587032198830824e-05
-8.706873080643342e-05
-8.828386505315409e-05
-8.951595741296816e-05
-9.076524515636052e-05
-9.203196783842205e-05
-9.331636898625005e-05
-9.46186953639539e-05
-9.593919682566825e-05
-9.72781276082926e-05
-9.863574405148158e-05
-0.00010001230806664079
-0.00010140808268878615
-0.00010282333767382308
-0.00010425834300983438
-0.00010571337640448777
-0.00010718871516756344
-0.00010868464493206734
-0.00011020145086296663
-0.00011173942635278665
-0.00011329886507134752
-0.00011488006794007407
-0.0001164833378394332
-0.00011810898291220439
-0.0001197573161170098
-0.00012142865228074095
-0.00012312331561218238
-0.00012484162683035378
-0.00012658392271092458
-0.00012835052918223813
-0.00013014179647981294
-0.00013195805577634508
-0.00013379967076001154
-0.0001356669787419885
-0.00013756035626151433
-0.00013948014791934153
-0.00014142674259992648
-0.00014340049317753626
-0.00014540180046269642
-0.00014743102684827486
-0.0001494885841443372
-0.00015157484593671328
-0.00015369023428463526
-0.00015583513415622107
-0.00015800998043142764
-0.0001602151638323522
-0.00016245114286398896
-0.00016471829738346974
-0.00016701713494006454
-0.0001693479918100857
-0.0001717114663203562
-0.0001741078056155072
-0.00017653774457914578
-0.0001790014037495371
-0.00018149967507221504
-0.00018403255483270473
-0.00018660106466876318
-0.00018920512410838114
-0.00019184582917295377
-0.000194523077216879
-0.00019723799594416683
-0.0001999904984006061
-0.00020278170287941003
-0.00020561160206394803
-0.00020848120581079283
-0.00021139071847374805
-0.0002143408911743916
-0.0002173322764627624
-0.00022036527360729755
-0.00022344081631026427
-0.00022655898163321912
-0.00022972101887309623
-0.00023292676264008785
-0.00023617771478780334
-0.00023947350654531318
-0.00024281586901489359
-0.00024620426442800453
-0.0002496405710868642
-0.0002531242290823698
-0.00025665705527233573
-0.0002602387057368226
-0.0002638707156093975
-0.00026755313893084276
-0.00027128709233766035
-0.00027507316869926357
-0.0002789118286154191
-0.000282804555766146
-0.00028675061564228943
-0.00029075314975857136
-0.00029480938567216786
-0.0002989249053743301
-0.0003030944982780064
-0.0003073260450409316
-0.0003116126096452225
-0.00031596319482148083
-0.00032037033162890527
-0.0003248432328842969
-0.0003293742508218428
-0.0003339729319965165
-0.0003386311953697957
-0.00034335893935243805
-0.0003481481589847884
-0.0003530083723085522
-0.00035793224717622224
-0.000362929008263067
-0.00036799075992523245
-0.00037312911411097743
-0.0003783306733540666
-0.00038361828547476694
-0.0003889530537248011
-0.0003944006564635922
-0.00039985582047201657
-0.00040548672122154596
-0.00041105370013858896
-0.00041688387893961635
-0.000422580217043977
-0.0004285967813955744
-0.00043446174348543584
-0.0004406337285607903
-0.00044668903075369907
-0.0004530109740416945
-0.0004592432685420871
-0.0004657328064242375
-0.00047213828485165207
-0.00047878608646006625
-0.00048540714143046097
-0.000492186104513016
-0.0004990618379611758
-0.0005059699818336825
-0.0005130946715540658
-0.0005201546315794652
-0.0005274957497438487
-0.0005347297216616537
-0.0005422656471605965
-0.000549676995060621
-0.0005574286668412115
-0.0005650134761625903
-0.0005729775051027483
-0.0005807775788676355
-0.000588925035566063
-0.0005969738615612325
-0.0006052967945240946
-0.0006135866531227849
-0.0006220879399452754
-0.0006306202820086657
-0.0006393108489889509
-0.0006481053027451219
-0.0006569870221753409
-0.0006661202415150901
-0.0006747613691839146
-0.0006842874355859597
-0.0006925131944297905
-0.0007023552635763361
-0.000710432972648745
-0.0007201911810474013
-0.0007286597256249325
-0.0007383720413238071
-0.0007470987920774554
-0.0007570263163772907
-0.0007659118795140182
-0.0007760610504327472
-0.0007853750398205644
-0.0007956924418434548
-0.0008050852763761664
-0.0008158844720330448
-0.0008252130772112897
-0.0008366015402071182
-0.0008459200887448379
-0.0008581837300376487
-0.0008668609137519776
-0.0008811564361679881
-0.0008875625098705448
-0.0009011849848321142
-0.0008229541455216517
-0.0008856644495419202
-0.0007496968113698407
-0.0008631920161970917
-0.0007130440189552368
-0.000791124447976249
-0.000747136720759914
-0.0007684695951853941
-0.0007472203128732273
-0.0007659236835304973
-0.000732987190378851
-0.0007732127554878244
-0.0007655135353610016
-0.0007718702651348963
-0.0007617173679207671
-0.0007860878199659663
-0.0007873271674606992
-0.0008004672360984857
-0.0008407086478921026
-0.0008330853111795137
-0.0008739758073320117
-0.0008441568712075964
-0.0008784884095161499
-0.0007852377458354372
-0.0008514273240185345
-0.000810343898331792
-0.0008244419687209373
-0.0008103440372457433
-0.0008066955053394763
-0.0008130111105391814
-0.0008326724466024828
-0.0008097348824579256
-0.0008243460835279422
-0.0007958742131494648
-0.0008324636645377589
-0.0007963086344146315
-0.000827937727496139
-0.0008494486609372082
-0.0008491938492506015
-0.0008999317813589511
-0.0009007474906059696
-0.0008946885993876807
-0.0009203515717854539
-0.0009218313634337873
-0.0009153705817222156
-0.000910754675318319
-0.0009147614403740699
-0.0008541004536742928
-0.000840176888564033
-0.0007762002344203223
-0.000749402154152035
-0.0006753468220024291
-0.0007089941228993002
-0.0006130570650358067
-0.0006242062235582394
-0.0005409239087841477
-0.0005723365273384555
-0.000528871768046973
-0.0005451954965700032
-0.000541851871664178
-0.0005755758502981548
-0.0005397672017712534
-0.0006141262986537419
-0.00040165156851923597
-0.00037604456603609014
-0.00042660939954148897
-0.0004396395411940969
-0.0004560295477811914
-0.0004532795360208513
-0.00046490067763291655
-0.00045317514142921095
-0.000455480110872866
-0.000452009160737243
-0.0004439995513447799
-0.0004457093967987563
-0.0004351857168874259
-0.0004339059167717716
-0.000423441242371438
-0.00042186798189396374
-0.0004233225228117758
-0.0004175575659812311
-0.0004196068781294711
-0.00042508234170114467
-0.00042382625548106814
-0.0004323928706073888
-0.0004321937798661406
-0.0004395698048143066
-0.0004421090004368281
-0.00044965778821917885
-0.00044964179792718393
-0.00046002188949354996
-0.000456016638805034
-0.00046468831404149864
-0.00046381638506078207
-0.00046871278334288706
-0.00046972472494584124
-0.00046537723920225956
-0.000472274194256369
-0.0004686507770880186
-0.00047249457136487366
-0.00047239568021739984
-0.0004740613473605417
-0.00047598076394193237
-0.0004740813857615871
-0.0004706604775904691
-0.00046866809391614726
-0.00046082137204863597
-0.00045982230380264865
-0.0004539860640084807
-0.00046012042796251824
-0.00045118416533418545
-0.0004635866346861621
-0.00045746914937865404
-0.0004691101068241194
-0.00047332098233689895
-0.0004794186295565367
-0.0004889333543728824
-0.0004911062230729238
-0.0004983810432599927
-0.0005065011781134949
-0.0005091517369574846
-0.0005201514187480014
-0.000521751878360955
-0.0005326144527115562
-0.0005354946169090973
-0.0005419435964693336
-0.000550610989923712
-0.0005506490567776432
-0.0005617428580450477
-0.0005570174621717318
-0.0005714901824302048
-0.0005692672881852201
-0.0005746129700626237
-0.0005799985837287543
-0.0005762802650523972
-0.0005789569561368748
-0.0005750760441053803
-0.0005806348329428263
-0.0005766408854208115
-0.000576342324057249
-0.0005763631214039302
-0.0005739387688271297
-0.0005793253306562727
-0.0005796337995963925
-0.0005870612565506502
-0.0005902048254886208
-0.00059954672834466
-0.0006060291320154126
-0.0006123747153509528
-0.0006186253606656627
-0.0006244042945489007
-0.0006303740772581251
-0.0006352459622293019
-0.0006437451692787022
-0.000648958348685855
-0.0006604722462111086
-0.0006662440994756166
-0.0006731366092399764
-0.0006804417873329946
-0.0006896112571337409
-0.0006892300930665755
-0.0007044683443286305
-0.0006971113860563329
-0.0007050265854594744
-0.000702020836470924
-0.0007039626223117584
-0.000706767381472908
-0.0007143927823713191
-0.0007153010280613532
-0.0007270750808883938
-0.0007279421204634892
-0.000738562464606594
-0.0007457428021026963
-0.000755149530599042
-0.0007646964808658296
-0.0007719540198361638
-0.0007812651622446123
-0.0007856389341061595
-0.0007955917907186271
-0.0008004817531546805
-0.0008017729788683158
-0.000802353044339078
-0.0008177280220713122
-0.0008089367422095954
-0.0008293042728848211
-0.0008242906786909319
-0.00084364993450302
-0.0008354319560004346
-0.0008591554905262082
-0.000853067444999595
-0.0008721439469555397
-0.0008741094328557773
-0.0008874576606439069
-0.0008961500128291167
-0.0009067517651658462
-0.0009156715880439245
-0.0009259086109105683
-0.0009375471902856276
-0.0009469803767354051
-0.0009554821502139032
-0.0009623379199157173
-0.0009718505677121063
-0.0009748235266650625
-0.000984194761251528
-0.000990053862893382
-0.0010017768491965044
-0.001014035851938037
-0.0010321305231985145
-0.001050943535567562
-0.0010652641809342277
-0.0010844871355402748
-0.001094657284942431
-0.001110082662474344
-0.001116743842179631
-0.0011259770192530833
-0.0011343915247836503
-0.0011405507723543508
-0.0011551556204131722
-0.0011641129269492618
-0.0011775954351592515
-0.0011919640718488157
-0.0011969103007757587
-0.0012130466622577798
-0.0012122716335722034
-0.0012257405288156665
-0.001232934435213842
-0.0012334324943943833
-0.0012321041486775368
-0.001235142860995522
-0.0012077525217413768
-0.0011928662914620135
-0.0011835054856890056
-0.0011758805343605207
-0.0012060394365344812
-0.0012745074397704278
-0.0013233973620687925
-0.0013570355724837274
-0.001386196044726265
-0.001379221729930978
-0.0013829381035767275
-0.0012906236186086646
-0.0011818128086490687
-0.0010260759720401374
-0.0008775865791992377
-0.0006542057190900044
-0.00048650084460245683
-0.0005177227656239377
-0.0005281114857873643
-0.0005636441144961131
-0.0007305329138788839
-0.0007955957411008069
-0.0010041542693373158
-0.0010743561824888084
-0.0011608019562235703
-0.0010797166919184892
-0.001011712441498913
-0.0006749732610005995
-0.0007820214089876126
-0.0007281083521414261
-0.0012491105318011325
-0.0012138336676831038
-0.00203679947976177
-0.0002569412407755779
0.007468313055532921
0.01796992374927625
0.031518400229563245
0.048039795337277244
0.052772924233363896
0.042103608420190536
0.02564618711174746
0.006084968625620221
-0.005457175519956952
-0.013254722443084895
-0.017070767888365874
-0.01711663940718123
-0.02017478447776313
-0.023012238072116265
-0.024988735892008344
-0.019448247826736757
-0.009910765999935987
-0.007572022362937652
-0.005941453289914728
0.0008331634270238436
0.009285365715141734
0.01052877463046821
0.005264779073320701
0.0035169651357100213
0.007451131287453194
0.009223301500878486
0.009155065978484115
0.008099896066257618
0.005913469933405617
0.003526597745616488
0.0005048825944183478
-0.0003289822798885682
0.0022252082193418054
0.0036495352825838484
0.0020302002868468096
-0.0032832106187398076
-0.006529528865504748
-0.0066872151423470715
-0.005014954526399989
-0.0025613336916081226
-0.0010166218103662668
-0.0015437395302965277
-0.0052851597173955295
-0.007101565275607332
-0.0050648072251988936
-0.0008480818057736907
0.0015835817798682287
0.0019206459236821398
0.0015596097260353093
0.0011925027258882681
0.0004997070035287304
0.001386020115051067
0.0031388693998097585
0.003911615373111219
0.00336985011806536
0.001269586851913185
-0.0004988781150790573
-0.0014109656710928247
-0.0014500407424875772
-0.0014897405026843588
-0.0015133566416738243
-0.0016551803429763724
-0.002022603378734008
-0.002414871420014193
-0.002703355780464472
-0.0024871732258630757
-0.002083915702613786
-0.0012106828887843773
-0.00018174339455035324
0.0009649937284239157
0.0011606711493852223
0.00015223120629304085
-0.0007476274419287427
-0.0005192509269358447
0.0005214133229704785
0.0012139976182721037
0.0009946183722884935
0.00010287180472954976
-0.0009611356591535108
-0.0017905706130244335
-0.0018030003286277191
-0.0008711343533933031
0.00030667881836842577
0.0006224462655543949
-0.00012938670755971248
-0.0010995542003237346
-0.0013283804365886557
-0.0006198504587020577
0.0003861617214182657
0.0008882144583364027
0.0006609898923054989
0.00020925353828381635
-0.00014511893662482941
-0.0002927203432390986
-8.602484292234179e-05
0.00043242412250418474
0.000622109403515985
0.00026200096702133397
-0.000118498867154394
-3.6733527476048356e-05
0.000139041896354937
5.0511924070023454e-05
4.293523929007931e-05
0.0002429609242585258
0.00045515869910283627
0.0004293358659563917
0.00023673532788842894
0.00012901336291245256
4.351664976657904e-05
-9.404373133112075e-05
-0.0001107850486100503
0.00020130146375208527
0.0003510967378385009
3.298809835282769e-05
-0.00041239565713252523
-0.0005394430990827382
-0.0003182348645070183
7.013542977312088e-05
0.00042657050381269873
0.0005775269652562169
0.0005009698358163977
0.0003227072557411947
0.00022913220577172973
0.0004650030471099322
0.0008969224079490291
0.0010656329869816578
0.000904178224097057
0.000644962538023802
0.0004109497678828316
0.00031173445506327106
0.0003556445451501815
0.00036226799057421065
0.00028288154069122315
0.00012935247356341863
-2.1309903648226297e-05
-5.925666967147706e-05
8.581778130018662e-05
0.0002964561704516819
0.0003873397934277111
0.00041276436862524007
0.0004919376367913692
0.0006228608470647849
0.0006505187188564979
0.0005831620590870286
0.000519215023913677
0.000491801587573852
0.000521786661686203
0.0004926160465624624
0.0004272458545770022
0.0003650954469486506
0.0003013177169363852
0.0002053277913346887
0.00018227401086842444
0.00026840964974356825
0.000362437643077669
0.0003531102350200229
0.0003661918207569241
0.00036665925758041845
0.000409968831214439
0.00038599275864664045
0.00033843407563121763
0.0002871224542513243
0.00018672342355406538
-8.607798495239433e-05
4.57439806614211e-05
-0.00012159635029085466
-3.543253028337516e-05
-7.689553158650924e-05
-3.616277000422695e-05
-5.3635186030381973e-05
-1.1090311605044722e-05
-3.2934463505413636e-05
-4.3764316954195376e-06
-2.045064173576366e-05
-1.0799333749760307e-06
-6.7268677412550066e-06
5.8656197475524975e-06
1.55284660524957e-06
1.4150215706025055e-05
7.329911115905931e-06
1.294902370021963e-05
5.5507701392046055e-06
1.0740760470413714e-05
5.940140554726997e-06
8.755876735293733e-06
3.607878444948572e-06
4.662096908728848e-06
-7.195840513247369e-07
6.008911995218549e-07
-2.6722866881655617e-06
-1.8284271668967409e-06
-3.042753965645453e-06
-1.7961653906861262e-06
-2.3582853399119837e-06
-1.0786825102628841e-06
-1.506388993211227e-06
-5.261258147620795e-07
-8.450776648722238e-07
-2.4299044761987715e-07
-4.5457472997589713e-07
5.633753701227086e-08
-9.122635459687337e-08
3.007226098520081e-07
9.574055608453213e-08
2.841984454962545e-07
7.529974827523434e-08
1.8084503056799584e-07
5.507457342013734e-09
5.871702269226995e-08
-8.797876015876433e-08
-5.545682799093445e-08
-1.7673416280455803e-07
-1.590617453711956e-07
-2.432280291021695e-07
-2.252749197078133e-07
-2.7196413487521947e-07
-2.426091380339473e-07
-2.6559422256850146e-07
-2.312261011725797e-07
-2.413344843275509e-07
-2.137437050398459e-07
-2.220421387485712e-07
-2.0463638046672866e-07
-2.1232015561073957e-07
-1.9984417816598557e-07
-2.0700418783115948e-07
-1.9946734270543092e-07
-2.0724070518896888e-07
-2.046379650301011e-07
-2.131183540938792e-07
-2.1386864105244472e-07
-2.2238036926791485e-07
-2.246436252319444e-07
-2.3227044467402755e-07
-2.3497315300883095e-07
-2.415620824626865e-07
-2.4442015591431203e-07
-2.500182820957327e-07
-2.5286102915326016e-07
-2.57697665624932e-07
-2.604284060043029e-07
-2.6464173226865275e-07
-2.673050689024341e-07
-2.711759106836277e-07
-2.740435744494189e-07
-2.779097486824177e-07
-2.8111812443886624e-07
-2.8511117629710604e-07
-2.886400988932501e-07
-2.9277720022456396e-07
-2.965838530108179e-07
-3.0085620008688386e-07
-3.049075142612514e-07
-3.0931998218086145e-07
-3.1358231878286964e-07
-3.1812004827457024e-07
-3.225503618107324e-07
-3.271900354344902e-07
-3.3175568376567904e-07
-3.364847129170255e-07
-3.411714875945805e-07
-3.459948864493849e-07
-3.5080552918185896e-07
-3.5573647751236336e-07
-3.606764845065177e-07
-3.6572511173812387e-07
-3.7080083024041734e-07
-3.7597855787247815e-07
-3.8119895743129496e-07
-3.865177254665621e-07
-3.918911277900252e-07
-3.973602154382777e-07
-4.028921091946635e-07
-4.085170186371857e-07
-4.142104818238238e-07
-4.199949774762071e-07
-4.2585269653308945e-07
-4.318005164616681e-07
-4.378255355709428e-07
-4.4394056998968705e-07
-4.501363235490585e-07
-4.5642258519047025e-07
-4.6279278430655575e-07
-4.692545519131429e-07
-4.758034704051967e-07
-4.824456385724439e-07
-4.891782193032016e-07
-4.96006143590055e-07
-5.029276977368025e-07
-5.099469216332861e-07
-5.170629291093606e-07
-5.242790971362411e-07
-5.315951650498515e-07
-5.390140304654858e-07
-5.465358977882267e-07
-5.541633096928648e-07
-5.61896812277103e-07
-5.697386897066701e-07
-5.776897541796128e-07
-5.857521132259424e-07
-5.939267945896263e-07
-6.022157945842743e-07
-6.106203189244237e-07
-6.191422985672661e-07
-6.277830841349774e-07
-6.365445696514293e-07
-6.454282262979763e-07
-6.544359351106187e-07
-6.635692714347777e-07
-6.728301211957104e-07
-6.82220150844228e-07
-6.917412636004591e-07
-7.013952064867639e-07
-7.11183908359489e-07
-7.211091891444563e-07
-7.311730106324761e-07
-7.413772613210448e-07
-7.517239421244619e-07
-7.622150071754112e-07
-7.728525016356485e-07
-7.836384438502731e-07
-7.945749274893845e-07
-8.056640344410301e-07
-8.169079107028907e-07
-8.283087018955344e-07
-8.398686095151351e-07
-8.515898433852443e-07
-8.634746635647012e-07
-8.75525345184246e-07
-8.877442094312564e-07
-9.001335976390498e-07
-9.126958944593471e-07
-9.254335087492249e-07
-9.383488908343241e-07
-9.514445185614031e-07
-9.647229101879284e-07
-9.781866141530887e-07
-9.918382187564401e-07
-1.005680344701496e-06
-1.0197156524155274e-06
-1.0339468367470835e-06
-1.0483766324998129e-06
-1.0630078105870158e-06
-1.0778431823230518e-06
-1.0928855967521365e-06
-1.1081379439895815e-06
-1.1236031533243599e-06
-1.1392841958908777e-06
-1.1551840834689525e-06
-1.1713058705757677e-06
-1.1876526537503058e-06
-1.2042275732694914e-06
-1.221033812816744e-06
-1.238074600897634e-06
-1.2553532107197605e-06
-1.2728729614339178e-06
-1.2906372182686391e-06
-1.3086493936632687e-06
-1.3269129475141706e-06
-1.34543138813954e-06
-1.3642082726977662e-06
-1.383247208103875e-06
-1.4025518514953117e-06
-1.4221259111276351e-06
-1.4419731469618327e-06
-1.4620973715001254e-06
-1.4825024503906304e-06
-1.5031923032825058e-06
-1.5241709044364169e-06
-1.5454422836239632e-06
-1.5670105268620465e-06
-1.5888797772021452e-06
-1.6110542354964467e-06
-1.6335381612343829e-06
-1.656335873354085e-06
-1.679451751118476e-06
-1.702890234843706e-06
-1.7266558268513524e-06
-1.7507530922622184e-06
-1.7751866599068262e-06
-1.7999612232018515e-06
-1.8250815410488869e-06
-1.8505524388700038e-06
-1.8763788093949715e-06
-1.9025656136024732e-06
-1.929117881708641e-06
-1.956040714122618e-06
-1.983339282485893e-06
-2.0110188305873765e-06
-2.039084675369701e-06
-2.0675422080145087e-06
-2.0963968949581034e-06
-2.125654278856365e-06
-2.1553199797383392e-06
-2.1853996960859417e-06
-2.215899205954344e-06
-2.246824368001832e-06
-2.2781811226043084e-06
-2.3099754930904198e-06
-2.3422135868584985e-06
-2.3749015965309687e-06
-2.408045801144908e-06
-2.4416525673308462e-06
-2.4757283506270903e-06
-2.510279696665244e-06
-2.545313242439647e-06
-2.58083571755296e-06
-2.6168539455038986e-06
-2.6533748450446014e-06
-2.6904054314637544e-06
-2.727952817947903e-06
-2.766024216980384e-06
-2.8046269417257433e-06
-2.8437684073788906e-06
-2.883456132606098e-06
-2.923697741009419e-06
-2.9645009626038727e-06
-3.005873635284574e-06
-3.0478237063264e-06
-3.090359233937491e-06
-3.133488388787364e-06
-3.1772194555741966e-06
-3.2215608345562607e-06
-3.266521043241883e-06
-3.3121087180653644e-06
-3.358332615995013e-06
-3.4052016161789645e-06
-3.4527247216636014e-06
-3.500911061173501e-06
-3.5497698908314417e-06
-3.5993105959236725e-06
-3.649542692716847e-06
-3.7004758302827906e-06
-3.752119792386772e-06
-3.804484499315904e-06
-3.857580009790861e-06
-3.911416522942382e-06
-3.966004380254754e-06
-4.0213540675148305e-06
-4.077476216818104e-06
-4.134381608663273e-06
-4.192081174034891e-06
-4.250585996432688e-06
-4.3099073140492525e-06
-4.370056521930542e-06
-4.43104517415478e-06
-4.492884986020593e-06
-4.555587836325108e-06
-4.6191657696531086e-06
-4.683630998693979e-06
-4.748995906587398e-06
-4.815273049270911e-06
-4.882475157922121e-06
-4.950615141403945e-06
-5.019706088740415e-06
-5.0897612715966015e-06
-5.160794146878098e-06
-5.232818359298709e-06
-5.305847743995382e-06
-5.379896329163469e-06
-5.454978338834295e-06
-5.531108195520602e-06
-5.60830052300659e-06
-5.686570149203809e-06
-5.765932108883076e-06
-5.846401646656958e-06
-5.927994219957392e-06
-6.010725501857516e-06
-6.094611384192946e-06
-6.179667980560306e-06
-6.265911629493257e-06
-6.353358897662144e-06
-6.442026582759543e-06
-6.53193171706477e-06
-6.6230915704138026e-06
-6.715523653672852e-06
-6.809245722148014e-06
-6.904275778806218e-06
-7.000632078089637e-06
-7.098333129094302e-06
-7.197397699174529e-06
-7.297844817644004e-06
-7.399693779355202e-06
-7.502964148561062e-06
-7.607675762445428e-06
-7.71384873497294e-06
-7.821503460966959e-06
-7.930660619896474e-06
-8.041341179738026e-06
-8.153566401110693e-06
-8.267357841318542e-06
-8.382737358623055e-06
-8.499727116271897e-06
-8.618349586777201e-06
-8.738627556366393e-06
-8.860584129249453e-06
-8.984242732070128e-06
-9.10962711842854e-06
-9.236761373350113e-06
-9.365669918103226e-06
-9.496377514726787e-06
-9.628909270872405e-06
-9.763290644565037e-06
-9.899547449127109e-06
-1.0037705858150316e-05
-1.0177792410454278e-05
-1.0319834015256319e-05
-1.0463857957349585e-05
-1.0609891902341119e-05
-1.0757963901879557e-05
-1.0908102399081955e-05
-1.1060336234069903e-05
-1.1214694649444796e-05
-1.1371207295921351e-05
-1.1529904238009696e-05
-1.1690815959844794e-05
-1.1853973370948984e-05
-1.201940781227033e-05
-1.2187151062032983e-05
-1.2357235342109899e-05
-1.252969332394627e-05
-1.2704558135090763e-05
-1.2881863365248394e-05
-1.3061643073050515e-05
-1.3243931792300892e-05
-1.3428764538954939e-05
-1.361617681743671e-05
-1.3806204627871826e-05
-1.3998884472634764e-05
-1.4194253363659839e-05
-1.4392348829321555e-05
-1.4593208921793982e-05
-1.479687222429851e-05
-1.500337785853784e-05
-1.5212765492194713e-05
-1.5425075346483944e-05
-1.564034820412171e-05
-1.5858625416764055e-05
-1.6079948913451294e-05
-1.6304361208018328e-05
-1.6531905408039525e-05
-1.67626252222709e-05
-1.6996564969930293e-05
-1.7233769588250998e-05
-1.7474284642116425e-05
-1.771815633188202e-05
-1.7965431503011756e-05
-1.821615765452728e-05
-1.8470382948385057e-05
-1.8728156218886976e-05
-1.8989526981430136e-05
-1.925454544315637e-05
-1.952326251084975e-05
-1.979572980324824e-05
-2.00719996574976e-05
-2.0352125143650607e-05
-2.0636160069401836e-05
-2.0924158996933043e-05
-2.1216177245852335e-05
-2.1512270912261544e-05
-2.1812496870197453e-05
-2.211691279287056e-05
-2.2425577152553142e-05
-2.273854924377352e-05
-2.305588918217257e-05
-2.337765792893387e-05
-2.370391728926172e-05
-2.4034729937632833e-05
-2.4370159416285686e-05
-2.4710270161845747e-05
-2.5055127501536303e-05
-2.540479768474999e-05
-2.5759347872347338e-05
-2.611884617929991e-05
-2.648336164949648e-05
-2.6852964318231122e-05
-2.7227725162971665e-05
-2.7607716195808627e-05
-2.799301037997512e-05
-2.83836817611897e-05
-2.8779805343424886e-05
-2.9181457263765132e-05
-2.958871462449596e-05
-3.000165571158232e-05
-3.0420359786503728e-05
-3.0844907341798624e-05
-3.127537986378202e-05
-3.1711860106174456e-05
-3.215443185213983e-05
-3.26031801686252e-05
-3.30581912124353e-05
-3.351955241705207e-05
-3.398735238971807e-05
-3.446168098904126e-05
-3.4942629347743155e-05
-3.543028981311565e-05
-3.592475611784423e-05
-3.642612316558157e-05
-3.693448736276773e-05
-3.744994624351285e-05
-3.7972598956238605e-05
-3.850254575157343e-05
-3.903988857923736e-05
-3.9584730504776955e-05
-4.013717633272011e-05
-4.0697332049992015e-05
-4.126530536755884e-05
-4.184120530740013e-05
-4.242514253229783e-05
-4.3017229227244836e-05
-4.3617579038266905e-05
-4.422630746020212e-05
-4.48435311452668e-05
-4.5469369049915e-05
-4.6103940871428974e-05
-4.674736915506782e-05
-4.7399776721073253e-05
-4.806128979096007e-05
-4.8732034419787015e-05
-4.941214057860039e-05
-5.010173766862485e-05
-5.080095950006847e-05
-5.150993893723204e-05
-5.222881369207127e-05
-5.2957720277455695e-05
-5.369680030074689e-05
-5.4446194150655066e-05
-5.5206047355182194e-05
-5.597650427843553e-05
-5.6757714624172066e-05
-5.754982649222953e-05
-5.835299449894263e-05
-5.916736959315247e-05
-5.999311283243664e-05
-6.083037616203208e-05
-6.167932972903854e-05
-6.254012385805959e-05
-6.341294069476839e-05
-6.429792687804442e-05
-6.519527791080586e-05
-6.610513668122353e-05
-6.702771106096954e-05
-6.796314195454609e-05
-6.891164813358289e-05
-6.987336957342896e-05
-7.084853601518545e-05
-7.183728731140898e-05
-7.28398617619629e-05
-7.385640540425896e-05
-7.48871554979505e-05
-7.593227601596607e-05
-7.699199176878883e-05
-7.8066493532555e-05
-7.915598847610741e-05
-8.026069633325014e-05
-8.138080723742169e-05
-8.251656896015019e-05
-8.366815592755891e-05
-8.48358437472805e-05
-8.601979202627996e-05
-8.722030185322541e-05
-8.843752401455681e-05
-8.967177548588291e-05
-9.092321092370572e-05
-9.219214960259957e-05
-9.347876280185578e-05
-9.478336087478793e-05
-9.610614246842626e-05
-9.744739784048936e-05
-9.880736796669533e-05
-0.00010018630419812821
-0.00010158451687577183
-0.00010300218172644014
-0.00010443971541636483
-0.00010589717809284861
-0.0001073751340413383
-0.00010887351191663029
-0.0001103930119507366
-0.00011193348305882226
-0.00011349569244870257
-0.00011507944683342088
-0.00011668558358510206
-0.00011831381960374424
-0.00011996510799723039
-0.00012163908491731075
-0.00012333675189921177
-0.00012505777678826536
-0.0001268031190142496
-0.00012857250891419077
-0.00013036691166943477
-0.0001321860040031303
-0.00013403092035986838
-0.0001359010149287142
-0.0001377980821973075
-0.00013972018006630212
-0.00014167162453772623
-0.00014364587018571556
-0.00014565338196249867
-0.0001476798836018015
-0.0001497456710158609
-0.00015182709938522173
-0.00015395190305745156
-0.00015609307117298704
-0.00015827734578043907
-0.00016047904127367257
-0.00016272568316386712
-0.0001649866866011421
-0.0001672969672414324
-0.0001696211942730606
-0.00017199336635750808
-0.00017438694116259958
-0.00017682178989974595
-0.0001792879879937327
-0.00018178817097601498
-0.00018432816345816306
-0.00018689545963031516
-0.00018950950289848634
-0.00019214546681615914
-0.0001948333558688377
-0.00019753981990653367
-0.00020030031098697244
-0.00020308054677176883
-0.00020591313451679663
-0.00020876980547883536
-0.00021167716817957916
-0.00021461197594284647
-0.00021759951885700626
-0.00022061657223898762
-0.0002236843564127382
-0.00022678848550448518
-0.00022993465135594417
-0.00023312630946053085
-0.00023635330392301066
-0.00023963582793992322
-0.00024293841197907284
-0.00024633598467162796
-0.0002496713066033883
-0.00025313254389497825
-0.000256536414512315
-0.00026003366369232604
-0.0002635219217179928
-0.0002671068742111326
-0.00027064675130909354
-0.00027433908429885665
-0.0002779354428622093
-0.0002816551181689734
-0.0002853412580385808
-0.0002891044438018931
-0.0002928371675852997
-0.00029672650967997865
-0.0003005118226036938
-0.0003044908942730813
-0.00030841786888605074
-0.0003125095994870058
-0.0003164908692751857
-0.00032093548689566214
-0.0003247452801660924
-0.00032998712733167885
-0.0003325292361883376
-0.0003417463828804576
-0.0003312524858449966
-0.00033816699118070786
-0.00033372333379424004
-0.000336281884707544
-0.00033725817299055103
-0.00034237927138987793
-0.0003375119003435689
-0.0003459021092831198
-0.0003360750381612518
-0.0003365897601032811
-0.00033404466927459964
-0.00033349986261811205
-0.0003312533230154977
-0.00033681811790160993
-0.0003377156531273091
-0.00034125885600319914
-0.00035193755927739656
-0.00034930953807489477
-0.0003663021408701155
-0.00037338781749495105
-0.0003880646573331439
-0.00039975746553095107
-0.0004045994937415672
-0.00041386977720775115
-0.00041377451868312564
-0.00041589051872342525
-0.00041102628009492674
-0.0004051327247870824
-0.00040211250369510585
-0.0003947412776495107
-0.0003974943263076343
-0.00038956212878026757
-0.00038830568250923546
-0.00038767891440609373
-0.0003885305278009166
-0.0003927157649202066
-0.00039549615375670047
-0.0004036877431079714
-0.000404966431214025
-0.00040928012298287414
-0.00042559072180370074
-0.00042080937547564864
-0.00042902730396900856
-0.00042842641352971783
-0.0004353326797278277
-0.00043408668280653335
-0.00044187795133165356
-0.00043380540878732246
-0.0004354778225892728
-0.0004238625215095555
-0.00042568493350150506
-0.0004161804822972718
-0.00041998958446188043
-0.0004181209445198136
-0.00041474518727716936
-0.000418362514951673
-0.00041599211178754245
-0.0004218058028773146
-0.00041918081159348947
-0.0004273368773498391
-0.0004294185722054762
-0.00043284517620382535
-0.00043126566572514456
-0.0004446760325761802
