0.0013899962223779766
0.0011623621998347897
0.0010664605041299916
0.0009565779976790603
0.0009184443789441669
0.000790649199111699
0.0007966959414470718
0.0004397378087437091
0.0009025521282102792
0.0004606842099360584
0.0008770256372904974
0.0004079726423315644
0.0008935884141548873
0.0004588836014556383
0.0012892548511427657
0.000809915281273282
0.0017655140466587955
0.00103564287082756
0.0022648384789827865
0.0010221067676963024
0.002743830650777367
0.0007133123426324446
0.0029780907712278677
0.000404667497195136
0.0032826808860292995
-0.0008858462405029956
0.004114559557228626
-0.0021402377611175103
0.0055090151165763926
-0.004096869649663376
0.007244112340493044
-0.0066580563375609825
0.01162035069239741
-0.01124892625223826
0.018101519314726446
-0.021332943719736916
0.03674609062316482
-0.05922462157312476
0.20306619016467306
0.366216123655008
0.30861831334074125
0.38214196527232647
0.28981448670894594
0.13342376617131313
0.31892590457209824
0.23406962876415743
-0.5065698931582725
-0.8093464725544169
-0.35699612884314225
-0.20019088081999234
-0.27839152392059774
-0.16915225407830325
-0.10622498015463495
0.015458651297829551
-0.07495125865200947
0.14543775488123184
0.14367404377753523
0.09848845447208586
0.11921678860990682
0.10161218834843423
0.11669452737008612
0.1258312215184229
0.15901626590676315
0.06578311499765546
-0.10094599023027197
-0.06572033894973546
-0.054615588742051635
0.06502251807626251
-0.03576768112823622
-0.06554166448907026
-0.03574663727312455
-0.012976444558297714
-0.06881882726771334
-0.0894537616016009
0.006132840974169064
-0.011318785122142648
-0.034876575298654566
-0.020971854657736242
-0.009446080923160618
-0.03438616639934583
-0.04686837560026125
0.01902426394402401
0.07644087556170324
0.055776261811742986
0.045324965607895534
0.005776210469643014
0.014577899748696478
-0.0015300251438451322
0.021458765666492893
0.020792417850276638
0.018631929614845683
-0.011592880137449912
-0.04337158463801181
-0.026793225256368455
-0.014477806136630755
-0.020417404144487724
-0.03185566290197525
-0.017546185662354927
0.006559373703777812
0.0031090396366050205
0.006389571422701045
0.0033696351584152507
-0.010366087515597953
-0.009963666197397945
-0.015964588496479172
-0.008125149787019233
-0.008603678787538854
-0.002434723302088002
-0.0164351584851235
-0.012942524585679537
-0.003525089606580578
-0.014988336867029627
-0.009877423468402409
-0.0024802793688148
0.006284281747053029
0.009619081609615932
0.01625994039669193
0.015371360411402787
0.004132147447465041
-0.012895401327811211
-0.01764794558242537
-0.006227434046969802
0.008519857036806733
-0.0003249648366397094
-0.014220630031628241
-0.016873015732247924
-0.010630491970134675
-0.007937981558265339
-0.005530240821544427
-0.004025928136793027
-0.0004282947349845936
-0.0006931306986782444
-0.0028932489233187476
-0.0005604830428090949
0.00021224900539031316
0.00010792943275345936
-0.0010183317855231814
-0.0009666930086386687
-0.0026556596240176313
-0.0018511392615109803
-0.0006284970731430295
-0.001675525261640678
-0.006076072046035398
-0.005495180210076672
-0.0021879144732836874
-0.0008566123933212092
-0.0011831970942813392
-0.0036615700341315937
-0.004141608563252763
-7.220568788039207e-05
-0.0022886716793024987
-0.0034577746315099505
-0.0014865333699600023
-0.00357089484743684
-0.0011931905673520104
-0.000423207190562074
0.0006078909510597158
-0.0016292174523885765
-0.004926632156536229
-0.0068062954074787595
-0.004202787371322892
0.001407909609227767
0.004174741801031298
-0.0034791536512904357
-0.0025737636362073726
-0.0032967280487351674
-0.0014278572623061777
-0.0034134103023385565
-0.0016576187379321915
-0.0009551571805869023
-0.004218658393768021
-0.0014114545552915286
-0.0027341765558535356
-0.004476786910855925
-0.0034534332991826623
-0.0032748846566947026
0.0010145060741778757
-0.0029857701584197717
-0.005028998849067328
-0.005561610165735909
-0.005669300154571041
-0.00018894596363620592
-0.005105137642177305
-0.004410958993784643
-0.0028953936399460536
-0.004252815822423768
-0.0009616959379549596
0.0007687353138550058
0.004771305656114217
0.0025766963454023255
0.0013092867844836222
-0.0022714972713936297
-0.0042947780657447525
-0.0006536620618142384
-0.002906939802818688
-0.0031718947102539314
-0.003703003257692892
-0.0046963650032602056
-0.00394235820005803
-0.003100568980218507
-0.0026658829306883923
-0.0034192837144639836
-0.003175087200867662
-0.001439265446330812
-0.0019484637839818522
0.0001979686800441258
-0.0004149381155310836
0.0008588609733135273
0.00023130699768909684
0.0007955689534252084
0.00034103808004742496
0.0006114622482179095
0.0002789083476901922
0.00032684804301394627
0.0001463513817399106
0.00018349546959812763
6.975676911780224e-05
0.00010163067987108935
2.1526549191452416e-05
1.7041688326571334e-05
-4.669018005351209e-05
-1.7629278722281058e-05
-5.572051971966963e-05
-7.101295016190431e-06
-4.41736069582675e-05
-1.2900675598962911e-05
-3.0054431173620415e-05
-9.401651044981462e-06
-1.2846311634298179e-05
-6.592243554197786e-06
1.7015754121257193e-07
-5.500547637142528e-06
5.532942360618291e-06
-1.87965171785133e-06
7.951964817310211e-06
8.960233815833579e-07
6.712866757511982e-06
1.1034627071587408e-06
4.814480144443856e-06
1.5064709742163007e-06
3.590631230475372e-06
1.6823213922368546e-06
2.814215172172903e-06
1.2186625833006046e-06
2.188606824486683e-06
9.971177132013596e-07
2.0579582072838883e-06
9.192360885638962e-07
1.9543058750611485e-06
9.087502797293888e-07
1.912718909185835e-06
1.114750415929025e-06
1.876088918690167e-06
1.3458720550130893e-06
1.8079093860633513e-06
1.5178492559272255e-06
1.7636451619476318e-06
1.6752693303455964e-06
1.7676314479065616e-06
1.7703012181073197e-06
1.7838577025746467e-06
1.8185189055177318e-06
1.8164508756664168e-06
1.8538078223749761e-06
1.8550129934503251e-06
1.8832657575828735e-06
1.890620664083656e-06
1.912292033672057e-06
1.9253705057936405e-06
1.948742348199502e-06
1.959987568851511e-06
1.9868509437380444e-06
1.9942882140458994e-06
2.025972896262584e-06
2.031538031726371e-06
2.0660681868465806e-06
2.0715391777672947e-06
2.105618173196572e-06
2.113260057791692e-06
2.1450024778350493e-06
2.156495700616633e-06
2.18530109676252e-06
2.2003856350895617e-06
2.2265155270157996e-06
2.2445185318706404e-06
2.2689859633764128e-06
2.289016789007079e-06
2.3127352403685617e-06
2.333964408951115e-06
2.3575416779298916e-06
2.379536545785285e-06
2.403322796775255e-06
2.4259541927505474e-06
2.4500423069779946e-06
2.4732695792497802e-06
2.497647338700615e-06
2.5215129123038957e-06
2.546181414245577e-06
2.5707023754550223e-06
2.5956849136607105e-06
2.6208292955038487e-06
2.6461790253130488e-06
2.6719018166553032e-06
2.6976888976293356e-06
2.7239462371819734e-06
2.7502262757283374e-06
2.7769860801484317e-06
2.8037965861356026e-06
2.8310518740094423e-06
2.858412715688345e-06
2.8861718265038843e-06
2.914089699096803e-06
2.942368444924879e-06
2.9708460247642766e-06
2.999662926270793e-06
3.028704418651419e-06
3.0580757705519525e-06
3.0876879016832406e-06
3.1176268974406063e-06
3.1478194558506173e-06
3.178337794814204e-06
3.2091221971761e-06
3.2402309253914963e-06
3.271618867334552e-06
3.3033293824038037e-06
3.33533239117419e-06
3.36765696000137e-06
3.400286303618049e-06
3.433237774616571e-06
3.4665046318737604e-06
3.500096188220614e-06
3.5340120550273564e-06
3.5682569828219754e-06
3.6028338330738874e-06
3.6377453716401886e-06
3.6729956983195047e-06
3.7085870683416927e-06
3.7445238480676496e-06
3.780808359046036e-06
3.817444944701886e-06
3.854436081735142e-06
3.891786122601403e-06
3.929497623930732e-06
3.967575028631303e-06
4.006020922464474e-06
4.04483984801278e-06
4.0840344490883406e-06
4.1236093154745144e-06
4.163567226168332e-06
4.203912737158139e-06
4.244648836327367e-06
4.285779989348314e-06
4.327309436162174e-06
4.3692415328576775e-06
4.411579769237565e-06
4.454328415936029e-06
4.497491183395614e-06
4.541072293584147e-06
4.58507563643834e-06
4.6295054316519615e-06
4.674365711321228e-06
4.719660725577691e-06
4.7653946239217555e-06
4.811571711079999e-06
4.858196239663679e-06
4.905272578674619e-06
4.952805079128705e-06
5.000798182851424e-06
5.049256337480836e-06
5.098184059702847e-06
5.1475858935841334e-06
5.19746643581941e-06
5.247830326087725e-06
5.298682244221013e-06
5.350026924556004e-06
5.401869136230689e-06
5.454213706815921e-06
5.507065496843924e-06
5.560429428498343e-06
5.614310458413918e-06
5.668713602542197e-06
5.7236439155629185e-06
5.779106510146433e-06
5.835106539866435e-06
5.891649216137069e-06
5.9487397945258555e-06
6.006383586432023e-06
6.064585950667749e-06
6.123352301536057e-06
6.182688102478198e-06
6.242598873054092e-06
6.303090183894326e-06
6.36416766082722e-06
6.425836983065382e-06
6.488103886539477e-06
6.550974161585515e-06
6.614453655126636e-06
6.67854827009456e-06
6.7432639677747486e-06
6.808606765884573e-06
6.874582741088866e-06
6.941198029083691e-06
7.008458824815176e-06
7.076371383226104e-06
7.144942020217851e-06
7.214177112299262e-06
7.284083098089858e-06
7.354666478989616e-06
7.4259338191125625e-06
7.497891745404921e-06
7.570546950097738e-06
7.64390619012261e-06
7.717976287293217e-06
7.792764130071022e-06
7.868276673285912e-06
7.9445209393951e-06
8.021504018950257e-06
8.099233070955891e-06
8.177715324080188e-06
8.25695807688963e-06
8.33696869867017e-06
8.417754630291778e-06
8.499323384496618e-06
8.58168254696005e-06
8.6648397761486e-06
8.748802805815794e-06
8.833579444236274e-06
8.919177575851295e-06
9.00560516063631e-06
9.092870235578084e-06
9.180980916654018e-06
9.269945397881191e-06
9.359771952555714e-06
9.450468934308525e-06
9.542044777197979e-06
9.634507997688304e-06
9.727867194419745e-06
9.822131050208054e-06
9.917308330438675e-06
1.0013407886798678e-05
1.0110438655915217e-05
1.020840966090811e-05
1.0307330013366875e-05
1.0407208912471073e-05
1.0508055646841086e-05
1.0609879594200393e-05
1.0712690224205009e-05
1.0816497098001514e-05
1.0921309869349471e-05
1.1027138285379934e-05
1.1133992187325331e-05
1.1241881512684404e-05
1.1350816294950286e-05
1.1460806664469192e-05
1.1571862849966974e-05
1.1683995179262961e-05
1.1797214080459112e-05
1.1911530082137772e-05
1.202695381563373e-05
1.2143496014985645e-05
1.2261167517867155e-05
1.2379979267543653e-05
1.2499942313243945e-05
1.2621067810959091e-05
1.2743367025024044e-05
1.2866851328935565e-05
1.299153220582841e-05
1.3117421250897002e-05
1.324453017180309e-05
1.3372870788696785e-05
1.3502455036807151e-05
1.3633294967651412e-05
1.3765402748762076e-05
1.3898790664979704e-05
1.4033471121357305e-05
1.4169456643061112e-05
1.4306759875752986e-05
1.4445393588435364e-05
1.4585370673432605e-05
1.472670414825062e-05
1.4869407156493236e-05
1.501349296895594e-05
1.5158974984923884e-05
1.530586673391572e-05
1.5454181876520603e-05
1.5603934205332334e-05
1.5755137646650264e-05
1.5907806262233093e-05
1.606195424984358e-05
1.6217595944501006e-05
1.6374745820044168e-05
1.6533418491330998e-05
1.6693628714120612e-05
1.68553913874811e-05
1.701872155504547e-05
1.7183634405726345e-05
1.735014527590173e-05
1.7518269650323992e-05
1.768802316400031e-05
1.7859421603497183e-05
1.803248090913312e-05
1.8207217173298994e-05
1.8383646646500523e-05
1.856178573618472e-05
1.874165100920061e-05
1.8923259191901132e-05
1.9106627173248736e-05
1.929177200596724e-05
1.947871090731898e-05
1.9667461262962843e-05
1.9858040626111184e-05
2.0050466718764953e-05
2.0244757436095823e-05
2.0440930846802674e-05
2.0639005194739417e-05
2.083899889956085e-05
2.1040930560078594e-05
2.1244818956247993e-05
2.1450683047566973e-05
2.1658541979936545e-05
2.186841508227278e-05
2.2080321873253587e-05
2.2294282058813873e-05
2.2510315536380335e-05
2.2728442397214853e-05
2.2948682925235308e-05
2.3171057602754813e-05
2.339558710988572e-05
2.3622292326682445e-05
2.3851194336628467e-05
2.4082314425746647e-05
2.4315674088356762e-05
2.4551295025478266e-05
2.4789199150066388e-05
2.5029408585161995e-05
2.527194567039149e-05
2.5516832960719663e-05
2.5764093228978525e-05
2.6013749470236384e-05
2.6265824901704378e-05
2.6520342965669248e-05
2.6777327330924916e-05
2.703680189625234e-05
2.7298790792366738e-05
2.756331838310675e-05
2.783040926832188e-05
2.8100088286409086e-05
2.8372380517222365e-05
2.8647311283101426e-05
2.8924906151016685e-05
2.9205190936951175e-05
2.9488191705923095e-05
2.977393477655854e-05
3.0062446721518254e-05
3.035375437156207e-05
3.064788481741548e-05
3.094486541221908e-05
3.124472377410287e-05
3.154748778874672e-05
3.185318561238493e-05
3.216184567381153e-05
3.247349667720445e-05
3.278816760511616e-05
3.3105887720694116e-05
3.342668657142084e-05
3.375059399013435e-05
3.4077640098859746e-05
3.440785531222401e-05
3.474127033912394e-05
3.5077916185517755e-05
3.54178241585984e-05
3.5761025869048696e-05
3.610755323278994e-05
3.645743847586688e-05
3.6810714136761846e-05
3.716741306861518e-05
3.752756844362104e-05
3.7891213754290276e-05
3.825838281839092e-05
3.862910978200129e-05
3.900342912127423e-05
3.9381375646796446e-05
3.9762984505919974e-05
4.0148291186938544e-05
4.053733152254227e-05
4.0930141692121363e-05
4.1326758225115456e-05
4.1727218005944543e-05
4.2131558275999154e-05
4.253981663724857e-05
4.2952031056722045e-05
4.336823986891489e-05
4.37884817794873e-05
4.421279586973564e-05
4.464122159889353e-05
4.507379881001604e-05
4.5510567730862664e-05
4.595156897966072e-05
4.639684356739712e-05
4.68464329038044e-05
4.730037879922648e-05
4.7758723468131065e-05
4.822150953563871e-05
4.868878003962433e-05
4.9160578434541066e-05
4.96369485950424e-05
5.0117934821828584e-05
5.0603581846771044e-05
5.109393483352688e-05
5.158903938179936e-05
5.20889415341402e-05
5.259368778084777e-05
5.3103325062182124e-05
5.361790077074006e-05
5.413746276256015e-05
5.4662059353363397e-05
5.519173932974327e-05
5.572655194937474e-05
5.626654694857857e-05
5.6811774545240915e-05
5.736228544304944e-05
5.7918130838319464e-05
5.847936242226121e-05
5.904603238727395e-05
5.961819343262018e-05
6.019589876658771e-05
6.077920211461276e-05
6.136815772082556e-05
6.196282035718023e-05
6.256324532416578e-05
6.316948846035177e-05
6.378160614413635e-05
6.439965529951488e-05
6.502369340351494e-05
6.565377848953449e-05
6.628996915345608e-05
6.693232455818503e-05
6.758090444153233e-05
6.82357691185304e-05
6.889697948919303e-05
6.956459704492114e-05
7.023868387141059e-05
7.091930265558839e-05
7.160651669357033e-05
7.23003898935883e-05
7.300098678373355e-05
7.370837251666844e-05
7.442261287765256e-05
7.514377428789236e-05
7.587192381313675e-05
7.660712916868477e-05
7.734945872626487e-05
7.809898152013823e-05
7.885576725310867e-05
7.961988630413768e-05
8.039140973318572e-05
8.11704092894664e-05
8.195695741747592e-05
8.275112726323433e-05
8.355299268172813e-05
8.436262824393034e-05
8.518010924339861e-05
8.600551170278686e-05
8.68389123816571e-05
8.768038878386429e-05
8.853001916329624e-05
8.938788253304576e-05
9.025405867123129e-05
9.11286281293961e-05
9.201167223981343e-05
9.290327312209078e-05
9.380351369214519e-05
9.471247766954655e-05
9.563024958511145e-05
9.655691478754804e-05
9.749255945423318e-05
9.843727059706845e-05
9.939113607091397e-05
0.00010035424458155654
0.00010132668569495166
0.00010230854984521413
0.00010329992834228374
0.00010430091338047812
0.00010531159804842301
0.00010633207633588021
0.00010736244314439093
0.00010840279429486866
0.00010945322653581183
0.00011051383755350015
0.00011158472598183397
0.00011266599140923733
0.00011375773438981581
0.0001148600564526989
0.00011597306010988951
0.00011709684886597525
0.00011823152723024406
0.00011937720072443766
0.00012053397589144072
0.00012170196030721926
0.0001228812625910149
0.0001240719924137134
0.00012527426050834036
0.00012648817868219395
0.00012771385982628315
0.00012895141792508905
0.00013020096806609432
0.00013146262645287888
0.0001327365104160992
0.00013402273842336426
0.00013532143008866552
0.00013663270618625902
0.00013795668865953863
0.00013929350063493148
0.00014064326643134202
0.000142006111572608
0.00014338216279857188
0.0001447715480770123
0.0001461743966160809
0.00014759083887631484
0.00014902100658170398
0.0001504650327330513
0.0001519230516198977
0.00015339519883327034
0.00015488161127714646
0.00015638242718336165
0.00015789778612279882
0.00015942782901868092
0.00016097269815937127
0.0001625325372125088
0.00016410749123807716
0.00016569770670130655
0.00016730333148688448
0.00016892451491179266
0.00017056140774144505
0.0001722141622009319
0.00017388293199138824
0.00017556787230162498
0.00017726913982625648
0.00017898689277638517
0.0001807212908984508
0.0001824724954843991
0.0001842406693913592
0.0001860259770524288
0.0001878285844960706
0.00018964865935800369
0.00019148637089931066
0.00019334189002049272
0.00019521538927871722
0.0001971070429035368
0.00019901702681105696
0.00020094551862495647
0.00020289269768647422
0.00020485874507924356
0.00020684384363548435
0.00020884817796632243
0.00021087193446423392
0.00021291530133607864
0.00021497846860301013
0.00021706162813750506
0.00021916497366183604
0.00022128870078418636
0.0002234330069998667
0.00022559809172539814
0.00022778415630469138
0.00022999140403379787
0.0002322200401816115
0.00023447027199916936
0.00023674230875837636
0.00023903636173888796
0.00024135264429655102
0.0002436913718151708
0.0002460527618173676
0.00024843703386966565
0.0002508444097418989
0.0002532751132659635
0.00025572937053613054
0.00025820740974821614
0.00026070946138102586
0.0002632357581064637
0.0002657865348459431
0.00026836202886286876
0.0002709624795785412
0.00027358812895916015
0.0002762392210027588
0.0002789160024702533
0.00028161872203430927
0.0002843476313336632
0.0002871029838258242
0.0002898850360984486
0.00029269404650587605
0.00029553027664013594
0.00029839398990577507
0.00030128545293344334
0.0003042049343623087
0.000307152705845939
0.00031012904151701647
0.00031313421798295055
0.0003161685151307741
0.0003192322144496422
0.00032232560182808047
0.0003254489636487243
0.0003286025919384172
0.00033178677814559823
0.0003350018204418296
0.00033824801560431816
0.00034152566784662964
0.00034483507960134194
0.00034817656099443706
0.0003515504204711197
0.00035495697393922963
0.0003583965362486275
0.00036186942893672806
0.00036537597368178736
0.000368916497431389
0.00037249132915457075
0.00037610080097039145
0.00037974524957899713
0.0003834250121208752
0.00038714043335777003
0.00039089185552860107
0.00039467963147631156
0.00039850410897210894
0.0004023656485738433
0.0004062646043724149
0.0004102013439326326
0.00041417622877696963
0.00041818963241290483
0.0004222419254394363
0.0004263334855179649
0.00043046469523298336
0.0004346359323614893
0.0004388475979538436
0.0004431000610363705
0.0004473937516635937
0.00045172902019160674
0.0004561063346328353
0.00046052601570699837
0.0004649885850418422
0.00046949432437846006
0.0004740437982676971
0.0004786372910477246
0.0004832753481919679
0.00048795832143332996
0.0004926866669732662
0.0004974608729492467
0.0005022812388077802
0.0005071484489328638
0.0005120626207369564
0.0005170246590082694
0.0005220344894629154
0.0005270932012126904
0.0005322005582514993
0.0005373578173024961
0.0005425645762751542
0.0005478222581975693
0.0005531303612023087
0.0005584904021640649
0.0005639018836506247
0.0005693662452750623
0.0005748832141601972
0.0005804538408771024
0.0005860784121293975
0.0005917572640055716
0.0005974915725880282
0.0006032807544488763
0.0006091269439849308
0.0006150286509206005
0.0006209888822318421
0.0006270053780179975
0.0006330818308716484
0.0006392153691490235
0.0006454102524088032
0.0006516631429849757
0.0006579787726274735
0.000664353399839599
0.0006707921497515407
0.0006772909620811408
0.0006838551925498878
0.0006904806648977608
0.0006971727327694172
0.0007039274233071723
0.0007107497310378768
0.0007176362343472454
0.0007245913815614722
0.0007316122412759822
0.0007387029886908662
0.0007458606493801995
0.0007530898182974955
0.0007603865786363971
0.0007677572456834063
0.0007751952193845364
0.0007827109299550316
0.0007902916494785164
0.0007979576516904365
0.0008056795995894544
0.0008135065541455325
0.0008213603391993536
0.0008293529692365428
0.0008373351875728978
0.0008455016533188093
0.0008535813516524272
0.0008619563986941052
0.0008701637311276875
0.0008787265212747193
0.0008871228485905542
0.0008958351747317422
0.0009044014043590485
0.0009131808116712117
0.0009219729320939404
0.0009308200549374052
0.0009398780951717835
0.0009487973678496027
0.0009581360240764377
0.0009671836115871504
0.0009767600732120034
0.0009858797719501482
0.0009957041224239206
0.001004892256401968
0.0010149814054402585
0.0010242581474328896
0.0010346773642671441
0.001044057650149496
0.001054709553100978
0.0010642892377617417
0.0010750683399260996
0.0010850081026953196
0.0010958085788419158
0.0011061644766825508
0.0011170417368076072
0.0011278718536364904
0.0011388342908385009
0.0011500164134625546
0.0011610354427130628
0.0011725443024621848
0.001183628938647192
0.0011955262605087523
0.0012066820290810212
0.0012190515160140107
0.0012301702114330551
0.001243139572346591
0.0012540834976617933
0.0012677357819128364
0.0012784194360242408
0.0012927920213916637
0.0013032804350559552
0.001318344651161503
0.0013286924500540117
0.0013447169997798493
0.0013546702487470868
0.0013717913454315105
0.0013809874640891232
0.0013995089699340175
0.0014073583281310979
0.0014281997611925949
0.001433743028672452
0.0014582583387676915
0.0014592797760459592
0.0014925994008014596
0.001478313327920781
0.0015473336586136039
0.0014305436122990511
0.0014646724607406125
0.0012843223095886057
0.0014516592239973841
0.001131979493026205
0.001600375633801332
0.0011837795008077315
0.0015910294946549957
0.001147338859534483
0.0017134198719569102
0.0012498694659117244
0.00165954035474606
0.0012831036374957722
0.001557374491205802
0.0013462482560404904
0.0015598244928639142
0.0013099232347731915
0.0015414811893380703
0.0012510093516709536
0.0015111149178373556
0.0011591412220223474
0.0016125092419190207
0.0013379419213640628
0.0015926561725774396
0.0014837096690725037
0.0015209102405826964
0.0014334845165934439
0.0013796661228950534
0.001385565859795622
0.001368574326012461
0.001392442434819341
0.0013985183567644076
0.0014284919265010552
0.001444668231238783
0.0014731325953946037
0.001480960896295654
0.0015094031655510896
0.001521539989539803
0.0014868922044440624
0.00146411194014609
0.0017233627179280009
0.001564285547304478
0.001792663936409089
0.0016698421287936888
0.001839725773283063
0.001605475385499322
0.001718424506988614
0.0015409573856340897
0.001961668254894272
0.001619201188339886
0.0019144373642006884
0.0017471945337523415
0.0020599288223516615
0.0019387728725309954
0.0019321637026574467
0.0017788044483394994
0.0016999940684492842
0.00145609851426233
0.00142980398728218
0.0013176343177766364
0.0015069344853981467
0.0012987887329904552
0.0014665395635578976
0.0014065022493301438
-0.000853806949744884
-0.0008226138710253963
-0.0008443271556497706
-0.0008096293430147992
-0.0008565702276308869
-0.0008302257774305193
-0.0009016316427374669
-0.0009257559259418743
-0.0009860723112714897
-0.0009837094999180008
-0.0010007644016795047
-0.0010149477946004072
-0.0009504771209713533
-0.000992715168275947
-0.0009504052837718941
-0.0010257076448803213
-0.0010441250603762618
-0.0011429602653190755
-0.0011717331013222207
-0.001232204347219532
-0.0012694909495833875
-0.0013277131682953112
-0.0013538771739010492
-0.0014397161666179462
-0.0015006639487887214
-0.0015392262340271582
-0.0015898477512530733
-0.0015940553290612204
-0.0015911492687063979
-0.0016180425746356623
-0.001572590905865341
-0.001520006526573264
-0.0016000905277690305
-0.0015380150307492417
-0.0013159455075597007
-0.0015178649490147518
-0.0014444184915133988
-0.0015902143926636377
-0.0011676230857017166
-0.0017935450688933668
-0.0012871752408838584
-0.0018797648761725808
-0.0013089544597292661
-0.0022130618268852115
-0.001078946139842379
-0.002246513860304931
-0.0006936393606796689
-0.002438018221086826
0.00011544595901112777
-0.0032944416996107213
0.0003765223325092597
-0.0050830127139159
0.0015946184105763306
-0.01057114810572828
0.08695095218431509
0.12103404710049168
0.14443397609821762
0.09990112753941943
0.15275935741553148
0.10384032351629496
-0.020577875773159317
-0.038224562033965875
-0.10437799378514367
-0.12960041954192533
-0.13445354301449117
-0.09209873015598058
-0.05475463775446246
-0.014538131909454258
0.01704583101961064
0.014811226037298288
-0.0357809184340875
-0.03066260297221534
0.007561549266886276
0.06087692707910883
0.07463731202276873
0.037579287824165135
0.008800345806674166
-0.00039842803670045077
-0.0016074443550677345
0.024308728127384504
0.03633720625488713
0.026538352796727668
0.002929079960289568
-0.013669024849166742
-0.016203875864424115
-0.016036109594417584
-0.002833974240732963
0.0025139846122269947
-0.0012220323020984412
-0.007042645592393191
-0.012078387589633525
-0.006247142307581492
0.0019538272027006683
0.013709256394668794
0.012869849753675035
0.010155121621180343
0.006711943183105406
0.010379692575069356
0.007401424436537778
0.0003335546446330782
-0.0027711054215131736
-0.0010023603963635122
0.00664468520509371
0.009580072904415598
0.006915954745426703
-0.0069086050627008445
-0.017320483935569446
-0.017603312047767952
-0.009649791143559495
-0.00084925294617862
0.0017777726936233093
-0.002389674125651885
-0.008745515594843885
-0.011510568025055531
-0.010885953747474492
-0.0018437575733178853
0.0075267089937563056
0.010667832735021863
0.005944108528220765
-0.00033453416044903236
-0.0014247729155879877
0.0027495392865386934
0.00851967427213861
0.009611591125540109
0.00767589499288307
0.0019156257685322546
-0.0026586826056725545
-0.003776569503870126
-0.0024459593360378227
-0.0024791625358210508
-0.004009208610052105
-0.005298982729635376
-0.0071293765519297595
-0.007125636283115866
-0.0075400724321500875
-0.007296096697691627
-0.005657488135332852
-0.0022444828025834983
0.0002046700687096177
0.0013455316127836286
0.0014661743821226176
0.0016896762230140406
0.0017348905653253271
7.347826193127087e-05
0.0008385868426524141
0.0032987748513208003
0.004248129458111011
0.001536667032590569
-0.0015402451600744303
-0.003211092557159569
-0.002057342208278066
-0.0010289655830550545
9.957007043619431e-06
0.0005352238936968361
-0.0019014892682092097
-0.003995617562937415
-0.004078144586581815
-0.0012278074140384275
0.0013690154181798249
0.001396949018462885
0.0006268330025307408
0.00015406300406071907
0.0004656919394402413
0.0006065262799344277
0.0025421904956543983
0.0026981877056589196
0.0018451577491948288
0.001024945368065526
0.001486222705470116
0.0009695178902800119
-0.000958187080076332
-0.00027357139951214083
-0.0005268325408972697
-0.0013744697206675895
-0.00172608871389302
-0.0012267802407371449
-0.0009199922142454163
-0.0007134278502960454
-0.0018536193959869803
-0.0024036415731657035
-0.0019620916192287304
-0.0002201650058210442
0.0010784652299463493
0.0007847654513420082
-0.0007173807078922597
-0.0014797055343341867
-0.0007137285969585057
0.0016150352847753503
0.002313173247455743
0.001330657285133702
0.000782753538391179
0.0004676378283744394
-0.0001982490770632674
-0.0016314488808995098
-0.0007873403805221803
0.0006121641582574303
-0.0005071800617988423
-0.002855280910825619
-0.0026804839636216035
-0.0014460240508206211
-0.0008263482241563939
-0.0005443431529466619
-2.7774892093050847e-05
0.0003528303434671182
0.000656504941661432
0.000677013430346949
0.00030969930933890104
0.00041107967466968987
3.805098724163759e-05
6.75475946111078e-05
1.4201987969399401e-05
9.978358488870029e-05
3.2402807332828905e-05
4.529413939758124e-05
1.9177156739976734e-05
7.253495966971722e-06
-2.8749459629073434e-05
-2.941965331089045e-05
-2.9111936163445876e-05
-1.0143145585776535e-05
-2.2618797564976308e-05
-1.6088480265682406e-05
-1.23936953476167e-05
8.189829371669133e-07
-8.136190657798348e-06
-1.491950182538204e-06
-6.323047877543883e-06
-1.1341017437585933e-07
-1.4451895928672344e-06
2.3715960579036722e-06
2.015963513669898e-06
1.7468187001206976e-06
1.3258380150117522e-06
-1.468710967506622e-07
1.417802398323021e-06
-1.2263383016510748e-07
5.128953238808413e-07
-3.400946262400442e-07
2.874798894853266e-07
-3.506873354662478e-07
-1.2282885066445008e-07
-3.891004166370679e-07
-2.651192004196612e-07
-4.898714270195622e-07
-4.37395819614223e-07
-5.410680874756604e-07
-3.203285292179871e-07
-4.515696401057555e-07
-2.9941530405421315e-07
-4.534166158729619e-07
-2.9283737937617e-07
-4.479723992273192e-07
-2.9635847723053724e-07
-4.0535260934979316e-07
-3.0780100383808254e-07
-3.8920468553582666e-07
-3.3616912122345953e-07
-3.731505727923171e-07
-3.500323793929308e-07
-3.7042634319986445e-07
-3.7122849692243325e-07
-3.770620522581614e-07
-3.8232440074665967e-07
-3.8595000049958944e-07
-3.900146322657373e-07
-3.936691648128701e-07
-3.979615185778821e-07
-4.0379172595172855e-07
-4.0686626598951934e-07
-4.117861136782692e-07
-4.1476875790755164e-07
-4.1922585238896633e-07
-4.2351555795542336e-07
-4.26736388415617e-07
-4.3211603948333215e-07
-4.3456753598842277e-07
-4.4050664792070907e-07
-4.427259149355502e-07
-4.490462468024711e-07
-4.515427051422728e-07
-4.5752383883530465e-07
-4.6047858059060885e-07
-4.660865495115544e-07
-4.6968871983139437e-07
-4.74964275822584e-07
-4.790357798015459e-07
-4.840851465524919e-07
-4.884795098498897e-07
-4.934359737250782e-07
-4.98039749723889e-07
-5.030336801019458e-07
-5.077703033899629e-07
-5.128214904835154e-07
-5.176678406205655e-07
-5.22798345053788e-07
-5.27765179189379e-07
-5.329678646802819e-07
-5.380606783459645e-07
-5.433299006463971e-07
-5.485537407361924e-07
-5.538933440056153e-07
-5.592483207769889e-07
-5.646703762338065e-07
-5.701469047728783e-07
-5.756609675181316e-07
-5.812518151882489e-07
-5.868700632632415e-07
-5.925706197032189e-07
-5.983001497714177e-07
-6.04108635180844e-07
-6.099532898029385e-07
-6.15871226925923e-07
-6.218329823217024e-07
-6.278636673611587e-07
-6.339436369692288e-07
-6.400902009813352e-07
-6.46289461018394e-07
-6.525551023514207e-07
-6.588755420843147e-07
-6.652628872869798e-07
-6.717067365632004e-07
-6.782180787660332e-07
-6.847878398362657e-07
-6.914254545844697e-07
-6.981237320591435e-07
-7.048900254044222e-07
-7.117193386229834e-07
-7.186168302969389e-07
-7.25579633169889e-07
-7.326110217395314e-07
-7.397097726499768e-07
-7.468778208678979e-07
-7.541150139861279e-07
-7.614225129920699e-07
-7.688007321352642e-07
-7.76250485450599e-07
-7.837724179048881e-07
-7.913672367442556e-07
-7.990356567559126e-07
-8.067783740835091e-07
-8.145961314459877e-07
-8.224896265073478e-07
-8.304596345331833e-07
-8.385068401415332e-07
-8.46632064963145e-07
-8.548359752549514e-07
-8.631194369783553e-07
-8.714831073808945e-07
-8.799278829287792e-07
-8.884544292728528e-07
-8.97063654941156e-07
-9.057562529399287e-07
-9.145331294002439e-07
-9.233950145801865e-07
-9.323428056898513e-07
-9.413772735835524e-07
-9.50499308798947e-07
-9.597097194061037e-07
-9.690093940748976e-07
-9.783991720741414e-07
-9.87879946844864e-07
-9.974525836807416e-07
-1.0071179861422582e-06
-1.0168770421998836e-06
-1.0267306686683646e-06
-1.036679773982216e-06
-1.0467252900610183e-06
-1.0568681454276008e-06
-1.067109288008434e-06
-1.0774496664977661e-06
-1.0878902453219982e-06
-1.0984319934957123e-06
-1.1090758926177169e-06
-1.1198229318090148e-06
-1.130674110625784e-06
-1.1416304384029741e-06
-1.1526929336955086e-06
-1.1638626258698667e-06
-1.1751405528537674e-06
-1.1865277642901409e-06
-1.1980253184284495e-06
-1.2096342852392487e-06
-1.2213557436175954e-06
-1.2331907842259892e-06
-1.2451405070802333e-06
-1.2572060238608997e-06
-1.2693884563708341e-06
-1.281688937911172e-06
-1.2941086120485997e-06
-1.3066486340103985e-06
-1.319310169684701e-06
-1.332094396712391e-06
-1.3450025038955638e-06
-1.358035691885343e-06
-1.3711951725471921e-06
-1.3844821697738333e-06
-1.3978979191065681e-06
-1.4114436681250697e-06
-1.4251206765221003e-06
-1.4389302163071183e-06
-1.452873571788758e-06
-1.4669520395863694e-06
-1.481166928919914e-06
-1.4955195616484364e-06
-1.5100112725609867e-06
-1.5246434093617398e-06
-1.539417332835336e-06
-1.5543344169316388e-06
-1.5693960488859929e-06
-1.5846036293037583e-06
-1.5999585724640495e-06
-1.6154623062876027e-06
-1.6311162725832348e-06
-1.6469219271511614e-06
-1.6628807398054533e-06
-1.6789941947018992e-06
-1.6952637903328016e-06
-1.7116910398032315e-06
-1.7282774707099227e-06
-1.745024625562529e-06
-1.7619340617439387e-06
-1.7790073517922006e-06
-1.7962460834321497e-06
-1.8136518599013753e-06
-1.8312262996908902e-06
-1.848971037408725e-06
-1.866887723037114e-06
-1.8849780228022417e-06
-1.9032436190864234e-06
-1.921686210549752e-06
-1.9403075124564424e-06
-1.959109256302843e-06
-1.9780931906961813e-06
-1.9972610809694535e-06
-2.0166147097137703e-06
-2.0361558767059305e-06
-2.055886399216552e-06
-2.075808112168582e-06
-2.095922868174593e-06
-2.1162325378871373e-06
-2.1367390100816668e-06
-2.1574441918362263e-06
-2.178350008502465e-06
-2.1994584042802842e-06
-2.2207713422236434e-06
-2.242290804250753e-06
-2.2640187917084007e-06
-2.285957325159015e-06
-2.308108444912249e-06
-2.330474210894551e-06
-2.3530567029497046e-06
-2.3758580212549472e-06
-2.398880286275107e-06
-2.42212563901327e-06
-2.4455962412493065e-06
-2.4692942756027528e-06
-2.4932219458884304e-06
-2.5173814772547903e-06
-2.5417751165213165e-06
-2.566405132291283e-06
-2.591273815015071e-06
-2.6163834773634196e-06
-2.641736454412106e-06
-2.6673351039632753e-06
-2.6931818066407154e-06
-2.7192789660672456e-06
-2.745629009200698e-06
-2.7722343864540998e-06
-2.799097572033296e-06
-2.826221064098928e-06
-2.853607385113811e-06
-2.881259081835455e-06
-2.909178725826533e-06
-2.9373689135650093e-06
-2.9658322666841277e-06
-2.994571432057792e-06
-3.0235890823917004e-06
-3.0528879161901418e-06
-3.0824706581406708e-06
-3.1123400594406693e-06
-3.1424988977522437e-06
-3.1729499777352187e-06
-3.203696131217303e-06
-3.2347402176370393e-06
-3.2660851238987395e-06
-3.297733764852568e-06
-3.32968908381084e-06
-3.3619540524678433e-06
-3.394531671380548e-06
-3.4274249702309547e-06
-3.4606370079275778e-06
-3.494170873109164e-06
-3.5280296842634675e-06
-3.5622165901448848e-06
-3.596734770004915e-06
-3.6315874339470596e-06
-3.666777823203038e-06
-3.7023092102733387e-06
-3.7381848995392123e-06
-3.7744082272397807e-06
-3.8109825620659767e-06
-3.847911305194466e-06
-3.885197891028563e-06
-3.922845787013296e-06
-3.96085849432154e-06
-3.9992395479623855e-06
-4.037992517282041e-06
-4.077121006137302e-06
-4.1166286533205615e-06
-4.1565191330004275e-06
-4.196796154706112e-06
-4.237463464250302e-06
-4.278524843396366e-06
-4.31998411082725e-06
-4.361845122048821e-06
-4.404111770103325e-06
-4.44678798546482e-06
-4.489877737087864e-06
-4.533385031952209e-06
-4.577313916385474e-06
-4.621668474997912e-06
-4.666452833379368e-06
-4.711671155791224e-06
-4.7573276474359655e-06
-4.80342655435255e-06
-4.849972163447204e-06
-4.896968803791966e-06
-4.944420845305326e-06
-4.992332701350731e-06
-5.040708827322026e-06
-5.089553722030255e-06
-5.138871927951082e-06
-5.188668031407581e-06
-5.238946663212087e-06
-5.289712499241799e-06
-5.340970260427937e-06
-5.392724713855338e-06
-5.444980672366945e-06
-5.497742995398528e-06
-5.551016589780888e-06
-5.6048064097149195e-06
-5.659117457554189e-06
-5.7139547841406025e-06
-5.7693234890422804e-06
-5.825228721456914e-06
-5.881675680245594e-06
-5.938669614770299e-06
-5.996215825359295e-06
-6.054319663533728e-06
-6.112986532860244e-06
-6.1722218891375785e-06
-6.232031241038677e-06
-6.292420150639594e-06
-6.353394233806148e-06
-6.414959161003928e-06
-6.4771206575603446e-06
-6.539884504351204e-06
-6.603256538065467e-06
-6.667242652128055e-06
-6.731848796975631e-06
-6.797080980903159e-06
-6.862945270233131e-06
-6.929447790117704e-06
-6.996594724995161e-06
-7.06439231932984e-06
-7.132846878101038e-06
-7.201964767309527e-06
-7.2717524146961865e-06
-7.3422163102757065e-06
-7.413363007004181e-06
-7.485199121241848e-06
-7.557731333495549e-06
-7.630966389048435e-06
-7.704911098463038e-06
-7.779572338339341e-06
-7.854957051960099e-06
-7.931072249833804e-06
-8.007925010364292e-06
-8.085522480676469e-06
-8.163871877053894e-06
-8.242980485748466e-06
-8.322855663501702e-06
-8.403504838423378e-06
-8.48493551072315e-06
-8.56715525308525e-06
-8.650171711767005e-06
-8.733992606917151e-06
-8.818625733614943e-06
-8.904078962446074e-06
-8.990360240275646e-06
-9.077477590946684e-06
-9.165439116144702e-06
-9.254252996013235e-06
-9.343927489866358e-06
-9.434470937186063e-06
-9.525891758112044e-06
-9.61819845455951e-06
-9.711399610704257e-06
-9.805503893901856e-06
-9.90052005553604e-06
-9.996456931861208e-06
-1.009332344458695e-05
-1.0191128602053158e-05
-1.0289881499705176e-05
-1.0389591321258748e-05
-1.0490267339428525e-05
-1.059191891666228e-05
-1.069455550631879e-05
-1.0798186653274665e-05
-1.0902821994783138e-05
-1.1008471261599907e-05
-1.1115144278768031e-05
-1.1222850966606285e-05
-1.133160134113523e-05
-1.1441405516044627e-05
-1.1552273702501812e-05
-1.1664216211461484e-05
-1.1777243452495935e-05
-1.1891365937178114e-05
-1.200659427842525e-05
-1.212293919204471e-05
-1.224041149786644e-05
-1.2359022119981609e-05
-1.2478782089289501e-05
-1.2599702542586029e-05
-1.2721794725244207e-05
-1.284506999153041e-05
-1.2969539805582331e-05
-1.3095215742573406e-05
-1.3222109490202295e-05
-1.3350232848897579e-05
-1.3479597733768356e-05
-1.3610216175159208e-05
-1.3742100320361032e-05
-1.3875262434204574e-05
-1.4009714900240292e-05
-1.414547022210032e-05
-1.4282541024374291e-05
-1.4420940054198019e-05
-1.456068018245197e-05
-1.4701774404322888e-05
-1.4844235841201137e-05
-1.4988077741424368e-05
-1.513331348181133e-05
-1.5279956568741955e-05
-1.542802063955978e-05
-1.5577519463769434e-05
-1.5728466944166068e-05
-1.588087711845514e-05
-1.6034764160244904e-05
-1.619014238043944e-05
-1.6347026228758854e-05
-1.650543029484868e-05
-1.6665369309694443e-05
-1.682685814709614e-05
-1.6989911825082093e-05
-1.7154545506975195e-05
-1.7320774503138845e-05
-1.7488614272372733e-05
-1.765808042313309e-05
-1.7829188715132573e-05
-1.8001955060921535e-05
-1.8176395527228005e-05
-1.8352526336421702e-05
-1.853036386811299e-05
-1.8709924660542023e-05
-1.8891225412231137e-05
-1.9074282983444187e-05
-1.9259114397973177e-05
-1.944573684452603e-05
-1.9634167678397245e-05
-1.982442442303729e-05
-2.0016524771568898e-05
-2.021048658875247e-05
-2.040632791229963e-05
-2.060406695485912e-05
-2.080372210541714e-05
-2.1005311931312966e-05
-2.1208855179645405e-05
-2.141437077925174e-05
-2.162187784239246e-05
-2.1831395666529368e-05
-2.2042943736097845e-05
-2.2256541724292823e-05
-2.247220949510014e-05
-2.2689967104797773e-05
-2.290983480416974e-05
-2.3131833040141065e-05
-2.3355982457825782e-05
-2.358230390228557e-05
-2.3810818420682547e-05
-2.4041547264050194e-05
-2.427451188939905e-05
-2.4509733961633473e-05
-2.4747235355707293e-05
-2.4987038158315317e-05
-2.5229164670333642e-05
-2.5473637408746314e-05
-2.5720479108696907e-05
-2.5969712725553687e-05
-2.6221361437172934e-05
-2.64754486461681e-05
-2.6731997981621766e-05
-2.699103330180638e-05
-2.7252578696265566e-05
-2.7516658487749136e-05
-2.7783297234693864e-05
-2.805251973370072e-05
-2.8324351021528503e-05
-2.859881637732036e-05
-2.8875941325567228e-05
-2.9155751637954244e-05
-2.9438273336119972e-05
-2.972353269328201e-05
-3.0011556237797936e-05
-3.0302370754787828e-05
-3.0596003289047775e-05
-3.0892481147426156e-05
-3.119183190126644e-05
-3.149408338934661e-05
-3.1799263719785266e-05
-3.210740127335197e-05
-3.241852470590267e-05
-3.273266295083881e-05
-3.304984522188223e-05
-3.337010101602553e-05
-3.369346011587981e-05
-3.40199525926928e-05
-3.434960880911839e-05
-3.468245942226582e-05
-3.501853538605314e-05
-3.5357867954351776e-05
-3.570048868386932e-05
-3.604642943717763e-05
-3.639572238557729e-05
-3.674840001222898e-05
-3.7104495114963245e-05
-3.746404080934434e-05
-3.782707053190499e-05
-3.819361804308106e-05
-3.856371743063969e-05
-3.893740311250045e-05
-3.93147098403018e-05
-3.9695672702189734e-05
-4.008032712640995e-05
-4.046870888450965e-05
-4.086085409462576e-05
-4.125679922500379e-05
-4.165658109713629e-05
-4.206023688948222e-05
-4.2467804140477214e-05
-4.287932075270988e-05
-4.329482499561586e-05
-4.3714355509887854e-05
-4.4137951310145e-05
-4.4565651789678495e-05
-4.499749672287422e-05
-4.5433526270068265e-05
-4.587378098027664e-05
-4.631830179591687e-05
-4.6767130055875e-05
-4.722030749964613e-05
-4.7677876271229064e-05
-4.813987892272583e-05
-4.860635841915978e-05
-4.907735814112257e-05
-4.955292189051967e-05
-5.003309389253752e-05
-5.0517918802295725e-05
-5.1007441705784085e-05
-5.150170812840278e-05
-5.200076403353302e-05
-5.2504655833659174e-05
-5.3013430386781636e-05
-5.352713500941125e-05
-5.404581747233761e-05
-5.456952601289532e-05
-5.509830933292544e-05
-5.563221660837215e-05
-5.617129749047137e-05
-5.671560211115164e-05
-5.726518109164125e-05
-5.782008553516406e-05
-5.838036705569261e-05
-5.894607774328527e-05
-5.9517270225184385e-05
-6.009399759852429e-05
-6.0676313520902504e-05
-6.126427212156254e-05
-6.185792810158556e-05
-6.245733664962222e-05
-6.306255352422007e-05
-6.367363499712366e-05
-6.429063790234341e-05
-6.491361961862973e-05
-6.554263807266559e-05
-6.617775178003043e-05
-6.681901977203625e-05
-6.746650173484212e-05
-6.812025781437127e-05
-6.878034889644357e-05
-6.944683625821347e-05
-7.011978200422022e-05
-7.079924857720087e-05
-7.148529931116527e-05
-7.21779978597587e-05
-7.287740878354911e-05
-7.35835970029744e-05
-7.429662829120827e-05
-7.501656889087125e-05
-7.574348577891771e-05
-7.647744657349759e-05
-7.721851946381436e-05
-7.79667734799575e-05
-7.872227805252372e-05
-7.948510363972084e-05
-8.025532094775269e-05
-8.103300187690722e-05
-8.181821844358132e-05
-8.261104400473386e-05
-8.341155193197756e-05
-8.421981703700946e-05
-8.503591412380206e-05
-8.585991942237263e-05
-8.669190928189919e-05
-8.753196127992378e-05
-8.838015343902916e-05
-8.923656461347395e-05
-9.01012746208214e-05
-9.097436351975842e-05
-9.185591307912409e-05
-9.274600441205004e-05
-9.364472156639641e-05
-9.455214626042296e-05
-9.546836559750282e-05
-9.639346093892175e-05
-9.732752324175897e-05
-9.82706337962489e-05
-9.922288565792931e-05
-0.00010018436233780897
-0.0001011551584418463
-0.0001021353583605584
-0.00010312505999957727
-0.00010412434903126584
-0.00010513332318820394
-0.000106152076128577
-0.00010718069390004077
-0.00010821929074189161
-0.00010926793255287815
-0.00011032675817054566
-0.0001113958164777554
-0.00011247526396191028
-0.00011356514402919204
-0.00011466561293800288
-0.00011577672161814181
-0.00011689861823589147
-0.00011803136345783576
-0.00011917510021642566
-0.00012032990477428866
-0.00012149590709300344
-0.00012267321366726531
-0.00012386191532728962
-0.00012506216912654665
-0.00012627400559243445
-0.00012749764965155663
-0.0001287330641305416
-0.00012998054914912567
-0.00013124000783006442
-0.0001325117968385592
-0.0001337957861057273
-0.00013509234633213578
-0.00013640135649132487
-0.0001377231530387313
-0.00013905767802379357
-0.00014040519019662225
-0.0001417657271998525
-0.0001431394616072723
-0.00014452651177011648
-0.00014592699117963457
-0.0001473410697586697
-0.00014876881899233768
-0.00015021045290909284
-0.0001516659976924658
-0.00015313571729433156
-0.00015461959838522878
-0.00015611794147482854
-0.00015763072570750144
-0.00015915822689790748
-0.00016070051343518478
-0.00016225771466531246
-0.0001638300984323834
-0.00016541754037143212
-0.00016702064155250723
-0.00016863884614211518
-0.00017027337014228968
-0.00017192275833271392
-0.0001735896749876576
-0.00017527019428646901
-0.00017697135995309397
-0.00017868173617844024
-0.00018041697244792262
-0.00018216062549545383
-0.00018392691013163157
-0.00018570263509997244
-0.00018750737630308153
-0.00018931657135417982
-0.0001911619988855662
-0.00019300716174504632
-0.000194884112194464
-0.00019677154190415283
-0.00019866700260004217
-0.0002006006769926277
-0.00020251957190043387
-0.0002045058694623075
-0.0002064604209954194
-0.00020849385781152724
-0.00021049296974578015
-0.00021255796954786944
-0.00021459129307130754
-0.0002166910103258632
-0.00021876123022791083
-0.0002209026773847164
-0.00022302358563424188
-0.00022520533426528366
-0.00022738373475742965
-0.0002295976957856795
-0.0002318326142220048
-0.0002340678010710808
-0.0002363668866016749
-0.0002386231034416219
-0.00024099279455261184
-0.00024328171310613174
-0.00024571009024027066
-0.0002480392885719734
-0.00025051448960210394
-0.00025289838706328387
-0.000255394411205138
-0.00025784241359178136
-0.0002603570099235092
-0.0002628606785736176
-0.0002654225759110909
-0.00026796323224486117
-0.0002705884644902029
-0.0002731625111913373
-0.00027585465078661803
-0.0002784674550206003
-0.0002812302043014303
-0.00028388433539297347
-0.00028672242898897856
-0.0002894333935106689
-0.00029236806838280147
-0.00029508869273311565
-0.00029814751111578415
-0.0003008551246845856
-0.00030405582759062376
-0.0003067048338829363
-0.00031012946565689425
-0.0003126011677497104
-0.0003164489587616662
-0.00031840110051982754
-0.0003234359574804946
-0.0003229893399095962
-0.0003342799812519927
-0.00031405670806257044
-0.00031987567462124847
-0.00031255476539282685
-0.00032200205711475915
-0.0003113806507206631
-0.00034758566637724773
-0.0003251634535095388
-0.000375246251569164
-0.00034415134648271145
-0.00037405398068972046
-0.0003623907433951542
-0.0003680002991518917
-0.00039238400385640734
-0.00037718620868570224
-0.0004218363727641998
-0.00039288239682841583
-0.0004221205057148925
-0.000408965618063516
-0.0004192286994947284
-0.00039568643407479577
-0.0004083932662791996
-0.0004028643877808113
-0.0003988488285910927
-0.0004079157658583672
-0.0003988177483197565
-0.000399968698619882
-0.0004007852754855934
-0.00040711420726779503
-0.0004017035313317397
-0.00043498466815622037
-0.00041921674721179746
-0.00045906116069552034
-0.00046033293277267
-0.0004989842819879274
-0.0004879583826795154
-0.0005234377267082689
-0.0005357527161388318
-0.000537178396090959
-0.0005695827836109944
-0.000560841011140734
-0.0005768015965570607
-0.0005777930245214972
-0.0005724649274777736
-0.00058273281681587
-0.0005703303327151486
-0.0005804511787313922
-0.0005805838845860105
-0.0005790729086514214
-0.0006118300533550121
-0.0005946278767422148
-0.0006417778841822444
-0.0006290370015714017
-0.0006766147064027617
-0.0006496360562676246
-0.0006871256304739823
-0.0006625409181578584
-0.0007076325519613999
-0.0007282450346133562
-0.0007630722285114216
-0.000806389384454563
-0.0008478447112520715
