-8.06972408294678
-5.42401552200317
-2.69417858123779
0.723092138767242
1.91375350952148
1.28902840614319
-3.51503825187683
-2.08104157447815
-1.10948610305786
1.64576518535614
2.18541359901428
2.12819719314575
-0.670780420303345
-0.738332748413086
-0.735627233982086
0.286833435297012
-1.55409288406372
1.06260514259338
-1.06729280948639
-1.01342952251434
-1.46952545642853
0.136052221059799
-2.919429063797
-0.619810163974762
-2.46821188926697
-2.06007719039917
-3.07150721549988
-0.984928965568542
-5.6094970703125
-1.57166349887848
-2.24125480651855
1.30397272109985
-0.0936816781759262
2.15481162071228
-0.803084015846252
0.421673119068146
-0.807440102100372
0.0701720267534256
-1.33613669872284
12.5484237670898
3.92374277114868
6.4658031463623
1.08665692806244
4.7836766242981
-1.20885539054871
8.45126342773438
0.75446355342865
9.95610237121582
-6.4006872177124
22.8995895385742
-18.3679981231689
39.7885704040527
-31.1105899810791
59.6403923034668
-46.9062423706055
86.1111602783203
-90.642578125
284.380493164062
2918.44140625
3140.59399414062
3265.89990234375
3013.75024414062
506.225708007812
-2191.23461914062
-3377.43774414062
-3635.82421875
-2443.43334960938
396.690063476562
460.065277099609
-590.576171875
-13.6597118377686
637.951049804688
417.969268798828
1057.31469726562
1463.71276855469
571.123657226562
368.947937011719
545.210815429688
-278.948089599609
-734.969421386719
-328.648406982422
-604.255615234375
-856.422180175781
-362.075408935547
-306.547882080078
-96.6819000244141
745.722595214844
619.660034179688
55.3491859436035
339.318023681641
243.874954223633
-233.169189453125
-157.541687011719
50.3273391723633
-121.136077880859
-110.281837463379
103.657585144043
-23.4304656982422
-109.067520141602
-11.9520454406738
-70.7460632324219
-10.8843059539795
95.8659973144531
-70.7737731933594
-131.760894775391
52.2879981994629
21.8807983398438
-90.8285827636719
-4.03676414489746
37.4436340332031
-18.1588668823242
16.9104995727539
13.4838409423828
-33.4335060119629
-4.46152639389038
-2.48994946479797
-63.305347442627
-58.8996162414551
-46.7417488098145
-45.6753730773926
30.8701000213623
109.250679016113
112.901237487793
116.777557373047
129.024398803711
81.1948013305664
3.14835119247437
-29.13623046875
-45.4646186828613
-61.8889083862305
-77.5908126831055
-78.0765380859375
-50.6228408813477
-2.81631565093994
32.7636375427246
54.1052322387695
71.5219955444336
64.4626693725586
16.1549549102783
-10.8115434646606
-4.31888294219971
9.59004688262939
23.4234485626221
10.2309532165527
-18.1397399902344
-29.2267932891846
-42.696159362793
-29.961051940918
-4.63695955276489
-5.56950712203979
8.80027198791504
7.10324430465698
11.3277797698975
27.3233470916748
11.4712657928467
22.3298206329346
14.1136455535889
-17.9824562072754
-10.8462724685669
-10.2408838272095
-10.6144514083862
4.3696117401123
12.5245704650879
1.29179096221924
-5.70624971389771
7.01803684234619
4.22186374664307
12.4069080352783
13.8451995849609
6.28513383865356
8.81636142730713
-4.24581480026245
-7.43409395217896
-13.5141382217407
-2.44018769264221
-4.43837261199951
-18.4339027404785
-5.78451776504517
1.63050055503845
2.59348082542419
12.5221996307373
18.9200954437256
11.7054843902588
-0.279914736747742
-3.17132949829102
-5.97806119918823
0.320720076560974
-1.27336871623993
-3.60747075080872
-0.277811646461487
-4.82432174682617
-15.1517353057861
-19.4230403900146
-23.7484226226807
-27.1331081390381
-35.9485054016113
-44.0959701538086
-31.4738807678223
-13.4432048797607
2.65914559364319
22.6001319885254
49.5106353759766
65.3263168334961
44.2224998474121
24.771146774292
16.2939872741699
-8.49663543701172
-27.1288566589355
-34.5514717102051
-45.8250198364258
-44.1147384643555
-32.6072158813477
-28.1620464324951
-17.5310935974121
1.30634140968323
10.6538648605347
16.0537376403809
23.2391510009766
21.5746059417725
11.0971994400024
17.7864551544189
25.2614269256592
9.8839282989502
4.81272077560425
1.12009143829346
-12.543309211731
-15.6536674499512
-7.82944440841675
1.36784815788269
4.56204080581665
1.37366318702698
-10.961688041687
-25.137544631958
-25.1858425140381
-18.2920837402344
-6.87026405334473
11.8553552627563
23.6132621765137
23.1392383575439
24.502326965332
26.8367938995361
16.2273502349854
16.0956020355225
18.2602577209473
15.0173645019531
18.683801651001
16.9884490966797
0.63252580165863
-13.4058904647827
-23.3641586303711
-32.8994064331055
-18.8603210449219
-9.53993034362793
-8.94092082977295
8.47688293457031
22.7820243835449
22.8877506256104
18.4495620727539
15.3154163360596
15.4562501907349
5.04966735839844
-5.34421539306641
-4.4719386100769
-7.20062923431396
-14.6190748214722
-12.2448997497559
-20.029764175415
-22.5208263397217
-13.841775894165
3.93084454536438
12.9614934921265
14.1203031539917
20.8455905914307
28.9302043914795
19.4318237304688
-6.61442184448242
2.86297273635864
0.504734396934509
-18.0522689819336
-16.0453853607178
-22.0188522338867
0.0349035710096359
3.72720694541931
-17.8250007629395
1.8002872467041
20.5197467803955
7.90764141082764
0.600348472595215
14.2017002105713
22.4865550994873
2.06812500953674
-5.48927879333496
-0.741801023483276
-13.1964569091797
-17.1809406280518
-32.4447898864746
-22.6711139678955
-3.54605650901794
0.199541062116623
-4.14507007598877
-1.73501014709473
16.7062435150146
-4.19243049621582
11.0831651687622
13.5488815307617
-2.22577524185181
-0.200414657592773
-13.2518978118896
5.92342805862427
-19.1763114929199
-13.4744157791138
2.36377620697021
-14.7724723815918
2.19211292266846
-8.95794486999512
7.64137983322144
62.6226921081543
103.266128540039
3.26629376411438
3.52175045013428
-10.002368927002
-161.520034790039
-99.0703048706055
-125.44197845459
-83.7295608520508
99.8677444458008
68.9133148193359
26.3190422058105
84.3364181518555
69.9636535644531
-14.4556665420532
-12.5147161483765
10.3198728561401
1.83488857746124
-9.80635452270508
-22.3131427764893
-29.8696155548096
-33.506706237793
-25.8117179870605
-18.2214412689209
-21.2254867553711
34.2081336975098
26.449577331543
-12.446907043457
74.8889846801758
-0.144541144371033
-49.5282707214355
-17.3540859222412
-60.6764068603516
-25.4913940429688
36.6573905944824
57.2796363830566
66.7915954589844
75.855598449707
28.0541210174561
-29.045015335083
29.0726337432861
30.4458389282227
-46.9222183227539
-7.92211961746216
41.3657913208008
36.2106170654297
28.0492153167725
34.783390045166
32.9503135681152
4.03339910507202
-37.6481819152832
-81.3307418823242
-34.6350708007812
62.458065032959
44.7280197143555
-20.7647399902344
-34.2635803222656
-16.7988090515137
-19.0767612457275
-17.4753398895264
-11.4635744094849
-38.0891075134277
8.78688621520996
53.7741394042969
29.2742328643799
7.19916772842407
15.8512401580811
2.20807647705078
-28.3294506072998
-39.5458869934082
-64.9599838256836
-36.6380348205566
6.32717037200928
17.0347652435303
-5.25576829910278
-14.6224365234375
14.3450927734375
6.08143520355225
3.68668794631958
19.0891304016113
11.3084144592285
16.206148147583
11.221586227417
-19.9308776855469
-34.4202156066895
-16.2633724212646
2.94507169723511
9.20555591583252
20.7597103118896
17.1210670471191
1.78114914894104
-3.42353558540344
-9.91274070739746
-12.7778978347778
-3.34473013877869
5.15029859542847
-8.85946369171143
-24.5116729736328
-26.0323791503906
-16.325963973999
-8.26557540893555
-6.80042886734009
-8.04215145111084
-11.5999698638916
-7.99056768417358
-2.60079169273376
2.26250576972961
14.0625438690186
15.6136713027954
12.4355897903442
12.7168779373169
3.40486574172974
-8.2807502746582
-8.15761756896973
-1.50736939907074
1.57333159446716
3.00738883018494
2.06334805488586
0.207049816846848
1.28845953941345
2.20773768424988
2.6470205783844
2.74019408226013
6.8355016708374
8.11331748962402
3.97123622894287
5.13959789276123
9.32220649719238
9.38292121887207
11.4117813110352
13.0378341674805
9.04163265228271
1.79096269607544
-5.38161182403564
-5.91410541534424
-0.412279397249222
3.6297402381897
2.68327713012695
0.388458460569382
-2.8731517791748
0.263225257396698
7.61196041107178
12.9662580490112
13.5793695449829
7.83546543121338
2.75349092483521
1.76173853874207
-1.07880234718323
-5.98588228225708
-6.42378377914429
-4.90058326721191
-5.79915761947632
-4.23319387435913
0.286831617355347
-0.356728941202164
-3.01227021217346
-4.11110734939575
-4.15201854705811
-3.7189519405365
3.79169392585754
7.49816846847534
8.54939746856689
7.12069749832153
3.10203385353088
5.29765605926514
8.15196514129639
4.21379661560059
-0.227890893816948
1.21343719959259
0.764408051967621
-3.46784400939941
-3.927006483078
-6.76324415206909
-6.02321910858154
-0.976821720600128
-1.46462070941925
-6.13493967056274
-5.46496725082397
-0.727443277835846
4.84681367874146
6.00442171096802
3.18581581115723
-1.22879481315613
-4.7083888053894
-9.364670753479
-11.700306892395
-6.87919044494629
2.30129361152649
3.66883778572083
-2.57943153381348
-8.68480968475342
-6.27026700973511
-1.18668973445892
2.54036164283752
1.17211389541626
-4.11269426345825
3.07987475395203
2.98850870132446
-2.59463024139404
-1.54321777820587
-2.48199558258057
0.139734953641891
-3.04345393180847
2.1607825756073
-1.67844843864441
0.141545951366425
-3.24352955818176
-0.0474355630576611
-2.35240721702576
0.576259553432465
-1.06110310554504
0.530744671821594
-3.19445109367371
1.0232640504837
-3.5008556842804
-0.517673194408417
-4.45448637008667
-0.169951379299164
-7.17951774597168
-2.48863625526428
-7.58575916290283
-3.83747124671936
-8.07535552978516
-2.65399813652039
-10.0456924438477
-2.34649515151978
-7.28939342498779
-0.239024475216866
-6.69784021377563
0.595725476741791
-6.02460956573486
-1.74299216270447
-7.26354169845581
-1.78071856498718
-13.4613962173462
9.60256862640381
-7.00076389312744
4.79282569885254
-10.3816766738892
4.89766883850098
-14.603645324707
5.8699688911438
-16.2407150268555
10.0472946166992
-26.5186233520508
30.4384708404541
-46.4952774047852
61.4251976013184
-79.5760955810547
101.346801757812
-117.04248046875
145.457992553711
-168.417999267578
264.225860595703
3006.9267578125
2829.46801757812
3480.61572265625
2803.17236328125
972.555236816406
-2230.20654296875
-3030.90014648438
-2876.14770507812
-2721.4658203125
-104.835807800293
-314.273529052734
-724.401306152344
147.058166503906
1445.25427246094
810.117431640625
848.866088867188
1700.89135742188
532.521362304688
74.897705078125
342.253173828125
-311.170135498047
-805.933776855469
-343.375061035156
-596.135803222656
-1090.18762207031
-364.435760498047
-139.240615844727
-88.1979598999023
803.431823730469
927.710693359375
280.607482910156
380.883026123047
411.797210693359
-128.661560058594
-380.086669921875
-110.56672668457
-167.43620300293
-291.599609375
-11.349193572998
-18.8251647949219
-109.861190795898
0.0265993271023035
-64.3606414794922
-94.4959487915039
88.4630126953125
47.8805618286133
-141.824813842773
10.3719635009766
114.914520263672
-2.27145886421204
-15.0276184082031
29.7608261108398
-24.5127582550049
-3.76313233375549
-23.0893001556396
-53.5410308837891
-41.3163795471191
-15.1981248855591
-42.909854888916
-75.6758422851562
-47.9009246826172
-23.7834873199463
45.7508087158203
112.92359161377
137.752059936523
139.664199829102
139.77067565918
131.316619873047
38.9677810668945
-25.4760723114014
-74.5242385864258
-100.440383911133
-99.3311614990234
-101.40616607666
-92.2898483276367
-49.3523979187012
19.1968383789062
65.7796173095703
76.8362808227539
52.1119728088379
27.0920352935791
6.04738712310791
-3.15977883338928
20.5801563262939
13.7677316665649
16.1747016906738
14.232855796814
4.54466009140015
-6.76236248016357
7.68186140060425
1.89730799198151
-5.87065172195435
4.73496770858765
-29.5818271636963
-16.3409156799316
-10.1556367874146
-31.0909786224365
-3.2129533290863
-14.6014404296875
-25.5606822967529
-2.74796748161316
10.3336839675903
18.6828556060791
44.8979072570801
57.2740211486816
31.5696907043457
26.2620162963867
8.19493007659912
-13.1511878967285
-15.9130115509033
-24.3107509613037
-14.5453090667725
-23.7174949645996
-17.3564510345459
-10.7799081802368
-6.40363264083862
15.9944496154785
8.66202068328857
3.20535731315613
7.34232378005981
17.3935012817383
6.76591825485229
14.7334928512573
18.5009326934814
-0.215218484401703
-8.72078037261963
-15.0123949050903
-17.263298034668
-2.58819580078125
-3.07867193222046
-8.51646327972412
-7.77229070663452
-9.45697498321533
-9.68142414093018
-13.3455286026001
-15.6763305664062
-19.6510753631592
-32.79931640625
-43.2461166381836
-35.8825950622559
-12.1483469009399
4.96358203887939
15.7506408691406
39.6409072875977
61.687141418457
43.0620307922363
26.9760894775391
19.3752822875977
-5.52464151382446
-24.8021106719971
-30.0057277679443
-39.462890625
-37.5094413757324
-24.7318363189697
-21.8351879119873
-14.5574502944946
3.84858441352844
15.1557216644287
10.8749723434448
14.8565120697021
21.8775272369385
7.8017635345459
13.3753547668457
19.7086143493652
0.815323233604431
-8.34197235107422
-10.5716009140015
-16.9757175445557
-19.7141075134277
-4.3216872215271
11.2016019821167
15.1425399780273
10.6086454391479
5.24292898178101
-15.5904169082642
-24.3012809753418
-20.2488803863525
-16.829475402832
1.91724419593811
21.8133087158203
18.2118854522705
20.0624256134033
22.4992694854736
10.2056198120117
15.8429336547852
16.7257804870605
15.7891683578491
22.8343620300293
17.4246864318848
8.27011394500732
-5.5098123550415
-13.7087316513062
-21.7153167724609
-14.8754787445068
-18.711612701416
-12.0417079925537
7.58280420303345
1.24496209621429
7.94811582565308
14.8158674240112
22.9042129516602
25.8548622131348
9.68947982788086
4.88770914077759
3.79807877540588
-6.24141025543213
-8.03153991699219
-11.1526718139648
-23.050220489502
-13.8718566894531
-8.75752925872803
-4.6656436920166
8.22410106658936
15.3388900756836
21.2997646331787
12.53000831604
6.60733938217163
21.4508838653564
-5.59461688995361
-18.7607917785645
-0.247641354799271
-20.0950489044189
-26.3188209533691
-16.8932590484619
-17.4622344970703
-2.02254796028137
7.36993169784546
9.06511306762695
1.64135348796844
9.40348243713379
20.9529991149902
6.10002660751343
7.33447313308716
8.11110782623291
-19.4409790039062
-21.3396301269531
-2.83627414703369
-13.4315242767334
-34.112060546875
-1.39158189296722
13.8187446594238
15.6471033096313
22.9552822113037
-4.13767051696777
11.1275024414062
4.61581993103027
6.33886480331421
-9.77904987335205
-30.3203353881836
-8.94546794891357
-12.089542388916
1.36273670196533
-7.94700050354004
-3.62290859222412
1.45032107830048
2.38990378379822
16.9662094116211
1.00966596603394
106.260650634766
59.1350479125977
-20.2553977966309
39.2005233764648
-129.47639465332
-150.27473449707
-91.3969192504883
-120.323501586914
-2.60683631896973
108.87882232666
45.3220520019531
44.1440696716309
127.805305480957
35.4762725830078
-26.3481616973877
-20.4050598144531
-7.29065942764282
-7.9113712310791
-38.4827079772949
-30.3266716003418
-42.4231567382812
-6.3407096862793
0.22303718328476
-9.64151382446289
-4.64968681335449
63.8589324951172
20.0429191589355
-11.5363273620605
90.4296951293945
-53.155330657959
-39.8411712646484
-41.7915534973145
-87.0546188354492
10.3835792541504
37.0054626464844
62.8870124816895
97.3274688720703
102.488983154297
-1.74999594688416
-15.58629322052
19.6757373809814
-14.0576581954956
-39.7672958374023
9.9434175491333
45.8761787414551
19.1030960083008
24.4710826873779
32.2411994934082
25.1536674499512
-10.6124048233032
-46.0685119628906
-69.9746322631836
-15.0218296051025
71.0571594238281
42.7634735107422
-21.320484161377
-25.5721836090088
-10.0531940460205
-40.0129051208496
-32.3347206115723
-41.7557907104492
-42.0974273681641
13.7991628646851
42.8465881347656
23.1962146759033
6.39610242843628
-1.01866245269775
-5.16197967529297
18.365327835083
1.286776304245
-17.2856578826904
-6.12856674194336
19.0808238983154
3.43904733657837
-27.4055576324463
-29.487720489502
-31.6872253417969
-8.80462551116943
-4.387038230896
-11.4296751022339
2.11833786964417
25.0658779144287
19.3750514984131
5.10104656219482
-0.106372632086277
6.98413228988647
24.0992298126221
13.2881927490234
1.64644479751587
-11.2121305465698
-15.6651029586792
-4.97575712203979
-7.23558568954468
-16.8365230560303
-21.0089054107666
-12.522406578064
-12.2138662338257
-9.27514171600342
-4.49990653991699
0.304684102535248
-1.73113930225372
2.5528404712677
-1.41016912460327
-5.84285831451416
-3.07838535308838
-2.68136978149414
-0.199238032102585
0.0654822587966919
3.29674935340881
4.92242574691772
8.81133460998535
6.80902862548828
4.18048191070557
4.26607608795166
4.18295431137085
5.37223672866821
3.21497201919556
2.80907464027405
3.65591478347778
0.104112036526203
-4.21346092224121
-4.2250394821167
-8.1474494934082
-3.89148283004761
1.86462962627411
7.16862344741821
5.9547176361084
7.54375314712524
10.9615364074707
10.5060768127441
11.7677068710327
11.7539978027344
8.14830303192139
1.67419719696045
-5.66453123092651
-8.21543121337891
-2.54078245162964
-2.33709645271301
-9.92431735992432
-9.20567512512207
-1.79779005050659
3.45459008216858
5.98729610443115
7.65284633636475
5.55244922637939
6.60180854797363
5.82903432846069
4.3668851852417
-1.14577460289001
-1.05981600284576
-0.277723520994186
-0.0490376427769661
-4.69593906402588
-4.47947931289673
-3.24289035797119
0.483922153711319
3.19044351577759
-1.98213052749634
-4.10777711868286
2.12544560432434
7.38670253753662
11.4314088821411
5.96918153762817
3.41657686233521
5.0150842666626
10.7646808624268
9.08053398132324
0.713972866535187
-0.344991445541382
2.29728722572327
0.201199471950531
-3.76400566101074
-9.12528038024902
-8.16720581054688
-3.33532857894897
1.74320411682129
-3.6142373085022
-4.15352773666382
-4.43544721603394
3.70483326911926
8.8081636428833
7.20990943908691
2.85541963577271
-1.75637495517731
-6.34860372543335
-9.84781074523926
-11.2759160995483
-3.00937080383301
5.29336261749268
4.40071678161621
-4.95863485336304
-11.7811403274536
-15.3432722091675
-5.06279563903809
-2.94052910804749
-0.311399519443512
