0.000233896619508879
0.000260754168802452
0.000258699846594592
0.000267044262812903
0.000248413710810648
0.000243737429133773
0.000213202818712399
0.000198141064245106
0.000155222302332152
0.000129573184689246
8.21343773616064e-05
5.61629019975184e-05
1.09265934717421e-05
-9.78901412676406e-06
-4.79678190395779e-05
-5.40401238598064e-05
-7.72694736259889e-05
-7.25852455854897e-05
-9.16438709114067e-05
-8.63518009418116e-05
-0.000106011921605084
-9.96366817867009e-05
-0.00011439130240725
-9.58532124281195e-05
-9.43067263248833e-05
-6.17068510254798e-05
-5.44913382493638e-05
-2.41100348184979e-05
-2.12569232215726e-05
8.05181287662216e-06
1.1924800290981e-05
4.68201748463548e-05
5.49264494910003e-05
9.15312230117681e-05
9.81847726140062e-05
0.000130020846116822
0.000129469914020489
0.000149783264973346
0.000132068553822047
0.000135669980862382
0.000106884372040486
0.00010762114133268
7.61558895968806e-05
7.49114381831077e-05
3.69050780583401e-05
3.37859152402105e-05
-2.62984928239255e-06
1.56684542028764e-07
-2.9231199537501e-05
-1.97024977790642e-05
-4.28026776769824e-05
-2.63605937398212e-05
-4.51011742646904e-05
-2.36720946730443e-05
-3.73481615221511e-05
-6.35547735768072e-06
-1.14117693552577e-05
2.73778315459682e-05
2.50267514190161e-05
6.69712059324659e-05
6.40384276116341e-05
0.000103639476256381
9.31032875171842e-05
0.000125927715290719
0.000108316498190026
0.000134674757119897
0.000109667980019837
0.000134382747580159
0.000110875886213366
0.000136701561423904
0.000112343518211189
0.000136952656259264
0.000111540298683314
0.000129910446822265
8.25533956836823e-05
7.87208203664935e-05
2.34434644215837e-05
4.10556467365082e-05
2.82364724114921e-05
8.2730712571751e-05
7.40500679291052e-05
9.51393483236601e-05
4.25505243670189e-05
4.78842632257778e-05
1.94263666305839e-05
5.75503862930532e-05
4.63658363993712e-05
8.41946863529853e-05
7.24335963193705e-05
0.000103413266202176
7.16525448588638e-05
8.15335830716975e-05
5.27590338249512e-05
8.09774943672341e-05
5.42623438543269e-05
6.36574524330929e-05
3.49900984965767e-05
7.30961968323835e-05
6.96189552783655e-05
8.47649107033432e-05
4.241692051659e-05
6.18277270861638e-05
7.73785866398789e-05
0.000131575473061444
0.00010829816063916
0.000121344331671325
0.000197990376627907
0.000403056835981626
0.000466608898123814
0.000331986046312358
0.000496405511954105
0.00244600640487924
0.00751090041634803
0.0154452954817047
0.0236133725128804
0.0286323531149972
0.0286429851487829
0.0248798446753149
0.0202604769217003
0.017002972761734
0.0153467369502935
0.014317262769407
0.012822839010606
0.0103580517794883
0.00655128313241248
0.0010989713832009
-0.00572322390962023
-0.0125126232351289
-0.0170545780961234
-0.0174058692465195
-0.0132444767929844
-0.00630321630083292
0.000522488066305548
0.00487419316364795
0.00626926327932123
0.00588338892009094
0.0052866950931731
0.00522396161182419
0.0055719950831657
0.0059022277540523
0.00599973615351867
0.00567827212351355
0.00474082157637094
0.00301955711056249
0.000817287029929692
-0.00129207312117325
-0.00267751674510409
-0.00314867810884177
-0.00280678366829442
-0.00198897689182747
-0.000946046126308413
-3.52816059407128e-07
0.000720784980277697
0.00117851245390166
0.00172167742116497
0.00273568349805039
0.00455356083103251
0.00690269673767871
0.00919554374256967
0.0106154486497599
0.0108548566359017
0.0100302294607647
0.00874156575420748
0.00737228586685393
0.00615121097626682
0.00490344809330499
0.00355772874611579
0.00193088781218489
4.59390970666008e-05
-0.00216868101365204
-0.00441329139048202
-0.00631312977908101
-0.00724577863926441
-0.00702890699946801
-0.00576924271378545
-0.00414919940364373
-0.00270657675503384
-0.00186545317005858
-0.00142826688495859
-0.00112327643462923
-0.000491341804035473
0.000508529538302866
0.00186571841532372
0.00317615270329624
0.00414070385371978
0.00426445327239599
0.00349716842566672
0.00194772049787409
0.000247904489678633
-0.0012070808860191
-0.00205377435035794
-0.00240181123600283
-0.0022080367116031
-0.00172165437596988
-0.00111476699655554
-0.000927826299488622
-0.00129719326146754
-0.0021293842389485
-0.00272606114723989
-0.00272651493089537
-0.00199268383211675
-0.00106133980178071
-0.000251007342273129
0.000136010214502591
0.000290821691984276
0.000201094621889271
7.31460144685469e-05
-0.000133613599856353
-0.000183329324208816
-0.000168247329337626
-7.11890790106318e-05
-0.000193344011833427
-0.000453864452111938
-0.000849900038816449
-0.00104879163761493
-0.00104537510516763
-0.0006892007413671
-0.000210582516383494
0.000314935098455752
0.000505097823863452
0.000360652644355146
-0.000129239501654737
-0.000537215714757617
-0.000737487412738301
-0.000538563189972724
-0.000144743174739369
0.000473011608919797
0.0010700568885398
0.00157375552387167
0.00163052238172131
0.00125580922040627
0.000460169247953457
-0.000314916972175575
-0.000867342200887744
-0.000927324451638362
-0.000695337655213318
-0.000306688969589324
-0.000132608491040601
-0.00017593868057041
-0.000471720059623799
-0.000751413919309704
-0.000987781783546852
-0.00101731924397457
-0.000955467645675961
-0.00076521952048388
-0.000658022485117857
-0.00062693671067663
-0.000773819540207438
-0.000908102167739499
-0.00101346644670282
-0.000933855823411565
-0.000742329450031577
-0.000365090420969285
4.28672765300758e-05
0.000440402259593353
0.000614136011970912
0.000618212464543163
0.000442435865698173
0.000261959279900002
5.01440942503458e-05
-0.000106563438243401
-0.000293739834974871
-0.000439830575939164
-0.000621449351119815
-0.000724476388132033
-0.000734230153463773
-0.000542943732196312
-0.00026954873174326
4.64737754670415e-05
0.000292711245465514
0.000542132930160039
0.000710639710300136
0.000755904059771914
0.000526554972352372
0.000121306622579044
-0.000367719274503769
-0.000743796644767019
-0.00101078661129614
-0.00112509199095815
-0.00116006753806379
-0.00106559416344547
-0.000910450289792641
-0.000650534347650015
-0.000326860148713996
9.3461343339198e-05
0.00049551404117787
0.000827208968294594
0.000984293945658196
0.00101637032323053
0.000938380475189589
0.000853312787859258
0.000766673903846325
0.000738971289016715
0.000703743565678199
0.000662086627458533
0.000557644299504376
0.000465759984003545
0.000379020485027066
0.000312631513011488
0.000167272976713924
-4.44417366066489e-05
-0.000290898726087538
-0.000438576853028869
-0.000478251048014788
-0.000426206995090777
-0.000404484135027558
-0.000420350830879125
-0.000472431844038534
-0.000460788252098064
-0.000374992007982926
-0.000189475620863444
2.21442882817691e-05
0.000246396120270652
0.000432063095729032
0.000596593195833635
0.000713108214878288
0.000790738278193653
0.000795886096748097
0.00075538853124217
0.000685283814984392
0.000652370415987723
0.000650331387158426
0.000647512461364907
0.000549919365084328
0.00032509192804295
4.04329562800842e-06
-0.000276259918329821
-0.000400686215813527
-0.000309975969396632
-8.19007831985708e-05
0.000152023220616563
0.000276358960935508
0.00027770829906196
0.000210393093371199
0.000125160797787252
2.22070665303377e-05
-0.000113333203466501
-0.000235429160387214
-0.000254126165073784
-9.2884351860236e-05
0.000204533776632602
0.000519810570445242
0.000701178517852781
0.0006954964542331
0.000505774317112877
0.000242379708783033
-1.51909063073656e-05
-0.000163700507489517
-0.000220137924918924
-0.000201445791055849
-0.000205183748490998
-0.000237690722369805
-0.000331419571171626
-0.000415270805031923
-0.000493210862828427
-0.00050293177733024
-0.000494048787401244
-0.000446648555593624
-0.000433158212102332
-0.000393301320112652
-0.000329027927990853
-0.000140710654686837
0.000110135897278558
0.000406256041389724
0.000593304771744908
0.00068047561603379
0.000613909757017585
0.000500541664121533
0.000302746941615998
0.00010354378924443
-0.000122064924936244
-0.000220669781136897
-0.000182948767215054
5.9655378324466e-05
0.000330063666869374
0.000546693350955323
0.000535025163810004
0.000365783289780987
4.35872611411537e-05
-0.000261424254618478
-0.000552309994077369
-0.000731210559592367
-0.000869521055064662
-0.000901660824960673
-0.000909207745227442
-0.000831147788341306
-0.000761694284971153
-0.000642762656503517
-0.000544859699126184
-0.000388698800467746
-0.000248442458723712
-6.88853920684015e-05
7.19082170151635e-05
0.000248017535905408
0.000396666467041076
0.000567845825386899
0.00067424091531318
0.000776945253465886
0.000825650934118973
0.000885488292202971
0.000875785768744889
0.000839454698879629
0.000732966601115292
0.000640194711711994
0.000525763819039595
0.000432791541157815
0.000307880738200359
0.000210398065648638
0.000104884128958461
2.89815091918574e-05
-8.84997573585972e-05
-0.00021779526658515
-0.000382812673212653
-0.000509321838874253
-0.000606316229131864
-0.000632310750344662
-0.000637358122999962
-0.000605833374850974
-0.000588296238965136
-0.000562846314629496
-0.000567052322844042
-0.000568421317575024
-0.000575679618113027
-0.000537362725980528
-0.000457698090156531
-0.000317150605819206
-0.000160440237210481
1.39962559234953e-05
0.000165575300267902
0.00030555483564217
0.000397781776129825
0.000459838553425348
0.000485968099284219
0.00052351870558803
0.000563728879094583
0.000614852701018273
0.000629222459487846
0.000612074336964469
0.000550400159030136
0.000472624619104689
0.000369598910085985
0.000261553552920303
0.00014493005530935
4.69556491940063e-05
-4.29743084330888e-05
-0.000123322991053585
-0.000216441116810233
-0.000310518249578152
-0.000406233715301528
-0.000477840436166851
-0.000527330200059087
-0.000529898491706444
-0.000495631953451485
-0.000417268927474576
-0.000332352218807587
-0.000245723582050284
-0.000178284997944831
-0.000113300500348772
-5.83364095718973e-05
-2.6126818195775e-07
5.09200779841446e-05
0.000113400430817776
0.000173572160831791
0.000233975899453448
0.000264023808220942
0.000278029094831409
0.000275773949471162
0.000286052348970257
0.000284142275425725
0.000260029256762138
0.00018139477719117
8.43401359724062e-05
-8.68612687210591e-06
-5.40622702630438e-05
-7.74303709568476e-05
-8.60839652576179e-05
-0.000117669758635984
-0.000147366242869029
-0.000182711827215451
-0.000199513841967367
-0.000215593204462601
-0.000204974756892406
-0.000188660128558817
-0.000142167009752172
-9.45523823891255e-05
-2.67491933560087e-05
4.44442894206108e-05
0.000122858124394346
0.000171095845242537
0.000177385636132263
0.000132340080741422
8.15846239823941e-05
2.78467605055117e-05
5.56605597238637e-06
-2.64638480183749e-05
-5.78129783197609e-05
-0.000111717814149432
-0.000150378519294489
-0.000192070439434233
-0.000205075247992321
-0.000221805846802335
-0.000214754074083522
-0.000208126673313729
-0.000171666850141246
-0.000136682955487622
-7.77824057764834e-05
-3.17877458495768e-05
3.12189575542992e-05
7.69790289116102e-05
0.000135837468626564
0.000171558750628403
0.000216495386690528
0.000516877109827826
0.000459482854200476
0.000313239217546774
0.000247843384673901
9.08020868590591e-05
1.63335669113524e-05
-0.000119440184673181
-0.000158413301979906
-0.000270319548960865
-0.00029015120650342
-0.000351156239332536
-0.000306843698056114
-0.00032234491765363
-0.00025012574597439
-0.00021753048183516
-9.79031534825321e-05
-4.86194369547094e-05
5.75836643060871e-05
0.000106231919723202
0.000212440802877646
0.000240714692119694
0.000322512425124888
0.000356473454198771
0.000435953185907436
0.000424081452096382
0.000436989726462233
0.00040708432058819
0.000416679314283868
0.000347334811671722
0.000303537988568848
0.000243934594835097
0.000230603317015773
0.000156882584448415
0.00011083367010201
6.703465204404e-05
6.27199027484057e-05
-4.40033115182178e-06
-4.19822359975241e-05
-3.15433243731631e-05
3.23294596874212e-05
2.06556212327606e-05
7.20737271386884e-06
6.31384760797888e-05
0.000184236117151912
0.000218505273574547
0.000204116357472315
0.000255140064714841
0.000372118258531436
0.000399266855490037
0.000372583228034058
0.000448948613284213
0.000557307145915711
0.000480201606523633
0.000340754105046181
0.000500347084299153
0.000776481056276446
0.000593124565190733
4.1931490522928e-05
8.04952649895012e-05
0.0008247634438849
0.000992017164964633
-0.00011264929802251
-0.000830485179036526
0.000367968545333075
0.00188702447118578
0.000781833613521649
-0.00188107453948349
-0.00159921836243629
0.00250545456705547
0.00413155924543866
-0.00160579447675637
-0.00813010157282911
8.01722673413481e-05
0.0319292284330029
0.0800727051397154
0.124660192320946
0.147513698616735
0.139669075243996
0.102630152161881
0.0496821176326278
0.00174164417271937
-0.023905789374194
-0.025792588004856
-0.0174820246216214
-0.0145863658139436
-0.0224915731824548
-0.0344306300836189
-0.0399870837286323
-0.0314103974573603
-0.00631119359470097
0.0292292569024565
0.0609234874166549
0.0729342567897557
0.0565614206647585
0.0166216014401635
-0.0317005235386782
-0.0700371623203862
-0.0850515926663399
-0.0728952102138772
-0.0401156571625295
0.000426400188859435
0.0356726350161305
0.0572454718828578
0.0603804374968695
0.04331370702762
0.0103838921113797
-0.0259093015104587
-0.0500133681022807
-0.0525114657455596
-0.0371012211075122
-0.0158748543631865
0.000149823271091886
0.00661099843168238
0.00428343282809246
-0.00380270942890034
-0.013466159868371
-0.0188514478935672
-0.0154711508155067
-0.00421091338441499
0.00809701268395974
0.0140204125228823
0.0109614915715809
0.00256449179616695
-0.00538924251756789
-0.00878356011405977
-0.00664587327647927
-0.000204390372658559
0.00737963659401964
0.012087549666384
0.0107769773188046
0.0035785039073486
-0.00654192263644872
-0.015446526502715
-0.0200722816628532
-0.0188466075389861
-0.0118759392954965
-0.00119816552462362
0.00868086067753034
0.0130161578121337
0.00967002547988664
0.000925765066471684
-0.00819166086515641
-0.0130901747070279
-0.0121503577325521
-0.00630992732464176
0.00195210015566584
0.00977946940826533
0.0142908385179637
0.0137030135861092
0.00831629268531824
0.000836207746034645
-0.00539531800107608
-0.00826054572554257
-0.00781201361387051
-0.00527709683076802
-0.00232224372450177
-0.000399250723792922
-0.000505940357724716
-0.00244416643021769
-0.00484223188232103
-0.00586422765446694
-0.00488461789005732
-0.00269336786483309
-0.000734390734533096
8.33073635429239e-05
-0.000458323190965185
-0.00198566816534197
-0.00388152134274549
-0.00511873860366045
-0.00477051773951342
-0.00259024742863658
0.00061852165587634
0.00357273724920615
0.0051115541374479
0.0047955028442408
0.00288014173106321
0.000303697114543124
-0.00175880100963874
-0.00237663900519233
-0.00151414539295489
0.000104073040183762
0.00149287380634346
0.00203333609352405
0.00152983067127056
0.000232407449073243
-0.00126783484511753
-0.00214306283277632
-0.00182409707301914
-0.000389029856049571
0.00143216442087368
0.00283911621883959
0.00334033847417122
0.00279829003575283
0.00136987438301282
-0.000334567041048154
-0.00137364841395246
-0.00106615222420884
0.000390743859747514
0.00197690313475701
0.0026303291556437
0.00195743428314878
0.000308860691696049
-0.0016378059582851
-0.00316150530102754
-0.00373236291355358
-0.00318615522005414
-0.00186010529316985
-0.00033435131712943
0.000885885232969738
0.0016465451323109
0.00195265450110133
0.00187799195206714
0.00150382338923893
0.00104003234373149
0.000625580225687022
0.000344685819069511
0.000164376217060993
0.000157421024016033
0.000382982033664095
0.000878839722976262
0.00148297201645696
0.00206037032150735
0.00240038588783303
0.00236782209162049
0.00179870090756943
0.000787269708074564
-0.000473501271051449
-0.001712831634036
-0.00288244141751589
-0.00386878352929803
-0.00452004574082872
-0.00453166882867578
-0.00391641712545731
-0.00289386169235237
-0.00188296138723904
-0.00104166272342069
-0.000474942898825399
-7.36446677338481e-05
0.000211816389869049
0.000572218898091748
0.000996230483863725
0.00143561339211443
0.00167456656502629
0.00177289698385366
0.00177417956234262
0.00178195681709301
0.00167337938114942
0.00151535057006436
0.00135650033450882
0.0013691503628004
0.00141461930058305
0.00143278916891822
0.00133878213799674
0.00129071828289374
0.001261476496089
0.00130509123702326
0.00132291555796726
0.00136479825238525
0.00127062033027879
0.000991945575830224
0.000467890566201858
-1.66718236548511e-05
-0.000319003243602151
-0.000316986163971418
-0.000136231782515568
0.000267022770242103
0.000770568341933895
0.00123830417514679
0.00132422658208414
0.0010434276178171
0.000584478695239741
0.000324665061374827
0.000305759060513095
0.000550007141905697
0.000984926611510068
0.00165442133419802
0.00227653063664124
0.00256125820377665
0.00231830681394042
0.00184578187093057
0.00139883624846486
0.00108492556332634
0.000730057922276847
0.000416104067671819
0.000281589712198655
0.000363336283021549
0.000276156195942461
-0.000236549265534511
-0.00112860619072862
-0.00202803656349399
-0.00278304458639237
-0.00333805121863985
-0.00358919608951519
-0.0032142544757903
-0.00217712260943513
-0.00080151035903785
0.000421856574657456
0.00129244124963582
0.0017071180473091
0.00146997573259093
0.00042173729755204
-0.000977122828246595
-0.00180573256265317
-0.00155685586212947
-0.000794410990001238
-0.000517286587790849
-0.00107304708300741
-0.00183451005598299
-0.00205652539648743
-0.00169236943287956
-0.00124455476187529
-0.00106564145203792
-0.00107877651706726
-0.00115790577386675
-0.00136375155920405
-0.00179119747057174
-0.00223764290859745
-0.00235468193905207
-0.00194633551221198
-0.00121750539799765
-0.000489690577950772
4.44250238006648e-06
0.000297153613763084
0.000465011721599639
0.000579735581268204
0.00060295595922805
0.000655379214682364
0.000903858796420933
0.00154976119173244
0.00249356129861964
0.00346191476624554
0.00403142975679485
0.00402132847863244
0.0033760635812703
0.00233654923970456
0.00119382471481833
0.000310263309787531
-0.000234324262912741
-0.000491033317532058
-0.000668170362107323
-0.000766651354722234
-0.000842664389244516
-0.000950327493513084
-0.0013553277090973
-0.00204529178700582
-0.00282356802042353
-0.00323958042113275
-0.00313667203767195
-0.0025338610003954
-0.00179567162311975
-0.00116995335788458
-0.000884702960946619
-0.000804225274586748
-0.000756309011232782
-0.000456211618793785
4.07890188281156e-05
0.000682329282970302
0.00131085224620929
0.0019960086249992
0.00259073588198198
0.0029645111140632
0.00287881751605073
0.00251555581223125
0.00210382617618857
0.00194635014333028
0.00194086003179275
0.00202041940442667
0.00200001124414451
0.00190906476000609
0.0015982409432913
0.00111942912888718
0.00047979772022383
-7.59592615302033e-05
-0.000552833282062072
-0.000898859120380437
-0.00121375625357459
-0.00135077002515718
-0.00136760308127847
-0.00126196702125895
-0.0012067623586066
-0.00106105051828499
-0.000785252726092225
-0.000292308976731793
0.000182018139590329
0.000605396352889786
0.000910535262726215
0.00123603908071433
0.0014551197450859
0.00158750267202892
0.00159108367362852
0.00168170416822568
0.00183128917068798
0.00205440191610008
0.00217582007798974
0.00225447463099441
0.0021890213630895
0.00200365527007156
0.00157570468745761
0.00105038319071557
0.000462428741505629
-5.16575390054359e-05
-0.000600765224347231
-0.00111223250218048
-0.00160383716222034
-0.00194569213501305
-0.00224927819272086
-0.00250556416177514
-0.00279170519880875
-0.00297244012744916
-0.00306994670010773
-0.00301314061238626
-0.0028826293507677
-0.00260630506268499
-0.00227261603339613
-0.00189136790528702
-0.0015950433083799
-0.00133532471195792
-0.00114630835695298
-0.000953268438321324
-0.000804862796087682
-0.000612481931643565
-0.000376867042789063
-5.53931392509189e-05
0.000232426864235717
0.000462335877681052
0.000584349249072328
0.000670087907195731
0.000706402535606611
0.000728046950645713
0.000719661698139926
0.000731366560253841
0.000728999673232804
0.000710470239832017
0.000633114248586232
0.000564549119611018
0.000496073986959851
0.000470324210483787
0.000446146579150849
0.000429955507986286
0.000415966292752876
0.000426518175202969
0.000454652998815507
0.000532023469455337
0.00070424187297724
0.000985613192850935
0.00131024370843039
0.00161483062170875
0.00183906037258246
0.00196098931255208
0.00198801830528666
0.00188933586397831
0.00168085553753862
0.00142100866265213
0.00116428405226916
0.00091183313947844
0.000682646145267994
0.000497328558902289
0.000395687592196832
0.000333504494680205
0.000244145951987421
6.65082904284797e-05
-0.000152435176235609
-0.000378515974173627
-0.000572168367193768
-0.000747938308263647
-0.000811023057666402
-0.000723483562334343
-0.00045593998102096
-8.12269941990354e-05
0.000360165140949153
0.000770269771228736
0.00110975522864935
0.0012710561392311
0.00127674482781217
0.00112959539089251
0.000908925400419095
0.000588204575430608
0.00027860116984043
2.60566266520566e-05
-4.17947452622325e-05
-1.79344628099681e-05
8.60339762812357e-05
0.000164935555856778
0.000338822137310651
0.000441777371523097
0.000444305893524845
1.83592803307169e-05
-0.000543853391977541
-0.00117160843842519
-0.00134220894913216
-0.00122035210865266
-0.000964446876011711
-0.000865919519632225
-0.0008872452154326
-0.000965527769529002
-0.00081186181615264
-0.000600292873637237
-0.000349483154069633
-0.000246272805716271
-0.000113922007906
-3.21872995727533e-05
0.000206089636021574
0.000359966636156148
0.000528888253380596
0.000557127034879979
0.000661390643192584
0.000684846425710894
0.000766868810139817
0.000712353732841884
0.000711138374853502
0.000631425403410605
0.000631761626062632
