0.0004304324631384644
0.0005012916792566018
0.00034593194537242884
0.00030792800820698843
0.00031817842112577413
0.0004553620547416686
0.00046070832604304954
0.0005734417908676518
0.0007284520761524024
0.0007884863194179501
0.0008891144129540772
0.0010629502429372324
0.0009096797175130965
0.00104009795732791
0.0007592256025560299
0.000900687319646213
0.0007628436527478205
0.0010339804749551903
0.0007648632319309473
0.0008768598887820369
0.0007776179569005586
0.0009751299707557895
0.0008049931756777917
0.0012000835593975977
0.0008819704177669711
0.0012588228392614788
0.001040444524429601
0.0013321110740109432
0.0010060412230637938
0.0012925464650186155
0.0010109850513050755
0.0011367424011161586
0.0009319294851810061
0.001175291648001267
0.0010867078664400164
0.000843775747931386
0.0018687150397963884
0.001818715175065736
0.001396898370878161
0.002407677880519787
0.0008105683027939213
0.0017159696788641115
0.0015212670032234963
0.001185705164686826
-0.0014404209585126438
1.2779959471348245e-05
0.0006153436251722323
4.940172322791844e-05
0.0013399935886198645
-0.00013827909050548708
0.0029834018762713286
-0.0002536732338716975
0.004417058241961251
-0.0032676918779580766
0.010227292169057392
-0.01359168234990775
0.04139445842169921
0.3192974753983841
0.23202926483342892
0.30344325344147016
0.2643463470906732
0.12723201785405047
0.18558083201607556
0.28365099050563214
-0.28319581465419874
-0.6710764248184687
-0.4025181653646541
-0.13608201620074503
-0.25276109541156155
-0.11086999642194266
-0.11696129607679942
0.021648632839521648
-0.07021431076449451
0.08668860231391684
0.13811485696971282
0.0690344327258213
0.09227642146722358
0.09205999089776362
0.08936375524382936
0.10909513609724603
0.09987699411276868
0.10365412790693462
-0.07308961183765715
-0.0567768569106899
-0.05253983427554511
0.04376105079529835
0.0013827679393362698
-0.06926362683496201
-0.030865180871091698
-0.01886145641668365
-0.037635294578929473
-0.08315356403739693
-0.006307243771372959
-0.0008542538720344777
-0.037123206335085444
-0.01345284643988692
0.0018522117463515104
-0.023451520384282065
-0.04249614822853707
0.006207842349697191
0.06901375205454764
0.04822948267873021
0.04235861189319135
0.007125364041450468
0.010332966019730336
0.000554754790735066
0.011414759705165497
0.021566753210451907
0.014335187136430942
-0.004645720572465296
-0.032412502669244184
-0.02347188943521029
-0.01026462110818452
-0.005940214376110324
-0.00870757566434294
-0.012967114085868939
-0.0056605506210389974
-0.002754008773406077
0.006965354694098725
-0.0007303498749094464
-0.02363719906523695
-0.016047926526318767
-0.01781102156552217
-0.01146539715178001
-0.005405502994539284
-0.0034498204919643917
-0.005851540679623463
-0.011300353008852482
0.004002897059987678
-0.0029527452342982706
-0.007505751215745182
0.006928644364306584
0.025039091601400255
0.03162918513316723
0.018816627222491535
-0.0016061989731483313
-0.014216991218323784
-0.01882255005044461
-0.004826525873547967
0.005600264132139184
0.010767524768053736
-0.007714122241359663
-0.019440918130114053
-0.02005573082004286
-0.010793300722721158
-0.002890444765129916
0.0025445751807305146
0.0047544582111659
-1.8237417557608497e-05
-0.004298349970346198
-0.001200963748939635
0.002985520492364415
0.0028924239768379333
-0.0018373775824336539
-0.0011624929407388679
0.0019277077302257434
0.003652526558449957
0.001938935830207773
-0.0013207014088832663
-0.003166866790839752
-0.0016838494292602602
-0.0004438243804614035
0.0007188467246752634
0.0009665628630507072
0.0012377782716342148
0.00012033159834855213
-0.0012703561302108229
-0.0036808567233620982
-0.004691492946704687
-0.004419639438202737
0.0008578540377020088
0.0026061584212863334
0.0001589632365087552
-0.002594398985479953
-0.003482650372777221
-0.004724403088574254
-0.001817643494382052
-0.0025820699210102873
-0.0014610896208194517
0.00034805892456310267
0.004037488600866181
-0.0007201296523783485
-0.004433613527700483
-0.002585495178377894
0.0006605598018670409
-0.0003501797341251492
-0.0012436545298260627
-0.00034081331449145526
-0.0003582059322159285
-0.0022475663816496115
-0.002085214907154258
-5.379442136172819e-05
0.0042324789266319236
5.373665823118698e-05
-0.0030905131947940243
-0.008320759179025524
-0.0026648719854926884
0.001105144815097955
-0.004935413741381537
-0.008921919525085907
-0.011618253810192054
-9.780552033555835e-05
0.009021728605974583
0.004739288323324435
0.0001715301356775053
-0.002702795726838121
0.00405543743351694
0.0016716558201082896
0.0006187636750655577
-0.001935905029687852
-0.0008385611461446006
0.00012969680033045458
-0.0031964956558144506
-0.0023923908812643734
-0.0015966061410383234
-0.002708622359375731
-0.0031936024913324034
-0.004175953975554458
-0.0012989757024377368
0.00036926052651369435
0.0024194737431689024
0.0003092367897714803
-0.001366164935634453
-0.000863664935967783
0.0006890381256331756
0.0019454076512565141
0.00011686924957378352
-0.0004481644600275292
0.00034359080147631593
0.0006071093263703407
-0.0009324878577838116
-0.0010703517881337841
-0.00020854737568156442
-0.0007743384185059162
-0.0007075541810129273
-0.0010053994182968838
-0.001146159342862802
-0.0018774090172436475
-0.0016609709665322365
-0.00048033774795807764
-0.0002346633399844332
-0.00026617888213356785
-0.00036573116063704696
-0.0004940703349864605
-0.0006102340759354498
-0.00046848917397983346
-0.0008236765052132673
-0.00017078131954185652
0.0007333117406255754
0.0009236688029702171
9.266268592988871e-05
-0.00047360279919675657
0.00014189244525684378
0.0003187653688430294
-0.0005485393399531522
0.00018264592587959125
0.0001249150673003348
0.0001410376286859387
-0.0003196564939457432
-0.00046030719669921244
-0.0005177046750611644
-0.00039278745636096716
-0.00014371632833837418
-5.782227299112473e-05
-0.00021968914975043397
-0.0003498054854176563
-0.0006956929779915825
-0.0008709886712365295
-0.0012456669217041963
-0.0008202276883207162
-0.0009805929012771672
-0.00034976542764036576
-5.1426290254798094e-05
4.2864701821922506e-05
0.0001495116438723528
0.00014443283840141736
0.00012685660745473734
9.703074361035776e-05
5.407045547794318e-05
5.0556931768663794e-05
2.2554306120373233e-05
5.032447541911426e-05
2.638885509732218e-05
4.661389574153003e-05
1.9770980485374215e-05
1.9257333200813683e-05
-4.396079694296345e-06
9.053658820006006e-06
-9.840094297162473e-06
3.1559213670486483e-06
-6.391805853431562e-06
3.04760416614192e-06
-1.0255439318842714e-05
1.3418322158679954e-06
-1.054094744036907e-05
5.070127926548075e-09
-7.343700290009006e-06
-3.111216852530376e-07
-4.988986445618075e-06
1.5977886316222915e-06
-3.3523431340187347e-06
2.2022998702501896e-06
-2.7514965434120202e-06
1.8580093466761107e-06
-2.9234116934479472e-06
1.7295772302636383e-06
-2.469241978950528e-06
1.4866132893262573e-06
-2.114871320329256e-06
1.203176854554488e-06
-2.0079912151479073e-06
9.408499612836483e-07
-1.9196022667132464e-06
6.451939377431076e-07
-1.7858587767786635e-06
4.373201695677745e-07
-1.6962057745621359e-06
3.183122429164381e-07
-1.579679814363473e-06
1.7086120292306856e-07
-1.4729839169381337e-06
4.3090187359234866e-08
-1.3866903741110992e-06
-4.626349533933677e-08
-1.30098700454849e-06
-1.2411541392559622e-07
-1.2287918484000376e-06
-1.960419758954661e-07
-1.1715067722568688e-06
-2.5984758265191685e-07
-1.119937546077178e-06
-3.2240181314837496e-07
-1.0746354303977496e-06
-3.768338287810438e-07
-1.0374048970630996e-06
-4.2475998327483333e-07
-1.0055535857268413e-06
-4.6951510403094726e-07
-9.790921173336367e-07
-5.095184329993209e-07
-9.57245010924524e-07
-5.45006312363842e-07
-9.387569818971654e-07
-5.775227485183866e-07
-9.23354218139525e-07
-6.07029565817584e-07
-9.110088152507537e-07
-6.338035065832012e-07
-9.011343976957553e-07
-6.584091496507436e-07
-8.934933869049737e-07
-6.809558348255958e-07
-8.878556888891912e-07
-7.017925276152359e-07
-8.839446056824359e-07
-7.212211139555639e-07
-8.815801372046538e-07
-7.393404494776719e-07
-8.806102209523055e-07
-7.563195120516676e-07
-8.808546186579377e-07
-7.72342182271896e-07
-8.821805266007307e-07
-7.87513693814839e-07
-8.844753290752948e-07
-8.019541986173991e-07
-8.876207824391052e-07
-8.157715176975323e-07
-8.915240973255854e-07
-8.290465458851357e-07
-8.961075094607654e-07
-8.418587620027127e-07
-9.012982036004681e-07
-8.542789619320884e-07
-9.07033967397549e-07
-8.663644524202572e-07
-9.132610192343939e-07
-8.781693863715205e-07
-9.199303879441458e-07
-8.897413768998779e-07
-9.270006813789575e-07
-9.0112042736457e-07
-9.344358382083664e-07
-9.123429150346323e-07
-9.422035358048336e-07
-9.234409243634315e-07
-9.502758436664809e-07
-9.344422842434783e-07
-9.586285300861724e-07
-9.453718983389731e-07
-9.67240181425251e-07
-9.562517337016285e-07
-9.760922724233977e-07
-9.671010193909244e-07
-9.851687218656938e-07
-9.779368953593496e-07
-9.94455476074213e-07
-9.887745294335885e-07
-1.0039403849681008e-06
-9.99627326398085e-07
-1.0136129290254717e-06
-1.0105072324327787e-06
-1.0234639857282634e-06
-1.0214248695849647e-06
-1.033485710357146e-06
-1.0323896840215823e-06
-1.0436713688163316e-06
-1.0434101237470801e-06
-1.0540151838500612e-06
-1.0544937492173545e-06
-1.0645122377610531e-06
-1.0656473371588836e-06
-1.0751583647113311e-06
-1.0768769882607944e-06
-1.0859500535020765e-06
-1.0881882065145012e-06
-1.0968843776083814e-06
-1.0995859730730806e-06
-1.1079589226289932e-06
-1.1110748152460496e-06
-1.1191717217556851e-06
-1.122658860206946e-06
-1.1305212066683307e-06
-1.1343418868095187e-06
-1.1420061593334432e-06
-1.1461273716980333e-06
-1.1536256678719436e-06
-1.1580185234512375e-06
-1.1653790950058411e-06
-1.1700183218050011e-06
-1.1772660433242987e-06
-1.182129545483461e-06
-1.1892863291174983e-06
-1.1943547970360863e-06
-1.2014399574738176e-06
-1.2066965293148178e-06
-1.2137270997260394e-06
-1.2191570614482686e-06
-1.2261480758595216e-06
-1.2317386000260588e-06
-1.238703338058561e-06
-1.2444432537584219e-06
-1.2513934570888147e-06
-1.2572730482933447e-06
-1.2642191077121782e-06
-1.2702299350248435e-06
-1.2771810589985721e-06
-1.283315804696556e-06
-1.2902801642955541e-06
-1.2965324968083891e-06
-1.3035173520858923e-06
-1.3098818049672722e-06
-1.3168936196100711e-06
-1.3233654883836043e-06
-1.3304100270374042e-06
-1.3369852746372701e-06
-1.3440676894550807e-06
-1.3507428673169286e-06
-1.357867773679744e-06
-1.3646399496802797e-06
-1.3718114938859882e-06
-1.378678189986604e-06
-1.3859001059615683e-06
-1.3928592442410959e-06
-1.400134907073719e-06
-1.407184762051289e-06
-1.4145172308466236e-06
-1.4216563859487802e-06
-1.4290484447558593e-06
-1.4362757569091195e-06
-1.443729948397306e-06
-1.4510445146102835e-06
-1.4585631729078022e-06
-1.4659643025431712e-06
-1.4735495766984852e-06
-1.481036766580457e-06
-1.4886906471085239e-06
-1.4962635591405363e-06
-1.5039878960270564e-06
-1.5116463381518834e-06
-1.5194428610619602e-06
-1.5271867708561873e-06
-1.5350571037161154e-06
-1.542886532963217e-06
-1.5508322085172241e-06
-1.5587473114742328e-06
-1.5667697836820472e-06
-1.5747708040939013e-06
-1.5828714586064757e-06
-1.5909587207526242e-06
-1.5991388841535498e-06
-1.6073127846201853e-06
-1.6155737335516113e-06
-1.6238347324096664e-06
-1.6321777002927475e-06
-1.6405263153865685e-06
-1.648952498733351e-06
-1.6573892994030588e-06
-1.6658998643585702e-06
-1.6744254659425045e-06
-1.683021551801946e-06
-1.6916366120461272e-06
-1.700319336727079e-06
-1.7090245507992395e-06
-1.7177950153626081e-06
-1.72659111376261e-06
-1.73545040328682e-06
-1.7443381473136732e-06
-1.753287336647702e-06
-1.7622675169068347e-06
-1.7713076721562193e-06
-1.7803811064587283e-06
-1.7895132866291622e-06
-1.7986808159926784e-06
-1.8079060767285573e-06
-1.8171685665580506e-06
-1.8264879596981663e-06
-1.835846296399657e-06
-1.845260874117332e-06
-1.8547159634464336e-06
-1.8642267785135783e-06
-1.8737795461519144e-06
-1.8833876515195495e-06
-1.8930390403891842e-06
-1.9027454925951964e-06
-1.9124964628601526e-06
-1.922302323585992e-06
-1.9321538531104354e-06
-1.942060186186116e-06
-1.952013266238962e-06
-1.962021145831877e-06
-1.972076786112937e-06
-1.9821872873132984e-06
-1.9923465082783733e-06
-2.0025607169046823e-06
-2.0128245560109472e-06
-2.023143562533908e-06
-2.0335130714061334e-06
-2.0439379766444554e-06
-2.0544142198494243e-06
-2.0649461309840775e-06
-2.0755301870322264e-06
-2.086170222949553e-06
-2.0968631827032e-06
-2.1076124700181143e-06
-2.1184154384479748e-06
-2.1292751133264e-06
-2.1401892088616893e-06
-2.1511604177721516e-06
-2.1621867718783425e-06
-2.1732706713519304e-06
-2.1844104275931886e-06
-2.195608185174777e-06
-2.206862500829694e-06
-2.2181752943605275e-06
-2.2295453392071366e-06
-2.2409743590249198e-06
-2.2524613158650023e-06
-2.2640077623017308e-06
-2.2756128270802614e-06
-2.2872779129008225e-06
-2.299002294500296e-06
-2.310787243501775e-06
-2.32263216439037e-06
-2.334538212946319e-06
-2.346504907488724e-06
-2.358533303303042e-06
-2.3706230196525978e-06
-2.382775024093939e-06
-2.3949890237823235e-06
-2.4072659099982907e-06
-2.4196054678737866e-06
-2.432008522068596e-06
-2.444474926165119e-06
-2.457005447119298e-06
-2.46959999963825e-06
-2.4822592996354143e-06
-2.4949833157261736e-06
-2.5077727197619915e-06
-2.520627528271313e-06
-2.533548375108219e-06
-2.546535319409432e-06
-2.5595889615766254e-06
-2.5727093980586896e-06
-2.585897201676929e-06
-2.5991525017844685e-06
-2.6124758465001507e-06
-2.625867395494863e-06
-2.6393276754133055e-06
-2.6528568724121238e-06
-2.6664554954730635e-06
-2.680123755115227e-06
-2.693862144149267e-06
-2.7076708949309858e-06
-2.721550487284896e-06
-2.7355011724249784e-06
-2.7495234202652707e-06
-2.763617498338297e-06
-2.777783867340697e-06
-2.7920228118268053e-06
-2.8063347842629746e-06
-2.820720083613129e-06
-2.835179156626677e-06
-2.8497123151019488e-06
-2.864320000726863e-06
-2.8790025373882385e-06
-2.8937603632050307e-06
-2.9085938134487503e-06
-2.9235033229684263e-06
-2.9384892371950994e-06
-2.953551990172304e-06
-2.968691935621758e-06
-2.9839095066624965e-06
-2.9992050665627462e-06
-3.01457904728665e-06
-3.030031821100662e-06
-3.045563819119995e-06
-3.0611754220440275e-06
-3.0768670617508168e-06
-3.0926391263712966e-06
-3.108492049155257e-06
-3.1244262246733594e-06
-3.1404420876984807e-06
-3.156540040078447e-06
-3.172720519867365e-06
-3.1889839335345806e-06
-3.2053307192207205e-06
-3.221761292053569e-06
-3.238276095005174e-06
-3.254875547943452e-06
-3.2715600936886625e-06
-3.288330161171568e-06
-3.3051861959062373e-06
-3.3221286306747352e-06
-3.3391579174930908e-06
-3.3562744928220672e-06
-3.37347881156449e-06
-3.3907713160642207e-06
-3.408152466104729e-06
-3.425622709025012e-06
-3.443182507158367e-06
-3.4608323153190396e-06
-3.478572598458133e-06
-3.496403816403244e-06
-3.514326439186047e-06
-3.532340931781605e-06
-3.5504477688746636e-06
-3.568647420247367e-06
-3.586940365205276e-06
-3.6053270778728733e-06
-3.62380804329104e-06
-3.64238374075585e-06
-3.6610546586468215e-06
-3.67982128257182e-06
-3.6986841060572886e-06
-3.7176436194280224e-06
-3.736700320694508e-06
-3.7558547063647457e-06
-3.775107278285346e-06
-3.794458537936243e-06
-3.813908994004332e-06
-3.8334591523925005e-06
-3.8531095257715955e-06
-3.872860626528626e-06
-3.892712972574665e-06
-3.912667081160885e-06
-3.932723475764217e-06
-3.952882679319277e-06
-3.9731452194184105e-06
-3.993511625405223e-06
-4.013982430215173e-06
-4.0345581683237175e-06
-4.0552393782268634e-06
-4.076026600202502e-06
-4.096920378014127e-06
-4.117921257144343e-06
-4.139029787816103e-06
-4.1602465209156746e-06
-4.181572011274521e-06
-4.203006816371727e-06
-4.224551496946789e-06
-4.246206615816971e-06
-4.267972738930602e-06
-4.289850435611458e-06
-4.31184027772718e-06
-4.333942839894727e-06
-4.3561587005167685e-06
-4.378488439577824e-06
-4.400932641411147e-06
-4.423491892798772e-06
-4.446166783485641e-06
-4.468957905588602e-06
-4.491865855382748e-06
-4.514891231863135e-06
-4.5380346366933645e-06
-4.561296675024756e-06
-4.584677954861272e-06
-4.6081790875685804e-06
-4.631800687405975e-06
-4.65554337183711e-06
-4.67940776198222e-06
-4.7033944812279556e-06
-4.727504156851409e-06
-4.751737419209459e-06
-4.7760949010312165e-06
-4.800577239696263e-06
-4.8251850757949355e-06
-4.849919052013658e-06
-4.874779814726879e-06
-4.899768014507075e-06
-4.924884303736041e-06
-4.950129339509248e-06
-4.975503782140515e-06
-5.00100829476215e-06
-5.026643543063446e-06
-5.052410198176822e-06
-5.0783089338684445e-06
-5.1043404269224615e-06
-5.130505357341369e-06
-5.1568044102372895e-06
-5.183238272807485e-06
-5.209807635800194e-06
-5.2365131929426115e-06
-5.2633556434224064e-06
-5.290335689062727e-06
-5.317454035031052e-06
-5.3447113892727475e-06
-5.372108465608472e-06
-5.399645979274528e-06
-5.427324651053776e-06
-5.455145204331328e-06
-5.483108366279195e-06
-5.511214867731499e-06
-5.5394654436162006e-06
-5.567860832256114e-06
-5.596401776321433e-06
-5.625089021555252e-06
-5.653923318218643e-06
-5.682905419936956e-06
-5.71203608442576e-06
-5.741316072794875e-06
-5.7707461510841365e-06
-5.800327088601354e-06
-5.830059658318613e-06
-5.859944637593922e-06
-5.889982807588483e-06
-5.92017495423648e-06
-5.950521865719972e-06
-5.981024336323547e-06
-6.0116831623953e-06
-6.0424991469417095e-06
-6.0734730940479535e-06
-6.104605814790478e-06
-6.135898121252263e-06
-6.167350833635455e-06
-6.198964771891727e-06
-6.230740764692506e-06
-6.262679640689825e-06
-6.294782237031095e-06
-6.3270493902623155e-06
-6.359481946605289e-06
-6.392080750854817e-06
-6.4248466591218176e-06
-6.457780523255914e-06
-6.490883209733268e-06
-6.524155577556853e-06
-6.557598503352698e-06
-6.591212853791252e-06
-6.624999516633247e-06
-6.658959364908143e-06
-6.693093296799213e-06
-6.727402193715498e-06
-6.761886963814554e-06
-6.796548497590548e-06
-6.831387712179747e-06
-6.86640550572016e-06
-6.901602810168014e-06
-6.936980522750805e-06
-6.97253959975675e-06
-7.0082809285137125e-06
-7.044205496990839e-06
-7.080314179062561e-06
-7.116607993737541e-06
-7.1530878061611906e-06
-7.189754661876069e-06
-7.2266094170256746e-06
-7.263653150559599e-06
-7.300886700831535e-06
-7.338311186315014e-06
-7.37592743072456e-06
-7.413736577898154e-06
-7.451739462361847e-06
-7.489937213508145e-06
-7.5283307277049065e-06
-7.566921068499549e-06
-7.605709234776315e-06
-7.644696200524324e-06
-7.68388307853616e-06
-7.723270745771784e-06
-7.762860445759156e-06
-7.80265292805348e-06
-7.842649615292531e-06
-7.882851060131795e-06
-7.923258957544114e-06
-7.963873552413393e-06
-8.004696918153165e-06
-8.045728901176974e-06
-8.086972034964377e-06
-8.128425688084718e-06
-8.170092944138007e-06
-8.2119725917317e-06
-8.254068343421708e-06
-8.296378404277398e-06
-8.338907009585047e-06
-8.381652048561968e-06
-8.424617793773698e-06
-8.467802459628544e-06
-8.511209789287803e-06
-8.554838526083096e-06
-8.598692252871875e-06
-8.642769321580836e-06
-8.687074426647496e-06
-8.73160412462185e-06
-8.776365483766297e-06
-8.821352431262345e-06
-8.866574588728762e-06
-8.912023692447986e-06
-8.957711239186879e-06
-9.00362723443588e-06
-9.049785043136957e-06
-9.096172838066012e-06
-9.14280542641064e-06
-9.189670773816425e-06
-9.23678184843943e-06
-9.284130868855711e-06
-9.331725867888808e-06
-9.379559189068645e-06
-9.427650531822207e-06
-9.475964990764488e-06
-9.524563641958098e-06
-9.57336471535137e-06
-9.622474046168134e-06
-9.671772084224838e-06
-9.721388161390045e-06
-9.771196844249666e-06
-9.821315011464098e-06
-9.871635603761735e-06
-9.922264152478419e-06
-9.973092269928603e-06
-1.0024228806218734e-05
-1.007558458905513e-05
-1.0127214091125002e-05
-1.0179129501026573e-05
-1.0231234596887575e-05
-1.0283740420804891e-05
-1.0336303124512582e-05
-1.0389407274089425e-05
-1.044243395698129e-05
-1.0496115213893577e-05
-1.0549612625765543e-05
-1.0603877567303202e-05
-1.065782738202131e-05
-1.0712700705220153e-05
-1.0767082815609961e-05
-1.0822598346583176e-05
-1.0877393936641402e-05
-1.0933565489223886e-05
-1.0988784510518475e-05
-1.104560153303855e-05
-1.110123696951076e-05
-1.1158714260878135e-05
-1.121478233290403e-05
-1.1272890391565704e-05
-1.1329462518494017e-05
-1.138810499811771e-05
-1.1445346725939744e-05
-1.150427468751857e-05
-1.156251876711055e-05
-1.162148097901168e-05
-1.1680510778317669e-05
-1.1740270935517287e-05
-1.1799064778802819e-05
-1.1860549564307512e-05
-1.1918779109091021e-05
-1.1982009710638335e-05
-1.2039919666034283e-05
-1.2104417796619978e-05
-1.2162654920270166e-05
-1.2227709574127391e-05
-1.228649839623674e-05
-1.2352032314094197e-05
-1.2411379819233397e-05
-1.247700827312296e-05
-1.253821208013848e-05
-1.2602000857342638e-05
-1.2667519542922524e-05
-1.2727971681340995e-05
-1.2795542290292006e-05
-1.2869553146923653e-05
-1.2898558972427709e-05
-1.3014918826074681e-05
-1.3014158622929456e-05
-1.3136814154256563e-05
-1.3166346668450459e-05
-1.3278319542917548e-05
-1.3348899079407978e-05
-1.343155865457784e-05
-1.3555450055822201e-05
-1.3615073243433695e-05
-1.3751057988312283e-05
-1.378926343240626e-05
-1.3963009867154486e-05
-1.3916501685464974e-05
-1.4207968204155326e-05
-1.4055658993505828e-05
-1.447766108675667e-05
-1.4250258796061117e-05
-1.4806412497343595e-05
-1.4508050565515632e-05
-1.5125979837767294e-05
-1.4812300413959882e-05
-1.54323519778322e-05
-1.5089382840166718e-05
-1.5778718307547703e-05
-1.5382304745246815e-05
-1.6118633113869677e-05
-1.5665516625467443e-05
-1.6489585456907737e-05
-1.601812872333193e-05
-1.6827244290976845e-05
-1.636078638764943e-05
-1.717991716887121e-05
-1.6698018092967115e-05
-1.7476356959429673e-05
-1.713526356080658e-05
-1.771599065090697e-05
-1.760677296024256e-05
-1.7966217120785554e-05
-1.8209243104095815e-05
-1.8042627191086624e-05
-1.900491658919732e-05
-1.8605687856844064e-05
-1.7907348886993246e-05
-2.031182192703193e-05
-1.712441222099896e-05
-2.0783986733255346e-05
-1.778757215251548e-05
-2.094879142050879e-05
-1.8853106543900537e-05
-2.1639262984242836e-05
-1.9535590894327604e-05
-2.1581979288931097e-05
-2.089632841852443e-05
-2.0584105077946918e-05
-2.2409651925427848e-05
-1.9699128007179267e-05
-2.4323141687553756e-05
-1.8280191428591153e-05
-2.6702901765417522e-05
-2.0620788751283745e-05
-1.2620316276718002e-05
-0.00013691973857898887
0.00015691873207057672
2.7684826341717317e-05
7.061787242013118e-05
0.00023582920248731154
8.188486736362965e-05
0.00023199322202857586
3.9017276427202874e-05
0.0001918604629415066
-4.542776050596442e-05
0.0003081232053093741
-3.355817687097917e-05
0.0004492983677457374
1.8362877559546797e-05
0.0005957332352332853
6.3007785822973e-05
0.0007420039461231501
0.0001201411715513051
0.0007066033892630386
9.320425507021793e-05
0.0005460050173990462
0.00028934786771869184
0.0005010000554465585
0.00023576759345399906
0.0004805858515257791
0.0004050648681551347
0.0004852072353956974
0.00033557601506395895
0.0005206263739812519
0.00022950033546135368
0.0004091371024366776
0.0004064965869388311
0.0003034123213434287
0.00042679925167453766
0.0003150800401623931
0.00042296873934987225
0.00025336776743490155
0.000398649434255007
0.0004440391474302499
0.0002897676849367572
0.0004654168495570295
0.0004727062769472489
0.0004550883696920341
0.0005134151293817289
0.0004683418653214546
0.0005061717991678696
0.0004767201354414079
0.0004949560324307741
0.00048521194299881677
0.0004965100506602468
0.0004230043539640872
0.0003952056792553937
0.0004131826329361206
0.0005534972319922284
0.00039726358646451077
0.0007458347739394966
0.0004421423814154335
0.0006899001875562971
0.0004733362553620002
0.0006746955391717102
0.00045568836803709656
0.0005833119931871328
0.0005823410285700492
-0.0008987065835816756
-0.0008843791790571281
-0.000901913639307001
-0.0009110463884241081
-0.0009346403886456369
-0.0009265999642900177
-0.0009495493209647142
-0.0009427356309340594
-0.0009482409354002112
-0.0009581826663080917
-0.000944912811088644
-0.0009645163169056694
-0.0009719817493426108
-0.0009842703240213642
-0.001023682270019326
-0.0010305102085572046
-0.0010606151661480784
-0.0010835396981149583
-0.0011106734412155896
-0.0011051341122231251
-0.001113119839524575
-0.0010852910057469083
-0.0010783946116142613
-0.0010415688400967687
-0.001055858338228763
-0.0010272068884413265
-0.0010466954662306414
-0.0010434355363240857
-0.0010668222339842131
-0.001059639139303094
-0.0010966662707290967
-0.0010808366582072575
-0.001121309525768282
-0.0010938972448170914
-0.0011426594875048024
-0.0010993718829401201
-0.0011458994312928319
-0.0011348979930389852
-0.0011454043429426288
-0.0011164996061648479
-0.0011205363559688999
-0.0010929779891307172
-0.0011015353391608906
-0.0010847714849941785
-0.0010910978997601963
-0.0010956001390961577
-0.0010889418553817088
-0.0011191974727643827
-0.0011995261269518917
-0.0010409101755220038
-0.0013660389155819765
-0.0009212845284688063
-0.0009943740663741804
-0.0007570088368500657
-0.0011364927621138287
-0.000798249402708597
-0.0008323614827648719
-0.0015759296923753589
-0.0011523280088424723
-0.0017286421967287343
-0.0015016986734448295
-0.0016413139641561613
-0.0013926971969405425
-0.0008260349460673637
-0.0011794780822021666
-0.00040778349502272647
-0.0012784713364232527
2.7381492526630253e-05
-0.0031584131978978818
0.0014840544495322108
-0.007421906845949283
0.016020063316928988
0.102280347754643
0.11402618052918553
0.12645139989206194
0.09317741499733656
0.1466589735363712
0.02119513034808089
-0.03571546128584836
-0.06221671170994644
-0.11735814947980319
-0.12509601784548746
-0.1020045403111253
-0.060050076205257916
-0.03156610558070051
-0.0019742454466376578
0.025767528077611315
-0.0018155386760963803
-0.03406508181213079
-0.01099227012770111
0.02706963247011411
0.06561771769615199
0.054127655472307294
0.0187102495452759
0.0011523766488488435
-0.005062080499097565
0.005388859790130171
0.029495501570335925
0.02812644202058036
0.01256672442800811
-0.005235566088731709
-0.014039300632074439
-0.017091271788219075
-0.01131000356301657
0.0026830748513482564
0.0009648638550766506
-0.004792212137137933
-0.01002126336656475
-0.008856711290821606
-0.0032386439169730915
0.005602498678616426
0.01438935154758109
0.012630757946254807
0.008392069238249858
0.005049945754071911
0.008318148641366999
0.0035347947863625514
0.0006100465400495787
-0.0034454388833018356
0.0006371120959434951
0.004834377105882675
0.00691041554942353
-0.0002569001824711157
-0.01317939576309643
-0.017340688275938376
-0.013721311207299258
-0.00513895987944404
0.00029156978809306757
-0.00044694807825020717
-0.004149424228730941
-0.006850289979358531
-0.010451449644849384
-0.008872252796739071
0.003424506428527849
0.011382478569182636
0.009465192003632375
0.0019426290079498098
-0.0017737962080563827
-0.0010242633970092238
0.0036326160392498494
0.007376146862527199
0.008496973787344757
0.004691782673183274
-0.002403660629156275
-0.006368838766006239
-0.005465289689182144
-0.003174932719042896
-0.0035519992929108892
-0.004733142485002142
-0.005654818090493424
-0.006529744902149132
-0.00767820011244622
-0.007484193225302499
-0.005262733413499668
-0.0024761605513161635
-0.00015595105858347912
0.0007752565031031694
0.0013713035874425316
0.001919957592393551
0.0019531955895009424
2.18193275274062e-05
-0.0007237724956990761
0.0015634079128785967
0.0035437514472398826
0.0019235806068572366
-0.0010128387688016296
-0.0023742649231647756
-0.002250943721483604
-0.0023572126654981336
-0.0012174960107587387
0.0010170048803246486
0.0007744398059018949
-0.002114955967834199
-0.0033962749344786406
-0.0016762285732316302
0.00040587338317735243
0.0009928569974157458
0.0011538079828336525
0.001240074617122332
0.0007133460141395846
-0.0004827819115713382
7.597861875001627e-05
0.001214206533979575
0.0027032974662639644
0.002378497818521173
0.00044446280545569293
-0.0008416782713177534
-0.0007496178318815478
-0.00011914687103416178
-0.0013048702814542632
-0.0021452513697830487
-0.0010023004577229167
-0.0009653245051583338
-0.001363685014039549
-0.001552053853731561
-0.0006222398008255149
-0.00013489783711811374
-0.0002770407511734536
-0.0007281890473165736
-0.0005195490263140166
-0.0002094155823862097
0.000184070813029724
8.057520833213913e-06
-0.0002457300941679282
0.00021914345341579773
0.0005477123937261656
0.0015808384413937796
0.0030362736743798266
0.0006560904585352322
-0.0015563636298964213
-0.0026966330565004956
-0.0004732709903736351
-0.00040009928280098977
-0.001680243949651332
-0.0020975120188933176
-0.0022034540577232893
-0.0012852837883579053
-0.0007529789351938592
-0.0005521008144690131
0.0012504249530260816
0.0026946884944336
0.001233367486947681
-0.00043745657231772367
-0.0018869120526662957
-0.0005095890507116744
0.0011906895837184442
0.0014360383586412054
-0.0003709871997356862
-0.001988598664835664
-0.0018262463944363782
-0.0007911432499519782
-0.00040233428070548236
-0.0002632098740845289
-0.0006518151284466665
-0.0009485107573798349
-0.0011522922452046071
-0.0009560270565425152
-0.00047056148438281726
-0.00013398679734201452
-0.00016047721689669192
0.00023394752942625606
0.0005207142479515262
0.0005081255841813594
0.000549413421831835
0.0008138422858981369
0.0011384875730048242
0.0007565862818096861
0.0003285551689278261
0.0003390460826375889
0.00039526932208885197
-1.4437610860630021e-05
-0.0009646533957364308
-0.001366390992901824
-0.001309597472809368
-0.0010854617801566446
-0.000862126088119696
-0.0008321459710390162
-0.0011767070042063236
-0.0013992451462090294
-0.001110858604498967
-0.000568153805533717
6.868413318924979e-05
0.0002562182601082759
0.0002419820857396419
-8.49862213385985e-05
-0.00016334385590568382
-0.00032058549536551355
-0.000576776131394257
-0.0005958173011447929
-0.0005921910833417044
-0.0007725175175915504
-0.000916414279964702
-0.001033436702306515
-0.0007541336370293828
-0.000419744789218658
-0.0003603642919667787
-0.0004939853430650007
-0.0001404763341312161
9.59708952416347e-05
5.3477710780617675e-05
0.00011560606023859556
0.0003566157765105699
0.00035268130420341895
0.00017172507166344657
-0.0002105088611765618
-0.0005073926691938769
-0.0008320322549417701
-0.0010580683003160235
-0.0012040398542849276
-0.0011760539772097249
-0.0010838041490539236
-0.0008508656818494531
-0.000868934612654383
-0.000787796990761167
-0.00045319026200946297
-0.00030806582053651
-0.00024577622198853374
-4.455670694081353e-05
0.00011879381419251572
2.040762902291959e-05
0.00015892474130826793
4.112906162961129e-05
0.00011664236713500163
1.0405409427772115e-05
6.473947521643838e-05
-1.0052023840576951e-05
4.063705061019442e-05
-1.9852697812154006e-05
1.7244986188594762e-05
-2.5325044648709025e-05
5.6628909102889025e-06
-4.301982014793858e-05
-8.203316624987679e-06
-4.27833037260607e-05
-1.5401739053942757e-05
-4.4541376964228285e-05
-1.5617911867278432e-05
-4.31605258154644e-05
-1.6864337458158917e-05
-4.023844624107651e-05
-1.793405074694264e-05
-3.759235454822761e-05
-1.7602836824686123e-05
-3.6231412884740394e-05
-1.7571794087432378e-05
-3.420941681203943e-05
-1.869807912922649e-05
-3.3119537529365385e-05
-1.966387382234744e-05
-3.2538596033772176e-05
-2.0929033524675483e-05
-3.197155432996257e-05
-2.195842555114194e-05
-3.167118002872537e-05
-2.2862373202380904e-05
-3.1509839877184604e-05
-2.3732820786083464e-05
-3.133803948295738e-05
-2.4577031041450245e-05
-3.123943579672484e-05
-2.5277990983689838e-05
-3.118619776454573e-05
-2.5943462587845476e-05
-3.112422242082237e-05
-2.6564534097364614e-05
-3.112383434109343e-05
-2.7131728939078703e-05
-3.116109580366278e-05
-2.767057888854391e-05
-3.122457713587289e-05
-2.8185714153735147e-05
-3.132106956513816e-05
-2.8675706319271983e-05
-3.144972217996927e-05
-2.9149268444057363e-05
-3.160157961897025e-05
-2.960680277445829e-05
-3.177934735088157e-05
-3.0047831692635286e-05
-3.197729035898337e-05
-3.0477999235845542e-05
-3.219222725553319e-05
-3.089813961706093e-05
-3.2423887859041886e-05
-3.1309202646517007e-05
-3.2670118601094166e-05
-3.171320340131581e-05
-3.2929050967953066e-05
-3.211138768712603e-05
-3.320016530999431e-05
-3.250453648364634e-05
-3.3482336716537454e-05
-3.289407972541003e-05
-3.37745076727887e-05
-3.328082941047927e-05
-3.407609025696484e-05
-3.366554036549909e-05
-3.4386336980456904e-05
-3.40490134367773e-05
-3.470464562786843e-05
-3.443185065857908e-05
-3.503055629439046e-05
-3.4814576700431315e-05
-3.536359458952317e-05
-3.51977237269792e-05
-3.5703348128981256e-05
-3.558171703974401e-05
-3.6049506456884914e-05
-3.596693229419813e-05
-3.640177021348417e-05
-3.635372636375412e-05
-3.675988659575897e-05
-3.674240177748653e-05
-3.7123648222561095e-05
-3.713323086887637e-05
-3.7492870877505716e-05
-3.7526464695920815e-05
-3.7867398268042265e-05
-3.7922324582490355e-05
-3.8247102236613965e-05
-3.8321009770978746e-05
-3.863187260611358e-05
-3.872270297905359e-05
-3.902161868170708e-05
-3.912756792733593e-05
-3.941626750446781e-05
-3.953575413092312e-05
-3.9815759367942344e-05
-3.9947399029437993e-05
-4.0220047581593496e-05
-4.036262822055436e-05
-4.0629097194844004e-05
-4.0781557570076076e-05
-4.104288289823426e-05
-4.1204294744810136e-05
-4.146138823457135e-05
-4.16309397731243e-05
-4.188460468994553e-05
-4.2061586292050854e-05
-4.231253051273235e-05
-4.249632244387753e-05
-4.2745170100077536e-05
-4.293523145234776e-05
-4.318253331994171e-05
-4.337839236790884e-05
-4.3624634827795123e-05
-4.382588065250095e-05
-4.407149358511865e-05
-4.4277768630619774e-05
-4.452313240479067e-05
-4.4734125966308614e-05
-4.4979577511827535e-05
-4.519502005830879e-05
-4.5440858206707846e-05
-4.566051636224343e-05
-4.590700655643181e-05
-4.613067870368626e-05
-4.637805711144076e-05
-4.6605569544612446e-05
-4.685404667279433e-05
-4.708525021112709e-05
-4.733501408423369e-05
-4.756978110264142e-05
-4.782100004632186e-05
-4.805922187387044e-05
-4.831204695862753e-05
-4.855363159131658e-05
-4.8808198781543917e-05
-4.905306887673913e-05
-4.9309500912776385e-05
-4.955759203016522e-05
-4.981600008219827e-05
-5.006725913964008e-05
-5.032774425988619e-05
-5.0582128178840126e-05
-5.084478257558851e-05
-5.110225709296229e-05
-5.1367165248977775e-05
-5.162770387453358e-05
-5.18949435298309e-05
-5.2158526631110314e-05
-5.242816964453993e-05
-5.269478364541315e-05
-5.296689675230934e-05
-5.3236533428601546e-05
-5.351117890552842e-05
-5.378383476819376e-05
-5.40610710168081e-05
-5.4336746770563236e-05
-5.4616628830333515e-05
-5.489532889931415e-05
-5.517790889829615e-05
-5.545964100981543e-05
-5.574496855966036e-05
-5.602974337896513e-05
-5.631786592313545e-05
-5.660569673443007e-05
-5.6896659853794725e-05
-5.718756227968244e-05
-5.74814099606549e-05
-5.7775401716604326e-05
-5.8072176587439735e-05
-5.8369277266977806e-05
-5.8669020805403695e-05
-5.8969251691652326e-05
-5.927200440750656e-05
-5.957538830849626e-05
-5.9881189904353464e-05
-6.0187751008853384e-05
-6.049664052143395e-05
-6.0806404272835837e-05
-6.111842019797405e-05
-6.143141318405059e-05
-6.174659358588521e-05
-6.206284344240666e-05
-6.23812260507222e-05
-6.270076137739312e-05
-6.302238367266071e-05
-6.334523395993763e-05
-6.367013324882435e-05
-6.399632881408978e-05
-6.432454229628179e-05
-6.465411422788833e-05
-6.498567905458863e-05
-6.531865916389812e-05
-6.565361249053343e-05
-6.599003326978336e-05
-6.632841230215923e-05
-6.666830688837746e-05
-6.701014892358025e-05
-6.73535510668802e-05
-6.769889352975403e-05
-6.804583756624295e-05
-6.839471804238103e-05
-6.874523887134777e-05
-6.909769513599201e-05
-6.945182819958963e-05
-6.980789824357237e-05
-7.016567950982814e-05
-7.052540156284016e-05
-7.088686751155872e-05
-7.125028006339665e-05
-7.161546767371868e-05
-7.198260949305038e-05
-7.235155623373356e-05
-7.272246638538756e-05
-7.309521020611393e-05
-7.3469928066585e-05
-7.384650739118747e-05
-7.422507266272146e-05
-7.460552638399037e-05
-7.498797910763589e-05
-7.537234658298246e-05
-7.575872715085059e-05
-7.61470481989683e-05
-7.6537397364855e-05
-7.692971226382723e-05
-7.732407115361857e-05
-7.772042063867784e-05
-7.811883076008362e-05
-7.851925602465437e-05
-7.892175927528178e-05
-7.932630196936423e-05
-7.973294064677629e-05
-8.014164287863213e-05
-8.05524596868464e-05
-8.096536402283519e-05
-8.1380402080919e-05
-8.179755154771382e-05
-8.221685439604531e-05
-8.263829248289616e-05
-8.306190409065859e-05
-8.348767475131507e-05
-8.391563952333565e-05
-8.434578717912822e-05
-8.477814996237735e-05
-8.521271950384115e-05
-8.56495255930885e-05
-8.608856238476568e-05
-8.652985752955889e-05
-8.697340741262533e-05
-8.741923782299498e-05
-8.786734711875834e-05
-8.831775947079818e-05
-8.877047498462317e-05
-8.92255164269124e-05
-8.968288545236163e-05
-9.014260361149834e-05
-9.060467393473376e-05
-9.106911692091684e-05
-9.153593682419753e-05
-9.20051532371793e-05
-9.247677150412626e-05
-9.295081043863854e-05
-9.342727635834852e-05
-9.390618740987217e-05
-9.438755078163853e-05
-9.487138405175641e-05
-9.535769519003262e-05
-9.584650129261467e-05
-9.633781103186747e-05
-9.683164109808672e-05
-9.732800079766493e-05
-9.782690648209259e-05
-9.832836803143341e-05
-9.883240151736805e-05
-9.93390173410838e-05
-9.984823134653528e-05
-0.00010036005440990092
-0.00010087450219312989
-0.00010139158600735824
-0.0001019113213726365
-0.00010243371999992326
-0.00010295879730324448
-0.00010348656536277728
-0.0001040170395177481
-0.0001045502321911371
-0.00010508615867517527
-0.00010562483171206848
-0.0001061662665715863
-0.00010671047629523187
-0.00010725747615216406
-0.00010780727946550078
-0.00010835990152316052
-0.0001089153559147172
-0.00010947365796372312
-0.00011003482151323055
-0.00011059886193773706
-0.00011116579332242109
-0.00011173563110638846
-0.00011230838960702046
-0.00011288408434009497
-0.00011346272984709155
-0.00011404434173117959
-0.00011462893475077188
-0.00011521652460626816
-0.00011580712626685439
-0.00011640075553892207
-0.0001169974275975305
-0.00011759715836272278
-0.00011819996321126014
-0.00011880585818405457
-0.00011941485885587854
-0.00012002698139508767
-0.00012064224157158979
-0.00012126065568722911
-0.00012188223970466413
-0.00012250701006436058
-0.00012313498292017147
-0.0001237661748562465
-0.00012440060221616028
-0.0001250382817321009
-0.00012567922993662146
-0.00012632346371439524
-0.00012697099978660551
-0.00012762185519356274
-0.00012827604684483625
-0.00012893359194093715
-0.00012959450757892466
-0.00013025881112320453
-0.0001309265198584063
-0.00013159765131650605
-0.00013227222297008717
-0.00013295025252139762
-0.00013363175763266661
-0.00013431675617848993
-0.00013500526601118498
-0.00013569730518153125
-0.0001363928917322039
-0.00013709204389265986
-0.00013779477989749218
-0.00013850111815788557
-0.00013921107710141117
-0.0001399246753229959
-0.0001406419314446592
-0.000141362864247387
-0.00014208749254925436
-0.00014281583532051948
-0.00014354791157620986
-0.00014428374047809392
-0.00014502334123993993
-0.0001457667332172099
-0.0001465139358242096
-0.0001472649686126389
-0.00014801985119888774
-0.00014877860333306126
-0.00014954124483565972
-0.00015030779565758297
-0.00015107827582493062
-0.00015185270549199963
-0.00015263110489233751
-0.00015341349438569246
-0.00015419989441527995
-0.0001549903255486343
-0.00015578480844031205
-0.00015658336386807224
-0.0001573860127000163
-0.0001581927759262277
-0.00015900367463032958
-0.00015981873001739142
-0.0001606379633884333
-0.0001614613961656194
-0.00016228904986994463
-0.00016312094614280288
-0.00016395710672700365
-0.0001647975534857948
-0.00016564230838619627
-0.00016649139351558812
-0.00016734483106734704
-0.0001682026433553584
-0.00016906485280132898
-0.00016993148194816102
-0.00017080255344852676
-0.00017167809007659866
-0.00017255811471828653
-0.00017344265038160978
-0.00017433172018787094
-0.00017522534738108943
-0.00017612355532071498
-0.0001770263674895139
-0.00017793380748718141
-0.00017884589903754402
-0.00017976266598317072
-0.00018068413229153544
-0.00018161032205034504
-0.00018254125947328285
-0.0001834769688958265
-0.00018441747478036935
-0.00018536280171273912
-0.00018631297440646974
-0.00018726801770028453
-0.00018822795656168805
-0.000189192816084819
-0.0001901626214935682
-0.0001911373981401173
-0.00019211717150762093
-0.00019310196720889218
-0.00019409181098890024
-0.0001950867287238416
-0.00019608674642329757
-0.00019709189022920973
-0.00019810218641861527
-0.0001991176614023725
-0.0002001383417273156
-0.0002011642540758105
-0.0002021954252677614
-0.0002032318822595793
-0.00020427365214654303
-0.00020532076216248562
-0.0002063732396812849
-0.0002074311122167011
-0.00020849440742365735
-0.00020956315309898733
-0.00021063737718171767
-0.00021171710775437649
-0.0002128023730433288
-0.00021389320141953084
-0.0002149896213995303
-0.00021609166164572065
-0.0002171993509679073
-0.00021831271832337628
-0.00021943179281773672
-0.00022055660370588867
-0.0002216871803927985
-0.00022282355243387233
-0.00022396574953620238
-0.00022511380155908
-0.00022626773851519582
-0.00022742759057068767
-0.00022859338804644965
-0.00022976516141869676
-0.00023094294131998971
-0.0002321267585398918
-0.00023331664402593248
-0.00023451262888407143
-0.0002357147443798155
-0.0002369230219388434
-0.00023813749314789424
-0.00023935818975590108
-0.00024058514367423508
-0.00024181838697814295
-0.00024305795190696121
-0.000244303870865542
-0.00024555617642459284
-0.00024681490132212147
-0.00024808007846353615
-0.0002493517409233958
-0.0002506299219452347
-0.00025191465494374675
-0.0002532059735038865
-0.00025450391138398423
-0.00025580850251407923
-0.0002571197809998066
-0.00025843778111946564
-0.00025976253732964543
-0.00026109408426053704
-0.00026243245672307987
-0.0002637776897036542
-0.0002651298183706278
-0.00026648887807051284
-0.0002678549043325057
-0.0002692279328667267
-0.0002706079995677455
-0.0002719951405121524
-0.0002733893919640005
-0.0002747907903706044
-0.00027619937236790775
-0.000277615174779828
-0.00027903823461584455
-0.00028046858908218936
-0.00028190627556465704
-0.000283351331655343
-0.0002848037951222515
-0.0002862637039444215
-0.00028773109627801155
-0.0002892060104932801
-0.0002906884851360224
-0.0002921785589756853
-0.0002936762709467866
-0.0002951816602269906
-0.00029669476614021926
-0.0002982156282766915
-0.0002997442863570286
-0.0003012807803828989
-0.0003028251504810002
-0.00030437743706494824
-0.000305937680673551
-0.00030750592213590433
-0.0003090822024079053
-0.00031066656273676156
-0.00031225904450260387
-0.000313859689372256
-0.0003154685391532311
-0.00031708563594872276
-0.00031871102196719304
-0.0003203447398013072
-0.0003219868320096421
-0.0003236373417205648
-0.00032529631184056193
-0.0003269637859990085
-0.0003286398075354091
-0.0003303244204766682
-0.0003320176687094639
-0.00033371959659444426
-0.00033543024855308887
-0.00033714966940088956
-0.00033887790391252265
-0.0003406149975581923
-0.0003423609953237426
-0.0003441159434163648
-0.00034587988700787053
-0.0003476528730917347
-0.0003494349468736665
-0.000351226156487683
-0.0003530265467210987
-0.00035483616705178015
-0.00035665506236894133
-0.0003584832820978344
-0.0003603208732153723
-0.000362167883164912
-0.0003640243623533497
-0.0003658903559179182
-0.0003677659165927001
-0.00036965109007858904
-0.00037154592767338693
-0.00037345047816413036
-0.00037536479199515977
-0.00037728891676457694
-0.00037922290871454656
-0.0003811668077782042
-0.00038312068062944064
-0.00038508455783669
-0.0003870585139352711
-0.0003890425772554826
-0.00039103682077120945
-0.0003930412786158973
-0.00039505601992710334
-0.0003970810788618051
-0.0003991165315186667
-0.0004011624012266518
-0.0004032187790054642
-0.0004052856743844397
-0.00040736319046809274
-0.00040945133137129425
-0.000411550199596478
-0.0004136598059465376
-0.00041578024671338554
-0.0004179115376061
-0.0004200537729517805
-0.00042220697170072775
-0.00042437122420070433
-0.0004265465563987771
-0.00042873305234592755
-0.00043093074202392
-0.00043313972037843846
-0.0004353599773648947
-0.00043759170077685037
-0.0004398347278955965
-0.0004420894337940478
-0.00044435549889240873
-0.00044663336053553935
-0.00044892276980269976
-0.0004512239685253918
-0.00045353699010045176
-0.0004558617774984516
-0.00045819858644645655
-0.000460547335457599
-0.00046290804182050967
-0.0004652810819855631
-0.00046766591520960057
-0.0004700634470322393
-0.00047247271583676035
-0.00047489499092145493
-0.00047732883681098244
-0.0004797763498584041
-0.000482234674607906
-0.0004847079029116887
-0.00048719187715477556
-0.0004896885347696178
-0.0004922009405757743
-0.0004947204024840918
-0.0004972603140681402
-0.0004998048252361342
-0.0005023700678512214
-0.0005049423800897116
-0.0005075301058635423
-0.0005101328895468927
-0.000512747381186169
-0.0005153730811468058
-0.0005180208259630212
-0.0005206659101501558
-0.0005233457652820414
-0.0005260163925425664
-0.0005287232434926419
-0.0005314247280668
-0.0005341519322073468
-0.0005368877860541699
-0.000539639288375051
-0.0005424016898858256
-0.000545188078462407
-0.0005479710176802786
-0.0005507888375703282
-0.0005535986839302945
-0.0005564448843910696
-0.0005592847170197664
-0.0005621572811797122
-0.000565031433688908
-0.0005679328236863494
-0.0005708360039766778
-0.0005737682270441618
-0.0005767046173708237
-0.0005796625620059807
-0.0005826330895858682
-0.0005856220278917671
-0.0005886170767490685
-0.0005916472382021245
-0.0005946500005171668
-0.0005977482886531818
-0.0006007242093726464
-0.0006039338511575039
-0.000606893909534903
-0.0006100794859238484
-0.0006132184016552768
-0.0006162788968702365
-0.0006195673493744423
-0.0006225817294131957
-0.0006258856014206529
-0.0006290552110028201
-0.0006321971773901407
-0.0006356568479180708
-0.0006386111968649123
-0.0006422303466549685
-0.0006451681966938025
-0.0006488321367486257
-0.0006517187440185544
-0.0006556953450050302
-0.0006580720978502704
-0.000662887901389908
-0.000664437081740812
-0.0006690554229460407
-0.0006808995696110502
-0.0006671869767675771
-0.0006877228570283979
-0.0006832852331735328
-0.0006926186713027466
-0.0006937229129752286
-0.0006901841437699395
-0.0007014942523182362
-0.0006957370479724195
-0.0007058964128471845
-0.0007222334372318784
-0.0007034905924034607
-0.0007320223590262381
-0.0007125537771973094
-0.0007277734280339981
-0.0007308314711582838
-0.0007311954496031225
-0.0007481174542684002
-0.0007389722291540404
-0.0007554573533537084
-0.0007581306119074337
-0.000753496645609141
-0.0007667738540461481
-0.0007687768458014821
-0.0007737205532046959
-0.0007689237053107398
-0.000782636132480339
-0.0007678461833052277
-0.0007807788420652537
-0.0007763936372806868
-0.0007761990553827485
-0.000793561818810521
-0.0007831900888596889
-0.0008011692907638196
-0.0008037596106727244
-0.0008000764544957087
-0.0008135104588607955
-0.0008164051371410295
-0.000821120860339709
-0.0008261941443269671
-0.0008287923757909994
-0.0008427046145421708
-0.0008466644335410615
-0.0008515617758244893
-0.0008589827202180197
-0.0008512751114940734
-0.0008585457840087757
-0.000867414451023948
-0.0008580446480770303
-0.0008676765139821999
-0.0008579082069607903
-0.000882844392482486
-0.0008586244063181822
-0.0008912864839533062
-0.0008695491922725096
-0.0008978788347957421
-0.0008810929788408682
-0.0009059056346613487
-0.0008933757927714169
-0.0009057368733701343
-0.0009046793839827054
-0.000905276595034316
-0.0009133098426157447
-0.000917447156615595
