0.00027816210061861894
0.00036478765056073255
0.000268312695835399
0.0003160167369576912
0.00024083861226685733
0.0002980528818803363
0.00025110898378620083
0.0002905118862623547
0.00026302142391767283
0.0002939770881984886
0.00027811639836255607
0.0003008492827555219
0.00028460420598991614
0.00030998725630049023
0.0003019678572129808
0.0002998552584466866
0.0003032169248768036
0.0003085852656164623
0.0002944711344413037
0.0002973902458160532
0.0002800978929906793
0.0002749169848865781
0.000265899848678208
0.0002476720110118599
0.0002460222630098412
0.00022357359527615296
0.00021602763629053858
0.00019756628243980533
0.00021674724062413926
0.00017401457537882608
0.000214313957387265
0.0001684841268640419
0.00020910720708506268
0.00017064749236820129
0.00018927660901481695
0.0001616514697231997
0.0001711909412848818
0.00014188482895110264
0.00017241289621172903
0.0001564919398988361
0.00015922556523078227
0.00016139429341573152
0.00017118620254135046
0.00014489410098450804
0.000153471721732608
0.0001319858928702252
0.00012150976588484059
0.00013999409745459962
0.00011324549686601203
0.00012020861630472786
0.00010275731623356739
9.925316307303865e-05
8.08005279630756e-05
9.425089623912877e-05
7.070397280681043e-05
6.203486664552285e-05
6.47524731436565e-05
6.62154780133377e-05
4.771766102732781e-05
6.782380393370564e-05
4.110467607201459e-05
4.029201686668433e-05
4.6250093258780336e-05
1.9758888321508457e-05
4.2258202441227614e-05
9.249586661301806e-06
3.143643393017405e-08
9.379666020797872e-06
-2.3320264739994426e-05
3.2194070773103886e-06
-3.504497918269535e-05
-5.0901176700818155e-06
-4.391568402574973e-05
-1.8236452606900993e-05
-3.325221280335133e-05
-3.950185028355006e-05
-3.601671214814887e-05
-3.9495888446123705e-05
-3.5715138306114357e-05
-4.749404949596386e-05
-6.0546266820447274e-05
-5.139879381500196e-05
-7.727428884121187e-05
-7.502059265050126e-05
-0.00010089542731327687
-8.959335320561559e-05
-0.00010463025671860837
-8.885793959994079e-05
-0.00011794354039105105
-0.00010058289940700736
-0.00011044209602129528
-0.00012557686457709765
-0.0001082052320825081
-0.0001254504894050376
-0.0001121465027141523
-0.00013292974487420312
-0.00013924126145791458
-0.00014469158385558984
-0.00014114825213860617
-0.00016873726562113313
-0.0001464973120554951
-0.0001878326635210646
-0.00016298148186133317
-0.00018747655131019498
-0.0001675645816813931
-0.00020666333524051037
-0.0001718121808892653
-0.0002056817868691519
-0.0001768954791565092
-0.00021991466233533348
-0.00018967014401228188
-0.00023861259557858344
-0.00021278741629172102
-0.0002361556775849205
-0.0002631953721636913
-0.00025506850110354473
-0.0002933912129967466
-0.0003043137798312821
-0.00033866937035185486
-0.0003316388060005419
-0.0003828908691298461
-0.00035683433478687215
-0.0003998528838099906
-0.0003606289961463978
-0.000383645431546844
-0.00035521392647080985
-0.0003729577853833978
-0.0004081178167173739
-0.00040145473378086277
-0.0004253018551611041
-0.00041903901779942075
-0.00046021384540949963
-0.00042748942385861035
-0.00047898802558499166
-0.00041232145410718317
-0.0004658935514798322
-0.00041111619709075387
-0.00043971117478983996
-0.0004454460450796011
-0.0004586207595652663
-0.0004733100277067388
-0.0004803884517958691
-0.0004896871864189223
-0.0005178827348924566
-0.0005347722312727133
-0.0005879502414160777
-0.0006120009851734887
-0.0006839822802933507
-0.0006737798554732825
-0.0006595255872050704
-0.0005814039590904798
-0.0004877610175672622
-0.00028756950247863975
-9.378807937981833e-05
0.0001149180487101981
0.0001239191854467724
0.00010805689009149873
-0.00010084775993592355
-0.00013716926245265482
-0.0003994524962337712
-0.00031676417023345253
-0.0006776246151452923
-0.0004444795521363936
-0.0009687563464258387
-0.0006167685453555553
-0.0012817528536224563
-0.0005622359024923307
-0.0014780289935661195
-0.0001304266605859121
-0.0015704212277139102
0.00043073851982605124
-0.002193021925526305
0.0015470995877553701
-0.004632285880468968
0.013451968866600635
0.03576709506086844
0.04761390633360294
0.0625500556373422
0.11063145441768338
0.09449626653410251
0.04143058348406988
-0.040481465590552705
-0.07382722523288919
-0.07633374015251115
-0.047519953781923766
-0.018314866985499133
-0.010898985757132945
-0.01846343853858495
-0.037303977662009435
-0.044404309052777896
-0.03824532175204159
-0.01107843953329148
0.015506743276116888
0.02984950254812622
0.023041881465064005
0.019608306870604567
0.012004506674305394
0.012968442028462313
0.015189173353808668
0.01687610569411469
0.0149878765439184
0.018149880891986714
0.016977249818479118
0.007258977020395712
-0.008614215928513365
-0.011975787205518127
-0.01195537945317436
-0.0057599874298843315
-0.003728442208135733
-0.004880047264042134
-0.0012806802153703537
-0.000997742017023426
-0.01164650510099383
-0.01938004170201738
-0.015769549411624458
-0.008161606289978602
-0.0005290100453752947
0.0089839091591256
0.013370688110581525
0.008297696134721828
-0.000304061017410161
-0.0020180744563759565
0.0015931357602624052
0.010774925140472718
0.015889272426291796
0.01573417577431
0.009554382432959918
0.000270005105249796
-0.006568256297172002
-0.006682959423394243
-0.0028689212164800903
0.0003474849334961208
-0.0002025785439216395
-0.0014007856148829326
-0.00286893897262321
-0.005614456678976122
-0.007876873997699752
-0.005814676546738385
-0.00197717815202292
0.0016930234137687607
0.003191860825877996
0.003621993606757321
0.0027502573325712334
0.0011487848474176455
0.00047677028425677735
0.0020231129416923774
0.006056268650307105
0.010186318306022912
0.008459959967609662
0.005108503259285198
0.0023330253605196908
-0.002243719110843741
-0.0054198585068248595
-0.006774343212849638
-0.005225894271818388
-0.0035431594999884805
-0.004174659320140034
-0.00503285308989454
-0.005961108483114745
-0.006087410131915352
-0.0043563401072551425
-0.0022275366547617865
0.003088726783248277
0.005676963837548172
0.008078661496016628
0.006507001931447349
0.002072143236441778
0.0007946123439211723
0.00015329841458698967
0.000787452029308117
0.003372988008020561
0.003729297415914791
0.0013383322738480879
4.6191402858155505e-05
-0.0008156000666494351
-0.0017543809077233572
-0.0027031993859927385
-0.0017829059558508542
-0.0006126777993565441
0.0007741979071736232
0.0003754020118502154
-0.0008517994482698306
-0.0015576234167646264
-0.0016907630975539017
-0.0012893627890399845
-0.000640734764675242
0.0005324222725402178
0.0014286032201282078
0.0007563068157634741
-0.00013929646469585614
-0.00018754719134021986
0.0002185447791363102
0.0003870626950710854
0.0006751823773315617
0.0010015211889987552
0.0012102114911148915
0.0009147038877180766
-7.230381017286409e-05
-0.0010793747761775354
-0.001104896672346689
-2.3071861310656853e-05
-0.0007136054990805891
0.00015839465824396055
-0.00023303828623866973
0.00016841360747567302
1.8126494603308e-05
0.00011049475505260024
-0.00014437612498462068
8.91810872234036e-06
-0.00010241304010249954
4.260577697150409e-05
-4.375199125736685e-05
4.153271772843912e-05
4.184542020925497e-06
6.064796763023922e-05
-1.9809371432476654e-05
1.1414337036129863e-05
-2.087270876508624e-05
3.414287231652568e-05
4.020604308376755e-06
3.178361944734679e-05
-1.365287064019824e-07
2.257463562042785e-05
-2.7668552971937127e-06
1.0569881127365285e-05
-1.23379401153062e-05
2.3089299189477455e-06
-8.724227706046611e-06
4.170613503961997e-06
-5.961164674776927e-06
3.0132777700218882e-06
-4.195672231945696e-06
2.6034366910903e-06
-4.339704102153657e-06
4.5334781110031863e-07
-3.7432074523724e-06
1.170414831396004e-06
-2.008771386287052e-06
1.2207867281561645e-06
-1.5791014242839084e-06
1.0918064375642356e-06
-9.760525007803875e-07
9.323163311127092e-07
-8.180758680623526e-07
7.952996702325797e-07
-3.658845916694464e-07
8.838686837674137e-07
-1.764280338632969e-07
6.900016652447465e-07
-1.3403195026052105e-07
5.373467592952128e-07
-1.4333902718065283e-07
3.5718655524142576e-07
-1.336021503100355e-07
3.0167803011833404e-07
-7.518319963860723e-08
2.3560224553497702e-07
-7.219993325668613e-08
1.7746211018564292e-07
-5.1756266298164533e-08
1.399731359536583e-07
-4.054321279449522e-08
1.1626916758517665e-07
-1.2901462052438036e-08
1.116739837131453e-07
7.223684388288007e-09
1.0162413857303654e-07
2.273823178008949e-08
9.848355535593822e-08
3.721886976393307e-08
9.563006584528688e-08
4.935570449560167e-08
9.638806195561012e-08
6.043539464359315e-08
9.553221323385652e-08
6.667175053362562e-08
9.409523936063091e-08
7.207164562459539e-08
9.327488450627114e-08
7.600606826644457e-08
9.271345101889705e-08
7.97482714309794e-08
9.290001160358607e-08
8.276409684719946e-08
9.301511689425502e-08
8.543411724754458e-08
9.374867965314512e-08
8.81327360974395e-08
9.483525299859076e-08
9.079740130714202e-08
9.636315253035252e-08
9.353823406678646e-08
9.811672741259162e-08
9.61992157102738e-08
1.0007834235353514e-07
9.892437903109505e-08
1.0224734324440368e-07
1.0165132466835754e-07
1.0454347142800093e-07
1.0440116108830031e-07
1.069577059338193e-07
1.0714825173210245e-07
1.094392021278544e-07
1.0990568246962182e-07
1.1200873394285119e-07
1.1269410062815792e-07
1.1465126580320118e-07
1.1551398155249058e-07
1.173701441844601e-07
1.1837913023929432e-07
1.2016166745877517e-07
1.2129158302409435e-07
1.23028768211785e-07
1.242645112520799e-07
1.2597543559765383e-07
1.2730108547100204e-07
1.2900078546313024e-07
1.3040647041378536e-07
1.321069602465999e-07
1.335834183656951e-07
1.3529357227565181e-07
1.3683493838291777e-07
1.3856265204491083e-07
1.4016391644780675e-07
1.419145565799399e-07
1.4357198588868167e-07
1.453504316182593e-07
1.4706146155628688e-07
1.4887142573873763e-07
1.506341939791012e-07
1.524790585195326e-07
1.5429257721770104e-07
1.561751317926026e-07
1.5803872278809944e-07
1.5996140569247974e-07
1.6187493517838547e-07
1.638399563666862e-07
1.6580354326610133e-07
1.6781287272976675e-07
1.6982693887539896e-07
1.7188243196580508e-07
1.7394757165353422e-07
1.7605091810247737e-07
1.7816787940025218e-07
1.8032070588135454e-07
1.824903726735036e-07
1.846942274592346e-07
1.869175788759463e-07
1.891739758924432e-07
1.9145208774882724e-07
1.937625096731354e-07
1.96096524055292e-07
1.9846244004391358e-07
2.0085357168144e-07
2.0327645177840512e-07
2.057259727413158e-07
2.08207292926553e-07
2.107165332130255e-07
2.132577851245111e-07
2.1582812554716462e-07
2.1843082076845443e-07
2.2106369094163688e-07
2.2372936318371464e-07
2.264262378905851e-07
2.2915644894963474e-07
2.3191884989409869e-07
2.3471519379531143e-07
2.3754468727767419e-07
2.4040878941284033e-07
2.433069836806946e-07
2.4624050383632596e-07
2.492090509989141e-07
2.522136864093979e-07
2.552542825876654e-07
2.583317689656495e-07
2.6144615323375883e-07
2.645982652238631e-07
2.677882205391613e-07
2.7101677433895516e-07
2.7428412866734855e-07
2.775909834563158e-07
2.8093761033173197e-07
2.8432466904712594e-07
2.8775248840869387e-07
2.912216995417825e-07
2.947326780865711e-07
2.9828603620456515e-07
3.018821892150465e-07
3.055217374527826e-07
3.09205129829572e-07
3.129329602757187e-07
3.167057069414399e-07
3.205239622524345e-07
3.243882298718944e-07
3.2829910387023966e-07
3.3225711155169727e-07
3.36262851884618e-07
3.4031687328425796e-07
3.44419781750019e-07
3.4857214566491536e-07
3.527745796183269e-07
3.5702767088621577e-07
3.6133204458298315e-07
3.656883063597174e-07
3.700970930542978e-07
3.745590281409376e-07
3.7907476104921656e-07
3.8364493267206554e-07
3.882702059958672e-07
3.929512393110264e-07
3.976887100866442e-07
4.0248329430941237e-07
4.073356846046364e-07
4.122465743013233e-07
4.172166718097864e-07
4.222466881776202e-07
4.273373481205223e-07
4.324893805766699e-07
4.377035274108574e-07
4.429805359237979e-07
4.4832116543577815e-07
4.537261817448134e-07
4.591963621696513e-07
4.647324913189979e-07
4.7033536508851053e-07
4.7600578739867734e-07
4.817445732496111e-07
4.875525463910986e-07
4.934305415300638e-07
4.993794023699233e-07
5.053999836243835e-07
5.114931496643564e-07
5.176597757983485e-07
5.239007473520807e-07
5.302169609380358e-07
5.366093234733331e-07
5.430787532356338e-07
5.496261792153022e-07
5.562525419243567e-07
5.6295879272505e-07
5.697458949909689e-07
5.766148232429517e-07
5.835665641776983e-07
5.906021161345321e-07
5.97722489767416e-07
6.049287075317994e-07
6.122218044900989e-07
6.196028278814735e-07
6.270728379829927e-07
6.346329073280083e-07
6.422841217582436e-07
6.500275800556528e-07
6.578643945238546e-07
6.65795690613815e-07
6.738226074300884e-07
6.819462979480305e-07
6.901679287772428e-07
6.984886805938334e-07
7.069097483178603e-07
7.154323413747531e-07
7.240576838618936e-07
7.327870146823931e-07
7.41621587538587e-07
7.50562671069803e-07
7.596115493412617e-07
7.687695219088918e-07
7.780379041484869e-07
7.874180272027828e-07
7.969112382819174e-07
8.065189007689164e-07
8.162423944765883e-07
8.260831158625695e-07
8.360424781926791e-07
8.461219118089476e-07
8.563228643214394e-07
8.666468008178084e-07
8.770952040511705e-07
8.876695746242412e-07
8.983714311721052e-07
9.092023106451255e-07
9.201637684832153e-07
9.312573790017055e-07
9.424847354393747e-07
9.53847450269941e-07
9.65347155407843e-07
9.769855024838441e-07
9.887641630031098e-07
1.0006848285693654e-06
1.0127492111838658e-06
1.024959043498014e-06
1.0373160790463562e-06
1.0498220925942044e-06
1.0624788802298204e-06
1.075288259711713e-06
1.0882520707805496e-06
1.1013721752095641e-06
1.1146504571828294e-06
1.1280888237248307e-06
1.1416892048960294e-06
1.1554535540061182e-06
1.1693838478639505e-06
1.1834820871541919e-06
1.1977502966219059e-06
1.2121905253560726e-06
1.2268048472800072e-06
1.2415953612798314e-06
1.2565641915942031e-06
1.2717134880657296e-06
1.2870454264181437e-06
1.3025622085992573e-06
1.3182660630614243e-06
1.3341592451329606e-06
1.3502440373440154e-06
1.3665227498005459e-06
1.3829977204911092e-06
1.3996713155464647e-06
1.4165459295809553e-06
1.433623986141943e-06
1.4509079379470017e-06
1.4684002672084502e-06
1.4861034860975047e-06
1.504020137190463e-06
1.5221527936668281e-06
1.5405040598172846e-06
1.5590765712479755e-06
1.5778729952689585e-06
1.5968960312955777e-06
1.6161484114318725e-06
1.6356329006284379e-06
1.6553522972609543e-06
1.675309433462821e-06
1.6955071754460802e-06
1.7159484239806337e-06
1.7366361147906281e-06
1.7575732191014342e-06
1.7787627435590907e-06
1.8002077316532118e-06
1.821911263095305e-06
1.8438764550388238e-06
1.8661064620910947e-06
1.888604477166448e-06
1.911373731028129e-06
1.9344174939722264e-06
1.957739075342249e-06
1.981341825215289e-06
2.0052291325669836e-06
2.0294044283480738e-06
2.0538711842480617e-06
2.0786329143923394e-06
2.1036931750161828e-06
2.129055565292716e-06
2.154723727985683e-06
2.1807013492965876e-06
2.206992160063334e-06
2.23359993600485e-06
2.2605284985767926e-06
2.2877817152316358e-06
2.3153635003143153e-06
2.3432778149367467e-06
2.3715286681199774e-06
2.400120117070591e-06
2.429056268126009e-06
2.458341276978651e-06
2.4879793496237145e-06
2.517974742650347e-06
2.5483317639294204e-06
2.579054773303655e-06
2.610148183213774e-06
2.6416164591952842e-06
2.6734641206918347e-06
2.7056957415361557e-06
2.738315950893798e-06
2.7713294336225434e-06
2.8047409310386323e-06
2.838555241668075e-06
2.872777221926584e-06
2.9074117867683305e-06
2.942463910296869e-06
2.977938626537208e-06
3.0138410304035297e-06
3.05017627813032e-06
3.0869495881752536e-06
3.1241662419590475e-06
3.161831584544178e-06
3.199951025281266e-06
3.2385300387704954e-06
3.277574165578244e-06
3.3170890133063513e-06
3.3570802570326297e-06
3.3975536403024753e-06
3.438514975868945e-06
3.47997014652629e-06
3.521925105904461e-06
3.5643858794821848e-06
3.6073585654335105e-06
3.6508493355229266e-06
3.694864435830475e-06
3.7394101877726363e-06
3.7844929889896406e-06
3.830119314152981e-06
3.876295716033137e-06
3.92302882638168e-06
3.97032535694869e-06
4.018192100493662e-06
4.066635931593895e-06
4.115663807640647e-06
4.1652827699684494e-06
4.215499944757589e-06
4.266322544134362e-06
4.317757867203231e-06
4.369813300982711e-06
4.422496321635286e-06
4.475814495418905e-06
4.529775479863128e-06
4.584387024750974e-06
4.639656973377468e-06
4.695593263445621e-06
4.752203928415615e-06
4.8094970986744395e-06
4.8674810026350535e-06
4.926163967878703e-06
4.985554422448158e-06
5.045660895794542e-06
5.106492020433268e-06
5.168056532727991e-06
5.2303632745243425e-06
5.293421194305092e-06
5.357239348287822e-06
5.421826902003333e-06
5.4871931315265965e-06
5.553347424536344e-06
5.620299282087845e-06
5.688058319479282e-06
5.756634268414256e-06
5.826036977686329e-06
5.8962764148884e-06
5.967362667603365e-06
6.039305945425462e-06
6.112116580382892e-06
6.18580502957643e-06
6.260381875324884e-06
6.33585782913379e-06
6.412243730597898e-06
6.489550550547356e-06
6.567789391432504e-06
6.646971489719471e-06
6.727108217294275e-06
6.808211083279836e-06
6.890291735756927e-06
6.973361962965422e-06
7.057433695440926e-06
7.142519007465877e-06
7.228630118869266e-06
7.315779396638083e-06
7.403979357219789e-06
7.4932426675474785e-06
7.5835821476927885e-06
7.675010772015072e-06
7.767541671555587e-06
7.86118813534114e-06
7.955963612838856e-06
8.051881715568851e-06
8.148956219148707e-06
8.247201065058013e-06
8.346630363443956e-06
8.44725839399432e-06
8.549099609062591e-06
8.652168634644929e-06
8.7564802734438e-06
8.862049506543068e-06
8.968891495742502e-06
9.077021585280568e-06
9.186455304979052e-06
9.297208370776487e-06
9.40929669005202e-06
9.522736359500808e-06
9.637543671968396e-06
9.753735115600702e-06
9.87132737736659e-06
9.99033734584221e-06
1.01107821129445e-05
1.023267897600806e-05
1.0356045442913749e-05
1.0480899229361323e-05
1.0607258268180214e-05
1.0735140705606534e-05
1.0864564907304172e-05
1.0995549462706968e-05
1.1128113179513727e-05
1.1262275100985342e-05
1.139805448925656e-05
1.1535470850022834e-05
1.167454391225761e-05
1.1815293655518882e-05
1.1957740285913456e-05
1.210190426892768e-05
1.2247806299783837e-05
1.2395467340672514e-05
1.2544908589294372e-05
1.2696151515530132e-05
1.2849217831491233e-05
1.30041295279687e-05
1.3160908844453596e-05
1.3319578302252872e-05
1.3480160685801646e-05
1.3642679053893318e-05
1.3807156754554444e-05
1.3973617394944247e-05
1.4142084897838814e-05
1.4312583436917967e-05
1.4485137522826305e-05
1.4659771902326112e-05
1.4836511703934276e-05
1.501538224358374e-05
1.5196409292454619e-05
1.537961876048094e-05
1.5565037045677226e-05
1.5752690707506118e-05
1.5942606755094645e-05
1.6134812419246573e-05
1.6329335358809013e-05
1.6526203448071755e-05
1.6725445054172755e-05
1.692708869122008e-05
1.71311634275563e-05
1.7337698499522627e-05
1.754672361242455e-05
1.775826880220455e-05
1.7972364438045493e-05
1.818904126521569e-05
1.8408330535460253e-05
1.863026346185081e-05
1.885487246219668e-05
1.9082189121184118e-05
1.931224669391926e-05
1.954507830222857e-05
1.9780716233448042e-05
2.0019196889434904e-05
2.026055128175573e-05
2.0504817278665932e-05
2.0752028290048873e-05
2.1002220029020177e-05
2.1255429494437816e-05
2.1511692704528386e-05
2.177104529658188e-05
2.2033528353343143e-05
2.229917394709971e-05
2.2568027412662138e-05
2.284012047255022e-05
2.3115497756942636e-05
2.33941963239812e-05
2.367625587242528e-05
2.3961721003351935e-05
2.4250627296180244e-05
2.4543022507619167e-05
2.4838942624867168e-05
2.5138438280452257e-05
2.5441542048216387e-05
2.5748310664187868e-05
2.605877324958223e-05
2.6372990151732426e-05
2.6690990873532317e-05
2.701283878704815e-05
2.733855823269793e-05
2.766822445942184e-05
2.8001851207849857e-05
2.8339524637533233e-05
2.8681254159485686e-05
2.902712532512695e-05
2.9377157556762044e-05
2.9731426516157425e-05
3.008995995319708e-05
3.045283362183588e-05
3.082007435870255e-05
3.1191751014994246e-05
3.1567919912591554e-05
3.1948591802684074e-05
3.2333898642380836e-05
3.272378147464901e-05
3.311841029721846e-05
3.351773443028422e-05
3.392189523646755e-05
3.433087691977893e-05
3.4744817665827155e-05
3.5163657506921686e-05
3.558763244754931e-05
3.601655963812733e-05
3.64507793149324e-05
3.689005733685177e-05
3.7334710108296795e-05
3.7784597877130524e-05
3.823996638282687e-05
3.870062303945945e-05
3.91670944258557e-05
3.963857411005273e-05
4.0116778160705774e-05
4.059874083757906e-05
4.108847878715017e-05
4.158227524469701e-05
4.208115905816309e-05
4.258842942993533e-05
4.3096561982379966e-05
4.3614358486310305e-05
4.413543352685547e-05
4.466010369375505e-05
4.519371542683264e-05
4.573142007108748e-05
4.627453686986189e-05
4.682742235477544e-05
4.737930154944753e-05
4.79459659642449e-05
4.8509251329342205e-05
4.908736336955077e-05
4.966298038869369e-05
5.0249502750080105e-05
5.0841056315811264e-05
5.1440490157120874e-05
5.2044271688874745e-05
5.2657389670781435e-05
5.327662511483248e-05
5.3901588946798446e-05
5.453738052347685e-05
5.517619971471457e-05
5.5822256307659716e-05
5.6477691163130636e-05
5.714165057303082e-05
5.780593654228132e-05
5.8496103779394695e-05
5.91681878996009e-05
5.988311921883262e-05
6.056336364378672e-05
6.129324466788698e-05
6.198446919325351e-05
6.272907341883503e-05
6.343419606550963e-05
6.42125482491295e-05
6.494585869179636e-05
6.576618625475077e-05
6.655261809296624e-05
6.738684210636117e-05
6.824267047261543e-05
6.90959912031504e-05
6.998153616705291e-05
7.088119596222785e-05
7.178801316793304e-05
7.274447877864913e-05
7.369693168077403e-05
7.465629288726239e-05
7.567640621113352e-05
7.661426680893391e-05
7.76971084917484e-05
7.865275115670912e-05
7.972753273750204e-05
8.073826504018762e-05
8.181955768010024e-05
8.278664560310727e-05
8.405428510996652e-05
8.474362484085871e-05
8.679363098366066e-05
8.538852575774717e-05
9.539310320730787e-05
9.885785721609015e-05
0.00010773768202472695
0.00011725051719565279
0.0001149719099075233
0.00012782727802267298
0.00013289922659137947
0.00013166256491253662
0.00014423919214706172
0.00014642322726362731
0.0001554495759786028
0.00016489029135134296
0.00016326284061490934
0.00016973136305729333
0.00016561446627971288
0.00017912512164691282
0.00017198806072238294
0.0001806326363113228
0.00017670820583552427
0.00018276323414715282
0.00017875958849251087
0.0001918993131006931
0.00019226323221310825
0.00020550517569457313
0.0002096679284773494
0.00022042074518904283
0.00019753228727461874
0.0002256312835403601
0.0002056549443872412
0.00022243171611539836
0.0002158847822542881
0.000220613325926611
0.00023115351355985068
0.0002276512327838355
0.00024413986129248684
0.00020886769764770144
0.00023989042928276286
0.00019816944843901757
0.0002272239146274234
0.0002070144519954564
0.00022440741293303456
0.00021657456538208173
0.0002307421339752581
0.0002237514799488052
0.00023958186430776283
0.0002195512806947567
0.0002196426889251327
0.00021794755310937798
0.00022163601348457884
0.0002110104308542726
0.0001998833524716786
0.00022291149958298184
0.0001873819897732341
0.00022744118699050117
0.00020085806329396221
0.00023423701024787122
0.0002191675571196294
0.00024065805403571935
0.00022861657449599167
0.000254643658920677
0.00024044385802290524
0.0002616734151038208
0.00024719180712921536
0.00027924911992918423
0.0002868765012625627
0.00031103556493957893
0.000266286988144018
0.0002542880349787388
0.0002536741688015791
0.0002443159769962442
0.00026467577647451004
0.0002480919299519084
0.0002602492532117396
0.00024225271910297656
0.0002551589036138497
0.0002356630744091235
0.0002551962373558278
0.00022420516010788718
0.00024677089854470343
0.00021454076034268436
0.0002378995205079073
0.00022537114579607954
0.00023222911226046918
0.00023284390920858423
0.00023886336889890575
0.00023759777538509352
0.0002491843477314396
0.00023963971029489185
0.0002461648352604902
0.00023708113016173346
0.0002421063839743506
0.0002234601901716263
0.00023305674218234123
0.00021217501607127275
0.00021140021169224998
0.00020516979920726325
0.00019746612780122456
0.00017973816125259285
0.00017569568769268838
0.0001673602685974121
0.0001654137569647817
0.00016161800081175768
0.00015973827157132316
0.00015746412829253736
0.00015459713255435646
0.0001564860052479139
0.00013878239667530193
0.00015548178234703932
0.0001361022895574826
0.0001533643780401409
0.0001460346334525614
0.00015640708913569932
0.00015534398978097542
0.00016283711474958764
0.00016426846684846957
0.00016223574096397084
0.00015928668218965093
0.00015720315012302387
0.0001489732443510837
0.00015749049227612282
0.00014506066341779653
0.00014907194609387807
0.00013994781543837394
0.00014065821863222901
0.00013017899223215104
0.00014020628748935617
0.0001258945931601446
0.00013141511620726488
0.00012114093006265086
0.0001221065005138479
0.00011334542562304022
0.00011570531413393991
9.723710825495114e-05
0.0001019571906761002
9.185925082582139e-05
8.234121920759694e-05
8.038612078734676e-05
7.560022572569312e-05
6.247969826597173e-05
6.182529458228917e-05
6.40990329796357e-05
4.88400353644416e-05
4.4881297754869595e-05
3.8956484456350915e-05
3.271531188858378e-05
2.9159357957027026e-05
2.557390710109821e-05
1.4643280133470012e-05
1.7598678575986868e-06
1.1741856146906958e-05
-1.171660547720919e-05
-1.2261804755714335e-05
-2.197836750508173e-05
-2.659038822867813e-05
-3.2174418364708213e-05
-3.568309616787534e-05
-4.300639705636907e-05
-4.5724905764651905e-05
-5.258315261656875e-05
-5.6027797036481544e-05
-6.488243775046484e-05
-6.183398171919602e-05
-6.373319634760707e-05
-6.90058164398234e-05
-7.253915642038849e-05
-7.936079127778273e-05
-8.548026200138226e-05
-9.109942449860019e-05
-9.931180154404068e-05
-0.00010311469926837879
-0.00011898954409673831
-0.0001269855776423446
-0.00014367177384707854
-0.00015087202511049127
-0.0001497747042243476
-0.00017007278833851142
-0.00017181313466722937
-0.0001685646060825855
-0.0002018163823612574
-0.00018936807454296474
-0.00021512201047228763
-0.0002134403001301465
-0.00022873114156374708
-0.0002369527230310321
-0.0002584199595256978
-0.00026110287471015113
-0.00028607558520335366
-0.00029858280116475903
-0.000316686975946512
-0.0003170615404741936
-0.0003483263277253713
-0.000335243348899886
-0.00035120675299304613
-0.00034944669277648673
-0.00034712268645456415
-0.0003662489831021653
-0.0003899259283930193
-0.00040207307777702334
-0.0004235493080856097
-0.0004324018173426558
-0.00045541500887030995
-0.00045563392296790663
-0.0004653636624375269
-0.00046977089175655206
-0.0004599586597836769
-0.0004632989237541541
-0.00045622922307779647
-0.0004732149284772751
-0.00047380519639918066
-0.00048423622999189676
-0.0004860319658699678
-0.00048508048666400785
-0.0005096281857652314
-0.0005197242948651315
-0.0005638966028632013
-0.0005788995072911553
-0.0006307607686028774
-0.0006184914885376883
-0.0006509444916215316
-0.0005638429199818507
-0.0005483899290808284
-0.0003980186623383961
-0.0002088736634167362
-0.00013285347939564246
-8.455608681256314e-05
-0.00014165244618980605
-0.00018951374924540147
-0.00023634255176779254
-0.0003451928742273539
-0.00040806454341662407
-0.0004890863170134976
-0.000554231131505508
-0.0006241984987789157
-0.00077337128504854
-0.0007726701992528975
-0.0007471101751211703
-0.0007901160292918302
-0.0006239142222949084
-0.0005765447810366341
-0.0005623140814660433
-0.0005369047467498722
-0.0003491506447959869
-0.0007468235215667647
0.0004683513324432222
0.022915472829088082
0.0333989215188384
0.04345003017318387
0.09172139857718911
0.0725251944901394
0.009756722690486842
-0.026664688150764754
-0.03663321339740122
-0.02682173291740337
-0.02337622585369041
-0.019741266912277868
-0.01325838335923396
-0.017333472342293613
-0.027774626518993255
-0.03153450268509074
-0.014206154598830827
0.007770255308348236
0.0155892790534101
0.01117011473904602
0.006800552124410287
0.006315114323320674
0.006005604223779925
0.00829424149353686
0.01180836907671225
0.014216492478564938
0.011956355579514865
0.003167704203408979
-8.956089259865824e-05
-0.0005052977017707514
-0.0011053761643670284
-0.0052331512934158594
-0.0032080185854852115
0.0014227222030967542
0.0038634320732714965
-0.004487726565387454
-0.010588306515544325
-0.006875979651868052
-0.003994563210521824
-0.00022467768469597977
0.0014306701016241741
0.003199838456862204
0.001596590737273004
-0.00373164643663507
-0.005657378961204068
-0.0010646231444595916
0.005843342321748929
0.00910519516546722
0.007117154162291855
0.0033107647587764942
0.0012203811945113397
0.0007486984694186009
0.0036158994048704532
0.006389951301821321
0.006314727614985544
0.0026007045611276328
-0.0027795984848615254
-0.005499797041797634
-0.0044186685080445575
-0.002393033648579419
-0.001418668730433288
-0.0008835036190011368
-0.002102776274162436
-0.00350541410720336
-0.004890445960918838
-0.0034961767477011576
1.832074060347682e-05
0.002850463629369411
0.0035881801108475038
0.00327844109685231
0.003159167282531519
0.003087251972168294
0.0036558631043804206
0.005018216642983256
0.0062794558210272095
0.0053451134103106625
0.002223942892391577
-0.0014062493546241875
-0.004235116478423695
-0.0061279188639683
-0.007214951056158151
-0.006983171572733288
-0.005903503719186781
-0.0046643247364510886
-0.004349146565033648
-0.003591898967126351
-0.001425674279523028
0.0010345005144057453
0.0018113858868983364
0.002914636150237078
0.005043496969244977
0.006546512253764488
0.005698848157650814
0.0032533355798367003
0.0012481313744759596
0.0006698468361222132
0.0009109075429294017
0.0008093165379371998
0.0003080683556124272
-0.0006781347821049154
-0.001967182008018542
-0.0031878298491005187
-0.0033456560838166713
-0.002400623790756935
-0.001350500669682759
-0.000931971008896435
-0.0012139082807790854
-0.001415041347171848
-0.0009778840502864554
-0.0002951616576150725
0.00043775966863074346
0.0012070356716824076
0.0009168189760248586
8.193991522117603e-05
-0.00016617430857341432
0.00041609105662915546
0.0010261948536181907
0.001011981550433321
0.0006524343131014863
0.0003116219469369791
2.8397641728513203e-05
-0.00028706142718955816
-0.0005034060318565624
-0.0005577090531070519
-0.0005968908059395667
-0.0008633202460393431
-0.0012374571554338528
-0.0013011726819072249
-0.0011431894326928574
-0.0009392830108451026
-0.000989269417844508
-0.0009947233325976316
-0.0007466571418693535
-0.0003316917664524888
7.639666357955855e-05
2.9499698923089214e-05
0.00021890529435210533
0.00013980587569091627
0.0002101108498201241
0.00015020869060206857
0.00015021801073857673
0.00010421624214136411
0.00013662909583182347
0.00010183467824170615
0.0001052759964954306
6.922474821261502e-05
7.375059113400376e-05
5.112744791722348e-05
4.1556421448134956e-05
1.1618897933718831e-05
1.1210178651351087e-05
7.537975167414869e-07
3.6011171808841315e-06
-1.095033616009631e-05
-1.17450491854635e-05
-1.993881945152741e-05
-1.5441633599032656e-05
-1.9227150341221335e-05
-1.44864374369343e-05
-1.5380934986962153e-05
-8.993795773579519e-06
-8.568622555872607e-06
-4.44870954426893e-06
-4.861650583331883e-06
-1.58592661073792e-06
-1.7338909297016144e-06
3.675446547547062e-07
-2.722949600809639e-07
1.354793012785932e-06
1.1026407475173312e-06
2.239015611105687e-06
1.5627944247988221e-06
2.0442404513646394e-06
1.3988042292956374e-06
1.764761575232428e-06
1.1611600160051506e-06
1.2986821621654529e-06
7.683655618070386e-07
8.939125006146538e-07
4.7618322593893795e-07
5.208735976064741e-07
1.6588401008751268e-07
2.299067097226849e-07
4.409309414360159e-09
8.392924923767645e-08
-7.166535082530441e-08
2.253790762235552e-08
-5.8655377788434555e-08
3.8527433683644124e-08
-1.8855128300403418e-08
6.041736181640854e-08
2.7983542738672235e-08
1.0315873077583319e-07
8.425813126811815e-08
1.4318968544028976e-07
1.2971486313718972e-07
1.7804105341759358e-07
1.6762654773266883e-07
2.0175225385124507e-07
1.8997001079504305e-07
2.147018054159816e-07
2.045984598625719e-07
2.2200918611565285e-07
2.1189157220231208e-07
2.2389608186814541e-07
2.1539037034429612e-07
2.2410336517091805e-07
2.1667916123420893e-07
2.229827304455487e-07
2.175112178102323e-07
2.23134156574292e-07
2.1958831566835013e-07
2.2460199787752177e-07
2.2266386463035408e-07
2.2755465381713426e-07
2.2703957129702754e-07
2.317266236117623e-07
2.322097673080638e-07
2.368059982775896e-07
2.3815878873866155e-07
2.426393915536481e-07
2.445352701112004e-07
2.4884566047770804e-07
2.511499350346246e-07
2.553011580415013e-07
2.5785606815620387e-07
2.6183214073132474e-07
2.645799099682813e-07
2.684373857143624e-07
2.7133365034943935e-07
2.750867455120795e-07
2.781029522441281e-07
2.817998535374405e-07
2.849355618162223e-07
2.8860816913334794e-07
2.9185811067656544e-07
2.95542472250354e-07
2.9891485084368387e-07
3.026370118663834e-07
3.061288799358373e-07
3.0990617574681227e-07
3.1351904543309387e-07
3.1736633638740363e-07
3.210976104747084e-07
3.250229636677049e-07
3.2887092264455027e-07
3.3288179112976834e-07
3.368439230008361e-07
3.409437356027541e-07
3.450173685731842e-07
3.4920981914876283e-07
3.5339371582099435e-07
3.5768156590953204e-07
3.6197475632072945e-07
3.66360993505914e-07
3.7076386243816453e-07
3.752515089766962e-07
3.797647829338179e-07
3.843568954406927e-07
3.889821787146988e-07
3.9368210608212856e-07
3.9842137856960225e-07
4.03232414649974e-07
4.0808803620649876e-07
4.1301359401252347e-07
4.179881396824438e-07
4.230315300141063e-07
4.2812769855617334e-07
4.3329225179848663e-07
4.3851288447443147e-07
4.438018821179262e-07
4.491498737410442e-07
4.545665861810681e-07
4.6004492592136015e-07
4.655926242464999e-07
4.7120435952533075e-07
4.768863291208965e-07
4.826345976474884e-07
4.884541718168942e-07
4.943421941948811e-07
5.003027553298787e-07
5.063338441076842e-07
5.124388459662238e-07
5.18616409842925e-07
5.24869378124277e-07
5.311969213004589e-07
5.376014673292824e-07
5.440825931924309e-07
5.506424091287544e-07
5.57280816541097e-07
5.63999685592744e-07
5.707991733876802e-07
5.776809684085384e-07
5.846454319879458e-07
5.916941176480246e-07
5.988275510423921e-07
6.060471860488243e-07
6.13353682152849e-07
6.207484225261196e-07
6.282321760134899e-07
6.35806276226878e-07
6.434715831686e-07
6.512293988608056e-07
6.590806605555951e-07
6.67026651909045e-07
6.750683768070676e-07
6.832071113477525e-07
6.914439177354506e-07
6.997800727147173e-07
7.082166906582357e-07
7.167550562397248e-07
7.253963313908466e-07
7.34141813683677e-07
7.429927091255151e-07
7.519503329690908e-07
7.610159330048765e-07
7.701908451593654e-07
7.794763568685629e-07
7.888738283269104e-07
7.983845858280426e-07
8.080100158957426e-07
8.177514828098609e-07
8.276104016281523e-07
8.375881741989739e-07
8.476862458530176e-07
8.579060558278675e-07
8.68249081552468e-07
8.787168001410129e-07
8.893107224725163e-07
9.000323633184815e-07
9.108832682971967e-07
9.218649907229831e-07
9.329791123140364e-07
9.44227225293658e-07
9.556109486553478e-07
9.671319142267676e-07
9.787917792900848e-07
9.905922160204203e-07
1.0025349212364307e-06
1.0146216083295077e-06
1.0268540148889176e-06
1.0392338962173506e-06
1.0517630315212006e-06
1.0644432190936985e-06
1.0772762811090374e-06
1.0902640596955281e-06
1.1034084208837755e-06
1.1167112518952241e-06
1.1301744638428113e-06
1.1437999897254505e-06
1.157589786868028e-06
1.1715458353215685e-06
1.1856701398189586e-06
1.1999647285682036e-06
1.2144316548188551e-06
1.2290729960541319e-06
1.243890855311667e-06
1.258887360527797e-06
1.274064665542806e-06
1.289424949969711e-06
1.3049704199601954e-06
1.3207033080292951e-06
1.3366258737908113e-06
1.3527404039692377e-06
1.3690492130596053e-06
1.3855546431225485e-06
1.402259064696139e-06
1.4191648768891948e-06
1.4362745076710746e-06
1.4535904143349906e-06
1.471115083817252e-06
1.4888510328503513e-06
1.5068008088164577e-06
1.5249669896106525e-06
1.543352184289363e-06
1.561959033114405e-06
1.5807902083323167e-06
1.599848414540495e-06
1.6191363888806438e-06
1.638656901502107e-06
1.6584127558663613e-06
1.6784067894104517e-06
1.6986418736724144e-06
1.7191209145633705e-06
1.739846853219702e-06
1.760822666411376e-06
1.7820513666885762e-06
1.803536002902005e-06
1.8252796606821618e-06
1.8472854626385647e-06
1.869556569255749e-06
1.8920961791312163e-06
1.9149075293792647e-06
1.9379938961925117e-06
1.9613585951750963e-06
1.9850049819481244e-06
2.0089364525800838e-06
2.03315644401055e-06
2.0576684347333157e-06
2.0824759450685515e-06
2.107582537886417e-06
2.1329918189480013e-06
2.1587074375363285e-06
2.1847330869330817e-06
2.2110725048403576e-06
2.2377294740681046e-06
2.264707823016322e-06
2.2920114263404894e-06
2.3196442053555937e-06
2.347610128614064e-06
2.375913212555587e-06
2.4045575221106035e-06
2.433547171114301e-06
2.4628863229196303e-06
2.492579191200496e-06
2.5226300404628628e-06
2.553043186609075e-06
2.583822997517289e-06
2.614973893714655e-06
2.6465003490129828e-06
2.678406891270613e-06
2.710698102840949e-06
2.743378621251387e-06
2.7764531401387494e-06
2.809926409648233e-06
2.8438032371155874e-06
2.878088487828781e-06
2.912787085847685e-06
2.9479040145938393e-06
2.9834443174141007e-06
3.0194130986135163e-06
3.055815524004681e-06
3.0926568216185416e-06
3.1299422826098935e-06
3.167677261818762e-06
3.205867178684113e-06
3.244517518026857e-06
3.2836338307331133e-06
3.3232217346190033e-06
3.363286915228692e-06
3.4038351267607085e-06
3.4448721926480503e-06
3.486404006555322e-06
3.5284365332872376e-06
3.5709758095000823e-06
3.6140279445794876e-06
3.6575991215709705e-06
3.7016955981433933e-06
3.74632370740509e-06
3.791489858823811e-06
3.837200539127863e-06
3.883462313151835e-06
3.930281824936731e-06
3.977665798710062e-06
4.025621039625924e-06
4.074154434937456e-06
4.1232729550118655e-06
4.172983654177412e-06
4.223293671794595e-06
4.274210233303063e-06
4.325740651365444e-06
4.377892326558729e-06
4.430672748882518e-06
4.484089498758874e-06
4.5381502475116465e-06
4.5928627595486984e-06
4.648234892672533e-06
4.7042745990070675e-06
4.760989927231281e-06
4.818389022690235e-06
4.876480129317894e-06
4.935271589511588e-06
4.994771846617138e-06
5.05498944645513e-06
5.115933037175171e-06
5.17761137151317e-06
5.2400333075903934e-06
5.3032078104670765e-06
5.367143953337279e-06
5.4318509182337655e-06
5.497337998272645e-06
5.563614598867202e-06
5.630690238584739e-06
5.698574550741943e-06
5.767277284797744e-06
5.836808307651311e-06
5.907177605317209e-06
5.978395284097219e-06
6.050471572084074e-06
6.123416820929764e-06
6.197241506984856e-06
6.271956232775709e-06
6.3475717287228045e-06
6.424098854555875e-06
6.50154860118468e-06
6.579932091730262e-06
6.6592605834659365e-06
6.739545469463371e-06
6.820798280273243e-06
6.903030685238311e-06
6.9862544944212005e-06
7.070481660332792e-06
7.155724279573879e-06
7.241994594662143e-06
7.329304995450699e-06
7.4176680214317506e-06
7.5070963632728786e-06
7.5976028645212456e-06
7.689200523602728e-06
7.781902495566695e-06
7.875722094162203e-06
7.970672793709247e-06
8.066768230845434e-06
8.164022206707568e-06
8.262448688853632e-06
8.362061813075097e-06
8.462875885687643e-06
8.564905385484434e-06
8.668164965774418e-06
8.772669456629661e-06
8.878433866812627e-06
8.985473386035649e-06
9.093803387227352e-06
9.203439428580491e-06
9.314397255892094e-06
9.426692804791713e-06
9.540342202960135e-06
9.65536177265948e-06
9.771768032800117e-06
9.889577701471418e-06
1.0008807698400936e-05
1.0129475147213022e-05
1.0251597378009222e-05
1.0375191929855657e-05
1.0500276553199487e-05
1.062686921256403e-05
1.0754988089049355e-05
1.0884651582806874e-05
1.1015878316033255e-05
1.1148687135374745e-05
1.12830971145492e-05
1.1419127557448457e-05
1.155679800050088e-05
1.169612821571393e-05
1.1837138213659053e-05
1.1979848245900944e-05
1.2124278808276347e-05
1.2270450643818908e-05
1.2418384745393682e-05
1.256810235922127e-05
1.2719624987498832e-05
1.2872974391660926e-05
1.3028172595657274e-05
1.3185241888755313e-05
1.334420482899842e-05
1.3505084246609499e-05
1.3667903246768805e-05
1.3832685213287368e-05
1.3999453811998613e-05
1.4168232993833161e-05
1.4339046998975606e-05
1.4511920359284048e-05
1.46868779025854e-05
1.486394475638098e-05
1.5043146350390314e-05
1.522450842129648e-05
1.5408057015816072e-05
1.5593818495362143e-05
1.578181953914876e-05
1.5972087147126052e-05
1.6164648645442198e-05
1.635953168951194e-05
1.6556764268041088e-05
1.675637470745456e-05
1.6958391675406053e-05
1.7162844185476226e-05
1.7369761600797228e-05
1.757917363870388e-05
1.7791110374403864e-05
1.8005602246078827e-05
1.8222680058774515e-05
1.8442374988993223e-05
1.866471858886186e-05
1.8889742791279238e-05
1.9117479913901073e-05
1.9347962663985273e-05
1.9581224143086972e-05
1.9817297852013334e-05
2.005621769540658e-05
2.0298017986505488e-05
2.0542733452658113e-05
2.0790399239130168e-05
2.1041050915829133e-05
2.1294724480758198e-05
2.1551456366081072e-05
2.1811283443780652e-05
2.2074243029071225e-05
2.2340372889378913e-05
2.2609711243952555e-05
2.2882296776973766e-05
2.315816863481283e-05
2.3437366439816275e-05
2.3719930288104967e-05
2.4005900763394983e-05
2.429531893459111e-05
2.4588226369020184e-05
2.4884665133400154e-05
2.5184677800678683e-05
2.5488307461915354e-05
2.5795597718144354e-05
2.610659271127635e-05
2.642133709398998e-05
2.6739876084625326e-05
2.7062255414620666e-05
2.7388521402108273e-05
2.7718720885834894e-05
2.8052901309356774e-05
2.83911106472655e-05
2.8733397491484468e-05
2.907981098635771e-05
2.943040089296037e-05
2.9785217560693365e-05
3.0144311941226933e-05
3.0507735625164012e-05
3.0875540777303666e-05
3.124778026500482e-05
3.162450749195087e-05
3.200577663458264e-05
3.239164236770557e-05
3.2782160200227946e-05
3.317738612613292e-05
3.3577376994549206e-05
3.398219017556269e-05
3.439188387253803e-05
3.4806516873621234e-05
3.5226148768271754e-05
3.5650839793579863e-05
3.6080650958517525e-05
3.651564399437387e-05
3.695588134131501e-05
3.740142628769335e-05
3.785234272565222e-05
3.8308695528727304e-05
3.877055010949749e-05
3.923797292029437e-05
3.9711030975641106e-05
4.0189792316286735e-05
4.0674325607895556e-05
4.11647005165083e-05
4.166098739873114e-05
4.216325755651172e-05
4.267158318217376e-05
4.318603703957341e-05
4.3706693522084505e-05
4.423362651268664e-05
4.47669129309998e-05
4.530662792791209e-05
4.5852850165561954e-05
4.640565771588459e-05
4.696512890333456e-05
4.753134681151697e-05
4.810438816643843e-05
4.868434085666777e-05
4.927128207522259e-05
4.986530211456477e-05
5.046647961763715e-05
5.1074908577822264e-05
5.169066759091361e-05
5.231385375733906e-05
5.294454887903605e-05
5.358284913641151e-05
5.422884387388865e-05
5.488262355435661e-05
5.554429029669622e-05
5.621392318827523e-05
5.6891641086167545e-05
5.757751360421261e-05
5.827167052904064e-05
5.8974175613694425e-05
5.968517123964278e-05
6.040471349300948e-05
6.113295376684088e-05
6.186994971348319e-05
6.261585081639089e-05
6.337072599566472e-05
6.413471413833452e-05
6.490790513289025e-05
6.56904155112613e-05
6.64823686450923e-05
6.728384684060178e-05
6.809502079307096e-05
6.891592388418461e-05
6.974677895117958e-05
7.058758769389018e-05
7.143858832012683e-05
7.229979527388815e-05
7.317142986399739e-05
7.40535337322101e-05
7.494631374993824e-05
7.584982034238182e-05
7.676427457900705e-05
7.768972212408447e-05
7.862636559567273e-05
7.957429873044187e-05
8.053366884507436e-05
8.150461895292498e-05
8.248728327396246e-05
8.348179104053499e-05
8.448832142463752e-05
8.55069585852658e-05
8.653793024424213e-05
8.758129553868704e-05
8.863727827266091e-05
8.970595324869768e-05
9.078763594129631e-05
9.188207496809916e-05
9.299034799693968e-05
9.411072538579682e-05
9.524695580577085e-05
9.639412409409134e-05
9.755839283158636e-05
9.87347318632131e-05
9.992634428000589e-05
0.00010113461117923638
0.00010235319628310998
0.00010359392627377174
0.00010484430723740055
0.00010611558917467028
0.00010739413003077764
0.0001086992477847842
0.00011000662738232226
0.0001113441775862719
0.00011268459932952703
0.00011405350494361668
0.00011542836587070878
0.00011682757711832235
0.00011824249991243085
0.00011966632854463734
0.00012112143125672274
0.0001225781080924858
0.00012407027023433856
0.0001255577832957015
0.00012709204245526102
0.00012861056747935423
0.00013018271344295907
0.00013173985813388678
0.000133349268134498
0.00013494326602310459
0.00013658952100055057
0.0001382252387306674
0.00013991205676301994
0.0001415943069521419
0.00014331738791004624
0.00014506316825120674
0.00014681138136330753
0.0001486188558932582
0.0001504036064581914
0.00015224172018014472
0.00015405957548211065
0.00015591984901277493
0.00015778096856692943
0.0001596725397453578
0.00016155426684447206
0.0001635071129235276
0.0001654196927032389
0.00016740299721647753
0.00016936397480542948
0.00017139270660146888
0.00017340087398007984
0.00017552375335466567
0.00017758037358501242
0.00017981276690819548
0.00018189422126708554
0.00018420920407275637
0.00018634638188691445
0.0001887161910889112
0.00019093478516073528
0.00019341403133368027
0.00019553202445613156
0.0001984539857356434
0.0001997403406555835
0.00020507399005764032
0.0001980578135965061
0.00019961122268775206
0.00019091430413595214
0.00019644499664768738
0.000196470713441075
0.000190778790514493
0.0001977849192132165
0.00019731765531029384
0.00019612360110594711
0.00018925266994252306
0.00020596735236366184
0.00019429470177611792
0.0002167222958214238
0.00021376831866600223
0.0002351773103382718
0.00022129911124986947
0.00023608718501768483
0.0002392676948557467
0.00023919448912970107
0.000254637320211381
0.00024939950776077665
0.0002619545275073349
0.0002497983130589477
0.00026471260039047
0.00024769964766754285
0.00026184224808282623
0.0002554389859599303
0.0002572173154325017
0.00025124876754887253
0.00025387841140347837
0.00023862913582685367
0.0002672470038347989
0.00023013748431249093
0.00026436075387133574
0.00023241174845719053
0.0002620534950441477
0.0002338013968313721
0.00026538256826567897
0.00022606974237934015
0.0002621092670851839
0.00022962344738420564
0.00025332355212512526
0.0002223598053560557
0.00024044916713616935
0.0002198832168386788
0.0002303551260292626
0.00022206166657391788
0.00023874578181672934
0.00021310674527538623
0.00023829707992809013
0.00022304030922126614
0.00023795472488434078
0.00023991238711959525
0.0002563907722086194
0.00025253593039285306
0.00026836398933780903
0.00025816550364023475
0.00025684456068457635
0.000247884071169929
0.0002600900896398055
0.00023275541080099255
0.00025826230224616927
0.00023357042020989924
