-0.0009916475092903929
-0.0009808325123513905
-0.0009726414821626646
-0.0010013056027246762
-0.0010050906923821752
-0.001038651336435016
-0.0010162900197369568
-0.0010845652573641495
-0.0010701623215490837
-0.0011138549996451243
-0.0011153318082852467
-0.0011530705257844082
-0.0011775055855888666
-0.0012334252833730065
-0.0012386554860961204
-0.0012727350580347015
-0.0012840480549101041
-0.0013017348381777105
-0.0013128368121704203
-0.0012810177232638988
-0.0013184299825996946
-0.0012410711427903501
-0.001286648518751101
-0.0011866089371467244
-0.0012572792508139968
-0.0011282514085705754
-0.0012068127005510063
-0.0010397503132604394
-0.0012507934852032728
-0.0010345807104465506
-0.0011010731610690536
-0.0010387762490394598
-0.0011958377397799788
-0.001097443493732425
-0.0013223459763853336
-0.000941746083239924
-0.0015715139967589534
-0.0011563714980306733
-0.0015566048620550472
-0.0007066008428411154
-0.0014904439421492795
-0.000724119417275403
-0.0013982755318522656
-0.0003824984360224282
-0.0020223281571370958
0.0005261525506852225
-0.0045745159657924256
0.07771151246272767
0.10159661720106239
0.1153369501139658
0.15714374874857978
0.15504439442330867
0.09578738673687537
0.14032392558682383
0.11857685873970443
-0.09702777454854557
-0.18801867531161343
-0.10800555398248551
-0.08798765355497659
-0.13780190978698403
-0.11516219791271953
-0.07562074075781325
-0.07051164298670652
-0.06918721429893622
-0.007738278676698502
0.020132695360845828
0.02024313805773381
0.028630704857031942
0.04347824382819579
0.056314841575860725
0.07125018504449362
0.08995363052130043
0.055484284057734604
0.012315765542559101
0.005366017998439716
0.012821330438541443
0.02505375435506943
-0.0013454532268348993
-0.017959742399001596
-0.013792768156434047
-0.011152106671358162
-0.03033210591226531
-0.035794544470306375
-0.010183994595504816
-0.011061678466792327
-0.022466633808810157
-0.016616631405214122
-0.006656777606909242
-0.012074379488807116
-0.01421409385721967
0.006033083691818148
0.02278715941969041
0.024480607556070882
0.023555888901072214
0.019216639636167626
0.015115027371622356
0.013694856031681137
0.017704068379417726
0.020627267409631157
0.014369308216066235
0.0009931217817962675
-0.010024594038593213
-0.006637341500193284
-0.0033609440799878486
-0.00787161568783271
-0.010791459708353811
-0.008495549066345384
-0.004958135761856692
-0.00350180697372543
-0.0032825879866648757
-0.004082031066787375
-0.007045262707399967
-0.007691638747271738
-0.008955719462307266
-0.005423514366826832
0.0008114441556580229
0.003470726511029627
0.0016580024288458716
0.002955689484399354
0.005434131345722492
0.0020591446812516473
0.0015452554432921505
0.0029915172839518047
0.005885419861353471
0.0066552290902861175
0.005575795479800302
0.0010834042343267531
-0.004419914610358528
-0.008455699693081627
-0.009581468193874171
-0.006982670701836433
-0.0040132219630945945
-0.004605354101009476
-0.004836092640697655
-0.004747176139252757
-0.004521650084380756
-0.0031181201131123978
-0.00044148065668695976
0.0033844094376752985
0.004088026436636189
0.0034941252917980777
0.003557162233318402
0.004308599560369345
0.0034820240921821606
0.0018890129568523793
0.0006305422857377655
0.0005129564719934107
0.00029188452683645875
-0.0004299552500025303
-0.0009268188778955943
-0.00162368651705961
-0.002938776660922285
-0.00462769304779368
-0.004479814387556829
-0.002821996748128359
-0.0017732093392877478
-0.0013193618716642811
-0.0007608836799577296
3.521734162053897e-05
-0.00026931850208272267
-0.0006329023867998254
0.000825395920569903
0.0020956574460106814
0.003092270457455073
0.0035298589153195696
0.0031904242392851072
0.0015171432641083212
0.00042287472260749267
0.0013046764379908654
0.0013110712822852208
0.0011454819821188217
1.5542026803115996e-05
-0.000737419637749269
-0.0014582864576225575
-0.001903918459833251
-0.0020314013390076787
-0.0015989018116304612
-0.0006478646784527412
-0.0013151987715807924
-0.0013631352942036902
-0.001691130331858381
0.0007525474885827382
0.0006452382519917486
-0.0002453437366731666
-0.0025160952662868228
-0.0022953554570897244
-0.0005521972503276884
0.0009326984375854881
-0.00022993282993064842
-0.0014437574158114859
-0.001705816192608883
0.00013985649651652055
0.00045368762691251976
0.00035983256425422606
0.0014989203555919924
0.0022113965643937375
0.0016993799045528558
0.0004896503373640741
-0.0007648335461842553
-0.0007371515708829556
-0.00035892908855402134
-0.00014975378171749973
-0.0010248082101325738
-0.0012747724704185912
-0.0009078655792393014
-0.0004785495428246809
-0.0006673223686501752
-0.001390599610127197
-0.0007903623378523134
9.969705101451395e-05
0.00014756061981856228
-0.0009553212782778379
-0.0004971987530662633
0.00017876281323701024
0.00039409554961151734
-0.000494183654457483
-0.0007915500839084397
-0.00047904187347383464
7.981567827617818e-05
0.00011933973652341516
0.00030510581654307227
5.52924782763072e-05
-0.00023457144835330786
-0.0005262913805833612
-0.00017206799698169325
-2.5224155846666377e-05
5.4905571173938296e-05
0.0001279023645292572
-1.5790483385683155e-05
0.00014206521049619012
1.8305364897907742e-05
7.805414419264394e-05
7.1209179184213666e-06
1.9147016221811226e-05
-2.6088190430326264e-05
8.685268901083585e-07
1.1894702350300808e-05
2.192705351892409e-05
6.476090648782897e-06
5.79069065476329e-07
-9.140772141270556e-06
-4.865197173096591e-06
-7.024654210931094e-06
-4.5297900340152825e-07
-3.86138905794425e-06
-5.423516563768382e-07
-7.65480564012249e-06
-9.872181073152311e-07
-4.562886606188261e-06
-8.30573348828325e-07
-4.339085165939744e-06
-2.387851829243389e-06
-2.7894388302776747e-06
-2.013306645416669e-06
-8.621093956675662e-07
-1.701114937918127e-06
-7.25114840745614e-07
-2.1305932968715196e-06
-1.217854939890013e-06
-1.7854339215448247e-06
-1.122357805305777e-06
-1.60099676888134e-06
-1.387309801811746e-06
-1.6235284438951094e-06
-1.542532090325786e-06
-1.6480614335416663e-06
-1.5996577021205449e-06
-1.718530631730829e-06
-1.6896844976866982e-06
-1.8278305953133207e-06
-1.725286395664401e-06
-1.8468888660974885e-06
-1.7364241490992098e-06
-1.889577944391924e-06
-1.7942058259815333e-06
-1.91503171757671e-06
-1.8414349155528292e-06
-1.91580061482705e-06
-1.8786270190684733e-06
-1.922966845681871e-06
-1.9216438759538535e-06
-1.9407385984727184e-06
-1.9538935156947147e-06
-1.96116133608943e-06
-1.983020410379222e-06
-1.991307830362236e-06
-2.0124446826285227e-06
-2.0229250560951082e-06
-2.0410912549756385e-06
-2.054608573865927e-06
-2.0715075322181713e-06
-2.0877585706064917e-06
-2.1045240736722887e-06
-2.120722187398357e-06
-2.1378235447394123e-06
-2.1535150772565063e-06
-2.1719524369460464e-06
-2.187212529303846e-06
-2.206476180833641e-06
-2.2214972499114578e-06
-2.2410528837924187e-06
-2.25641684318211e-06
-2.275924448263058e-06
-2.2920798871649013e-06
-2.3112358898428817e-06
-2.3281898417029136e-06
-2.3470248022446592e-06
-2.3647630453147925e-06
-2.3834944160717846e-06
-2.4018305479845195e-06
-2.420623355661733e-06
-2.439376641689972e-06
-2.4583819414241218e-06
-2.477465452366181e-06
-2.496774280466834e-06
-2.5161554058675782e-06
-2.5357755608404996e-06
-2.5554525718161827e-06
-2.5753798932606157e-06
-2.595379388135909e-06
-2.615603491366229e-06
-2.6359396022137063e-06
-2.6564545238272905e-06
-2.6771322029614433e-06
-2.697946512413875e-06
-2.7189648366698384e-06
-2.740093655875797e-06
-2.7614462388171612e-06
-2.7829031489716265e-06
-2.8045858869088893e-06
-2.8263835627044824e-06
-2.8483975397515624e-06
-2.870543782398753e-06
-2.892893423348661e-06
-2.9153925724641552e-06
-2.938085051844329e-06
-2.9609404197421187e-06
-2.983983865660622e-06
-3.007198735807291e-06
-3.0306005411016596e-06
-3.0541789502872073e-06
-3.077945810617852e-06
-3.101892940134414e-06
-3.126030862904297e-06
-3.150352452976088e-06
-3.174867076825589e-06
-3.1995691430073076e-06
-3.2244661800815387e-06
-3.249554803791757e-06
-3.274840196391352e-06
-3.3003213635136256e-06
-3.3260012728274398e-06
-3.351880938236491e-06
-3.377961725837251e-06
-3.4042459131540265e-06
-3.4307340332856645e-06
-3.457428888742559e-06
-3.484330833364714e-06
-3.511442673616175e-06
-3.5387649689425527e-06
-3.5663002816133083e-06
-3.5940494989706163e-06
-3.622014911447294e-06
-3.650197696582582e-06
-3.678599955933066e-06
-3.7072230563671427e-06
-3.73606901084533e-06
-3.7651392887906544e-06
-3.7944358815792008e-06
-3.823960316962419e-06
-3.853714590325557e-06
-3.883700280120177e-06
-3.913919381374445e-06
-3.944373534751444e-06
-3.975064722879971e-06
-4.005994660259335e-06
-4.037165310163591e-06
-4.06857846354657e-06
-4.100236067665515e-06
-4.132139983180599e-06
-4.164292152375123e-06
-4.196694493237751e-06
-4.229348957262896e-06
-4.2622575072756965e-06
-4.295422115542687e-06
-4.328844781026006e-06
-4.362527504693948e-06
-4.3964723167119356e-06
-4.430681250399771e-06
-4.465156366129184e-06
-4.499899730368373e-06
-4.534913434559159e-06
-4.570199578514704e-06
-4.6057602855694465e-06
-4.641597688472281e-06
-4.677713944052555e-06
-4.714111218176659e-06
-4.750791701162074e-06
-4.787757593033683e-06
-4.8250111181352435e-06
-4.8625545111519565e-06
-4.900390030652751e-06
-4.938519946964091e-06
-4.976946552969646e-06
-5.0156721554634685e-06
-5.05469908240104e-06
-5.094029677143259e-06
-5.133666303357588e-06
-5.173611341834387e-06
-5.2138671927041535e-06
-5.254436274081749e-06
-5.295321023517498e-06
-5.336523897002594e-06
-5.37804736979266e-06
-5.419893936630757e-06
-5.462066111594389e-06
-5.504566427999048e-06
-5.547397439144806e-06
-5.5905617183322e-06
-5.63406185851616e-06
-5.677900473086985e-06
-5.72208019582578e-06
-5.766603680828998e-06
-5.811473602760405e-06
-5.8566926574503235e-06
-5.902263561567006e-06
-5.948189052709663e-06
-5.994471889838237e-06
-6.041114853646049e-06
-6.088120746148011e-06
-6.135492391236936e-06
-6.18323263481017e-06
-6.231344345168036e-06
-6.279830412697467e-06
-6.3286937501251615e-06
-6.3779372929237865e-06
-6.42756399958156e-06
-6.477576851510202e-06
-6.527978853286933e-06
-6.578773032819103e-06
-6.629962441622242e-06
-6.681550154992064e-06
-6.73353927219155e-06
-6.785932916579529e-06
-6.8387342357365596e-06
-6.8919464017531615e-06
-6.945572611343116e-06
-6.999616086304306e-06
-7.054080073331474e-06
-7.108967844426592e-06
-7.164282697081498e-06
-7.220027954408376e-06
-7.276206965386306e-06
-7.332823104975322e-06
-7.389879774607339e-06
-7.4473804019883905e-06
-7.5053284415687455e-06
-7.563727374587138e-06
-7.622580709493176e-06
-7.68189198208525e-06
-7.741664755441142e-06
-7.80190262047076e-06
-7.862609196091115e-06
-7.923788129361644e-06
-7.985443095655503e-06
-8.047577799044463e-06
-8.110195972367215e-06
-8.173301377420623e-06
-8.23689780540338e-06
-8.30098907699927e-06
-8.365579042525495e-06
-8.430671582348136e-06
-8.496270606974526e-06
-8.562380057302189e-06
-8.629003905043838e-06
-8.696146152788534e-06
-8.76381083409622e-06
-8.832002013932708e-06
-8.900723789120706e-06
-8.969980288265657e-06
-9.039775671954259e-06
-9.11011413324234e-06
-9.180999897828777e-06
-9.25243722424929e-06
-9.324430404281992e-06
-9.396983763041626e-06
-9.470101659192812e-06
-9.543788485433246e-06
-9.618048668640761e-06
-9.692886669974823e-06
-9.768306985488847e-06
-9.844314146328358e-06
-9.920912718615869e-06
-9.998107303992983e-06
-1.0075902540145282e-05
-1.0154303100834428e-05
-1.0233313695942603e-05
-1.0312939072217725e-05
-1.039318401334366e-05
-1.0474053339946943e-05
-1.055555191043292e-05
-1.0637684621124521e-05
-1.0720456406140833e-05
-1.0803872237979961e-05
-1.0887937128160885e-05
-1.0972656126966712e-05
-1.1058034323937344e-05
-1.1144076848400297e-05
-1.123078886952622e-05
-1.1318175596360114e-05
-1.1406242279139722e-05
-1.1494994208521847e-05
-1.158443671634877e-05
-1.1674575175876258e-05
-1.1765415002571106e-05
-1.1856961653427221e-05
-1.1949220628378878e-05
-1.2042197470275785e-05
-1.2135897764515972e-05
-1.2230327140096923e-05
-1.2325491270406396e-05
-1.2421395872847614e-05
-1.2518046708532866e-05
-1.2615449583887263e-05
-1.271361035084064e-05
-1.2812534906449713e-05
-1.2912229193452643e-05
-1.3012699201340886e-05
-1.3113950966109605e-05
-1.3215990570598218e-05
-1.331882414465314e-05
-1.3422457866369948e-05
-1.3526897961771921e-05
-1.3632150705103745e-05
-1.3738222419709288e-05
-1.384511947793174e-05
-1.3952848301709495e-05
-1.4061415362935778e-05
-1.4170827184132586e-05
-1.4281090338509996e-05
-1.4392211450017225e-05
-1.4504197194413612e-05
-1.461705429943482e-05
-1.4730789545315754e-05
-1.4845409764660446e-05
-1.4960921843433801e-05
-1.5077332721356981e-05
-1.5194649391866822e-05
-1.5312878902985837e-05
-1.543202835743604e-05
-1.555210491338392e-05
-1.5673115784590304e-05
-1.5795068240914798e-05
-1.5917969608871854e-05
-1.60418272719358e-05
-1.6166648671122005e-05
-1.6292441305170303e-05
-1.6419212731134554e-05
-1.654697056503794e-05
-1.6675722482192845e-05
-1.6805476217574e-05
-1.693623956630294e-05
-1.7068020384217175e-05
-1.7200826588105456e-05
-1.7334666156481465e-05
-1.7469547130118113e-05
-1.7605477612217535e-05
-1.7742465768869065e-05
-1.7880519829850672e-05
-1.801964808889958e-05
-1.8159858904454734e-05
-1.8301160699916996e-05
-1.844356196419039e-05
-1.8587071252094967e-05
-1.8731697185171703e-05
-1.887744845216477e-05
-1.9024333809243132e-05
-1.917236208070182e-05
-1.9321542159597693e-05
-1.9471883008170127e-05
-1.9623393658341898e-05
-1.977608321235627e-05
-1.992996084322282e-05
-2.008503579534887e-05
-2.0241317385099808e-05
-2.0398815001263122e-05
-2.0557538105814288e-05
-2.0717496234313147e-05
-2.087869899646596e-05
-2.1041156076690814e-05
-2.1204877234753082e-05
-2.1369872306613042e-05
-2.1536151204588298e-05
-2.1703723918031943e-05
-2.1872600514090748e-05
-2.204279113836652e-05
-2.2214306015220977e-05
-2.2387155448702102e-05
-2.2561349823035926e-05
-2.2736899603123528e-05
-2.291381533539149e-05
-2.3092107648269803e-05
-2.3271787253023677e-05
-2.3452864944224078e-05
-2.363535160022738e-05
-2.381925818420623e-05
-2.4004595744544187e-05
-2.4191375415884807e-05
-2.437960841912036e-05
-2.4569306062697215e-05
-2.4760479742824866e-05
-2.4953140944799102e-05
-2.514730124288198e-05
-2.5342972301423215e-05
-2.554016587586589e-05
-2.5738893813054796e-05
-2.5939168051501964e-05
-2.6141000622637717e-05
-2.6344403652340045e-05
-2.6549389360501366e-05
-2.6755970061653127e-05
-2.6964158166312385e-05
-2.7173966181916935e-05
-2.73854067127763e-05
-2.7598492461710072e-05
-2.7813236230148086e-05
-2.8029650919110657e-05
-2.8247749529860557e-05
-2.8467545165152398e-05
-2.8689051029586192e-05
-2.891228043017352e-05
-2.9137246778046825e-05
-2.936396358832428e-05
-2.9592444481240656e-05
-2.982270318305756e-05
-3.005475352699195e-05
-3.0288609453904504e-05
-3.0524285012885344e-05
-3.076179436250034e-05
-3.100115177135884e-05
-3.1242371619341104e-05
-3.148546839818432e-05
-3.1730456712063346e-05
-3.1977351279071785e-05
-3.2226166931867634e-05
-3.247691861837194e-05
-3.272962140277711e-05
-3.29842904666798e-05
-3.324094110972696e-05
-3.349958875035336e-05
-3.376024892731949e-05
-3.4022937300275894e-05
-3.4287669650479415e-05
-3.4554461882091176e-05
-3.4823330023142944e-05
-3.5094290226187104e-05
-3.536735876950674e-05
-3.564255205817501e-05
-3.591988662482054e-05
-3.619937913066078e-05
-3.6481046366714835e-05
-3.676490525448528e-05
-3.7050972847180316e-05
-3.733926633077986e-05
-3.76298030249514e-05
-3.7922600384010215e-05
-3.8217675998290335e-05
-3.851504759490933e-05
-3.881473303882503e-05
-3.911675033402512e-05
-3.942111762470132e-05
-3.9727853196151486e-05
-4.003697547594516e-05
-4.0348503035065914e-05
-4.066245458898463e-05
-4.097884899869231e-05
-4.1297705272189426e-05
-4.1619042565278134e-05
-4.194288018259033e-05
-4.226923757915443e-05
-4.25981343614899e-05
-4.2929590288533096e-05
-4.326362527285008e-05
-4.360025938219078e-05
-4.393951284032411e-05
-4.428140602839056e-05
-4.4625959486004226e-05
-4.497319391280716e-05
-4.532313016946776e-05
-4.567578927885306e-05
-4.6031192427421416e-05
-4.638936096654792e-05
-4.6750316413786256e-05
-4.711408045417767e-05
-4.748067494116673e-05
-4.785012189830097e-05
-4.822244352095911e-05
-4.8597662176927165e-05
-4.897580040777775e-05
-4.935688093083145e-05
-4.97409266402012e-05
-5.012796060771177e-05
-5.0518006084973664e-05
-5.091108650485878e-05
-5.130722548202726e-05
-5.1706446814964906e-05
-5.2108774487589116e-05
-5.251423267053413e-05
-5.2922845722062645e-05
-5.333463819017512e-05
-5.374963481408028e-05
-5.4167860525299386e-05
-5.458934044914659e-05
-5.501409990648612e-05
-5.5442164415699265e-05
-5.587355969342058e-05
-5.630831165618754e-05
-5.674644642229158e-05
-5.718799031341655e-05
-5.763296985591862e-05
-5.808141178265835e-05
-5.85333430344016e-05
-5.898879076156999e-05
-5.9447782325797475e-05
-5.991034530167038e-05
-6.037650747840273e-05
-6.0846296861336436e-05
-6.131974167368248e-05
-6.179687035836532e-05
-6.227771157968766e-05
-6.276229422478381e-05
-6.325064740557397e-05
-6.374280046074531e-05
-6.423878295703069e-05
-6.4738624691257e-05
-6.524235569213858e-05
-6.575000622212312e-05
-6.626160677901345e-05
-6.677718809791222e-05
-6.729678115317172e-05
-6.782041716004296e-05
-6.834812757685335e-05
-6.887994410647262e-05
-6.941589869850244e-05
-6.995602355118033e-05
-7.050035111338264e-05
-7.104891408638e-05
-7.16017454258608e-05
-7.215887834395587e-05
-7.272034631129763e-05
-7.328618305874013e-05
-7.385642257985736e-05
-7.443109913256828e-05
-7.501024724151277e-05
-7.559390169966382e-05
-7.61820975710174e-05
-7.677487019234564e-05
-7.737225517524121e-05
-7.797428840849042e-05
-7.858100606010065e-05
-7.919244457956897e-05
-7.98086406996767e-05
-8.042963143975413e-05
-8.105545410646642e-05
-8.168614629717628e-05
-8.232174590116635e-05
-8.2962291103636e-05
-8.360782038582663e-05
-8.425837252919931e-05
-8.491398661619363e-05
-8.557470203412055e-05
-8.624055847639215e-05
-8.691159594498494e-05
-8.7587854754178e-05
-8.826937553018754e-05
-8.895619921771167e-05
-8.964836707703381e-05
-9.034592069311976e-05
-9.104890197022869e-05
-9.175735314389714e-05
-9.247131677206643e-05
-9.319083575059828e-05
-9.391595330252229e-05
-9.4646712992616e-05
-9.538315872159315e-05
-9.612533473140413e-05
-9.687328561279636e-05
-9.762705629404579e-05
-9.838669206779066e-05
-9.915223855853905e-05
-9.992374177256397e-05
-0.00010070124804085698
-0.00010148480409358511
-0.00010227445698361552
-0.00010307025416931339
-0.00010387224344401763
-0.00010468047299936516
-0.00010549499138621111
-0.00010631584753310549
-0.00010714309077307702
-0.000107976770768864
-0.00010881693765611277
-0.00010966364184186011
-0.00011051693427582168
-0.00011137686612767975
-0.00011224348915650625
-0.00011311685533007735
-0.00011399701720525923
-0.00011488402758571845
-0.00011577793980725943
-0.00011667880756030022
-0.00011758668493524027
-0.00011850162655075133
-0.0001194236872478325
-0.00012035292258938373
-0.00012128938819024287
-0.00012223314055159838
-0.00012318423610418105
-0.00012414273225825343
-0.00012510868633581768
-0.00012608215658889465
-0.0001270632013412312
-0.00012805187960052145
-0.0001290482507925947
-0.00013005237462757318
-0.000131064311701875
-0.00013208412239010302
-0.0001331118685377838
-0.00013414761110889595
-0.00013519141334427374
-0.00013624333661780403
-0.00013730344584710823
-0.00013837180257604607
-0.0001394484731857739
-0.0001405335203155106
-0.0001416270105247966
-0.00014272900927675154
-0.00014383958157186813
-0.0001449587965027567
-0.00014608671777906548
-0.00014722341771926774
-0.0001483689584275931
-0.00014952341730257583
-0.00015068685173502303
-0.00015185934723563506
-0.00015304095648593875
-0.00015423176882444455
-0.00015543183913339074
-0.00015664125254444115
-0.00015786007414918604
-0.00015908837765432377
-0.00016032624592144935
-0.00016157373145845043
-0.00016283094681043147
-0.00016409791464462142
-0.00016537477715491245
-0.0001666615363892327
-0.00016795834619663273
-0.00016926520917436353
-0.0001705822752116489
-0.00017190955887955595
-0.00017324719076659877
-0.00017459522511524789
-0.00017595373399019237
-0.00017732285258914386
-0.00017870256185799295
-0.0001800930906314614
-0.0001814943367536581
-0.0001829066063955135
-0.00018432973440274478
-0.00018576407751382342
-0.00018720944890637803
-0.00018866619233031344
-0.0001901341823208764
-0.0001916136602156192
-0.0001931046292450933
-0.0001946071997128578
-0.00019612150322129347
-0.00019764753696256297
-0.00019918553827033092
-0.0002007354087543399
-0.00020229746962991438
-0.0002038715699306877
-0.00020545802985286004
-0.0002070567725682386
-0.00020866798681533257
-0.00021029177768485505
-0.0002119281272651684
-0.0002135773863160479
-0.000215239215323214
-0.00021691444248119333
-0.00021860199812606874
-0.0002203038532152814
-0.0002220171039928276
-0.00022374682753597945
-0.0002254846867195654
-0.00022724489066051467
-0.0002290109588508095
-0.00023079894864945797
-0.00023259446714935786
-0.00023440638854782406
-0.00023623322818351828
-0.00023807201201569983
-0.00023992958426842688
-0.00024179449969739157
-0.00024368623147272872
-0.0002455720140053118
-0.0002475007171947748
-0.0002494064233598797
-0.0002513619542098232
-0.0002532951808640561
-0.0002552814385916088
-0.0002572433827531719
-0.00025925794917338934
-0.0002612636044422637
-0.0002632883893175776
-0.0002653577332168458
-0.0002673834323094047
-0.00026950004750274023
-0.00027154682050363043
-0.00027370448849099987
-0.0002757857699924801
-0.00027798193801141665
-0.0002800995336347063
-0.0002823175871639217
-0.00028449043220502853
-0.00028670659620816917
-0.0002889328757449941
-0.00029116014381590054
-0.0002934351497708397
-0.00029567774558108065
-0.00029800632946624245
-0.0003002421920995456
-0.0003026247351133266
-0.0003048539207485116
-0.0003072793210373839
-0.00030952664700335114
-0.000311974967322411
-0.0003142609509790284
-0.00031676962554519263
-0.00031905698376496626
-0.00032163447258998657
-0.00032393634641400396
-0.0003265605577510147
-0.00032888069856592574
-0.0003315829700577255
-0.0003338906323656632
-0.0003367404740415756
-0.00033896212980911327
-0.00034193933673426697
-0.00034407341591146073
-0.0003472106277275576
-0.00034914933889976414
-0.000352675078694385
-0.0003541135514327756
-0.0003585129807775001
-0.000358540996481443
-0.0003657975584146745
-0.0003596907093924089
-0.00038254837849812295
-0.00032668668396055407
-0.0003453633628215276
-0.0003201369125322463
-0.00035437033852207464
-0.0003527384941847435
-0.0003879568320101813
-0.000380831363013083
-0.0003889685593455941
-0.00042077447089191103
-0.0003988745826364404
-0.00044457382020437596
-0.0004377028564721882
-0.0004720784135090871
-0.00047873922430563103
-0.0005035382214757158
-0.0004467366128620689
-0.0004903382654083679
-0.000454342787705073
-0.00047764544834619227
-0.00046423161154570715
-0.00047572350920947575
-0.00047397578793585866
-0.0004772483782060112
-0.0004902593739207275
-0.0004606707799574804
-0.0004862104474173826
-0.000467997641913727
-0.00048424583062899734
-0.0004781314575448385
-0.0004964198162224157
-0.0005552971089800868
-0.0005659207851401778
-0.0005573104858725174
-0.0006598685620927487
-0.0005957760986950833
-0.0006745851891958734
-0.0006804206650175731
-0.000770927195323436
-0.0007216910320356108
-0.0008062706397239765
-0.0007580934623600637
-0.0008013125107320724
-0.0007793580367095345
-0.0007905460292139909
-0.0008059329908726596
-0.0008094832380818688
-0.0007868677671708259
-0.0008160166624315984
-0.000798749015871833
-0.0008466344875994389
-0.0008404167562609671
-0.0008406661465439613
-0.0008759941623789139
-0.0009087978585641254
-0.0008949388570983902
-0.0009327256549818141
-0.0009309310894476813
-0.0009236566397924015
-0.0009505578806063356
-0.0009768183428410238
-0.0009605804074456353
-0.0010012691061623072
-0.0010066830024413886
-0.0010030912575150625
-0.0007842511422441235
-0.0008677258584622951
-0.0007512955305900412
-0.0009262534922750623
-0.0007630881544915352
-0.0009757965146654266
-0.0008607540770503902
-0.0011185902056105633
-0.00098965026995757
-0.0012036232066080183
-0.001071840914231063
-0.0012139630073637092
-0.001065007283569001
-0.0011028533930402065
-0.001042100337745619
-0.0010027351572860273
-0.0010131562051256431
-0.0009475199445534415
-0.0009486443527910993
-0.0008073245856430869
-0.0008757149764550172
-0.0007002483904551349
-0.0009386178280268785
-0.0007215768773143595
-0.000948727156831382
-0.0009012339819225074
-0.001134056053398628
-0.00076380806290581
-0.001270404766126062
-0.0008106925211554127
-0.0015579093592523418
-0.0003809820505285259
-0.00200782491810849
-8.384252014320421e-05
-0.0020834421078499395
0.0006873312465260579
-0.002377139593647227
0.0016617399488398433
-0.0023424460645601803
0.0013354830854597649
-0.003119778331629018
0.0002032957566706034
0.0017788474966305445
0.31812802386998373
0.19302683135010118
0.3922071276766146
0.2573732731805158
0.41446756160868164
-0.10621686071434827
-0.28647338119621435
-0.23179066613355276
-0.3933404743337846
-0.26133772045039205
-0.11017644174791996
-0.022110971150872166
-0.028656896715959612
-0.03823863098698756
0.06410078553380193
-0.05799098618676079
-0.08214089998928173
0.054183098565458776
0.06111938055352567
0.1648948880763671
0.08979297784797681
0.005668151705514036
-0.016752363248875763
-0.0049908935359365605
0.05478933020746375
0.08420236693834246
0.03257727215905308
0.011753012208343499
-0.02849645323415829
-0.03567042870731535
-0.061853056320523
-0.031805657733396914
0.03592196932237214
0.0017167969256381898
-0.024897462548732586
-0.06124879836609785
-0.055570052411198945
-0.04476789610214282
0.001128074891008995
0.03791535344434579
0.03550711294401633
0.00945401894117796
-0.007404047057444836
0.006532824866059434
0.011530752858565915
0.023836967450451718
0.014885236638831994
0.02945652704251632
0.03687573008184924
0.012412146311352967
-0.007452190595419088
-0.02112159435185349
-0.004136277969652932
-0.0017822154277602744
0.007575109142493378
0.004034832790298725
-0.00612595374847352
-0.015680431299958757
-0.016300980789333657
-0.008207014329413584
0.005074027112822394
0.0206073608116245
0.013119354810240902
0.00027643065055570624
-0.015142263631202888
-0.02182415815998716
-0.020127382423201487
-0.009448108116001063
-0.0028415458053684577
-0.005434392630195944
-0.008792125140993999
-0.012025371767011798
-0.010153183262415445
-0.003950697123625515
0.006895439556974466
0.01743055618027988
0.01929334512188159
0.015735668585206655
0.008213986456883765
0.003392054534800611
-0.0007557864131564526
-0.001383412576239875
-0.0018207932233609467
-0.0029184829136579575
-0.0072246531490621855
-0.010041721175183772
-0.011217362823158834
-0.009366738614354256
-0.0066531203419756615
-0.001725234919067702
0.00030427210713833484
0.0011248679014243504
-0.0005457710279337597
-0.0023283420422214665
-0.0030012001043792057
-0.0004962638816668498
0.0028916659880618856
0.005255549073497345
0.002968453016217969
0.0001146420023425472
-0.0003677853486338025
-0.0024654702122071754
-0.0014566308044998652
0.00024612172765190474
0.00330846081149648
0.0005105809486041094
-0.002985275021482285
-0.005449688888834981
-0.0054836789409444505
-0.004400936161852486
-0.0015942098049234188
-3.579747567807791e-05
-0.002211273482578706
-0.001212951004503611
-0.0014714754857372
-0.0009636830220722751
0.0008839093231322727
0.00276879956817216
0.0034469138535916863
0.0026695193570660846
-0.0003473550145036397
-0.0016317424881173623
-0.0019646190215786615
-0.0004292277551506983
0.000525919194945219
0.0010723170933997128
-0.00039977792600409754
-0.0021186875403609263
-0.003091424438153137
-0.0007170877497870297
-0.003947845550165674
-0.0021515070259074333
0.0024754753266005907
0.0037020244264278687
-0.004236960486929689
-0.006507446255095337
0.002021343116187618
-0.000241228150094281
-0.005600592158182862
-0.002984053054609753
0.0015143536265821538
0.001974780279918862
-0.0010464798347530984
-0.002238409211359777
0.002317947623079619
0.0030410053747885603
0.0012964228757171073
0.0003948725775774855
-0.0027425708891420045
-0.0014817125404623954
-0.00011291639849292769
0.001107720662135541
-0.0015842513812047445
-0.0032624456408929864
-0.0008813608055094071
-0.00033327447022148756
-0.0011296349929495453
-0.0020871248733720536
-0.0013586870823397088
-0.0009675934893457986
-0.001560081178241551
-0.0010354990598725076
9.6275402321341e-06
-0.0008003474721488472
-0.0017597812257878326
-0.0010032760213147989
-6.843735474514095e-05
-0.0002236453666535419
-0.0007650922784996632
5.3958131841381834e-05
0.0007744033546867652
-0.0004616290853025437
-0.0013943716020381027
-0.001499843528517104
0.00024034148389902278
0.0006746043164653963
-0.00019005797780905441
-0.0009063507532153709
-0.0008148982044050399
-0.0005063123715836531
9.519899205636366e-05
-0.00012696961233168126
0.0001947577110550505
-5.53267115521576e-05
0.00014230966201238965
0.00010248943387626035
0.00018401503270978637
5.655058691008858e-05
3.243693043141808e-05
2.3552778377433316e-06
3.614720382082167e-05
2.4138506173304668e-05
4.1746547361937517e-05
2.717554114036423e-05
2.124643278159609e-05
-6.444894544954151e-06
-8.10628726892991e-06
-4.6850864996736755e-06
4.69443251603207e-06
-3.7192708632451457e-06
-5.433456673137674e-06
-9.551951659134313e-06
-5.909369423272477e-06
-4.687989044780392e-06
-4.521001620576672e-06
-3.538028997594452e-06
-6.9470616159772805e-06
-2.978382804372454e-06
-4.503383504475458e-06
4.519230473181042e-07
-2.3218634120202725e-06
-1.737830757500905e-07
-2.2020653017980167e-06
-3.494876699139111e-07
-1.3773658832429711e-06
-2.3811014644055926e-07
-9.187244703864937e-07
-4.0493167940286196e-07
-1.032161102821282e-06
-6.794933590321874e-07
-1.010694104220354e-06
-7.167029922957755e-07
-1.1012868799735952e-06
-9.547218453131827e-07
-1.2556851479018742e-06
-1.0666707913735982e-06
-1.2687409740690103e-06
-1.1224802465461918e-06
-1.2853064778502177e-06
-1.2326362017192269e-06
-1.3209224003223226e-06
-1.2909016247958024e-06
-1.2990007483104464e-06
-1.3144127303228812e-06
-1.3045598858789104e-06
-1.342440042551268e-06
-1.3153845889002196e-06
-1.35081445505115e-06
-1.3268536628703803e-06
-1.358833608089264e-06
-1.346318282190802e-06
-1.3736487835253183e-06
-1.367616058050062e-06
-1.3877781953438228e-06
-1.38679988471958e-06
-1.4060749621304088e-06
-1.4095193347497036e-06
-1.4280486530164374e-06
-1.432452048294416e-06
-1.4501275461207002e-06
-1.4553956757604994e-06
-1.4728308179709276e-06
-1.4795739634202968e-06
-1.4962194738078212e-06
-1.5040222498425776e-06
-1.5192356722575611e-06
-1.5285390133987914e-06
-1.5427102026330242e-06
-1.5533875990288853e-06
-1.5665636342908698e-06
-1.5781563232775825e-06
-1.5907493748001586e-06
-1.6030073998031871e-06
-1.6154613822526656e-06
-1.62813141312175e-06
-1.640641169206071e-06
-1.6535117325173695e-06
-1.6662030465345494e-06
-1.6792672290319617e-06
-1.6922033583702603e-06
-1.7054548128630012e-06
-1.7186129163614897e-06
-1.7320633830006198e-06
-1.7454337584471742e-06
-1.7591066568197096e-06
-1.77269105828496e-06
-1.7865872055182995e-06
-1.8003842597076472e-06
-1.8144930136751794e-06
-1.8285171419752896e-06
-1.8428350920152332e-06
-1.8570984914355673e-06
-1.871619208257012e-06
-1.886126805599863e-06
-1.9008513028600117e-06
-1.9156058973523755e-06
-1.9305416666670627e-06
-1.9455426104382934e-06
-1.9606979044291956e-06
-1.975942749319427e-06
-1.991326320868129e-06
-2.0068148201654763e-06
-2.0224345254359934e-06
-2.038167628036665e-06
-2.0540291797419333e-06
-2.070009292636822e-06
-2.0861174361858775e-06
-2.102348153259668e-06
-2.118707122046636e-06
-2.1351923044916183e-06
-2.151806031923647e-06
-2.16854952480867e-06
-2.1854221700022243e-06
-2.202427849566516e-06
-2.2195637358159766e-06
-2.2368353834035896e-06
-2.2542388836162665e-06
-2.271780360303048e-06
-2.289455885551685e-06
-2.3072712252186116e-06
-2.325223150830024e-06
-2.3433165435028094e-06
-2.3615491974983915e-06
-2.379924992592557e-06
-2.398442719130588e-06
-2.4171053888862037e-06
-2.4359125739849795e-06
-2.454866664015334e-06
-2.4739677671332646e-06
-2.4932178812270625e-06
-2.5126174539639133e-06
-2.5321682493076834e-06
-2.5518709342866545e-06
-2.571727123467705e-06
-2.591737646777891e-06
-2.611904007850693e-06
-2.6322271752068395e-06
-2.652708558829788e-06
-2.673349250033319e-06
-2.6941505832077937e-06
-2.7151137526929513e-06
-2.7362400407081582e-06
-2.7575307200268864e-06
-2.7789870466891128e-06
-2.80061034567343e-06
-2.8224018720491824e-06
-2.8443629825507027e-06
-2.866494948642424e-06
-2.8887991459422818e-06
-2.911276871948545e-06
-2.9339295151125516e-06
-2.9567584027374513e-06
-2.9797649356727053e-06
-3.0029504699984923e-06
-3.026316421501354e-06
-3.0498641742959017e-06
-3.0735951602002055e-06
-3.097510789348861e-06
-3.1216125124699156e-06
-3.14590176535897e-06
-3.1703800177788942e-06
-3.1950487310306844e-06
-3.219909395351826e-06
-3.2449634971543594e-06
-3.270212547596264e-06
-3.295658058378417e-06
-3.321301562382715e-06
-3.3471445970096117e-06
-3.3731887172363736e-06
-3.3994354858628003e-06
-3.425886480846888e-06
-3.4525432910706942e-06
-3.479407517544041e-06
-3.5064807745184123e-06
-3.5337646883723105e-06
-3.56126089870153e-06
-3.588971056677512e-06
-3.6168968275615757e-06
-3.6450398885417255e-06
-3.6734019308810916e-06
-3.701984657430242e-06
-3.730789786692473e-06
-3.759819047882972e-06
-3.789074186038308e-06
-3.818556958163884e-06
-3.848269135930211e-06
-3.878212504185817e-06
-3.908388861503277e-06
-3.938800021048745e-06
-3.969447809450046e-06
-4.000334068104657e-06
-4.031460652811729e-06
-4.062829433175343e-06
-4.094442294029667e-06
-4.126301134243105e-06
-4.15840786835691e-06
-4.1907644247642095e-06
-4.223372747368375e-06
-4.256234795210084e-06
-4.289352542695109e-06
-4.322727979296816e-06
-4.3563631097723494e-06
-4.390259955194039e-06
-4.424420551751894e-06
-4.458846951752374e-06
-4.493541223377258e-06
-4.528505451061385e-06
-4.563741735493735e-06
-4.599252193180064e-06
-4.6350389577721335e-06
-4.671104178892736e-06
-4.707450023254942e-06
-4.744078674437401e-06
-4.780992332885695e-06
-4.818193216526512e-06
-4.855683560420947e-06
-4.8934656164366375e-06
-4.9315416545822e-06
-4.969913961976047e-06
-5.008584844406333e-06
-5.04755662464676e-06
-5.086831644102608e-06
-5.126412262591515e-06
-5.166300857719838e-06
-5.206499825768235e-06
-5.247011581700767e-06
-5.2878385594958e-06
-5.328983211787405e-06
-5.3704480103417e-06
-5.412235446582148e-06
-5.454348030856093e-06
-5.4967882930547635e-06
-5.53955878278075e-06
-5.582662069203784e-06
-5.626100742173179e-06
-5.669877411343914e-06
-5.713994706493678e-06
-5.7584552781034335e-06
-5.803261797486872e-06
-5.848416956561429e-06
-5.893923467622988e-06
-5.9397840644218394e-06
-5.986001502339411e-06
-6.032578557890831e-06
-6.079518029442673e-06
-6.126822736890296e-06
-6.174495521977792e-06
-6.222539249132065e-06
-6.270956804209409e-06
-6.319751096025292e-06
-6.368925055937332e-06
-6.418481638621244e-06
-6.468423820755759e-06
-6.518754602552923e-06
-6.569477008254942e-06
-6.620594084805914e-06
-6.672108903098121e-06
-6.724024557773511e-06
-6.776344168263337e-06
-6.829070877220622e-06
-6.8822078526514785e-06
-6.9357582865720024e-06
-6.98972539633913e-06
-7.044112423970628e-06
-7.098922637033267e-06
-7.154159328073839e-06
-7.209825815271409e-06
-7.265925443769583e-06
-7.322461582831563e-06
-7.379437629361635e-06
-7.436857006330906e-06
-7.4947231636004336e-06
-7.553039576904674e-06
-7.611809750439694e-06
-7.671037214225518e-06
-7.730725527238178e-06
-7.790878273322699e-06
-7.851499069476409e-06
-7.912591553978221e-06
-7.974159399661495e-06
-8.036206304218177e-06
-8.098735995822667e-06
-8.161752231176998e-06
-8.225258794960773e-06
-8.289259504172032e-06
-8.353758201823651e-06
-8.418758763488726e-06
-8.484265094790854e-06
-8.55028113016707e-06
-8.616810836231952e-06
-8.683858209566128e-06
-8.751427278416192e-06
-8.81952210247494e-06
-8.88814677129984e-06
-8.957305408643229e-06
-9.02700216914615e-06
-9.097241239782936e-06
-9.168026840517809e-06
-9.239363223655442e-06
-9.311254675183414e-06
-9.383705513539477e-06
-9.456720091415613e-06
-9.530302795766215e-06
-9.604458046840337e-06
-9.679190299546263e-06
-9.754504043873753e-06
-9.830403804092112e-06
-9.906894139982063e-06
-9.983979646609414e-06
-1.0061664955466785e-05
-1.0139954733370316e-05
-1.0218853683961401e-05
-1.0298366546997211e-05
-1.0378498099474333e-05
-1.0459253155036216e-05
-1.0540636565485833e-05
-1.0622653219970798e-05
-1.070530804552839e-05
-1.0788606008290606e-05
-1.0872552112000636e-05
-1.0957151400195085e-05
-1.1042408954806062e-05
-1.1128329898330014e-05
-1.1214919392363298e-05
-1.130218263876992e-05
-1.13901248803977e-05
-1.147875140020127e-05
-1.1568067522747805e-05
-1.165807861375212e-05
-1.1748790080631788e-05
-1.1840207373089995e-05
-1.1932335983219633e-05
-1.202518144567677e-05
-1.2118749338204532e-05
-1.2213045282230724e-05
-1.2308074942747257e-05
-1.2403844028723021e-05
-1.2500358293631234e-05
-1.2597623535497149e-05
-1.2695645598049046e-05
-1.2794430369656579e-05
-1.2893983785407237e-05
-1.2994311825734184e-05
-1.3095420518410969e-05
-1.3197315937473614e-05
-1.330000420426817e-05
-1.3403491488123143e-05
-1.3507784006130258e-05
-1.3612888023952635e-05
-1.371880985547155e-05
-1.382555586458556e-05
-1.3933132464031758e-05
-1.4041546116869835e-05
-1.4150803335534479e-05
-1.4260910684297384e-05
-1.4371874777927452e-05
-1.4483702282835215e-05
-1.4596399916827485e-05
-1.4709974451070085e-05
-1.4824432708252996e-05
-1.4939781564809155e-05
-1.505602795020232e-05
-1.5173178848276736e-05
-1.5291241297171222e-05
-1.541022238942132e-05
-1.5530129273086087e-05
-1.5650969151906162e-05
-1.5772749285614292e-05
-1.5895476990178837e-05
-1.6019159637917398e-05
-1.6143804660379707e-05
-1.6269419544501316e-05
-1.6396011838783978e-05
-1.6523589145676747e-05
-1.6652159132793235e-05
-1.6781729521964973e-05
-1.6912308098280182e-05
-1.7043902705889428e-05
-1.7176521249967925e-05
-1.7310171699219494e-05
-1.7444862080971853e-05
-1.7580600488516663e-05
-1.7717395076407563e-05
-1.7855254061974364e-05
-1.7994185728353613e-05
-1.8134198421401298e-05
-1.8275300552667278e-05
-1.8417500599232813e-05
-1.8560807103355434e-05
-1.870522867542185e-05
-1.885077399093021e-05
-1.8997451794455994e-05
-1.914527089752569e-05
-1.9294240179776236e-05
-1.9444368591658902e-05
-1.9595665152367285e-05
-1.9748138950887242e-05
-1.9901799147725545e-05
-2.0056654973591923e-05
-2.021271573245326e-05
-2.036999079929906e-05
-2.05284896227652e-05
-2.0688221725123195e-05
-2.0849196702206582e-05
-2.1011424225414704e-05
-2.117491403984858e-05
-2.1339675968106353e-05
-2.150571990846943e-05
-2.1673055836064336e-05
-2.184169380375434e-05
-2.2011643943141814e-05
-2.2182916464089878e-05
-2.2355521655648933e-05
-2.252946988731916e-05
-2.2704771609791975e-05
-2.288143735433416e-05
-2.3059477734274528e-05
-2.3238903445841626e-05
-2.3419725268253007e-05
-2.3601954064535972e-05
-2.378560078250189e-05
-2.3970676454637137e-05
-2.4157192200105697e-05
-2.4345159223749906e-05
-2.4534588818510544e-05
-2.472549236387216e-05
-2.4917881329156958e-05
-2.5111767272440377e-05
-2.530716184110651e-05
-2.550407677435573e-05
-2.5702523901866827e-05
-2.5902515146134907e-05
-2.6104062521476866e-05
-2.6307178136196397e-05
-2.6511874192768417e-05
-2.6718162988423225e-05
-2.6926056916394645e-05
-2.7135568466190343e-05
-2.734671022464592e-05
-2.7559494876538428e-05
-2.7773935204957888e-05
-2.7990044092811414e-05
-2.8207834523090154e-05
-2.8427319579959857e-05
-2.8648512449119964e-05
-2.8871426419139015e-05
-2.909607488198857e-05
-2.9322471333773905e-05
-2.955062937569288e-05
-2.9780562714254617e-05
-3.0012285163350883e-05
-3.0245810643943823e-05
-3.0481153185476844e-05
-3.071832692644273e-05
-3.0957346115473706e-05
-3.119822511189871e-05
-3.144097838694978e-05
-3.168562052427741e-05
-3.1932166220994575e-05
-3.2180630288991904e-05
-3.2431027655121115e-05
-3.268337336198254e-05
-3.2937682570033724e-05
-3.319397055758194e-05
-3.3452252720879005e-05
-3.371254457613297e-05
-3.397486176161355e-05
-3.423922003596572e-05
-3.45056352814429e-05
-3.4774123502305634e-05
-3.5044700829852185e-05
-3.531738351834543e-05
-3.559218795000417e-05
-3.5869130633864245e-05
-3.614822820749474e-05
-3.6429497438633836e-05
-3.6712955224121315e-05
-3.6998618593667284e-05
-3.72865047091784e-05
-3.757663086524361e-05
-3.786901449197473e-05
-3.8163673154504056e-05
-3.846062455513258e-05
-3.875988653358591e-05
-3.9061477068249445e-05
-3.936541427792791e-05
-3.967171642172253e-05
-3.9980401901672756e-05
-4.029148926202415e-05
-4.060499719182745e-05
-4.09209445255492e-05
-4.123935024473972e-05
-4.156023347752708e-05
-4.188361350165247e-05
-4.2209509744410936e-05
-4.253794178484514e-05
-4.286892935371578e-05
-4.3202492335465146e-05
-4.353865076961471e-05
-4.3877424851413056e-05
-4.421883493303759e-05
-4.456290152491055e-05
-4.490964529785241e-05
-4.525908708284566e-05
-4.56112478732698e-05
-4.596614882529224e-05
-4.632381126053014e-05
-4.668425666581305e-05
-4.704750669549848e-05
-4.7413583172152904e-05
-4.778250808849398e-05
-4.815430360848273e-05
-4.8528992068095385e-05
-4.890659597705194e-05
-4.928713802059871e-05
-4.967064106053097e-05
-5.0057128136151915e-05
-5.0446622466260825e-05
-5.0839147450349245e-05
-5.123472667022035e-05
-5.1633383890466004e-05
-5.20351430609604e-05
-5.2440028318006746e-05
-5.2848063986091036e-05
-5.325927457784912e-05
-5.367368479773074e-05
-5.409131954216425e-05
-5.4512203901238175e-05
-5.493636316024255e-05
-5.536382280052119e-05
-5.579460850322704e-05
-5.622874614734418e-05
-5.666626181531978e-05
-5.710718179079751e-05
-5.755153256350358e-05
-5.79993408280003e-05
-5.845063348728144e-05
-5.89054376532271e-05
-5.936378064878248e-05
-5.982569001016446e-05
-6.029119348613485e-05
-6.076031904391437e-05
-6.123309486502941e-05
-6.170954935500416e-05
-6.218971113399694e-05
-6.26736090522256e-05
-6.316127217644756e-05
-6.36527298082545e-05
-6.414801146828464e-05
-6.464714691479427e-05
-6.515016613196749e-05
-6.56570993393564e-05
-6.616797699488279e-05
-6.668282978266335e-05
-6.720168864461076e-05
-6.772458473621053e-05
-6.825154949328797e-05
-6.878261454450419e-05
-6.931781182929991e-05
-6.985717346404846e-05
-7.040073188601043e-05
-7.094851971832419e-05
-7.15005698935237e-05
-7.205691556592074e-05
-7.261759015368983e-05
-7.31826273620875e-05
-7.375206109457542e-05
-7.432592562669178e-05
-7.490425533623717e-05
-7.54870850965155e-05
-7.607444976229282e-05
-7.6666384796479e-05
-7.72629255781603e-05
-7.786410811339999e-05
-7.846996837811248e-05
-7.908054286456566e-05
-7.969586821462841e-05
-8.03159813573546e-05
-8.094091966666904e-05
-8.157072046969388e-05
-8.2205421910184e-05
-8.284506172209338e-05
-8.348967879143014e-05
-8.41393113373912e-05
-8.479399890540511e-05
-8.54537803177775e-05
-8.611869566161993e-05
-8.678878452360924e-05
-8.746408736876477e-05
-8.814464473685675e-05
-8.883049731398017e-05
-8.952168673209953e-05
-9.021825383365416e-05
-9.092024137293312e-05
-9.16276903689746e-05
-9.234064470645424e-05
-9.30591455440776e-05
-9.378323804076685e-05
-9.451296325064954e-05
-9.524836797157002e-05
-9.598949301289732e-05
-9.673638622344455e-05
-9.74890899316668e-05
-9.824765028382861e-05
-9.901211451222099e-05
-9.978252390918175e-05
-0.00010055893264147484
-0.00010134137666965404
-0.00010212991655196048
-0.00010292458312126797
-0.00010372544468290057
-0.00010453252499562473
-0.00010534590000434206
-0.00010616559097378518
-0.00010699167198993274
-0.0001078241740081606
-0.00010866315701952732
-0.00010950867333047332
-0.00011036075530607842
-0.00011121949597226154
-0.00011208487474435478
-0.00011295705088528552
-0.00011383593800922635
-0.00011472174786494968
-0.00011561437413748564
-0.00011651401242847282
-0.00011742060579414946
-0.00011833428517307124
-0.0001192550669320379
-0.00012018300411515738
-0.0001211182117379743
-0.00012206061462610523
-0.00012301049045498262
-0.00012396758478389644
-0.00012493234934152008
-0.0001259043883423633
-0.0001268842490067439
-0.00012787149883425677
-0.0001288666626730751
-0.00012986939985858343
-0.00013088006818697494
-0.00013189857576868195
-0.00013292496509971713
-0.00013395949583010604
-0.00013500186969106639
-0.0001360526411154756
-0.00013711129089468105
-0.0001381785256810706
-0.00013925374142937817
-0.0001403376692181318
-0.00014142975792703905
-0.00014253058788407368
-0.0001436398815360296
-0.00014475783793431863
-0.000145884638194811
-0.0001470199853176458
-0.0001481646030141099
-0.0001493175491410674
-0.00015048041342921527
-0.00015165096640659724
-0.00015283285738052084
-0.00015402040825015365
-0.00015522325609084245
-0.00015642536218097962
-0.0001576504621192791
-0.00015887009005084891
-0.00016011126478492977
-0.00016135377164559024
-0.0001626054762440965
-0.00016387334068722868
-0.0001651339407461078
-0.00016642855976810571
-0.00016769909820509455
-0.00016902370002507228
-0.00017029964450106954
-0.00017165193559804618
-0.00017294694215735842
-0.0001743105318567602
-0.00017563540590393988
-0.0001770178263475206
-0.00017836305588867906
-0.00017976339886521562
-0.00018115879935746678
-0.00018252568727252863
-0.00018401330916666082
-0.0001853273458168707
-0.00018688046697783612
-0.00018819446763675097
-0.00018974768039591234
-0.00019111722030817422
-0.00019264418831784836
-0.00019407780578730284
-0.00019557014571461968
-0.0001970737168270739
-0.00019851945412353899
-0.00020009225730279444
-0.00020151106577701939
-0.00020312405282227049
-0.0002045509738075853
-0.00020620148754134284
-0.0002076244457481953
-0.00020932512792949838
-0.00021074643227805097
-0.0002124846184014713
-0.00021393431847866254
-0.00021567993798254516
-0.00021717288821457292
-0.00021893752881584072
-0.0002204464007874371
-0.00022224274615096924
-0.000223763850734785
-0.0002255559775282026
-0.00022710943220865133
-0.0002288950475613184
-0.0002304472598762975
-0.00023232465283802486
-0.00023371381195087804
-0.00023581429146900257
-0.00023699817599010485
-0.00023937009527810922
-0.00024018386973903745
-0.00024322250298351158
-0.0002431547517716899
-0.0002477050574029759
-0.00024490590244526523
-0.00025532048163969304
-0.00023857276626997742
-0.0002894683267610312
-0.00022660267374917734
-0.0002967982266947277
-0.0002692636999491946
-0.00031495508691919277
-0.00031234686239099
-0.00035617490314405597
-0.000388589788503247
-0.00031094599808571474
-0.00042271791206844114
-0.0002766351652612707
-0.000411125871451392
-0.0002947897808158141
-0.0003440525120264881
-0.00033313579113491976
-0.0003295111270059069
-0.0002912345819280314
-0.0003795362602703904
-0.0002865383348045966
-0.0003814558547108743
-0.00033754205364230645
-0.000397106941101167
-0.00038936948912527596
-0.0004208741378225675
-0.00045562896013419917
-0.0004656819119167122
-0.0004933343110465459
-0.0005102899635739608
-0.0005213647857892217
-0.0005621253996444049
-0.0005126348253963742
-0.0005695191825758178
-0.0005708696216160137
-0.0006079804749425966
-0.0005786252332561667
-0.0005818237373109626
-0.0005900067802042606
-0.0006227312432467886
-0.0005640586486512599
-0.0006682184294237026
-0.0005837288046114384
-0.0006215036909196171
-0.0006185092312197723
-0.0006487104372122354
-0.0007102942069241586
-0.0006806568396735269
-0.0007536242309590935
-0.000779436506252118
-0.0008412994376348626
-0.0007866275896105668
-0.0008504741835068108
-0.0007636794866574537
-0.0009185395255009443
-0.0007782568723089939
-0.0009611338654661357
-0.0007939128455187947
-0.0009198882922233052
-0.0007236018547447237
-0.0009072144986229311
-0.0006554640984896207
-0.0008235175303405208
-0.0007272670753287053
-0.0007863482100387981
-0.0008563414468121949
