-0.004050598823150215
-0.0040436430237348366
-0.004134091933993148
-0.004123527792306153
-0.0042727150881437075
-0.004233807353553107
-0.004373935153889993
-0.00430323339344427
-0.0044579323460308285
-0.004423652090719457
-0.004537304407978229
-0.004536729235964935
-0.004689744501179189
-0.004605411198754505
-0.00482965773924289
-0.004718367987891985
-0.004960509815480782
-0.0048620095801310895
-0.005114330047566623
-0.005026518252461686
-0.005178643898887369
-0.005193615618808144
-0.005273531001240904
-0.005287047672512291
-0.005502293788084351
-0.005425699711544094
-0.005649769988775373
-0.00548137745390077
-0.0056739991489609615
-0.00555114921458698
-0.0057084178602082505
-0.00565297819758912
-0.00568975102653671
-0.005728994877700475
-0.005822494139321076
-0.005853695826491949
-0.005996779297309533
-0.0059664977843197926
-0.006130720612545304
-0.00609417365640506
-0.006213557912668007
-0.00628480314561132
-0.006338541664852031
-0.006509126514942883
-0.006520958670553922
-0.00672814842452135
-0.006718720291261877
-0.007016529525788856
-0.006762723844747218
-0.007381222671992217
-0.006697563094004924
-0.007963073400866362
-0.007775985593512654
-0.006980590579564767
-0.007979950320309993
-0.006484023133518844
-0.008857756142824929
-0.005740018066012928
-0.010192167473882826
-0.005350782044417852
-0.010908789215662656
-0.0038607108146256975
-0.013048148183269423
-0.0018048796149647615
-0.015796608309947478
0.002015661069100762
-0.021756350850523368
0.010475544562924374
-0.034938519747524946
0.030505970890157063
-0.07734551492601284
0.1569064801479445
0.7087873303252232
0.3143629557497025
-0.0263799818683444
-0.18643587784891594
0.0070841604456370125
-0.09662676861670279
-0.05453950488288163
0.012880514891599902
-0.13321235472335474
-0.29799427263769646
-0.1578057638350545
0.11281276562411167
0.1267284080236133
-0.018220767130915815
-0.2722539731859651
-0.2605308796849185
-0.16513210078954205
0.01580728409610581
0.19370569157175066
0.17704738584303692
0.06449737527382833
-0.019140684673406287
-0.030380854784601462
0.0727927341304446
0.095680102445235
0.059433936479687956
0.0022682119679222714
-0.05754980950811843
-0.14361805821905885
-0.11836586673243421
-0.026263131335261564
0.01386567142763129
-0.0403645580188048
-0.07295108307659545
-0.0832210288046403
-0.031168715002659952
0.010503651541081124
0.014431159099009192
0.011430864177705984
0.023764551597311764
-0.020703787261944655
-0.046887656887042585
0.003923852155577386
0.06080365831865289
0.03898941788564086
-0.005618624360750115
-0.016617707181743907
-0.021454901656264645
-0.0244970542410067
-0.0012423477332175188
0.02879295071750407
0.019145531588762817
-0.030870910621341487
-0.055432523661407725
-0.04193118754766158
-0.01723041733024297
-0.011847876623582393
-0.010599149583378157
-0.0029124608155811334
-0.018816625299660685
-0.038637110762016466
-0.031028436212972913
0.0008566835788022294
0.01322875870445336
0.0007401310463785264
0.00029414741416232155
-0.00015330712821666422
-0.007267754378004496
-0.009787945026479245
-0.000920318338886273
0.005779595781704322
0.00012792113673419636
-0.010426520697098438
-0.01596105813526774
-0.009874973108943363
-0.004149184557440156
-0.007804247554687177
-0.00811775036126801
-0.008690295627566513
-0.014106185379079532
-0.01589138555933453
-0.008592926297877019
-0.0009615978928337819
-0.004941086277632166
-0.011172790135041646
-0.012619528596729924
-0.01065868452842581
-0.007455933422535959
-0.004753766491289544
-0.00033187788089588353
-0.0009461752096061865
-0.007209835832158925
-0.011516999603738908
-0.008404412526765749
-0.00352906593571171
-0.004159049604863351
-0.004982201784367406
-0.005435447904773663
-0.007431085041997927
-0.011641749988144379
-0.010764260994048733
-0.005678272607281388
-0.0035294052244187924
-0.004928762762294562
-0.006341954685025257
-0.007599179749705743
-0.0076865777132391925
-0.006615374465007212
-0.0033451417891255416
-0.002001363031012523
-0.0035952470681881866
-0.006791815710165027
-0.007285658286770886
-0.006145906589714472
-0.004968451344454054
-0.005889566873575685
-0.005351855315545873
-0.00558290913406551
-0.006761881821453654
-0.007079324645531187
-0.005405002039855842
-0.004131996995433181
-0.004997533484222429
-0.006153632418262212
-0.006253892599376078
-0.005266402925551775
-0.004407260194438333
-0.004119979473555105
-0.004440748260442447
-0.005092379496349119
-0.006167433643344584
-0.006468015061616915
-0.005781401238338941
-0.0038554000744718915
-0.0038642885962214425
-0.0036259621673816952
-0.005001955684487113
-0.0044409355762107475
-0.005371736818500623
-0.0036284717149872373
-0.00491972955206783
-0.003224014938496445
-0.004914334986909923
-0.007571554699159698
-0.006509813305611352
-0.0062144369885082104
-0.003511387617245917
-0.0038994049770832116
-0.0031055983494633795
-0.004005420719052884
-0.004070879950541496
-0.003356892228381217
-0.002319383134037609
-0.002975324436557965
-0.004860038087136509
-0.005031373936563088
-0.004680983480679267
-0.0033983273805773995
-0.0045990182027279185
-0.0038145868347084547
-0.00493961942204854
-0.004885344787224221
-0.0048937444510774985
-0.0038168554253206637
-0.00362651356830207
-0.0035314114942617725
-0.0037095548799269892
-0.003915976183008894
-0.0027605080545512347
-0.0028105569702116173
-0.0023027370027948867
-0.0028233391540336645
-0.003178135456486484
-0.002071371654965695
-0.0015710053505172202
-0.0022171143303400353
-0.00230978658748754
-0.0026932033153475275
-0.00217597879410589
-0.00242487855378361
-0.0011720211289249004
-0.001770390224332538
-0.0023072617829296106
-0.00249320042031902
-0.0032945795226780503
-0.0030944976901744357
-0.00401169756980175
-0.0035565859049679
-0.0030503079360371557
-0.0021306378066206695
-0.0018542302423503062
-0.0023684165683847073
-0.0015345893558879136
-0.0013909390294002892
-0.0008994176547335575
-0.0004769880934148087
-0.00024929955229013466
-0.0004903629951192293
-0.001538145323494902
-0.0018445930079842962
-0.0016358877977328211
-0.0012745300659133666
-0.00163234138508558
-0.0017373624791033973
-0.0023532593932220807
-0.0023044104811250103
-0.0018456066658346208
-0.0010579435208525499
-0.0010911819157916926
-0.0011582905852402059
-0.0012658668679259065
-0.0009585090825587719
-0.0005334659228549547
-0.00022605485696694386
-0.0005918798633926986
-0.0011478850008061407
-0.0017860694146590943
-0.002092699301583385
-0.0013886274988615202
-0.0006725528573705763
-0.0002892168081886355
-0.0004821977102473287
-0.00045876475358940525
-5.298673814207826e-05
0.0003897746733474124
-6.785702876472492e-05
0.0003867789007461174
-5.249444129825113e-05
0.0002237742881885759
-1.1005694099514322e-05
0.0001931177809393733
1.954822588438193e-05
0.00010278965570408147
-3.150301762887243e-05
4.215823878479623e-05
-2.430192667314383e-05
2.5692753084045655e-05
-2.6697301064297738e-05
1.74922514284471e-05
-3.10767106122464e-05
-6.551268337844389e-06
-3.063573714677157e-05
2.272878085109826e-06
-2.0293788703454384e-05
-2.514164545930033e-06
-1.555021666594953e-05
1.7585369735896497e-06
-8.861191889202697e-06
5.28858560248772e-06
-4.2143684288372405e-06
4.830226070031991e-06
-3.7876737417313466e-06
3.422882907188219e-06
-2.185710722339522e-06
3.0499590329556743e-06
-2.1223886204875878e-06
1.5210989767963645e-06
-2.0715315153449487e-06
5.346384996424321e-07
-2.2140287288096444e-06
1.3638865566231381e-08
-2.0476178183093455e-06
-5.871091322013494e-07
-2.131098782764897e-06
-8.22467063585873e-07
-1.9296031652984297e-06
-9.808832189574235e-07
-1.826253028202468e-06
-1.0943058386444354e-06
-1.7319321420408967e-06
-1.1630619317932328e-06
-1.6210587894509992e-06
-1.1823096580081821e-06
-1.5625014524211275e-06
-1.2559302328633143e-06
-1.5412717808329507e-06
-1.3065425282883167e-06
-1.5374191946529708e-06
-1.3704164818922632e-06
-1.54939804116426e-06
-1.4317996531254887e-06
-1.5757826908272682e-06
-1.4887141332147857e-06
-1.5999761008816775e-06
-1.5409970510419507e-06
-1.6323171147369225e-06
-1.591625406934579e-06
-1.6641245860641923e-06
-1.6376771030332266e-06
-1.6972866030513442e-06
-1.6817019116701845e-06
-1.7319261041847007e-06
-1.7256183603101688e-06
-1.7686367598790647e-06
-1.7685043926054557e-06
-1.8064228226601607e-06
-1.8120664607198644e-06
-1.8463481304019022e-06
-1.85610803432666e-06
-1.887809126920742e-06
-1.9009918335046415e-06
-1.9307934091792613e-06
-1.946693276588655e-06
-1.9753173006230394e-06
-1.993396352320152e-06
-2.0211117765500924e-06
-2.0409333418229102e-06
-2.068170855837109e-06
-2.089481356789321e-06
-2.1164618515066153e-06
-2.139030831933104e-06
-2.1659724586621434e-06
-2.189631168541574e-06
-2.2166833955330686e-06
-2.241340235083103e-06
-2.2686459142801096e-06
-2.2942052711229233e-06
-2.321854766738733e-06
-2.34826898116126e-06
-2.3763497725742995e-06
-2.4035760894118216e-06
-2.432151652242135e-06
-2.4601655754389663e-06
-2.489286791018718e-06
-2.5180695237855648e-06
-2.5477816429373543e-06
-2.577326985294011e-06
-2.6076658876423187e-06
-2.637969321510423e-06
-2.6689671480664354e-06
-2.700031611482974e-06
-2.7317166495075982e-06
-2.763548037591247e-06
-2.795946777432593e-06
-2.8285541659029117e-06
-2.861690529664968e-06
-2.8950855112301957e-06
-2.9289830104583213e-06
-2.9631790846006563e-06
-2.9978598413099404e-06
-3.0328720381435532e-06
-3.0683579269677463e-06
-3.104202561769742e-06
-3.1405150629386976e-06
-3.1772095968433944e-06
-3.2143701046254136e-06
-3.251932817925618e-06
-3.2899627141497884e-06
-3.3284128025806714e-06
-3.367333653379878e-06
-3.406691009710458e-06
-3.446524593076275e-06
-3.4868098323249247e-06
-3.52757823778721e-06
-3.5688126208618942e-06
-3.6105383148894374e-06
-3.6527437485929168e-06
-3.6954495988804348e-06
-3.738648597202514e-06
-3.782357931609616e-06
-3.826573622993032e-06
-3.871310248745874e-06
-3.91656636194082e-06
-3.962354597184664e-06
-4.008675462487815e-06
-4.055540158130018e-06
-4.102950712629467e-06
-4.150917277487981e-06
-4.19944307010825e-06
-4.248537485409794e-06
-4.298204683023804e-06
-4.3484535262516485e-06
-4.39928892832786e-06
-4.450719388463323e-06
-4.502750434195665e-06
-4.555390330452259e-06
-4.608645111894155e-06
-4.662522909433531e-06
-4.717030186094512e-06
-4.772175015598477e-06
-4.827964229082646e-06
-4.884405900837385e-06
-4.9415071878278205e-06
-4.999276210754244e-06
-5.0577204187829405e-06
-5.116848017322484e-06
-5.176666723859247e-06
-5.237184853880417e-06
-5.298410377879616e-06
-5.360351744948533e-06
-5.423017168246919e-06
-5.486415247852455e-06
-5.550554431472954e-06
-5.61544348522125e-06
-5.681091085722734e-06
-5.7475061786237125e-06
-5.814697668839186e-06
-5.882674692508916e-06
-5.951446381283199e-06
-6.021022069382931e-06
-6.091411117216394e-06
-6.1626230673612545e-06
-6.23466751036722e-06
-6.3075542048457445e-06
-6.38129297459572e-06
-6.455893800254124e-06
-6.531366742525829e-06
-6.607722011470196e-06
-6.684969909693649e-06
-6.7631208835732416e-06
-6.842185480814152e-06
-6.922174390660684e-06
-7.003098411173742e-06
-7.084968480793475e-06
-7.167795653989289e-06
-7.25159112475299e-06
-7.336366208637347e-06
-7.422132361581532e-06
-7.508901166512327e-06
-7.59668434761906e-06
-7.685493760840705e-06
-7.775341406060878e-06
-7.866239419219187e-06
-7.95820008059171e-06
-8.051235812045368e-06
-8.145359183136342e-06
-8.240582907218116e-06
-8.336919849319824e-06
-8.434383023054768e-06
-8.532985595377995e-06
-8.632740885714061e-06
-8.733662370132293e-06
-8.835763681784266e-06
-8.93905861415619e-06
-9.043561120839491e-06
-9.149285319713023e-06
-9.256245492349777e-06
-9.364456088360513e-06
-9.473931725454462e-06
-9.584687192568781e-06
-9.696737452048656e-06
-9.810097641081272e-06
-9.924783073017585e-06
-1.0040809240702015e-05
-1.0158191817827376e-05
-1.0276946661610248e-05
-1.0397089814782445e-05
-1.0518637507649694e-05
-1.0641606160191521e-05
-1.0766012383215708e-05
-1.0891872983508251e-05
-1.101920496327435e-05
-1.1148025523766581e-05
-1.1278352067461105e-05
-1.1410202200636769e-05
-1.1543593734006981e-05
-1.1678544687176214e-05
-1.181507329161115e-05
-1.195319799043382e-05
-1.2092937442436183e-05
-1.2234310526456835e-05
-1.237733633861109e-05
-1.2522034201369221e-05
-1.2668423662496979e-05
-1.281652449621742e-05
-1.296635671007738e-05
-1.3117940542548348e-05
-1.3271296475972708e-05
-1.3426445223735026e-05
-1.3583407745931374e-05
-1.3742205246245094e-05
-1.3902859176610164e-05
-1.4065391239320626e-05
-1.4229823390821605e-05
-1.4396177845087143e-05
-1.456447707493631e-05
-1.4734743814967489e-05
-1.4907001065439605e-05
-1.5081272098963492e-05
-1.5257580456154028e-05
-1.543594995544184e-05
-1.561640469233583e-05
-1.5798969044139664e-05
-1.5983667673906193e-05
-1.617052553104948e-05
-1.6359567859028e-05
-1.6550820196420163e-05
-1.6744308378719114e-05
-1.6940058544388206e-05
-1.7138097136927934e-05
-1.7338450909320396e-05
-1.7541146927101386e-05
-1.774621257225246e-05
-1.7953675548042442e-05
-1.8163563880705443e-05
-1.837590592309961e-05
-1.8590730360263123e-05
-1.880806621276502e-05
-1.9027942841065874e-05
-1.925038994827794e-05
-1.9475437584270386e-05
-1.9703116150645475e-05
-1.9933456405120484e-05
-2.016648946321991e-05
-2.0402246805517957e-05
-2.0640760280760595e-05
-2.0882062110115507e-05
-2.112618489048465e-05
-2.137316159999368e-05
-2.162302560280993e-05
-2.1875810653229633e-05
-2.2131550899723296e-05
-2.2390280890044467e-05
-2.265203557641482e-05
-2.2916850319069926e-05
-2.3184760891435674e-05
-2.3455803485177614e-05
-2.373001471585312e-05
-2.4007431626841408e-05
-2.4288091693931875e-05
-2.457203283137005e-05
-2.485929339689219e-05
-2.514991219618873e-05
-2.5443928488553397e-05
-2.574138199285675e-05
-2.6042312892472774e-05
-2.6346761839865507e-05
-2.665476996251137e-05
-2.6966378869348884e-05
-2.7281630655489296e-05
-2.7600567908091234e-05
-2.7923233712354167e-05
-2.8249671657050446e-05
-2.8579925841287247e-05
-2.8914040878191133e-05
-2.9252061903226045e-05
-2.959403457966983e-05
-2.9940005104738682e-05
-3.0290020215698943e-05
-3.06441271955369e-05
-3.1002373880290035e-05
-3.136480866570285e-05
-3.173148051294379e-05
-3.210243895533302e-05
-3.247773410612782e-05
-3.285741666331915e-05
-3.324153791813694e-05
-3.363014976142265e-05
-3.4023304690464044e-05
-3.4421055817033044e-05
-3.482345687301491e-05
-3.523056221792654e-05
-3.564242684819634e-05
-3.605910640252369e-05
-3.648065716973061e-05
-3.690713609712237e-05
-3.7338600796642946e-05
-3.777510955693523e-05
-3.821672134398995e-05
-3.866349581413929e-05
-3.911549332430257e-05
-3.9572774933707786e-05
-4.003540241854717e-05
-4.050343827036607e-05
-4.097694571892144e-05
-4.145598872992533e-05
-4.194063201717023e-05
-4.2430941050035625e-05
-4.292698206582318e-05
-4.3428822073468196e-05
-4.3936528865549614e-05
-4.445017102881234e-05
-4.4969817951726054e-05
-4.549553983405983e-05
-4.602740769338019e-05
-4.656549337994425e-05
-4.710986958289507e-05
-4.766060984317017e-05
-4.8217788560165383e-05
-4.878148100257037e-05
-4.935176331945885e-05
-4.992871255010469e-05
-5.05124066336321e-05
-5.1102924421675546e-05
-5.170034568764302e-05
-5.2304751137125134e-05
-5.2916222417603506e-05
-5.3534842133207074e-05
-5.416069385325191e-05
-5.479386212402216e-05
-5.54344324796036e-05
-5.6082491454707926e-05
-5.6738126595077924e-05
-5.740142647070673e-05
-5.807248068602211e-05
-5.875137989400222e-05
-5.943821580667438e-05
-6.0133081209137046e-05
-6.083606996982408e-05
-6.154727705473474e-05
-6.226679854168509e-05
-6.299473163043877e-05
-6.373117465664673e-05
-6.447622710625692e-05
-6.522998962879382e-05
-6.599256404949544e-05
-6.67640533839808e-05
-6.754456185252566e-05
-6.833419489406093e-05
-6.913305917988829e-05
-6.994126262790511e-05
-7.075891441828e-05
-7.158612500737967e-05
-7.242300614282763e-05
-7.326967087862733e-05
-7.412623359028068e-05
-7.499280999090385e-05
-7.586951714596245e-05
-7.675647348902846e-05
-7.765379883914979e-05
-7.85616144158654e-05
-7.948004285542113e-05
-8.040920822796561e-05
-8.134923605431746e-05
-8.230025332256062e-05
-8.32623885050458e-05
-8.423577157630848e-05
-8.522053403103619e-05
-8.621680889971681e-05
-8.722473076893441e-05
-8.824443579863949e-05
-8.92760617404178e-05
-9.031974795616006e-05
-9.137563543744679e-05
-9.244386682373063e-05
-9.35245864218863e-05
-9.461794022557358e-05
-9.572407593593131e-05
-9.684314298087594e-05
-9.797529253450631e-05
-9.912067753883175e-05
-0.00010027945272249664
-0.00010145177462470229
-0.00010263780161442852
-0.00010383769391112481
-0.0001050516136083925
-0.00010627972469425852
-0.00010752219307293305
-0.00010877918658913199
-0.00011005087505098175
-0.00011133743025008858
-0.00011263902598612416
-0.00011395583809095319
-0.00011528804445352968
-0.00011663582504005225
-0.00011799936192137365
-0.00011937883929892534
-0.00012077444352526895
-0.0001221863631323001
-0.0001236147888542087
-0.00012505991365774696
-0.00012652193276474423
-0.00012800104367858309
-0.00012949744621147327
-0.00013101134251248712
-0.00013254293709271184
-0.00013409243685478947
-0.00013566005112043873
-0.00013724599165873845
-0.0001388504727136919
-0.00014047371103376692
-0.00014211592590134827
-0.0001437773391628162
-0.0001454581752581461
-0.000147158661251198
-0.0001488790268602794
-0.00015061950448840824
-0.00015238032925614332
-0.0001541617390326607
-0.00015596397446856222
-0.00015778727902703135
-0.00015963189901801848
-0.0001614980836300347
-0.00016338608496552155
-0.0001652961580738344
-0.00016722856098627572
-0.0001691835547506257
-0.00017116140346634673
-0.00017316237432071454
-0.0001751867376234954
-0.00017723476684533492
-0.00017930673865416963
-0.00018140293295206274
-0.0001835236329129123
-0.00018566912502197808
-0.00018783969911223482
-0.00019003564840658826
-0.00019225726955433842
-0.0001945048626745471
-0.00019677873139298556
-0.0001990791828864586
-0.00020140652792153798
-0.00020376108089930267
-0.0002061431598947179
-0.00020855308670260494
-0.00021099118687891295
-0.00021345778978605168
-0.0002159532286368543
-0.0002184778405383321
-0.00022103196654117067
-0.0002236159516791705
-0.00022623014502438107
-0.0002288748997242361
-0.00023155057306235025
-0.00023425752648932293
-0.0002369961256924089
-0.00023976674062152373
-0.0002425697455648414
-0.00024540551917269786
-0.00024827444453515753
-0.0002511769092097991
-0.00025411330529121476
-0.00025708402945901366
-0.0002600894830178727
-0.00026313007199110826
-0.00026620620710535647
-0.00026931830394750177
-0.0002724667828924777
-0.0002756520693048205
-0.0002788745934485838
-0.0002821347906849206
-0.00028543310140605486
-0.0002887699712007829
-0.000292145850833763
-0.0002955611963489672
-0.0002990164691478816
-0.00030251213595144325
-0.0003060486690690898
-0.00030962654613794945
-0.00031324625063487667
-0.0003169082713720586
-0.000320613103253231
-0.00032436124652981436
-0.00032815320780061816
-0.0003319894990260739
-0.00033587063877201016
-0.00033979715100565674
-0.0003437695664951321
-0.00034778842152926237
-0.0003518542593642283
-0.0003559676288978576
-0.00036012908616445344
-0.00036433919296623434
-0.00036859851842343193
-0.0003729076375365468
-0.0003772671328194058
-0.00038167759280195604
-0.0003861396136602608
-0.0003906537978794584
-0.0003952207553903884
-0.00039984110332768165
-0.0004045154652422352
-0.0004092444737210923
-0.0004140287659282521
-0.0004188689903630921
-0.00042376579825164316
-0.00042871985413073634
-0.00043373182383543273
-0.0004388023882346201
-0.0004439322281043004
-0.0004491220409848259
-0.0004543725232143848
-0.00045968438878582615
-0.0004650583509754119
-0.0004704951390774089
-0.0004759954862132961
-0.0004815601328787217
-0.0004871898402527084
-0.0004928853488832714
-0.0004986474614646838
-0.0005044769098336444
-0.0005103745363603464
-0.0005163410836651599
-0.0005223774006915833
-0.00052848427874406
-0.000534662547167399
-0.0005409130520307847
-0.0005472366145710828
-0.0005536341244134395
-0.0005601063902758109
-0.0005666543740387943
-0.0005732788320216547
-0.0005799808294744161
-0.0005867610653040121
-0.0005936206892809232
-0.0006005603721401698
-0.0006075813282158584
-0.0006146842073676013
-0.0006218702863459511
-0.0006291402095351473
-0.0006364952790835249
-0.0006439361921941654
-0.0006514642126158815
-0.0006590801434361191
-0.0006667851845652169
-0.0006745802407294786
-0.000682466478186186
-0.0006904448641133244
-0.0006985165614012607
-0.0007066825907160348
-0.0007149441080238567
-0.0007233021904439058
-0.0007317579947843972
-0.000740312676312335
-0.0007489672421545986
-0.0007577233013125457
-0.0007665811306706962
-0.0007755434125114235
-0.0007846093222074221
-0.0007937825027148223
-0.0008030616213707121
-0.0008124504622887153
-0.0008219478702372533
-0.0008315574782498721
-0.0008412782623926102
-0.0008511138152869392
-0.0008610633337493964
-0.0008711299596862419
-0.0008813138268773668
-0.0008916166078036906
-0.0009020409945000341
-0.000912584040105041
-0.0009232579468873459
-0.0009340392054050789
-0.0009449786380816266
-0.0009560022741069265
-0.0009672025765954245
-0.000978498488568885
-0.0009899320351664971
-0.0010015246060842168
-0.0010132014586214013
-0.0010250752050335503
-0.0010370318090228599
-0.0010491830412976862
-0.0010614097753165242
-0.0010738671096342297
-0.0010863572083749775
-0.0010991276121753027
-0.0011119048839863246
-0.0011249783212858456
-0.0011380575133229799
-0.0011514415199842046
-0.001164828977663783
-0.0011785228600679435
-0.0011922420828375958
-0.0012062240310023384
-0.0012203151778158103
-0.0012345650017584475
-0.001249043580953253
-0.001263583612230227
-0.0012784109129370391
-0.0012932963132393435
-0.001308452455166538
-0.0013237065578157285
-0.001339217888303823
-0.001354826941284075
-0.001370694789308631
-0.001386696199927765
-0.0014028909907031857
-0.0014192969385301473
-0.0014359986281640737
-0.0014524936880000467
-0.0014698715823936188
-0.0014865780978351867
-0.0015043596677375903
-0.0015216387053212654
-0.0015396361420189353
-0.0015575611114638853
-0.0015757844468393383
-0.0015942683106255282
-0.0016128591434177338
-0.0016318623961933914
-0.0016507848761994105
-0.0016704147574591339
-0.0016894975885114235
-0.0017100058207020416
-0.0017287119366819204
-0.0017516021485248692
-0.0017659172510324965
-0.001804093224705447
-0.001754602352078508
-0.0018303729937660107
-0.001856942655081923
-0.0018527686936934719
-0.0019632575482732284
-0.0019086897204521752
-0.00200300439345108
-0.0019713834738171176
-0.002037889392635911
-0.002023859044231663
-0.0020848480562752248
-0.002028005164579072
-0.0020780223382897874
-0.0020225997679494522
-0.0021095422315562523
-0.002069853670036259
-0.002149906524122988
-0.002121552079978453
-0.0022394178819381202
-0.0022445083462727493
-0.0022790537205397143
-0.00238522517699577
-0.0022726965935088023
-0.0024898147770311156
-0.0023386215808163663
-0.0025609998989584715
-0.0024945002090479736
-0.0025425880233502767
-0.0025762536850971844
-0.0025859476736015616
-0.002674715786110095
-0.0026927518121083504
-0.002798710732928399
-0.0027127742486070298
-0.002868952916138967
-0.0027250423126379594
-0.0029589087857004957
-0.0028145513689172012
-0.002980753116561446
-0.002968918252121599
-0.0030180529352289175
-0.003104451222824438
-0.0031367283030461456
-0.003234616221510498
-0.0032353579816656645
-0.0032395785980837886
-0.003383630618813268
-0.0032355875867516332
-0.0035525949817275955
-0.0033406549259118257
-0.0035990410649218508
-0.00345675814967267
-0.003697879806941666
-0.0035700487746723607
-0.0037560078087445995
-0.0036825355356686898
-0.0038165538620047092
-0.0037729968545821965
-0.003944193126487282
-0.0038770226176459803
-0.004020373683741411
-0.0039978997401072785
-0.0006805134551523432
-0.0006575381748232827
-0.0006961211732655189
-0.0006923732133697592
-0.0007329332484811322
-0.0007223553384956017
-0.000753035050851141
-0.0007432420364207478
-0.0007579752485951134
-0.0007591952580790319
-0.0007620069148025692
-0.000769946320042247
-0.000771912802047252
-0.0007819898371807871
-0.0007804087725907302
-0.0007998710784830016
-0.0007998800355375968
-0.0008159288363491525
-0.0008246269642719442
-0.0008445527304872584
-0.0008506330555842336
-0.0008709147818389388
-0.0008779780842919761
-0.0009009078658253135
-0.0009099143627583351
-0.0009320465308644172
-0.0009392895431960659
-0.0009540004153837518
-0.0009625124602698069
-0.000975024999586477
-0.0009842347987912116
-0.0009963020867604973
-0.0010066591839646044
-0.001014658113366693
-0.001019838662350015
-0.0010279595032477405
-0.0010324744091980557
-0.0010395364472628832
-0.0010499142468797414
-0.0010573699721713513
-0.0010725814699935696
-0.0010764779781490064
-0.0010989728464086371
-0.0011133161372916202
-0.001127307093424633
-0.0011467627712603095
-0.0011617640583430748
-0.0011791178148479158
-0.0011951935085668208
-0.0012110631654769397
-0.0012277024973193413
-0.0012445380472465987
-0.0012475060911068044
-0.0012710847779589742
-0.0012733878382044004
-0.0012800527792438054
-0.0012845950811297938
-0.0012918318187137524
-0.0012894671677440746
-0.0013063732412043776
-0.0013008320121885109
-0.0013107398502395873
-0.0013133023348869445
-0.0013135140039253494
-0.001336561176273542
-0.001323913223461217
-0.0013554871901830415
-0.0013468416170934507
-0.001359702858459562
-0.001378305737995857
-0.001386648619459252
-0.0014106486718826958
-0.001344467608625475
-0.0012956908218745133
-0.0013530542235484118
-0.0014442075370778803
-0.001453393013544464
-0.0015932855247143174
-0.0016782925229736735
-0.0015838328595289934
-0.0016454246020495603
-0.001605798798029469
-0.0016410858686950894
-0.0015171391575824816
-0.0016182513508248805
-0.0015056108520652327
-0.001541680438803495
-0.001391784509262758
-0.0018498276112165633
-0.0014057890412773417
-0.0016395309955310132
-0.0011951435339705397
-0.0019853636473387525
-0.000804615190212182
-0.002165539426289509
0.0012945459675080145
-0.004620595339682107
0.031131508558527456
0.08412121020625551
0.07406533643800889
0.046188579899297144
0.030805217018597553
0.02959641286338419
0.016123206576703797
0.007375896050642443
-0.010233894227226377
-0.017443582525982555
-0.024025362038480984
-0.05150208681994308
-0.0669242435304116
-0.04903912027842989
-0.008920401567040197
0.002732648716925112
0.004202448842148349
0.0026550307646950114
-0.002242234995250801
-0.001040652273268813
0.008648854043276361
0.020588537397078648
0.02477774747788234
0.018447211229372446
0.013268364489459469
0.01358276660002257
0.013824465053430428
0.011077550847336382
0.008812454327630862
0.011117467879508527
0.015463885652419924
0.010954608394281947
-0.0018515234889998923
-0.009571269583433399
-0.006991853490919385
-0.0015954945738598895
-0.003529591664229224
-0.006102602982606297
-0.005390573069737751
-0.007998366481224662
-0.016517127289888404
-0.020073811175852524
-0.012145550749378049
-0.0003461584567393984
0.00579491077776354
0.0038594951204752427
0.00031336424505822735
-0.0022585930411865266
-0.00147021173060885
0.002843255501471601
0.00710875191776623
0.007665558702200567
0.002758952785526427
-0.003078900501465628
-0.004420901596092778
-0.0017120555337639242
0.0008608702036029085
0.0016582595907005428
0.0017848207672718519
0.0015112986401218326
-0.0010369856552708916
-0.0036740864393251353
-0.003071980740013045
0.00017006240235252485
0.0016976368597163523
-0.00020400884534819454
-0.002549567200577467
-0.0031725853579223488
-0.003459849821910363
-0.004069339903493835
-0.003384511392607553
-0.0010022449263215332
0.0010694142886996049
0.0013937438040292677
0.0007944705829584842
7.235483688057542e-05
-0.0005681969249674919
-0.0003170909842957598
0.0012747743584966662
0.0032412456595100514
0.003259508633829384
0.0012583867197969783
-0.0009836345129669408
-0.0015989215945360108
-0.0007755777481562354
0.00048133091957180724
0.001150337144119124
0.00096737165570924
9.448298400436671e-05
-0.0011496342611639456
-0.0021000362494913924
-0.0019294506999954638
-0.0009529684913585627
-0.000293434872624468
-0.0008011341585822706
-0.0015219153819917793
-0.0014325560981576706
-0.0006508329863182889
0.0002212701632236009
0.0008380526397403979
0.0015354438021067311
0.0020672240283381793
0.0020691489409516584
0.0015418845639249882
0.0010726978389534532
0.0005354447558266311
-0.00017444108195828104
-0.00045505821911852383
-0.00022281901163271936
-0.00017864490530683437
-0.0007206961624831724
-0.0013463384348404962
-0.0013243777536569952
-0.0007443322015069708
-0.00019268457515938929
0.00014114516957108793
0.0002824336340764682
0.00010767890076039506
-0.0002762547057059532
-0.0005090686127894439
-0.0002449394636382747
0.00012884390820462133
0.0001975858382918451
-0.00012278926592732087
-0.0004055298487926286
-0.00047650146755195873
-0.0003657604655157956
7.592697050812528e-05
0.0004927189367782211
0.0005675819895081028
0.0005638067421744165
0.0006274291298964904
0.000766752241848965
0.0006995375664540235
0.0005915268891234847
0.0003758478231270549
-0.00013162463989831904
-0.0005751809719405151
-0.0008495220147127765
-0.0011131638899414514
-0.0015128424220100518
-0.0012983088592837355
-0.0010414848690718146
-0.0011434519602610204
-0.0011629746591038678
-0.0009215659483800654
-0.0005350653217638709
-0.00040386328431274605
-0.00026654935118662794
-9.174972958433719e-05
0.00040608480009947726
0.0008176709145774783
0.0007210304025528641
0.0004499224038511968
0.0001625653322182451
0.00011656319866331922
0.0001332558414476907
0.00035594190911087265
0.0003500647848500934
9.88528407404127e-05
-0.00023025491522257185
-0.000466643230123706
-0.00044022042241519794
-0.00021433390879601537
4.893627780109798e-05
0.00024451275516298516
0.00017634659014178578
4.9490094801131343e-05
2.7682591820340412e-05
0.00028251604280759326
0.000588058109924405
0.000853323668661999
0.0009046174128208689
0.0006974259703140829
0.00047241270968392216
0.000461151216650175
0.0004084956126652739
0.00024558869226055664
8.875751788776248e-05
-4.1013710614054154e-05
-8.70282533511341e-05
-0.0002532902948052737
-0.0003706365266192105
-0.000495947492994056
-0.0005765422562413408
-0.0006040687656964224
-0.0004671728735882228
-0.00016564449666304614
0.00017245978422007047
0.00031294522863578453
0.00033652809984080934
0.00028094193924586315
7.634861174539148e-05
-3.1892263573964573e-05
0.00011307681872669737
0.00028703395592346963
0.00033104651869356183
0.00018793076198100601
4.418498239123936e-05
-0.0001224058114621268
-0.0001756786766081317
-1.877998590451706e-05
0.00017542686271405897
0.00010787178059724195
-4.368450632199236e-05
-4.450436380401882e-05
8.579244595504029e-05
0.00011944200698516184
7.525237425904475e-05
8.976762388756892e-05
-1.4688769213484987e-05
-0.00019133995834123363
-0.0002873287369287216
-0.0002475154924365
-0.0002722020588606012
-0.00029426249305166937
-0.0002236793091116335
-8.993612664034219e-05
-2.8179298337625108e-05
2.603182903279628e-05
2.043392325461604e-05
4.594954144873054e-05
1.7374989954458374e-05
2.574403437715858e-05
1.376210797899343e-05
2.3544024233739165e-05
1.0383443459864897e-05
1.4353111233976853e-05
9.923184076296855e-06
1.2122569198213563e-05
3.5077954785123037e-06
4.362542063071509e-06
2.557794147978426e-07
3.169163351600011e-07
-3.4680848992568562e-06
-1.096554760024747e-06
-2.3265383466189224e-06
-1.5652191632792566e-06
-3.4096776129837706e-06
-2.217666391375508e-06
-2.763930540718455e-06
-1.5015764685403002e-06
-1.6421380093056798e-06
-3.1039113066147115e-07
-5.33070207726097e-07
1.3238708320835956e-07
-1.526833377852701e-07
3.6039019212026255e-07
-3.943615836755817e-08
1.5456676988782967e-07
-1.232965235845615e-07
8.805584336105295e-08
-1.451611981050007e-07
-7.63305937761269e-09
-1.6502740295560583e-07
-8.155992963469619e-08
-2.5003572427816957e-07
-1.9288320739045683e-07
-2.901488819918169e-07
-2.3126545524660216e-07
-3.0617890291444877e-07
-2.5521261553108736e-07
-3.023419109575388e-07
-2.6399615440876514e-07
-3.014112872154625e-07
-2.669856396042905e-07
-2.9199379565376243e-07
-2.68586242176648e-07
-2.8867382974176806e-07
-2.6837135754355715e-07
-2.836576197182399e-07
-2.7169187150012566e-07
-2.8599237389566583e-07
-2.785008413985052e-07
-2.9147357297540496e-07
-2.87758661207877e-07
-2.982667643275632e-07
-2.959336719676308e-07
-3.0515959917602926e-07
-3.0477495172368495e-07
-3.126629014900276e-07
-3.1322636975903307e-07
-3.202974885172698e-07
-3.2171105283733663e-07
-3.278634063785097e-07
-3.298162731996167e-07
-3.3545927242018686e-07
-3.378390079733333e-07
-3.4300346834955633e-07
-3.458260594826554e-07
-3.508252492557401e-07
-3.540094046698499e-07
-3.588395128565833e-07
-3.623391125466991e-07
-3.6710296805035104e-07
-3.7085776809914206e-07
-3.7559899100040456e-07
-3.796079164602312e-07
-3.8436920202960037e-07
-3.88575721002898e-07
-3.93370140066825e-07
-3.977621346659948e-07
-4.0260643322743354e-07
-4.071548969551914e-07
-4.120632138809432e-07
-4.16762359527114e-07
-4.217458915919958e-07
-4.265857910786073e-07
-4.316581875528098e-07
-4.3663588203315257e-07
-4.4180301495412404e-07
-4.469141174551542e-07
-4.5218563023621404e-07
-4.5743050120595824e-07
-4.628127993853157e-07
-4.6819169062452433e-07
-4.736915030604269e-07
-4.792050671926715e-07
-4.848270266098785e-07
-4.9047673062819e-07
-4.96225868553031e-07
-5.020132528080201e-07
-5.078936049993099e-07
-5.138208899174018e-07
-5.19836640290941e-07
-5.259061004259449e-07
-5.320610511807405e-07
-5.38275371935338e-07
-5.445732962142125e-07
-5.509352662778216e-07
-5.57379937928329e-07
-5.638927044852859e-07
-5.704878968601501e-07
-5.771546866210203e-07
-5.839041910659509e-07
-5.907284292593681e-07
-5.976360571528783e-07
-6.046212798212864e-07
-6.116909088149398e-07
-6.188407909855269e-07
-6.260763376311936e-07
-6.33394661427554e-07
-6.408001205484778e-07
-6.482907805999139e-07
-6.558702069160878e-07
-6.635372017710535e-07
-6.71294735504497e-07
-6.79142170541356e-07
-6.870820342314878e-07
-6.951141225631716e-07
-7.032406315480091e-07
-7.114616907097251e-07
-7.197792533721612e-07
-7.281937095719531e-07
-7.367068342838535e-07
-7.453192215086768e-07
-7.540325188538748e-07
-7.628474820077112e-07
-7.717656685437549e-07
-7.807879638771194e-07
-7.899158649236503e-07
-7.99150362704767e-07
-8.084929154330623e-07
-8.179446017492664e-07
-8.275068582946042e-07
-8.371808377977586e-07
-8.469679680726512e-07
-8.568694659243136e-07
-8.668867607806107e-07
-8.770211259131241e-07
-8.872739998815743e-07
-8.97646707194498e-07
-9.081407019049734e-07
-9.187573556849278e-07
-9.294981426958117e-07
-9.403644790937716e-07
-9.513578631704239e-07
-9.624797536642807e-07
-9.737316758622375e-07
-9.851151297712813e-07
-9.966316706579208e-07
-1.0082828392585664e-06
-1.0200702225834316e-06
-1.0319954015103197e-06
-1.0440599969143772e-06
-1.0562656299948183e-06
-1.0686139572364068e-06
-1.081106640098443e-06
-1.0937453720108827e-06
-1.1065318553465876e-06
-1.1194678217380546e-06
-1.1325550148581168e-06
-1.1457952060002269e-06
-1.159190180934403e-06
-1.172741751654749e-06
-1.1864517466555168e-06
-1.2003220199191685e-06
-1.214354443528434e-06
-1.2285509145277922e-06
-1.2429133494534002e-06
-1.257443689628581e-06
-1.2721438970555098e-06
-1.2870159584093882e-06
-1.3020618819587133e-06
-1.3172837008912852e-06
-1.3326834710204413e-06
-1.3482632731979486e-06
-1.3640252116233257e-06
-1.37997141586794e-06
-1.3961040398768366e-06
-1.4124252633153454e-06
-1.428937290737578e-06
-1.4456423529001568e-06
-1.4625427063021871e-06
-1.4796406341687374e-06
-1.4969384461387516e-06
-1.5144384790887443e-06
-1.5321430970051094e-06
-1.5500546917161188e-06
-1.568175682764366e-06
-1.5865085181600161e-06
-1.605055674410783e-06
-1.6238196571337457e-06
-1.6428030011413249e-06
-1.662008270913453e-06
-1.6814380608648851e-06
-1.7010949957509602e-06
-1.7209817309380023e-06
-1.7411009529685146e-06
-1.761455379777478e-06
-1.7820477610427108e-06
-1.8028808785705737e-06
-1.823957546682488e-06
-1.8452806125881724e-06
-1.8668529568453439e-06
-1.8886774936597173e-06
-1.910757171310609e-06
-1.933094972541953e-06
-1.9556939149764684e-06
-1.9785570514366897e-06
-2.001687470490972e-06
-2.025088296850146e-06
-2.0487626917617885e-06
-2.0727138533625875e-06
-2.0969450172252145e-06
-2.121459456706082e-06
-2.1462604834200606e-06
-2.1713514477507065e-06
-2.1967357392774624e-06
-2.222416787137538e-06
-2.248398060525239e-06
-2.274683069272178e-06
-2.3012753642105634e-06
-2.3281785376821787e-06
-2.3553962240182766e-06
-2.3829321000720313e-06
-2.4107898856236233e-06
-2.4389733440126e-06
-2.4674862825652968e-06
-2.4963325529986456e-06
-2.5255160521795252e-06
-2.5550407225984214e-06
-2.584910552528479e-06
-2.615129577216227e-06
-2.645701879039629e-06
-2.676631587866248e-06
-2.707922881873474e-06
-2.739579988147924e-06
-2.7716071835125796e-06
-2.8040087943439107e-06
-2.8367891978117678e-06
-2.8699528221498636e-06
-2.9035041475558782e-06
-2.9374477064399033e-06
-2.971788084141832e-06
-3.0065299196258173e-06
-3.04167790626762e-06
-3.077236792398228e-06
-3.113211381427887e-06
-3.1496065331874782e-06
-3.1864271641637073e-06
-3.223678248537472e-06
-3.2613648185494015e-06
-3.299491965221013e-06
-3.3380648392588273e-06
-3.3770886514549294e-06
-3.4165686734229225e-06
-3.456510238485132e-06
-3.49691874239379e-06
-3.5377996439648848e-06
-3.579158465726463e-06
-3.6210007947871264e-06
-3.663332283709766e-06
-3.706158651046044e-06
-3.7494856820982116e-06
-3.793319229901718e-06
-3.83766521594057e-06
-3.8825296309371714e-06
-3.927918535657181e-06
-3.9738380615881685e-06
-4.0202944119871725e-06
-4.0672938626623535e-06
-4.1148427627728116e-06
-4.162947535631058e-06
-4.211614679669852e-06
-4.260850769399445e-06
-4.31066245613047e-06
-4.361056468856644e-06
-4.412039615264476e-06
-4.463618782669975e-06
-4.515800938824154e-06
-4.568593133055625e-06
-4.6220024970790655e-06
-4.676036245938875e-06
-4.730701679007965e-06
-4.786006180973815e-06
-4.841957222926144e-06
-4.898562363331825e-06
-4.9558292489516875e-06
-5.013765615921682e-06
-5.072379290867873e-06
-5.131678191905645e-06
-5.191670329690937e-06
-5.252363808480598e-06
-5.3137668273653405e-06
-5.375887681324451e-06
-5.438734762224125e-06
-5.502316560014641e-06
-5.5666416639262375e-06
-5.631718763639943e-06
-5.697556650417204e-06
-5.7641642182728854e-06
-5.831550465185565e-06
-5.899724494366591e-06
-5.96869551544154e-06
-6.038472845595888e-06
-6.1090659110606994e-06
-6.180484248294402e-06
-6.252737505144188e-06
-6.3258354422572084e-06
-6.399787934404603e-06
-6.474604971822874e-06
-6.550296661549625e-06
-6.626873228718095e-06
-6.704345017993134e-06
-6.782722495084041e-06
-6.862016247946839e-06
-6.942236988323133e-06
-7.023395553210077e-06
-7.105502906315205e-06
-7.188570139527372e-06
-7.272608474334294e-06
-7.357629263398703e-06
-7.443643992230409e-06
-7.530664280547186e-06
-7.618701883838431e-06
-7.7077686950948e-06
-7.797876746259936e-06
-7.889038210179722e-06
-7.981265401619197e-06
-8.07457077948168e-06
-8.168966948482893e-06
-8.264466660665853e-06
-8.361082817140647e-06
-8.458828469443255e-06
-8.557716822118772e-06
-8.657761233967593e-06
-8.758975220018821e-06
-8.861372453124666e-06
-8.964966766186451e-06
-9.069772153673795e-06
-9.175802773727748e-06
-9.283072950011577e-06
-9.391597173429717e-06
-9.50139010464084e-06
-9.61246657556024e-06
-9.724841591528038e-06
-9.838530333166132e-06
-9.953548158709441e-06
-1.0069910605841736e-05
-1.0187633393851734e-05
-1.0306732425928574e-05
-1.0427223791213453e-05
-1.0549123766773302e-05
-1.0672448820019163e-05
-1.0797215610928957e-05
-1.0923440994167321e-05
-1.105114202147768e-05
-1.1180335943973118e-05
-1.1311040214375626e-05
-1.144327248949026e-05
-1.1577050632596343e-05
-1.1712392715746626e-05
-1.18493170221759e-05
-1.1987842048942975e-05
-1.2127986509374259e-05
-1.2269769335536873e-05
-1.2413209680871154e-05
-1.2558326922705023e-05
-1.2705140664846749e-05
-1.2853670740283038e-05
-1.3003937213906997e-05
-1.315596038513106e-05
-1.3309760790736701e-05
-1.346535920764149e-05
-1.3622776655560095e-05
-1.3782034399953099e-05
-1.3943153954881977e-05
-1.4106157085903804e-05
-1.4271065813061218e-05
-1.4437902413869227e-05
-1.4606689426243188e-05
-1.4777449651535947e-05
-1.49502061576939e-05
-1.5124982282317158e-05
-1.5301801635845657e-05
-1.5480688104767347e-05
-1.566166585483092e-05
-1.5844759334245946e-05
-1.6029993277035442e-05
-1.6217392706403397e-05
-1.6406982938071586e-05
-1.6598789583696785e-05
-1.679283855438165e-05
-1.6989156064183572e-05
-1.7187768633551904e-05
-1.738870309298138e-05
-1.759198658664589e-05
-1.779764657606491e-05
-1.800571084376791e-05
-1.8216207497064083e-05
-1.8429164971869562e-05
-1.864461203657851e-05
-1.886257779588393e-05
-1.9083091694688036e-05
-1.930618352212528e-05
-1.9531883415599177e-05
-1.9760221864830328e-05
-1.9991229715976457e-05
-2.022493817583563e-05
-2.0461378816045975e-05
-2.0700583577319513e-05
-2.0942584773613407e-05
-2.1187415096834088e-05
-2.1435107621063307e-05
-2.168569580699944e-05
-2.1939213506521038e-05
-2.21956949672792e-05
-2.2455174837214884e-05
-2.2717688169400323e-05
-2.298327042674501e-05
-2.3251957486576094e-05
-2.352378564575734e-05
-2.379879162550658e-05
-2.407701257634717e-05
-2.4358486082890287e-05
-2.4643250169323653e-05
-2.493134330438032e-05
-2.5222804406528594e-05
-2.551767284918165e-05
-2.581598846591651e-05
-2.6117791556058744e-05
-2.642312289016842e-05
-2.673202371536313e-05
-2.7044535760959842e-05
-2.736070124409576e-05
-2.7680562875478784e-05
-2.8004163865021458e-05
-2.8331547927979136e-05
-2.8662759290437888e-05
-2.8997842695754764e-05
-2.9336843410173656e-05
-2.9679807229259983e-05
-3.0026780483808496e-05
-3.0377810046384622e-05
-3.073294333738651e-05
-3.1092228331673454e-05
-3.1455713565017136e-05
-3.182344814043063e-05
-3.219548173516302e-05
-3.257186460691109e-05
-3.295264760141075e-05
-3.333788215816112e-05
-3.372762031875491e-05
-3.4121914732370925e-05
-3.452081866459143e-05
-3.492438600270024e-05
-3.533267126492175e-05
-3.57457296060696e-05
-3.616361682631984e-05
-3.6586389377743066e-05
-3.701410437243391e-05
-3.744681959072334e-05
-3.788459348722217e-05
-3.832748520181663e-05
-3.877555456295638e-05
-3.922886210226364e-05
-3.9687469054503356e-05
-4.015143737533589e-05
-4.0620829739580104e-05
-4.109570955929939e-05
-4.157614098482032e-05
-4.2062188917102304e-05
-4.255391901846227e-05
-4.3051397711832765e-05
-4.355469220910298e-05
-4.4063870489326564e-05
-4.457900135129982e-05
-4.5100154366724656e-05
-4.562739995796634e-05
-4.616080932787675e-05
-4.670045455973222e-05
-4.724640852611192e-05
-4.779874501054977e-05
-4.83575385944587e-05
-4.892286480099998e-05
-4.94947999618476e-05
-5.007342137974965e-05
-5.06588071778432e-05
-5.1251036481299956e-05
-5.18501892451458e-05
-5.245634646124824e-05
-5.306958995986505e-05
-5.369000264079436e-05
-5.4317668258609285e-05
-5.4952671658876884e-05
-5.5595098574903935e-05
-5.6245035831940836e-05
-5.690257120394813e-05
-5.756779352248089e-05
-5.824079267542564e-05
-5.892165951742546e-05
-5.961048613349321e-05
-6.0307365416038876e-05
-6.1012391725666815e-05
-6.172566002666721e-05
-6.244726700368661e-05
-6.317730976887449e-05
-6.391588733489138e-05
-6.466309908641796e-05
-6.5419046320594e-05
-6.618383087049636e-05
-6.695755623008356e-05
-6.774032688779737e-05
-6.853224844151796e-05
-6.933342823033266e-05
-7.01439738761429e-05
-7.096399578624982e-05
-7.179360345962063e-05
-7.263291067607007e-05
-7.348202864393302e-05
-7.434107465257244e-05
-7.521016197389256e-05
-7.608941058107391e-05
-7.697893747880885e-05
-7.787886311614637e-05
-7.87893109404324e-05
-7.971039924812545e-05
-8.06422605937439e-05
-8.158500874434505e-05
-8.253878765939927e-05
-8.350370507039666e-05
-8.447991635431509e-05
-8.546752568998307e-05
-8.646669537089183e-05
-8.747753134715825e-05
-8.8500199273474e-05
-8.9534807538435e-05
-9.058152708540219e-05
-9.164046674245245e-05
-9.271180274971792e-05
-9.379564695124977e-05
-9.489217788134687e-05
-9.600151150907866e-05
-9.712383102756031e-05
-9.825925258554944e-05
-9.940796692838602e-05
-0.00010057009114977818
-0.0001017458190022847
-0.00010293527585410796
-0.00010413864999733865
-0.00010535608496450811
-0.00010658775200846115
-0.0001078338271422309
-0.0001090944478037985
-0.00011036984223168709
-0.00011166009110032859
-0.00011296550159944918
-0.00011428607051480093
-0.0001156222026065109
-0.00011697381310872448
-0.00011834137304536228
-0.0001197247776123046
-0.00012112448103246442
-0.00012254045578745962
-0.0001239730263838726
-0.00012542237478141546
-0.0001268885496565692
-0.00012837208051471802
-0.0001298726443672727
-0.00013139115623224764
-0.000132926920507692
-0.00013448125651637204
-0.0001360530002649051
-0.00013764406779980562
-0.00013925258367411368
-0.00014088122319816767
-0.00014252760530215035
-0.00014419394149848934
-0.00014588037595394954
-0.0001475840853742503
-0.00014931266215843442
-0.00015105414187718868
-0.00015282564507597927
-0.000154605003093242
-0.00015642093929753515
-0.00015823922378758147
-0.0001600987851472853
-0.00016196136958578165
-0.0001638607726006944
-0.00016577107269083653
-0.00016771235917066845
-0.00016966727568671573
-0.00017165524557482094
-0.00017365514458720158
-0.00017568942128659548
-0.00017773842809069807
-0.0001798207468151859
-0.00018191849727399324
-0.00018405178976456903
-0.00018619845411501235
-0.0001883828270204408
-0.00019058191232829147
-0.00019281655521542068
-0.00019507107493873382
-0.00019735507235057667
-0.00019966875654560054
-0.00020200067608286063
-0.00020437610156572028
-0.00020675575609067518
-0.00020919515973356635
-0.00021162099647818386
-0.00021413075962079496
-0.00021659825466314314
-0.00021918246270769687
-0.00022170583730888455
-0.00022433702737468045
-0.00022694258697518346
-0.000229601439700237
-0.0002323035163900695
-0.00023497598191943542
-0.0002378125856163834
-0.00024046606165745686
-0.00024343933036582652
-0.0002461148266554216
-0.00024917566911165576
-0.0002518963778804662
-0.00025505762557263487
-0.0002577972496567516
-0.000261117325690988
-0.00026380871193001053
-0.00026735336726069203
-0.0002700227927368822
-0.00027347761685141375
-0.0002774446638642723
-0.00027444977574604733
-0.00028369921610327253
-0.0002803199557685648
-0.0002939538283776834
-0.00029171425475722594
-0.0003115804787741179
-0.00030086085070382554
-0.00032156265455133106
-0.00032270880366566234
-0.00032648075020404383
-0.00033695311550109087
-0.0003392179739440263
-0.00034840593678123546
-0.0003537538935228135
-0.0003562041864420038
-0.0003632295441488005
-0.0003596493990225603
-0.00036573818263366655
-0.00036164918982786146
-0.0003717343229855056
-0.0003697469070423708
-0.000378446190892361
-0.00037968593874670845
-0.00038589591435774515
-0.00039414927273844023
-0.00039970957059025033
-0.000408979249736388
-0.0004143930363016874
-0.0004281647173256524
-0.00043673993734351466
-0.00043942588888879917
-0.000448269076830327
-0.0004515987893256929
-0.0004525108000242073
-0.00045687093654407825
-0.0004574858874153129
-0.0004588245376863791
-0.0004733159651162551
-0.00046495280168794696
-0.000504346589007636
-0.0004865479183646639
-0.0005374994337228676
-0.0005308751148384583
-0.0005657806603931682
-0.0005779117141432759
-0.0005883584524777482
-0.000606595400421255
-0.0005987838538584584
-0.0006132817509772144
-0.0006071731459934245
-0.0006176439305804516
-0.0006103924685253335
-0.0006171497117111821
-0.0006172804559878631
-0.0006284272647381576
-0.0006265692062472855
-0.0006350607792556195
-0.0006465622394237674
-0.0006534635297828645
-0.000667263817998584
-0.00067486978555653
-0.000692044458718541
