-0.0011252034516019702
-0.0004629527326100348
-0.0011321050791245294
-0.0005027655703961618
-0.0011687916765172435
-0.0005347878021287823
-0.0011764490817296048
-0.0005513396529166139
-0.0011964043872072453
-0.0005569281799417392
-0.0012274348353585073
-0.0005651096236029788
-0.0012744760547463983
-0.0005694207702689703
-0.0013312817270117521
-0.0005701062201336413
-0.0013305274073150812
-0.0005796145812415965
-0.0013458472137227238
-0.0005844181492325924
-0.0013831345706302475
-0.0005391519376777072
-0.0014408781719968396
-0.0005328391674110297
-0.0014592988925127763
-0.0004964063238424008
-0.0015161332488501746
-0.0004831888862715655
-0.0015434545284420914
-0.0005194584481044676
-0.0015265926518435522
-0.0005261609414025911
-0.0014949691033158791
-0.0005387298362563929
-0.0015605689804253733
-0.000548509008575958
-0.0015949790413014536
-0.0005055408566872324
-0.001622894711118169
-0.0005104419311250932
-0.0016448333093001491
-0.0005310823413782964
-0.0016762949229913071
-0.0005213473366163002
-0.0017318053263405304
-0.0005230070412003635
-0.0017466497662949809
-0.0004899172696675419
-0.0017914888407017221
-0.00048191606625015205
-0.001843516086812733
-0.00045786511437548376
-0.0018814869846116539
-0.00045490116764979375
-0.0019214504447644936
-0.0004420988029546011
-0.001976472102843907
-0.00038867097559393363
-0.001957890020754863
-0.0007896706211206353
-0.002050673840719175
-0.00047885552152981525
-0.002006927279323339
-0.00037677084895753086
-0.00191859336232337
-0.00036030961774576384
-0.00224921717239295
-0.0003108828237227716
-0.0021818206012742926
-0.000263318136285963
-0.0023716204368953923
-1.840658228152001e-05
-0.002550628424509173
8.477481170392681e-05
-0.0032477029260635374
0.0011577566128411524
-0.005151584711412019
0.005169782989152291
-0.013863861818464763
0.22372301121841506
0.32688008363350884
0.15091576205777815
0.007995794432082422
0.06388314604541132
0.09818787111090824
0.03040755530178149
0.0033419716891159917
-0.06586118316274982
-0.15287903476163162
-0.1875844186698138
-0.12207626626843307
-0.06829617341807867
-0.07178253198160066
-0.1292422867855168
-0.11670350572716004
-0.0505053434539187
0.019544794829130588
0.08029024809009216
0.10708358395017714
0.07535847323899637
0.02701371260972351
0.004979559462732439
0.040295450443622066
0.07452752308370872
0.06167407606438183
0.019606285572497897
0.0031417249552257278
-0.028467354623091776
-0.06351175787237825
-0.030537091931242252
0.01870541732657087
0.00671526979121775
-0.015243957259533352
-0.030835823655722603
-0.03246632650624799
-0.02975540186481789
-0.018668685976838146
-0.004348625818386099
0.00542519796886291
-0.0016301503572222257
-0.023423420280569325
-0.014483430455413773
0.013571034534313214
0.019451389508142493
0.004181710468042018
0.0021884994089863986
0.003723919428111972
0.0005593846088263795
0.007366275682533277
0.019894917387814206
0.022549439308213824
0.0026486975679240665
-0.012436693369541982
-0.007370054702045497
0.0020911642723723217
0.004114797513968606
0.00021184041156763867
-0.0008031946851650034
-0.005520136434298602
-0.014708525640014371
-0.01698133369698547
-0.00524677828268401
0.007515070920127503
0.005833169928897309
0.001074700223653202
0.0014861588282350908
0.00028909408330090767
-0.004056790415124495
-8.461540619065572e-05
0.009048157223708823
0.011201926510844146
0.006398612404858557
0.0018999898731114073
0.0007716709816784341
0.0018129956073182423
0.000702012853672566
0.0004758488500429909
0.0018176277027069922
-0.0006205422307316181
-0.005290567619389714
-0.005763205714973249
-0.0020375106323765046
-0.0018547493170263385
-0.0043143603678854735
-0.00434483891286545
-0.0028670048579213757
-0.0018926260348657363
-0.0017401847213341067
0.00029794974492546684
0.001926544299259583
0.0011231144022808511
-0.0010784121107582103
-0.0006434531639508967
0.002104875182521189
0.0027732100812220373
0.001784425073615043
0.001224614724870224
0.0007643020667665874
-0.0005959310866006729
-0.0017351877542411413
-0.00025822461453485317
0.0014670007564703197
0.0010085310196544562
-0.0006827733086505442
-0.002061847205015837
-0.0027100969551532867
-0.00243832096859988
-0.0012644594737062885
0.00038735507440243444
0.0009970540886717495
0.0004917311777188737
-0.0002586040840851116
-7.030894553518382e-05
0.0016174589570022904
0.002971099825503824
0.0038412537333172006
0.0038427716439824724
0.0030205633565435746
0.0017662312349286668
0.0010584428882698157
0.0008350065885412324
0.00022777778107141986
-0.0004931670938627259
-0.001177385980307818
-0.0017804253622909255
-0.002300204255119077
-0.0026620035428090915
-0.002678264032431838
-0.0025984987944978454
-0.0027889238587698855
-0.002665437223423629
-0.0020209636854118464
-0.0012227035344296571
-0.0009678787333741333
-0.0008544784008625109
-0.000521684560015247
-0.0001592844024454719
0.00014490228956825883
0.0004602987123746762
0.0008864211724376875
0.0009045473202233412
0.0004441105260120041
2.158974308653569e-05
9.30902690073677e-05
0.00026491396160516646
0.00019084776692750537
6.159720752305697e-05
-2.5813672946626285e-06
-0.00018134424196564606
-0.0006555611940230151
-0.0009778693836208303
-0.000959547448979418
-0.0006067662558676318
-0.0006093578955930841
-0.000768851084760857
-0.000811545657415288
-0.0004984424401332196
-0.00035298709538888475
0.0001269269954090303
-4.816829000253674e-05
-0.00010883722260763383
-0.0005357548556186269
-0.0008984453192843955
-0.0005963936324999623
-0.00010155250583861766
0.0002487989789578864
-0.0002767394091872707
-0.00021229623134015819
0.0004863785066994185
0.0009863756999461556
0.0007615129118354283
0.0008320291879316189
0.00033315563345833073
-0.00026032921312355825
-0.00016103075419072172
0.00014786100811639685
8.422864436359828e-05
-0.0006160910541784954
-0.0007858471436689482
-0.0004867737383553234
-0.0008360711007705187
-0.0006077056313742069
0.0003580082778071708
0.0010425775296452637
0.0008964416343347532
0.0005234057445592672
0.00030802252475243554
0.00038052771362754543
0.00042346633540915504
0.0004624441143612498
0.00025532956426254163
-6.933492864922251e-06
-0.00023123961926506701
-0.0003345083059391697
-0.00021292171288628405
-3.959387061756858e-05
4.787152343323204e-05
0.00015041499210712505
0.0003005407175101874
7.163817704834837e-05
0.00010105068840885769
0.00019133966681073158
0.0001900440191185158
-0.00032293959842651527
-0.0006096203455743906
-0.000622434583202598
-0.0003457749250547449
-0.00029634713780533027
-0.00037447259826296406
-0.0003488666714935195
-0.00013561567450556922
-1.3969068164592976e-05
4.9090161856248164e-05
0.0002725772843108815
0.0004098452692148856
0.00024311400360413338
-3.1925972240360936e-05
-0.0002796943853132784
-0.000351707028774608
-0.00044961522001510975
-0.0002658724799136783
-0.00013166396998073773
-6.507634336666098e-05
-0.0002224625662900102
-0.00017898093356020006
-0.00023280003252948824
6.801005680533151e-05
-1.2815835755889372e-05
5.309106443644732e-05
8.65648530688506e-05
2.3381143088925066e-05
4.1695712128262426e-05
2.767611445628787e-05
1.6620723423832923e-05
3.9322246066834064e-06
4.585662591819801e-06
-7.640177686805239e-07
1.2895323825626976e-05
1.0656951125553989e-05
7.993222001595177e-06
4.19394344830874e-06
-7.252643455495501e-07
-5.68930727998674e-06
-5.337734769796988e-06
-2.93064974827683e-06
-2.1196103214550207e-06
-2.2238384161620537e-06
-2.9590912230335724e-06
-1.766569091640833e-06
-2.6722928040659775e-06
-1.5514048790107426e-06
-1.6552933873098183e-06
-1.2164004751937072e-06
-1.0200457131558224e-06
-8.630627618463199e-07
-4.300315360437901e-07
-4.6394019020436217e-07
-5.392007462624165e-07
-7.820653292957454e-07
-7.764826796476283e-07
-8.371153281134386e-07
-7.712575750967732e-07
-7.602073193354317e-07
-7.20341736952599e-07
-7.989701502689184e-07
-8.59958833599947e-07
-9.063579875217415e-07
-9.250947555503389e-07
-9.588380787016113e-07
-9.688132294009832e-07
-9.799542616418383e-07
-9.848834555919832e-07
-9.926021819533972e-07
-9.979683156056268e-07
-1.0099122774546998e-06
-1.0180206472566733e-06
-1.0387455791106837e-06
-1.0390577313748985e-06
-1.0536223283724201e-06
-1.0507368773055373e-06
-1.0693411945359756e-06
-1.0693267326196106e-06
-1.0908334576503937e-06
-1.0930609844251628e-06
-1.1150300080744677e-06
-1.11583895933136e-06
-1.1376153432841526e-06
-1.1389556994757495e-06
-1.161458623541987e-06
-1.1627616168755506e-06
-1.1860250896888157e-06
-1.1876213267566875e-06
-1.2116321915379286e-06
-1.2130393654870156e-06
-1.237551309958611e-06
-1.2386348177107317e-06
-1.2635494468155647e-06
-1.2643626491046006e-06
-1.290098631534617e-06
-1.2908557376761776e-06
-1.3173509546820378e-06
-1.3178838031722767e-06
-1.3450990549585256e-06
-1.3453981004320903e-06
-1.3733488124316722e-06
-1.3734642268451586e-06
-1.4022283778888228e-06
-1.4021552485987644e-06
-1.4317352793405402e-06
-1.4314623993252982e-06
-1.4618860088939293e-06
-1.4613875364923902e-06
-1.4926647670066178e-06
-1.491927667667621e-06
-1.5240921145179796e-06
-1.523107363150724e-06
-1.5561901514768092e-06
-1.5549466819673747e-06
-1.5889714360748774e-06
-1.5874471145026995e-06
-1.622439383357205e-06
-1.6206211407654783e-06
-1.656612558196711e-06
-1.6544859150002074e-06
-1.69150790635812e-06
-1.6890572578885654e-06
-1.7271404255708896e-06
-1.7243484582401668e-06
-1.7635251268058121e-06
-1.7603745361790993e-06
-1.8006778887798757e-06
-1.7971506438424354e-06
-1.8386155955807974e-06
-1.834693127441059e-06
-1.8773552382306662e-06
-1.8730177342701076e-06
-1.9169135923192276e-06
-1.912140387111405e-06
-1.9573078175079417e-06
-1.9520776301309994e-06
-1.9985558642543824e-06
-1.992846478977763e-06
-2.040675866650868e-06
-2.0344641030803357e-06
-2.0836863015346457e-06
-2.076948021682151e-06
-2.1276060449613825e-06
-2.120316161993707e-06
-2.1724544365803178e-06
-2.1645868364906715e-06
-2.2182512272794427e-06
-2.2097787364164755e-06
-2.2650165846091128e-06
-2.255910908289388e-06
-2.312771089604468e-06
-2.3030027959817026e-06
-2.361535781525252e-06
-2.3510742515847442e-06
-2.411332155792577e-06
-2.400145532701454e-06
-2.462182161138554e-06
-2.4502373035433303e-06
-2.5141082166417125e-06
-2.5013706529547486e-06
-2.5671332239733885e-06
-2.55356710198389e-06
-2.621280577959264e-06
-2.606848611888173e-06
-2.676574176114707e-06
-2.66123759098151e-06
-2.7330384278603293e-06
-2.716756905431526e-06
-2.790698269429764e-06
-2.7734298885029914e-06
-2.849579172790645e-06
-2.831280349758586e-06
-2.9097071586840903e-06
-2.890332583353186e-06
-2.971108806870356e-06
-2.9506113796355204e-06
-3.0338112712226684e-06
-3.012142033371112e-06
-3.09784228893226e-06
-3.074950354745032e-06
-3.1632301959461095e-06
-3.1390626793609266e-06
-3.2300039391997774e-06
-3.2045058789252623e-06
-3.298193089227436e-06
-3.271307370491909e-06
-3.3678278546755416e-06
-3.3394951303306053e-06
-3.4389390971625855e-06
-3.4090977014747392e-06
-3.511558342876586e-06
-3.4801442071116795e-06
-3.585717800128757e-06
-3.5526643620623077e-06
-3.6614503733725656e-06
-3.6266884837071744e-06
-3.7387896772732624e-06
-3.7022475036819877e-06
-3.817770054336791e-06
-3.77937298181821e-06
-3.898426589876361e-06
-3.858097116291896e-06
-3.980795128424256e-06
-3.938452757287906e-06
-4.06491228997194e-06
-4.020473419848148e-06
-4.150815488807686e-06
-4.1041932969590936e-06
-4.2385429490696515e-06
-4.189647272296596e-06
-4.32813372376755e-06
-4.276870934835564e-06
-4.419627713031754e-06
-4.365900591485562e-06
-4.513065683042327e-06
-4.456773282618905e-06
-4.6084892840449415e-06
-4.549526794566978e-06
-4.705941071814229e-06
-4.6441996761707276e-06
-4.805464526032988e-06
-4.740831252107707e-06
-4.907104071729166e-06
-4.8394616385025565e-06
-5.010905099996424e-06
-4.940131759037576e-06
-5.116913989611422e-06
-5.042883359437e-06
-5.225178128553986e-06
-5.147759024383869e-06
-5.335745937353094e-06
-5.254802193889279e-06
-5.448666891422205e-06
-5.364057178942623e-06
-5.563991544686297e-06
-5.475569179229367e-06
-5.681771553441364e-06
-5.5893842999787924e-06
-5.802059701921422e-06
-5.705549569401489e-06
-5.924909926024102e-06
-5.824112956692858e-06
-6.050377340200493e-06
-5.9451233897292455e-06
-6.1785182635791e-06
-6.0686307740360004e-06
-6.309390246612176e-06
-6.19468601148628e-06
-6.443052099141264e-06
-6.323341018707007e-06
-6.579563918398894e-06
-6.454648747585522e-06
-6.71898711775891e-06
-6.588663204373931e-06
-6.861384457178591e-06
-6.725439469524913e-06
-7.006820072109877e-06
-6.865033718990703e-06
-7.155359505159808e-06
-7.007503245130635e-06
-7.307069738972263e-06
-7.1529064752664635e-06
-7.462019224158958e-06
-7.301302997483847e-06
-7.62027792132396e-06
-7.452753580159265e-06
-7.78191732493487e-06
-7.607320193937538e-06
-7.947010505154103e-06
-7.765066035178342e-06
-8.115632140632699e-06
-7.926055550157978e-06
-8.287858555495304e-06
-8.090354454490124e-06
-8.463767755423937e-06
-8.258029762285462e-06
-8.643439468711495e-06
-8.429149806567643e-06
-8.82695518237658e-06
-8.603784265169267e-06
-9.014398183398152e-06
-8.782004185840503e-06
-9.205853600782727e-06
-8.963882013210087e-06
-9.401408446149082e-06
-9.149491611050666e-06
-9.601151656088761e-06
-9.338908291981257e-06
-9.805174137726257e-06
-9.532208842799055e-06
-1.0013568813508462e-05
-9.729471552158908e-06
-1.0226430665480173e-05
-9.930776236433686e-06
-1.0443856784472696e-05
-1.013620427110868e-05
-1.0665946418354744e-05
-1.0345838616705332e-05
-1.0892801020121628e-05
-1.0559763848039689e-05
-1.1124524298971694e-05
-1.0778066184251734e-05
-1.1361222273924949e-05
-1.1000833519201274e-05
-1.160300332426578e-05
-1.1228155449643238e-05
-1.1849978245460305e-05
-1.1460123308881798e-05
-1.2102260305568713e-05
-1.1696830195750962e-05
-1.2359965300449147e-05
-1.1938371007592236e-05
-1.2623211613476543e-05
-1.2184842471867595e-05
-1.2892120275761489e-05
-1.2436343180044496e-05
-1.3166815026312284e-05
-1.2692973618631809e-05
-1.3447422375377494e-05
-1.29548362047191e-05
-1.3734071668967257e-05
-1.322203531962246e-05
-1.4026895155047625e-05
-1.349467734353127e-05
-1.4326028050019174e-05
-1.3772870689779393e-05
-1.4631608608862284e-05
-1.4056725842398476e-05
-1.4943778195919931e-05
-1.4346355390645448e-05
-1.52626813572556e-05
-1.4641874066169402e-05
-1.5588465894828332e-05
-1.494339878023096e-05
-1.5921282943606816e-05
-1.5251048661820213e-05
-1.626128704867308e-05
-1.556494509438646e-05
-1.6608636245955648e-05
-1.5885211756327955e-05
-1.6963492144109367e-05
-1.621197465881581e-05
-1.7326020008397516e-05
-1.6545362186246894e-05
-1.7696388847003412e-05
-1.688550513564589e-05
-1.807477149948374e-05
-1.72325367585263e-05
-1.8461344726865975e-05
-1.7586592800964557e-05
-1.8856289305156475e-05
-1.7947811545872966e-05
-1.9259790118944975e-05
-1.8316333854940267e-05
-1.967203626094009e-05
-1.8692303210474154e-05
-2.0093221129008224e-05
-1.9075865761740418e-05
-2.0523542533842226e-05
-1.946717036436878e-05
-2.0963202795121552e-05
-1.9866368626772447e-05
-2.1412408859139366e-05
-2.0273614955119718e-05
-2.1871372402014487e-05
-2.0689066597084623e-05
-2.234030994490094e-05
-2.1112883687557805e-05
-2.2819442972064723e-05
-2.1545229297230276e-05
-2.330899804708626e-05
-2.198626947454217e-05
-2.380920693494058e-05
-2.243617329617106e-05
-2.432030673024324e-05
-2.2895112913880384e-05
-2.484253998110325e-05
-2.336326359987477e-05
-2.537615482303213e-05
-2.384080379697344e-05
-2.5921405113837968e-05
-2.4327915167683862e-05
-2.6478550571548015e-05
-2.48247826409554e-05
-2.7047856916318164e-05
-2.5331594463187136e-05
-2.7629596015617593e-05
-2.5848542247337934e-05
-2.822404603482708e-05
-2.637582102330352e-05
-2.8831491589276226e-05
-2.6913629287353066e-05
-2.94522239008008e-05
-2.7462169052929982e-05
-3.0086540960875836e-05
-2.802164590241709e-05
-3.073474769386226e-05
-2.8592269036863236e-05
-3.139715612778267e-05
-2.917425132801252e-05
-3.2074085568305905e-05
-2.9767809370393394e-05
-3.2765862777101636e-05
-3.0373163531632126e-05
-3.3472822155243835e-05
-3.09905380058565e-05
-3.4195305931464075e-05
-3.1620160864600285e-05
-3.4933664354746576e-05
-3.226226410950393e-05
-3.568825589276759e-05
-3.291708372379227e-05
-3.6459447434908756e-05
-3.35848597252977e-05
-3.724761450100294e-05
-3.426583621752525e-05
-3.805314145572891e-05
-3.496026144290964e-05
-3.887642172759111e-05
-3.5668387833514976e-05
-3.971785803597414e-05
-3.6390472063899386e-05
-4.0577862621181274e-05
-3.712677510254883e-05
-4.145685748397016e-05
-3.7877562262594844e-05
-4.2355274627620283e-05
-3.864310325362192e-05
-4.327355631076918e-05
-3.942367223234786e-05
-4.42121553029479e-05
-4.0219547852272204e-05
-4.5171535149764934e-05
-4.1031013314213956e-05
-4.6152170444128254e-05
-4.18583564162113e-05
-4.7154547105647884e-05
-4.2701869600219114e-05
-4.817916266368913e-05
-4.356185000251858e-05
-4.9226526556611985e-05
-4.4438599499841205e-05
-5.029716042836293e-05
-4.533242475590659e-05
-5.139159844106886e-05
-4.6243637267273305e-05
-5.251038759447775e-05
-4.71725534083034e-05
-5.3654088049174056e-05
-4.811949447294968e-05
-5.482327346653312e-05
-4.9084786719517676e-05
-5.601853135211586e-05
-5.006876141107198e-05
-5.724046341079768e-05
-5.1071754853612234e-05
-5.8489685909268485e-05
-5.2094108436330586e-05
-5.976683005417654e-05
-5.313616866777567e-05
-6.107254237266634e-05
-5.4198287209296126e-05
-6.24074851092987e-05
-5.528082091020841e-05
-6.377233663343367e-05
-5.6384131838222354e-05
-6.516779185406804e-05
-5.750858730752982e-05
-6.659456264996913e-05
-5.865455990672287e-05
-6.805337831122387e-05
-5.982242752376346e-05
-6.954498599117553e-05
-6.101257336544033e-05
-7.107015117122087e-05
-6.222538597903992e-05
-7.262965814243787e-05
-6.346125926760557e-05
-7.42243104946221e-05
-6.472059250295611e-05
-7.585493162310296e-05
-6.600379033522554e-05
-7.75223652490873e-05
-6.731126280167061e-05
-7.922747595478933e-05
-6.864342532670101e-05
-8.097114973082257e-05
-7.000069872262302e-05
-8.275429454399969e-05
-7.138350918468465e-05
-8.457784091741623e-05
-7.279228828149472e-05
-8.64427425269857e-05
-7.422747294033886e-05
-8.834997681758487e-05
-7.568950543066069e-05
-9.030054563438747e-05
-7.717883333834675e-05
-9.229547587210013e-05
-7.869590953800496e-05
-9.433582014484318e-05
-8.024119215814442e-05
-9.642265747299492e-05
-8.181514454143422e-05
-9.855709398997134e-05
-8.341823519661103e-05
-0.0001007402636708023
-8.505093774748397e-05
-0.00010297332907976107
-8.67137308709133e-05
-0.00010525748214086151
-8.840709823108335e-05
-0.00010759394492961276
-9.013152840420691e-05
-0.0001099839704880002
-9.18875147966952e-05
-0.00011242884366320443
-9.367555555396526e-05
-0.00011492988197042846
-9.549615346030818e-05
-0.0001174884364807678
-9.734981583049267e-05
-0.00012010589273594513
-9.923705439144161e-05
-0.00012278367168681392
-0.00010115838515374354
-0.0001255232306621138
-0.00010311432827348301
-0.0001283260643636772
-0.00010510540790182926
-0.00013119370589233416
-0.00010713215202338302
-0.00013412772780277798
-0.00010919509228291143
-0.0001371297431894658
-0.00011129476379807157
-0.00014020140680868936
-0.00011343170495823306
-0.00014334441622605582
-0.00011560645721505307
-0.00014656051299622935
-0.00011781956486071963
-0.00014985148389329707
-0.00012007157477573473
-0.00015321916215134488
-0.00012236303616667237
-0.00015666542878704247
-0.00012469450029106615
-0.00016019221391541568
-0.00012706652016371137
-0.0001638014981254327
-0.0001294796502415421
-0.00016749531390480073
-0.00013193444608865517
-0.00017127574696584912
-0.0001344314642243178
-0.0001751449376892191
-0.00013697126144149047
-0.00017910508318516304
-0.000139554394310823
-0.00018315843856919094
-0.00014218141900405943
-0.00018730731856098862
-0.00014485289103227314
-0.00019155409863686433
-0.00014756936518114765
-0.00019590121720273004
-0.00015033139403544454
-0.0002003511776694413
-0.00015313952764569195
-0.0002049065507507777
-0.00015599431235057337
-0.00020956997630543206
-0.00015889629169082466
-0.00021434416380742942
-0.00016184600560509906
-0.0002192318944091486
-0.0001648439903343922
-0.0002242360231995682
-0.00016789077626631075
-0.00022935948381446608
-0.00017098688596985968
-0.00023460528930313931
-0.0001741328353521282
-0.000239976534055753
-0.00017732913347999805
-0.0002454763953959201
-0.0001805762820232355
-0.0002511081354061111
-0.00018387477458448552
-0.00025687510204901697
-0.0001872250950841147
-0.00026278073565188815
-0.00019062771648436345
-0.00026882856867852575
-0.00019408310369074908
-0.000275022234439935
-0.00019759168993741644
-0.0002813654833261994
-0.00020115389496914863
-0.0002878621436046653
-0.00020477015048793738
-0.00029451613291304004
-0.00020844088013054798
-0.0003013314782067333
-0.00021216647176221042
-0.00030831235905317937
-0.00021594724357955081
-0.0003154630960154137
-0.00021978350018342168
-0.00032278812682631503
-0.00022367549617401523
-0.0003302920563035285
-0.00022762337772039634
-0.000337979789079252
-0.00023162715011906224
-0.0003458540413578291
-0.0002356890951332991
-0.0003539193080899579
-0.00023980723954755592
-0.00036218376650854926
-0.00024398131181885345
-0.00037065315728380477
-0.00024821004670178264
-0.000379331811116811
-0.0002524973639101099
-0.0003882201210737681
-0.0002568458740249166
-0.0003973256782741851
-0.00026125212497169533
-0.0004066543064994284
-0.0002657142142283436
-0.0004162184475046637
-0.00027022958099499374
-0.0004260246563399664
-0.000274799410993694
-0.00043607857937782383
-0.00027942301382696095
-0.0004463775111561957
-0.00028410537496790643
-0.0004569263298690717
-0.0002888449041896699
-0.0004677414990415216
-0.0002936366308200298
-0.00047882896861715235
-0.000298478463564969
-0.0004901981410374359
-0.00030337011926735713
-0.00050186193865423
-0.0003083098182725965
-0.0005138137198488386
-0.00031330938608892245
-0.0005260480150098591
-0.00031837203077223104
-0.0005385748738367965
-0.0003235095886751395
-0.0005513860944618143
-0.00032873543056657906
-0.0005645553520878654
-0.0003339196886021382
-0.00057813049248357
-0.00033910710381387585
-0.0005920094053147619
-0.00034439903835831176
-0.0006061620813551556
-0.00034984064981487175
-0.0006206578324101934
-0.00035525291957076797
-0.000635728943019144
-0.0003604005102996032
-0.0006514550027044578
-0.0003652436251051945
-0.0006680711497072194
-0.0003693940360066225
-0.0006862762635087803
-0.00037177301230259546
-0.0007077003258862348
-0.00037170399882166793
-0.0006932445367062749
-0.00038717955330289566
-0.0007014023982671808
-0.0003920408022905406
-0.0007271673602441915
-0.00039394756029954956
-0.000771702712603795
-0.0003841131688646867
-0.0007722099397850053
-0.0004072752812644459
-0.0007457168265382732
-0.00044151149840168484
-0.0007581128277002157
-0.0004656987021439962
-0.0007790049852958725
-0.00047790000589756354
-0.0007929005594186763
-0.0004914283897352115
-0.0008200217482774441
-0.00046155695513943294
-0.0008742624058203372
-0.00041073672388708404
-0.0008841205212963971
-0.0004141524798473156
-0.0008683953517955173
-0.00044706286719947
-0.000853575553163885
-0.00046481428923116075
-0.0008405323083561234
-0.00048452186087637183
-0.0008740059759932107
-0.0004508031249849786
-0.0009251552978284637
-0.0004605451313466933
-0.0008897196971836714
-0.00046303875079738865
-0.0009103254528634436
-0.000454143815735394
-0.0009513429994265439
-0.0004799953175091631
-0.0009342342430590702
-0.0004758972281415041
-0.0009609243612044306
-0.0004280500379124607
-0.0009785593752011223
-0.0004319717038856524
-0.000963733007300465
-0.0004562854460517351
-0.0009924025302282889
-0.0004752529180521189
-0.0010296214182895854
-0.00047979163862346425
-0.0010251678259597617
-0.0004928062282305967
-0.0010456057397842204
-0.0004925155848427154
-0.0010876332569484137
-0.0005091543962880494
-0.001079109568512538
-0.0005532988027667017
-0.0011064602782383135
-0.000520306077773889
-0.0010028918324443544
-0.0007884912021011429
-0.0010171799259990396
-0.0008368021547364014
-0.0010637492945358318
-0.0008757021488396185
-0.0010976140420758018
-0.0008918224099651855
-0.0011006075796837196
-0.0009125127952149277
-0.0011136243076132067
-0.0009129177657939273
-0.001146274294880041
-0.0009061501890789782
-0.0011841178396369105
-0.0009385065311166999
-0.0011875897258989908
-0.0009712930077409174
-0.0012068215780572543
-0.0009894271169211323
-0.0012331111906630802
-0.0009951224744125578
-0.0012811227471450398
-0.0010067169675397158
-0.0013320374009607777
-0.0010407727723734995
-0.0013578721301905536
-0.0010379763871623845
-0.0013667084965434837
-0.0010471909047416014
-0.001362332140123637
-0.0010477182844696505
-0.001392721717804447
-0.001060680875598062
-0.0014260335349952388
-0.0010776979230224582
-0.0014439899792223817
-0.0011099586318660342
-0.0014817078360534804
-0.0011172373074390279
-0.0015116433899534747
-0.0011268141577068418
-0.0014993245427376038
-0.0011328603097983559
-0.0015267810165883466
-0.0011427521196269296
-0.0015721615667683587
-0.0011591335981548975
-0.001597884604432037
-0.0011890760729194147
-0.0016181775208893574
-0.0012231350957867967
-0.0016592874867092011
-0.0012298264883488022
-0.0016969917865894588
-0.001231169284360617
-0.0017049522532860786
-0.0012371316748084717
-0.0017599764566565456
-0.0012718935306137733
-0.0018125671175441838
-0.0013071510608522827
-0.0018623952605326512
-0.0013157113341384693
-0.0018908325627483443
-0.001307509026784521
-0.0019242319400972587
-0.0012922812411106472
-0.0019429615459286957
-0.0015449797592492602
-0.002011005047712918
-0.001433502445121155
-0.0019729456402163142
-0.0013513258575252643
-0.001946310995856335
-0.0013409608972675185
-0.0020253423176508772
-0.001415953754543198
-0.0020215551722975035
-0.001353050635165233
-0.002072951031357549
-0.0014844639049850523
-0.0018080922255768635
-0.0015558664980165852
-0.0021113526253392248
-0.0015057121757006064
1.103112005970794e-05
0.0007261374018047536
0.007025865095786461
0.1525182144682654
0.20798919236444668
0.13088505688454988
0.059520115529414934
0.030498955194023236
0.010950371657623012
-0.020486158050998245
-0.04745912859404405
-0.059138371737461816
-0.0717557710701418
-0.11945627529340486
-0.1473836559478797
-0.09285490872769712
-0.014686698615466967
0.02105460618396339
0.043277052281225026
0.030672604081987145
-0.01164136477916318
-0.014769676765554527
0.02022111434367567
0.0493931507511853
0.04964796007350769
0.02933489728894989
0.0017752814893337043
-0.00365880852223216
0.0042760397202047246
0.011436236793321978
0.008486529067694391
0.0026318950861180905
-0.0025422358807727762
-0.004753015199285422
-0.01576034262474607
-0.024219621642408838
-0.01877950668117993
-0.00966660170633667
-0.008252111794259397
-0.008306715994563525
-0.00048517415553817555
0.005127436581760165
0.00015006804364281872
-0.007430107657237605
-0.0022265300822138095
0.01136731860385292
0.021129799238531623
0.020512021824392872
0.010952211692452314
-0.0014150891545183207
-0.010332487967016616
-0.0052359552569789
0.00823981648104714
0.015930720357181488
0.008484953272643342
-0.005893468604616882
-0.015020535418440773
-0.011902058965035643
-0.003501401769533276
0.001845806113454418
0.0011437139283591248
-0.0024884368882868244
-0.009398959632136227
-0.01334108097384358
-0.009535319818626112
-0.00032292833507097
0.0068786143533881815
0.005702481031529726
0.0009148280305648005
-0.00104283280402651
-4.268613531887032e-06
0.0008063253310486554
0.0015156340427533057
0.0035825565137236138
0.004407240915578594
0.0032671285994104954
0.0020954117056678784
0.0024312864669330985
0.0014359764619415512
-0.0009545219943805821
-0.0019515771368687534
0.0002581659042260459
0.0018411827389582364
-3.450396227032697e-05
-0.004060518505189698
-0.005702826189634149
-0.004139835765238856
-0.0012200431369941002
0.000992019929658471
0.00235934485813292
0.0020813120145072956
-1.7534641024293527e-05
-0.002111694861443695
-0.0008284056794777744
0.0021596759144279004
0.003858447647114188
0.002309832126755939
-0.0005256703147861711
-0.002897823372443875
-0.003428551159725963
-0.002499060271278235
-0.0007285690955141691
0.00034554078122703323
-5.686685697797961e-05
-0.001489746889708442
-0.0018181886165844082
-0.0005747505708570119
0.0010609236623691995
0.001556172059229144
0.0015506140348113787
0.0011864449801277336
0.0009559421898245586
0.00029437930586845686
-0.0001855269865367986
-0.00035113248809278406
-0.00020181356495615457
-0.0003099549296923417
-0.0002985077546257172
0.00010449438281234685
0.00038383006281898633
0.00012689326836043868
-0.00042316884778384245
-0.000305036549134308
0.000786617437822037
0.0017315649113242302
0.001647502902777371
0.0005319821346008809
-0.0006010246860036197
-0.0010087389716663328
-0.0008307638649643624
-0.0003312446180587265
0.0002535223134886456
0.00023606110566347718
-0.00038521055012435013
-0.0009778686919294046
-0.0006877695209262127
3.0744786667601044e-05
0.000389157105612987
6.431748502145728e-06
-0.00032000097717408874
-0.00044065203015901746
-0.0004361898937116673
-0.0006703929463328194
-0.0006313331964339756
-0.0009386465492078149
-0.0013604986052271923
-0.0017930765330813855
-0.0014451760963226398
-0.0009184798673910755
-0.00042818943434555555
-0.0003717866641529793
-0.00023349066781203808
-9.6699022614101e-05
0.00013604297495648394
0.00011549658425726013
-0.00011071388083238238
-0.0002914491930781282
-0.000479974489027647
-0.0006163961746276756
-0.00028773225618441457
1.9570729807712626e-05
0.00018337370247435418
-0.0003377229327767346
-0.00012886907542735955
3.76526715129367e-05
0.00014857568832237728
6.886371007341593e-05
0.00011456581874573246
0.0002456874076933221
0.00026784218156597587
0.0003841649689761785
0.0003987853421190022
0.0007377901673721529
0.0009559458999576405
0.001023179324439186
0.0006283382719337286
0.0004204656168230857
0.0005746055793643368
0.00035263063178690273
9.372896204630022e-05
2.2627674784920322e-05
0.00012086357956339632
0.00034855500824250993
0.0003680673979793703
0.00020862246357692446
-1.6268948144036808e-05
0.00010206505855250039
0.0003256845452161494
0.000555026419117577
0.00041317005180993615
0.0001450824830725611
-0.00022688092538360532
-0.0005604523422765885
-0.0008691837281182031
-0.0009378259873755717
-0.0009023323877120726
-0.000802391125371412
-0.0004937063019298245
-0.00012244083543311757
-0.00011376330895806412
5.41291203224524e-06
0.0002244164147636681
0.0006067319492127248
0.0004757341105351387
0.00037125040754904936
6.0510362646133746e-05
7.559857135104909e-05
-4.925071206724556e-05
3.3174101832993906e-05
-7.923248965079576e-05
-8.437534954163417e-05
-0.00026426432919188567
-0.00027966512802348256
-0.00032010528687281446
-0.0003251867327610456
-0.0005052284723398716
-0.0004017015684378679
-0.0003232791599971489
-0.0001743703577116994
-0.0001016365929634093
5.126098522762126e-05
0.00011443204817204863
0.0002885637528743898
0.00029311099542786564
0.00039711793166885524
0.0004406136121505708
0.0006148507686635943
0.0006218761157973607
0.0005409496005243562
0.00026381507394077866
0.00018336497237788715
3.1772280867229255e-05
1.5425188248066734e-05
-0.00013337124811049628
-7.582584584996002e-05
-8.100159172061167e-05
-7.810222948876239e-05
-2.9384598672876384e-05
-3.622783654921234e-05
-2.8364642872840534e-05
-3.0785684535234714e-05
-2.8232674635744543e-05
-2.5596228183522692e-05
-1.3850975480732003e-05
-1.1765768753143466e-05
-3.915318836591391e-06
3.504747403006278e-07
8.230363442205497e-07
1.2728684346374183e-06
3.279100944011837e-06
4.164364604263037e-06
3.6245537123630203e-06
3.6549216335983936e-06
3.1365955717355836e-06
2.959529333508107e-06
1.4042437584584614e-06
1.0371880423931906e-06
-2.2572787618748325e-07
-6.6625340877424e-07
-1.0756820927864535e-06
-1.1352724998830999e-06
-9.71117766428338e-07
-1.0660735682448998e-06
-1.0587001418199161e-06
-1.1459424011534556e-06
-1.1354880650598113e-06
-1.2079540908324117e-06
-1.1579079965875344e-06
-1.1069534359021277e-06
-1.0334990335472347e-06
-1.0025113028003935e-06
-9.515713927247052e-07
-9.185975298227475e-07
-9.11420489896949e-07
-9.142463418608353e-07
-9.192413600123215e-07
-9.218821596627827e-07
-9.312923646212501e-07
-9.340874879846996e-07
-9.466510662125942e-07
-9.570551391720888e-07
-9.780254069577908e-07
-9.950233391621457e-07
-1.0107888783880345e-06
-1.0254359097409049e-06
-1.0383429720914545e-06
-1.0510616651637121e-06
-1.0617077457154497e-06
-1.0744671510276018e-06
-1.0859846531411483e-06
-1.0983914695061664e-06
-1.1096677548293014e-06
-1.1219988870497669e-06
-1.1331273842478482e-06
-1.144743524668498e-06
-1.1556646302908783e-06
-1.1675117408179044e-06
-1.1789685591022327e-06
-1.1913128891188832e-06
-1.203314651102667e-06
-1.2161291489188372e-06
-1.228409854901573e-06
-1.241423869880083e-06
-1.2539804874322352e-06
-1.2673706381275025e-06
-1.280235400521871e-06
-1.2939763920009721e-06
-1.3071555767713884e-06
-1.3212347785272228e-06
-1.3346668201845435e-06
-1.3490303220303583e-06
-1.3627224159161282e-06
-1.3773740435677091e-06
-1.39132990429865e-06
-1.4062903191066657e-06
-1.4205393869483243e-06
-1.4358191049503597e-06
-1.4503553530948853e-06
-1.4659537596853518e-06
-1.4807821746135909e-06
-1.4967070129682722e-06
-1.5118366606776315e-06
-1.5281034880531858e-06
-1.5435463256007614e-06
-1.5601627584427421e-06
-1.5759234132694578e-06
-1.5928968836386538e-06
-1.60898101990919e-06
-1.6263180389269145e-06
-1.64273193312798e-06
-1.6604413018445757e-06
-1.677192068512412e-06
-1.6952817991459923e-06
-1.7123762514718865e-06
-1.7308543729874226e-06
-1.7482988148749545e-06
-1.7671731492086874e-06
-1.7849745247797838e-06
-1.8042538325237917e-06
-1.8224194215177639e-06
-1.8421125974180975e-06
-1.8606497961697922e-06
-1.8807658327948604e-06
-1.8996819872163506e-06
-1.920230049886132e-06
-1.9395327812759752e-06
-1.9605223204622875e-06
-1.9802193971525228e-06
-2.0016600918598172e-06
-2.0217594552751975e-06
-2.0436611657894017e-06
-2.0641708569474858e-06
-2.0865436452535907e-06
-2.1074718629669927e-06
-2.130326015227762e-06
-2.151681124438684e-06
-2.1750271747816158e-06
-2.1968177069337305e-06
-2.2206664140895366e-06
-2.2429010536314034e-06
-2.267263415244909e-06
-2.2899510121795336e-06
-2.31483827279038e-06
-2.337987850028301e-06
-2.36341151158058e-06
-2.387032265376964e-06
-2.4130040874275455e-06
-2.4371053892329755e-06
-2.463637395858445e-06
-2.4882287938579714e-06
-2.5153332792072092e-06
-2.5404245045162414e-06
-2.5681140409353795e-06
-2.59371500894545e-06
-2.622002452471199e-06
-2.6481232669507975e-06
-2.677021763841192e-06
-2.7036727186326214e-06
-2.7331957120022574e-06
-2.7603872960233844e-06
-2.790548533432237e-06
-2.8182914320687164e-06
-2.8491049717600434e-06
-2.877410072545019e-06
-2.908890292278491e-06
-2.9377686861299825e-06
-2.969930289083199e-06
-2.999393274985551e-06
-3.032251298371036e-06
-3.0623103865479173e-06
-3.0958802097851013e-06
-3.126547125471661e-06
-3.1608444775611116e-06
-3.192131163460253e-06
-3.227172131320714e-06
-3.259090752750452e-06
-3.2948917904996678e-06
-3.3274547379812016e-06
-3.3640326750060965e-06
-3.3972525685269464e-06
-3.434624618476863e-06
-3.468514310431118e-06
-3.50669808061655e-06
-3.5412706606707817e-06
-3.5802841615325913e-06
-3.615552959373438e-06
-3.6554146136054703e-06
-3.69139320341334e-06
-3.7321218566100864e-06
-3.76882406081646e-06
-3.8104389909763886e-06
-3.847878883863804e-06
-3.890399812030778e-06
-3.928591724085441e-06
-3.9720388251208885e-06
-4.0109973468060235e-06
-4.055391260081775e-06
-4.095131245598354e-06
-4.140493086314913e-06
-4.181029658436669e-06
-4.227381029381155e-06
-4.268729582726123e-06
-4.316092585730184e-06
-4.3582687911243015e-06
-4.406666039092949e-06
-4.449685847844864e-06
-4.499140477606366e-06
-4.543020125731567e-06
-4.5935558105515565e-06
-4.63831182256208e-06
-4.6899527847527826e-06
-4.735601978193057e-06
-4.788373003377353e-06
-4.834932493089474e-06
-4.8888589433578305e-06
-4.936346145591121e-06
-4.991453973606842e-06
-5.039886610354446e-06
-5.096202374081692e-06
-5.1455984774851455e-06
-5.2031493550842465e-06
-5.253527271642728e-06
-5.312341076241516e-06
-5.363719471102794e-06
-5.423824666957503e-06
-5.47622252829302e-06
-5.537648246491003e-06
-5.591084889957796e-06
-5.653860945063391e-06
-5.708356017848442e-06
-5.772512924681486e-06
-5.828086410462809e-06
-5.893655401605687e-06
-5.950327624022322e-06
-6.017340667449633e-06
-6.075132295296488e-06
-6.143622112775044e-06
-6.202554163795438e-06
-6.272554249532158e-06
-6.332648095035869e-06
-6.404192735037458e-06
-6.465470104117323e-06
-6.538594395845312e-06
-6.601077379654347e-06
-6.675817252662015e-06
-6.739528308334869e-06
-6.815920544534014e-06
-6.880882500747177e-06
-6.958964756035338e-06
-7.025200814726035e-06
-7.1050116406476274e-06
-7.1725453843192135e-06
-7.2541242521827025e-06
-7.322979645308595e-06
-7.406366967279565e-06
-7.476568362362634e-06
-7.561805516524716e-06
-7.633377656206518e-06
-7.720507010005988e-06
-7.793475033487086e-06
-7.882539970320969e-06
-7.956929414364836e-06
-8.04797435739361e-06
-8.12381116236356e-06
-8.216881602491602e-06
-8.29419211530973e-06
-8.38933463830592e-06
-8.468145616510279e-06
-8.56540792999787e-06
-8.64574654398025e-06
-8.745177506662687e-06
-8.827071345086376e-06
-8.928720996721697e-06
-9.012198068301426e-06
-9.11611765891672e-06
-9.201206396307999e-06
-9.307448418179986e-06
-9.394177680779132e-06
-9.502795899968318e-06
-9.591194977407819e-06
-9.702244467036183e-06
-9.792343081163634e-06
-9.90588025430759e-06
-9.997708562402578e-06
-1.0113791208004404e-05
-1.0207379805063057e-05
-1.0326067122350927e-05
-1.0421447043363821e-05
-1.054279967939171e-05
-1.064000240124578e-05
-1.0764082488001422e-05
-1.086313993172881e-05
-1.099001112531321e-05
-1.1090955657182882e-05
-1.1220683176905609e-05
-1.1323547610617157e-05
-1.1456198280759833e-05
-1.1561015877570302e-05
-1.169665816855986e-05
-1.1803462639048933e-05
-1.1942166711379973e-05
-1.2050992215560143e-05
-1.2192829963795018e-05
-1.230371111173717e-05
-1.244875621041544e-05
-1.2561728061650373e-05
-1.2710056011937254e-05
-1.2825154075950945e-05
-1.2976842254532658e-05
-1.3094102489175086e-05
-1.324923019722403e-05
-1.3368689008321465e-05
-1.3527337522949417e-05
-1.3649031762257447e-05
-1.3811284389076382e-05
-1.3935251352948513e-05
-1.4101193480038285e-05
-1.422747090654413e-05
-1.439719005970119e-05
-1.4525816126294841e-05
-1.4699402026769042e-05
-1.4830415346507586e-05
-1.5007959969252135e-05
-1.5141399587566794e-05
-1.5322997221829866e-05
-1.545890261162551e-05
-1.5644649923305266e-05
-1.578306098050028e-05
-1.5973057076075492e-05
-1.61140141136688e-05
-1.6308360605839928e-05
-1.6451904348394573e-05
-1.665070542403719e-05
-1.6796877000183758e-05
-1.7000239489913045e-05
-1.7149080425429277e-05
-1.7357113875494283e-05
-1.750866608495657e-05
-1.772148283070169e-05
-1.787578860841868e-05
-1.8093503850292927e-05
-1.825060586063492e-05
-1.847333774238893e-05
-1.8633279008701664e-05
-1.8861148698122183e-05
-1.9023972593072008e-05
-1.925710436482186e-05
-1.9422854595278066e-05
-1.9661375914428302e-05
-1.9830096510555385e-05
-2.007413812256018e-05
-2.024587342231072e-05
-2.0495569442112644e-05
-2.0670364075900697e-05
-2.0925852080579902e-05
-2.1103750954897405e-05
-2.1365172080007114e-05
-2.154622036040072e-05
-2.181371939848748e-05
-2.199796249033716e-05
-2.2271687991662153e-05
-2.2459171519573646e-05
-2.2739275896551685e-05
-2.293004568342617e-05
-2.3216685319082573e-05
-2.341078736397119e-05
-2.370412272130343e-05
-2.390160317401139e-05
-2.4201798910656117e-05
-2.440270404680759e-05
-2.4709929132475314e-05
-2.4914305326614698e-05
-2.5228733163640336e-05
-2.5436626859488137e-05
-2.575843540778824e-05
-2.5969893088323382e-05
-2.6299264992683097e-05
-2.651433314738343e-05
-2.6851455870560747e-05
-2.7070180961684138e-05
-2.7415246919943077e-05
-2.763767534602786e-05
-2.799088204905346e-05
-2.8217060106696344e-05
-2.8578610302063792e-05
-2.8808584145793652e-05
-2.917868596808359e-05
-2.9412501568240428e-05
-2.979136869162328e-05
-3.002907178893617e-05
-3.0416923585133084e-05
-3.065855964394558e-05
-3.105562134513029e-05
-3.1301235504081586e-05
-3.170773837036806e-05
-3.195737538960709e-05
-3.237355688133584e-05
-3.262726108777713e-05
-3.305336504359627e-05
-3.331118027348197e-05
-3.3747457094093737e-05
-3.4009426631970846e-05
-3.445613346831933e-05
-3.4722299983297965e-05
-3.51797009318607e-05
-3.5450106410826156e-05
-3.591847271404313e-05
-3.6193158391569e-05
-3.6672768644852496e-05
-3.695177492899471e-05
-3.7442915293601516e-05
-3.77262816891854e-05
-3.8229246112530627e-05
-3.851701113954149e-05
-3.903210158101076e-05
-3.932430269020971e-05
-3.985182935549588e-05
-4.014850283881485e-05
-4.0688784419900916e-05
-4.098996531770378e-05
-4.154332924161027e-05
-4.184905124456504e-05
-4.241583392895564e-05
-4.272612927667431e-05
-4.330667639409688e-05
-4.362157576659736e-05
-4.4216242515574596e-05
-4.4535774923151316e-05
-4.514492631001925e-05
-4.54691189748698e-05
-4.609313010208734e-05
-4.642200833627721e-05
-4.706126470094263e-05
-4.739485177837087e-05
-4.804974957996251e-05
-4.8388066602448964e-05
-4.905901306003583e-05
-4.940207881727328e-05
-5.0089492496223614e-05
-5.0437323319540105e-05
-5.114163446975114e-05
-5.149424408024684e-05
-5.221589498424943e-05
-5.2573294331992196e-05
-5.331273966251217e-05
-5.3674936760897044e-05
-5.4432643953026675e-05
-5.4799643704799656e-05
-5.557609333700378e-05
-5.59478973520401e-05
-5.6743583539803415e-05
-5.712018994633719e-05
-5.793562074998815e-05
-5.831702399692332e-05
-5.915272184009511e-05
-5.9538912490507455e-05
-6.039541459287184e-05
-6.07863791083603e-05
-6.166423793216029e-05
-6.205995844955133e-05
-6.295974216077959e-05
-6.336019625699242e-05
-6.42824891995276e-05
-6.468764964810388e-05
-6.563305283508836e-05
-6.604288735165341e-05
-6.701201897143377e-05
-6.742648994873066e-05
-6.841998588640459e-05
-6.883905011691649e-05
-6.985756449396572e-05
-7.028117288357936e-05
-7.132537861388234e-05
-7.175347587992545e-05
-7.282406524333177e-05
-7.325658960322893e-05
-7.435427483861161e-05
-7.47911576834184e-05
-7.591667159964833e-05
-7.635783715522433e-05
-7.751193376233476e-05
-7.795729873527439e-05
-7.914075389585509e-05
-7.959022710645828e-05
-8.080383920839739e-05
-8.125732120666332e-05
-8.250191185654168e-05
-8.295929452382987e-05
-8.423570926401535e-05
-8.469687539750269e-05
-8.600598444590663e-05
-8.647080732662597e-05
-8.78135063397245e-05
-8.828184928213236e-05
-8.965906014378613e-05
-9.01307760280483e-05
-9.15434476634337e-05
-9.201837844792024e-05
-9.346748766340745e-05
-9.394546387815763e-05
-9.54320162294194e-05
-9.591285644829236e-05
-9.743788713586078e-05
-9.792139742827307e-05
-9.94859722227202e-05
-9.997194558232972e-05
-0.00010157716177976907
-0.00010206537753101782
-0.00010371236493931154
-0.00010420258812001417
-0.00010589251007676809
-0.00010638449079641215
-0.00010811854522111729
-0.00010861201799309986
-0.00011039143847373518
-0.00011088612151940402
-0.00011271217843555004
-0.00011320777296272184
-0.00011508177464320384
-0.00011557796409619628
-0.00011750125801681362
-0.00011799770729469951
-0.00011997168131308176
-0.00012046803596151389
-0.0001224941195927157
-0.00012299000496032367
-0.0001250696706962069
-0.00012556469105541064
-0.00012769945573095373
-0.00012819319336516977
-0.00013038461957353017
-0.00013087663381603024
-0.00013312633136521376
-0.00013361615768848792
-0.00013592578499591504
-0.00013641293402468478
-0.0001387841998055452
-0.00013926815602998319
-0.0001417028209109407
-0.00014218304182627767
-0.00014468291982809827
-0.00014515883465569438
-0.00014772579522488158
-0.00014819680357962424
-0.0001508327731589758
-0.00015129824405501395
-0.00015400520788962872
-0.00015446447856043828
-0.00015724448244560892
-0.00015769685677413583
-0.00016055200931103117
-0.00016099675630635614
-0.0001639292305563242
-0.0001643655833875905
-0.0001673776194457458
-0.00016780477305549388
-0.00017089868044640403
-0.0001713157906288802
-0.0001744939493204269
-0.00017490013188957605
-0.00017816499490096692
-0.00017855932369265515
-0.00018191341916580332
-0.00018229492409890715
-0.00018574085781126342
-0.00018610852274089174
-0.00018964898226643241
-0.0001900017420933661
-0.00019363949927948257
-0.00019397623926870142
-0.0001977141511215869
-0.0001980337059532965
-0.00020187471682782746
-0.00020217586913644963
-0.00020612301260560038
-0.00020640448728695665
-0.00021046089988521353
-0.00021072135383388188
-0.00021489027321802462
-0.0002151283086469502
-0.0002194130689137535
-0.00021962721945502107
-0.00022403126953059941
-0.0002242199971810477
-0.0002287468885967547
-0.00022890859902150872
-0.00023356198811073643
-0.00023369501627704375
-0.0002384786761217496
-0.00023858126514703744
-0.00024349912813480476
-0.00024356939608494383
-0.0002486255792107776
-0.00024866147266799313
-0.00025386026141192147
-0.00025386082637966767
-0.0002592054437299393
-0.00025916892127368185
-0.000264664649933884
-0.0002645877033833066
-0.0002702386324941004
-0.0002701203596851675
-0.0002759310190715361
-0.00027576817422623415
-0.00028174516825630203
-0.0002815338230229645
-0.0002876827468593912
-0.00028741992148898334
-0.00029374650666829706
-0.00029343149277153454
-0.00029993941139008166
-0.0002995674936962997
-0.0003062620338699189
-0.0003058306705912441
-0.0003127167947701115
-0.00031222425392077487
-0.0003193104529976926
-0.00031874969580987457
-0.00032604490979358937
-0.0003254132998726114
-0.0003329202677158507
-0.00033221792387365043
-0.0003399386898494082
-0.0003391675540402733
-0.000347101295726876
-0.0003462634135144582
-0.0003544109138875762
-0.0003535035536282177
-0.00036187608583302614
-0.0003608956622684345
-0.0003694995146743957
-0.00036844255492118894
-0.0003772828329167066
-0.00037615040643339086
-0.00038522581417216144
-0.00038402571626539733
-0.0003933281541803717
-0.00039203168205232015
-0.00040162656318931114
-0.00040020804272372884
-0.0004100975688272972
-0.00040857485331887745
-0.0004187663200544015
-0.0004170706102898827
-0.0004276333853264723
-0.00042573532849836827
-0.0004366679461250706
-0.0004346020455698596
-0.0004458964024747318
-0.0004436676699936604
-0.00045536040344497115
-0.00045281565932772574
-0.0004651696446579909
-0.0004619724968652431
-0.00047542846080009585
-0.00047095156861012865
-0.0004855634434932229
-0.0004997149827132685
-0.0005059205997691664
-0.0005105728115941219
-0.0005195891267407628
-0.0005200827363960828
-0.000523411637870333
-0.0005352771479108574
-0.0005450576462325443
-0.0005450337252798235
-0.0005746149284074672
-0.0005540083840652197
-0.0006031377617854469
-0.0005619380379116009
-0.0006138241315543978
-0.0005748156987963244
-0.0006196394498729044
-0.0005707773570060397
-0.0006165488397552525
-0.0005695967288611287
-0.0006261197996717618
-0.000585675721583659
-0.0006548818153932507
-0.0005815448548410623
-0.0006786829189606158
-0.0005905559965888596
-0.0007095311170181098
-0.0005970812207277878
-0.0007146592075563301
-0.0006114641689848165
-0.0007078395159044889
-0.0006289203091807596
-0.0007230062539048403
-0.0006404583461358956
-0.0007247136378097629
-0.000661933094808584
-0.0007525485255865925
-0.0006520424525614916
-0.000766332885922757
-0.0006839013062441686
-0.0007860707664053081
-0.0007018489676560288
-0.0008294191249464603
-0.0007029834437382915
-0.0008371223207850015
-0.00073924944072368
-0.0008374431301032556
-0.0007621350857064657
-0.0008737045995662291
-0.000767500793341187
-0.0008981527674827591
-0.0007857971841876686
-0.0009092745998269642
-0.0007876120694087396
-0.0009120726137065111
-0.0007897452266829648
-0.0009274876048938365
-0.0007920635935122005
-0.0009707103513188943
-0.0008042906107099471
-0.0009963924533230172
-0.0008081576713466428
