-0.0008042944756471888
-0.0007919755215653794
-0.0008134102306671469
-0.0008198840023627752
-0.0008342734794959726
-0.0008482579747433654
-0.0008407489662844577
-0.000874074583821972
-0.0008526620809182604
-0.000888551177057521
-0.0008686298661682367
-0.0008967808105285089
-0.0008935062164971512
-0.0009075840194785888
-0.0009228040158856205
-0.000925866754750501
-0.0009482744070391649
-0.0009481820035169619
-0.0009694282430065392
-0.0009789853703707943
-0.0009831395664301116
-0.000993965129372022
-0.0010160764012555586
-0.0010018584228565644
-0.0010430335909944878
-0.0010178637108018778
-0.0010612275942233755
-0.0010338947018911564
-0.0010726837543006385
-0.001061296240167541
-0.0010699181612747297
-0.0010899734684853878
-0.001081178761703469
-0.001111154920723598
-0.0011044828128836614
-0.0011144140046193262
-0.001124875626120014
-0.0011369793133457428
-0.0011410145054578462
-0.0011650115703257054
-0.0011517941607082356
-0.0011832088390869803
-0.0011746567451199692
-0.001200789977356552
-0.0012055385812947096
-0.0012321621073794597
-0.0012364302569064095
-0.0012552305757086621
-0.0012742700098209636
-0.001267637402282905
-0.0012963767877256795
-0.0012954957651473747
-0.0013190804863459818
-0.0013191850065400444
-0.0013408357163716622
-0.001351145708311368
-0.0013732882204761866
-0.0013762884313227525
-0.0014064347458573952
-0.0013985362322557256
-0.0014293713996580608
-0.0014327146712592486
-0.001459515985916611
-0.0014738429363733599
-0.0014944850377720852
-0.001522905558168248
-0.001525120178481995
-0.0015600784125880283
-0.0015633420579418782
-0.0015903711947823141
-0.0015609588824772285
-0.0015209528211014244
-0.0014846214607429375
-0.0015663254637534169
-0.001605815318199525
-0.0016531515775420917
-0.0016701158180857537
-0.0016773569025217245
-0.0017218967920337694
-0.00184424326976866
-0.0018678413681180608
-0.0018721257979183504
-0.0016520809278457369
-0.0018265549617806711
-0.0017766985234402136
-0.0018201941923764078
-0.001620473161934749
-0.001896867693274961
-0.0018111597565950949
-0.0017086059172212648
-0.0016520897118785483
-0.001763939833012144
-0.0013967137919539182
-0.0018874115927448734
-0.0013821620824998795
-0.0021370251853147213
-0.0006676541869837414
-0.003089733305906983
0.01844488461455823
0.0601183027274208
0.07401571274465324
0.0574928884335686
0.03633029391201958
0.024621600854822213
0.013412032007352364
0.009706754050285578
0.005363637779989433
-0.008011995668247101
-0.027786940129351574
-0.04647528539194254
-0.04498206052362286
-0.04762993123519915
-0.04132115209479245
-0.019575133869263198
-0.005327477913589127
-0.0010203871250879404
0.0013960226924179078
0.011962254308163375
0.020101785464895525
0.020782847043724528
0.02102162577975535
0.019739310274671244
0.021985121999722933
0.022603440578064037
0.017238132705834647
0.01632120332548984
0.01800202008168324
0.013101420956547191
0.004961908968814665
0.0012965529395686853
0.004352343979539854
0.004753235294213776
-0.0035294873361592476
-0.014127975290546192
-0.01991347227671109
-0.019990393907276784
-0.01915915752638409
-0.01820674485273461
-0.013995848342514473
-0.010959240507747546
-0.011680941385968277
-0.0106450869238401
-0.002840586902171678
0.005097839816785655
0.008551589227043972
0.009832347575238253
0.010744479286813841
0.01065587313827454
0.009060023709872715
0.008375045921262932
0.007007754047759568
0.0035268588732290194
0.00042659952738661084
-0.00028763623244619643
-0.0008352564447573256
-0.002894811345031446
-0.00539560035053499
-0.006014850766841825
-0.005090068314705451
-0.004976515487360425
-0.005113916347454358
-0.004084157072919583
-0.002574682766102167
-0.0022652049937457682
-0.0023127912812470498
-0.0017804756999560182
-0.0014511356420675268
-0.0015986317173889953
-0.001060313926560373
0.00047859418481257545
0.001797708395901533
0.0019419728956045
0.0016858995300611966
0.0012929409091128326
0.001198219244853787
0.0016675865902279897
0.0021798383068013755
0.002230857940029525
0.001165015764000021
-0.00026743617273278616
-0.0007980321802194119
-7.214655637704441e-05
0.00037299082233783706
-0.00029392679871171213
-0.000869974477043594
-0.0008573769187325167
-0.0009312944445827075
-0.0010686751147256988
-0.001107905528967613
-0.001130252785473327
-0.0014779963509586292
-0.001504047015252634
-0.0010159485332782267
-0.00018877626098151215
0.00027038451305035684
0.0001509529027459234
0.0002699293345476179
0.0009532533021817293
0.001517726630108412
0.0016925331707397884
0.0017736203621699928
0.001634550226741408
0.001215213141571931
0.0008963398639169113
0.0007644762815731741
0.00045268429084645485
-0.0001085828629721381
-0.000497208034588318
-0.0005807597741125762
-0.0004964352816889594
-0.0005590196962688052
-0.0007696002857013357
-0.0007813221899943732
-0.0006492186701758365
-0.0006080434221640825
-0.0005582096754461747
-0.00036183017811311686
-0.00021192343340567925
-0.0003741408700992591
-0.00047119922401806354
-0.0003651940361627784
-0.00015136053664961183
-6.551763069677259e-05
0.00014044056843346716
0.0005625950035136164
0.0007613814410422188
0.0008793310672949657
0.0009069092991435827
0.0009535759889484365
0.0008550109077833368
0.0006796589180988824
0.0005000902728834112
0.0002104642810523805
-0.000142886060189477
-0.00037359595352320744
-0.00029630258543773315
-0.00016545951846711022
-0.00023714880356242186
-0.00038071329186066067
-0.0003577676624948443
-0.000312833735313645
-0.00040758991392598977
-0.0006790560690093871
-0.0007830460796478338
-0.0006501546348448234
-0.0005651761880389016
-0.00046483540289739755
-0.00042067779112300884
-0.0001534080627975803
0.0002352261740142287
0.0003609265710395827
0.0004837787536310247
0.0006434464264884738
0.0006549614683454001
0.0004544381934111855
0.00024501947933998694
0.0002493117146395749
0.0003068678976917641
0.0003349344621593811
0.0001890618865993874
7.025614955904992e-05
-3.548558591311374e-05
3.3946409511896754e-05
0.00013796859085037956
0.00020582476719938796
9.655200365190475e-05
2.5226084279459515e-05
7.322792842267512e-05
0.00015272727437709533
0.00012778441071795122
0.0001014807110256724
0.00017812247770038957
0.00029848481096356834
0.0003313263989437246
0.000416481266810377
0.0005786774100812266
0.0004874818803660688
0.0002529225598713688
-4.5317359980280244e-05
-0.00012178816974554361
-0.00021130894396792908
-0.00024305918218931548
-0.0002782427182767692
-0.00029177210347289197
-0.0004528545691966489
-0.000548452066854114
-0.0005582653488106969
-0.0004487553817169806
-0.000304124018512801
-9.505390976614995e-05
0.00013890119584678993
0.00027139950024384924
0.00022990380595637051
0.00017913476350705517
0.00024016340149193675
0.0002246138135254415
0.0002109352759596398
0.00014405557830006043
0.00010207830015478169
-4.791308816314387e-05
-0.00019343982548557175
-0.00026874264068142505
-0.00016981985517845098
6.684646363229521e-05
0.0003535420223021722
0.0005390703455006017
0.0007163583643494558
0.0006929769910948935
0.0006140873386757167
0.00043414969854624135
0.00047457013960403645
0.00034614223900845064
0.0003003623722446747
-0.00024061819163251992
0.0001413605514528942
-0.00021053563924257042
1.1329830940996484e-05
-0.00012559496325292694
-2.832914563919083e-05
-7.929843050487815e-05
-3.423848114178117e-05
-3.6539496814548035e-05
-1.7366313428637776e-05
-1.2164723169437732e-05
-1.6394673171990203e-05
-6.658068372320897e-06
-2.17807715321923e-06
2.914653368961276e-06
4.6341278998104224e-07
8.118596510113974e-06
4.295522904223582e-06
4.323133361963622e-06
1.318516226083246e-06
5.406638146049684e-06
2.703727307055962e-06
2.465232488568786e-06
1.3742936487098987e-06
4.561698328319581e-07
3.312993429302252e-07
-3.7771002977924793e-07
-3.2144503940003885e-07
-5.491670018535871e-07
-7.048676053782594e-07
-8.1547434409727e-07
-5.524583584642047e-07
-3.797950564902051e-07
-4.2444804949567927e-07
-3.759050392873782e-07
-2.842347336381659e-07
-2.665369271711478e-07
-2.479995541705491e-07
-1.8242672575345318e-07
-1.3750458280120323e-07
-1.4382263275377477e-07
-1.5918241005495257e-07
-1.4814947819864407e-07
-1.4903907291120844e-07
-1.5138290811221936e-07
-1.668936981521693e-07
-1.732019219073764e-07
-1.8016304778188837e-07
-1.9277391176376283e-07
-1.9642750949102e-07
-1.988025110164892e-07
-2.0447856368017991e-07
-2.1301412220535096e-07
-2.1615919720482935e-07
-2.1795698404393146e-07
-2.208935888660911e-07
-2.2356042172534413e-07
-2.2550971529023116e-07
-2.2786145249056877e-07
-2.30803227806712e-07
-2.334525572098966e-07
-2.356595756910617e-07
-2.382821425680505e-07
-2.414127027855744e-07
-2.4451688616661943e-07
-2.474727454492183e-07
-2.505821962497934e-07
-2.5391741675776826e-07
-2.571803919273422e-07
-2.6053767404241555e-07
-2.640569925191393e-07
-2.6759179378344107e-07
-2.7107543531488e-07
-2.746078506521681e-07
-2.7824205627567135e-07
-2.8190895327352174e-07
-2.8559502945847345e-07
-2.8932677771306703e-07
-2.9311216810917057e-07
-2.9693412075589704e-07
-3.007965766171211e-07
-3.0471902878271076e-07
-3.086959353419856e-07
-3.1271430829754934e-07
-3.1678148921295696e-07
-3.2090837121239325e-07
-3.2509190473731416e-07
-3.293272257082029e-07
-3.336185497430401e-07
-3.3796807238656995e-07
-3.4237332222856326e-07
-3.468352424360055e-07
-3.513568050126162e-07
-3.559386528330377e-07
-3.6057958661581905e-07
-3.6528034317932204e-07
-3.7004281041397033e-07
-3.7486770726016306e-07
-3.79755229059091e-07
-3.8470629658369365e-07
-3.8972209264560506e-07
-3.9480319781351296e-07
-3.9995027812495497e-07
-4.0516448624442923e-07
-4.1044682643604467e-07
-4.1579798061661816e-07
-4.212187723548477e-07
-4.267102460854544e-07
-4.322733587105304e-07
-4.379089755899429e-07
-4.4361805340807636e-07
-4.494015942951672e-07
-4.5526054876041805e-07
-4.611958657242416e-07
-4.672085597418312e-07
-4.7329966608444796e-07
-4.794701913852367e-07
-4.857211535654049e-07
-4.920536102147322e-07
-4.984686316541337e-07
-5.049672866519472e-07
-5.115506627830814e-07
-5.182198707183905e-07
-5.249760288719382e-07
-5.318202655098248e-07
-5.387537296494549e-07
-5.457775883446411e-07
-5.528930196781884e-07
-5.601012153452767e-07
-5.674033852530805e-07
-5.748007557071153e-07
-5.822945673295693e-07
-5.898860769536218e-07
-5.975765589617821e-07
-6.053673040321179e-07
-6.132596187510874e-07
-6.212548271120142e-07
-6.293542709975039e-07
-6.375593094541123e-07
-6.458713188786116e-07
-6.542916938371592e-07
-6.628218472803492e-07
-6.714632103726136e-07
-6.802172328670302e-07
-6.890853835835107e-07
-6.980691504832851e-07
-7.071700408391212e-07
-7.163895816029238e-07
-7.257293196979812e-07
-7.351908221569299e-07
-7.447756764188259e-07
-7.544854906463283e-07
-7.643218939944727e-07
-7.742865368498466e-07
-7.843810910991458e-07
-7.946072503849924e-07
-8.04966730449789e-07
-8.154612694662926e-07
-8.260926282445879e-07
-8.368625905224919e-07
-8.477729633018724e-07
-8.588255772087124e-07
-8.700222866342726e-07
-8.813649701256484e-07
-8.928555308151953e-07
-9.044958966204016e-07
-9.162880206237925e-07
-9.2823388129259e-07
-9.403354829416396e-07
-9.525948559761365e-07
-9.650140572699576e-07
-9.775951706083956e-07
-9.903403068690854e-07
-1.0032516044791576e-06
-1.0163312296795944e-06
-1.0295813769967761e-06
-1.0430042695946029e-06
-1.05660215958314e-06
-1.0703773284375263e-06
-1.0843320873779334e-06
-1.0984687777781195e-06
-1.112789771497819e-06
-1.1272974713493833e-06
-1.1419943114516096e-06
-1.1568827576639916e-06
-1.1719653080192614e-06
-1.1872444930954612e-06
-1.2027228764591646e-06
-1.2184030551128729e-06
-1.2342876599366376e-06
-1.2503793560778584e-06
-1.2666808434049132e-06
-1.2831948570367368e-06
-1.2999241677344887e-06
-1.3168715823642907e-06
-1.3340399443754689e-06
-1.3514321343263095e-06
-1.3690510703376357e-06
-1.3868997085496088e-06
-1.4049810435826766e-06
-1.4232981091676306e-06
-1.4418539786018383e-06
-1.4606517652446965e-06
-1.4796946230199418e-06
-1.4989857469880014e-06
-1.5185283738451054e-06
-1.5383257824784524e-06
-1.558381294540132e-06
-1.578698274988142e-06
-1.5992801326456191e-06
-1.6201303207818638e-06
-1.6412523377062112e-06
-1.6626497273079105e-06
-1.6843260796665298e-06
-1.7062850316846429e-06
-1.7285302676854413e-06
-1.7510655199974448e-06
-1.7738945696336994e-06
-1.7970212469244637e-06
-1.8204494321099425e-06
-1.8441830560114074e-06
-1.8682261007023186e-06
-1.8925826001879023e-06
-1.9172566410389754e-06
-1.942252363096135e-06
-1.967573960210919e-06
-1.9932256808928572e-06
-2.019211829060283e-06
-2.045536764713838e-06
-2.0722049046879333e-06
-2.0992207234345195e-06
-2.126588753695698e-06
-2.154313587318608e-06
-2.182399876063672e-06
-2.21085233234028e-06
-2.239675729930171e-06
-2.2688749048700003e-06
-2.298454756263351e-06
-2.328420247091692e-06
-2.358776405001048e-06
-2.389528323208201e-06
-2.42068116133176e-06
-2.452240146281668e-06
-2.484210573098968e-06
-2.51659780584179e-06
-2.5494072784935018e-06
-2.5826444959245074e-06
-2.6163150346706493e-06
-2.6504245440877477e-06
-2.6849787471927794e-06
-2.7199834415731166e-06
-2.7554445002640803e-06
-2.791367872914403e-06
-2.82775958695031e-06
-2.864625748273176e-06
-2.901972542348715e-06
-2.9398062352477597e-06
-2.9781331748858844e-06
-3.0169597917849484e-06
-3.056292600276452e-06
-3.0961381998119853e-06
-3.1365032757217886e-06
-3.1773946006049994e-06
-3.2188190352141436e-06
-3.2607835298843584e-06
-3.303295125477786e-06
-3.3463609545729173e-06
-3.3899882429553143e-06
-3.4341843104675716e-06
-3.478956572421652e-06
-3.524312540819426e-06
-3.5702598255152643e-06
-3.616806135692014e-06
-3.663959280978703e-06
-3.7117271728205397e-06
-3.7601178258165452e-06
-3.8091393590451543e-06
-3.858799997456927e-06
-3.909108073182964e-06
-3.960072026952446e-06
-4.011700409684135e-06
-4.0640018837440495e-06
-4.116985224317737e-06
-4.170659321019068e-06
-4.22503317940861e-06
-4.280115922504024e-06
-4.335916792193545e-06
-4.392445150822326e-06
-4.449710482870789e-06
-4.507722396450062e-06
-4.566490624886431e-06
-4.626025028385783e-06
-4.686335595789062e-06
-4.747432446168271e-06
-4.809325830456678e-06
-4.87202613319392e-06
-4.935543874372587e-06
-4.999889711179185e-06
-5.065074439668249e-06
-5.131108996640071e-06
-5.1980044615384385e-06
-5.265772058235876e-06
-5.334423156881998e-06
-5.403969275911014e-06
-5.474422083928676e-06
-5.5457934016636245e-06
-5.618095203900305e-06
-5.691339621582969e-06
-5.765538943847473e-06
-5.84070562001382e-06
-5.916852261658723e-06
-5.993991644815885e-06
-6.072136712092363e-06
-6.151300574852147e-06
-6.2314965153638054e-06
-6.31273798904706e-06
-6.395038626776442e-06
-6.478412237116704e-06
-6.562872808654231e-06
-6.648434512366783e-06
-6.735111703973229e-06
-6.822918926363032e-06
-6.911870911997971e-06
-7.001982585391059e-06
-7.093269065698224e-06
-7.185745669168603e-06
-7.279427911687213e-06
-7.3743315114418746e-06
-7.470472391553644e-06
-7.567866682745743e-06
-7.666530726048752e-06
-7.766481075493006e-06
-7.867734500959563e-06
-7.970307990967304e-06
-8.07421875546107e-06
-8.179484228819887e-06
-8.286122072719698e-06
-8.394150179051162e-06
-8.503586672991854e-06
-8.61444991604723e-06
-8.726758509076428e-06
-8.840531295486206e-06
-8.9557873642098e-06
-9.07254605321756e-06
-9.190826952465338e-06
-9.310649907318287e-06
-9.432035021948205e-06
-9.55500266269782e-06
-9.679573461390638e-06
-9.805768318635593e-06
-9.933608407645283e-06
-1.0063115177679651e-05
-1.0194310357675382e-05
-1.032721595983004e-05
-1.0461854283378758e-05
-1.059824791820041e-05
-1.0736419748560034e-05
-1.087639295731615e-05
-1.1018191029421457e-05
-1.1161837756050279e-05
-1.1307357238503866e-05
-1.145477389237373e-05
-1.160411245162236e-05
-1.1755397972488743e-05
-1.190865583797435e-05
-1.206391176203879e-05
-1.2221191793794798e-05
-1.2380522322046495e-05
-1.2541930079564933e-05
-1.2705442147665873e-05
-1.2871085960770206e-05
-1.3038889310910441e-05
-1.3208880352476911e-05
-1.338108760687122e-05
-1.355553996742814e-05
-1.3732266704143386e-05
-1.3911297468498208e-05
-1.4092662298654992e-05
-1.4276391624420186e-05
-1.446251627228447e-05
-1.4651067470618359e-05
-1.4842076854874398e-05
-1.5035576473005664e-05
-1.5231598790791138e-05
-1.5430176697262595e-05
-1.5631343510227533e-05
-1.58351329818617e-05
-1.6041579304396612e-05
-1.6250717115784494e-05
-1.6462581505583126e-05
-1.6677208020873303e-05
-1.689463267213185e-05
-1.711489193926519e-05
-1.733802277782768e-05
-1.756406262521519e-05
-1.7793049406830986e-05
-1.8025021542532018e-05
-1.826001795307764e-05
-1.8498078066650405e-05
-1.8739241825444148e-05
-1.898354969239542e-05
-1.9231042657999074e-05
-1.9481762247159582e-05
-1.9735750526093422e-05
-1.999305010945136e-05
-2.0253704167476862e-05
-2.051775643326697e-05
-2.078525121006371e-05
-2.1056233378635952e-05
-2.1330748404947892e-05
-2.160884234770629e-05
-2.1890561866052594e-05
-2.2175954227473036e-05
-2.2465067315695264e-05
-2.2757949638702865e-05
-2.305465033685458e-05
-2.335521919120203e-05
-2.3659706631825087e-05
-2.3968163746257085e-05
-2.4280642288045847e-05
-2.4597194685488137e-05
-2.491787405037317e-05
-2.5242734186930828e-05
-2.5571829600840257e-05
-2.590521550841499e-05
-2.6242947845849982e-05
-2.6585083278601873e-05
-2.6931679210767033e-05
-2.728279379490806e-05
-2.763848594178091e-05
-2.799881533014213e-05
-2.8363842416789185e-05
-2.8733628446730024e-05
-2.9108235463379338e-05
-2.948772631906061e-05
-2.987216468555202e-05
-3.0261615064744308e-05
-3.065614279938554e-05
-3.10558140841023e-05
-3.146069597656146e-05
-3.187085640869779e-05
-3.228636419798126e-05
-3.270728905922527e-05
-3.313370161604632e-05
-3.356567341291687e-05
-3.400327692676581e-05
-3.4446585579720254e-05
-3.4895673750861536e-05
-3.5350616789285355e-05
-3.58114910261148e-05
-3.627837378798237e-05
-3.6751343409175026e-05
-3.7230479245651e-05
-3.771586168764547e-05
-3.820757217380307e-05
-3.8705693204084456e-05
-3.921030835444831e-05
-3.972150229001741e-05
-4.0239360780255516e-05
-4.076397071215484e-05
-4.129542010615592e-05
-4.1833798129552104e-05
-4.2379195112976443e-05
-4.293170256365966e-05
-4.349141318306572e-05
-4.405842087969823e-05
-4.4632820788384405e-05
-4.52147092816213e-05
-4.5804183991708246e-05
-4.6401343819496804e-05
-4.7006288960606735e-05
-4.761912091026492e-05
-4.8239942494976754e-05
-4.886885787230345e-05
-4.9505972568631676e-05
-5.015139347425276e-05
-5.080522888514414e-05
-5.1467588497302295e-05
-5.213858344776465e-05
-5.2818326313033745e-05
-5.3506931145042106e-05
-5.4204513476524834e-05
-5.491119035132112e-05
-5.562708033437217e-05
-5.635230354294541e-05
-5.7086981649356124e-05
-5.7831237930390826e-05
-5.858519724139433e-05
-5.934898610713066e-05
-6.01227326450808e-05
-6.090656671607327e-05
-6.170061978433739e-05
-6.250502513325466e-05
-6.331991766479967e-05
-6.4145434169536e-05
-6.498171308416453e-05
-6.5828894791057e-05
-6.66871213609185e-05
-6.755653685775481e-05
-6.843728708325403e-05
-6.932951988157601e-05
-7.023338487683548e-05
-7.11490338048364e-05
-7.207662019418741e-05
-7.30162997978764e-05
-7.396823012364751e-05
-7.49325710794184e-05
-7.590948421885244e-05
-7.689913375633897e-05
-7.790168535245603e-05
-7.891730768449967e-05
-7.99461705913614e-05
-8.098844735576663e-05
-8.204431209189039e-05
-8.311394281162099e-05
-8.419751801676538e-05
-8.529522057747191e-05
-8.640723348165034e-05
-8.753374461531299e-05
-8.86749415370346e-05
-8.983101726569292e-05
-9.100216415956052e-05
-9.218858030838111e-05
-9.339046318701511e-05
-9.460801594638542e-05
-9.58414414820865e-05
-9.709094777642633e-05
-9.835674383665413e-05
-9.963904223860226e-05
-0.00010093805798983523
-0.00010225400955694017
-0.00010358711602406886
-0.00010493760469454437
-0.00010630569566996805
-0.00010769162839204959
-0.00010909562129965988
-0.00011051792849878282
-0.00011195876491021584
-0.00011341840056840923
-0.00011489704827044285
-0.00011639498960588798
-0.00011791244286189605
-0.0001194496930971921
-0.00012100697094099704
-0.00012258456121752535
-0.0001241827079550831
-0.00012580169763760045
-0.00012744178307100103
-0.00012910326099789665
-0.00013078638094621086
-0.0001324914662140397
-0.00013421874468090393
-0.00013596858507951629
-0.00013774117768629128
-0.00013953694883301693
-0.0001413560429552648
-0.00014319895029773306
-0.00014506576501164322
-0.00014695704393236498
-0.0001488728311229532
-0.00015081374957041612
-0.00015277979369541215
-0.00015477165311812355
-0.00015678927494526887
-0.00015883340914317349
-0.0001609039608761586
-0.0001630017481785936
-0.00016512660455750153
-0.0001672794697892266
-0.00016946003311971462
-0.0001716694488112752
-0.00017390713974837168
-0.00017617463940825299
-0.0001784708957288533
-0.0001807980666793398
-0.00018315436741976544
-0.00018554281957177537
-0.00018796070655829411
-0.00019041209115392994
-0.00019289308896964174
-0.00019540923142233172
-0.0001979546881596859
-0.0002005377751676307
-0.0002031487376080031
-0.0002058003508031038
-0.00020847928342500712
-0.00021119984821688217
-0.0002139492757103137
-0.00021673992429677592
-0.0002195622548253652
-0.00022242324139946403
-0.00022532254215288164
-0.00022825502454662527
-0.00023123331952859105
-0.0002342414397966102
-0.00023729544141091845
-0.00024038712048618256
-0.00024351242827477847
-0.00024669194340281144
-0.0002498907165330742
-0.0002531586780337453
-0.00025643303544210187
-0.00025979317357462724
-0.0002631466142493221
-0.00026659739244287717
-0.0002700371955244611
-0.0002735770122957648
-0.0002771049591044019
-0.00028073811745061384
-0.000284353234216873
-0.00028808586230740494
-0.0002917873721102432
-0.0002956247189979254
-0.0002994120038938984
-0.0003033639273997825
-0.00030723044701019207
-0.000311306152710763
-0.00031524706397973237
-0.0003194559561844369
-0.00032346417073367967
-0.0003278226105809176
-0.0003318873219002663
-0.00033641183941055496
-0.0003405198602235409
-0.0003452347119805386
-0.00034936392814138807
-0.0003542948256500325
-0.0003584560325008753
-0.00036357148220817273
-0.00036779632590371036
-0.00037309547274856636
-0.00037733739936433516
-0.0003829158388979955
-0.0003870552149196709
-0.0003930563910325847
-0.000396967107354862
-0.00040351729294628
-0.00040707360294688424
-0.00041432609292476816
-0.0004173372929247403
-0.00042553347108387554
-0.0004277065834998508
-0.0004372959095992248
-0.0004378370291866461
-0.0004503273598852435
-0.00044634117356102607
-0.0004680173051284592
-0.00044285564324932254
-0.0004792752848683943
-0.0004444556671976804
-0.00048186255592813296
-0.000458486714063939
-0.00048535810536788485
-0.00047599361969839966
-0.0004954825775947927
-0.0004877382549174484
-0.0005063857255106065
-0.0005004070647452227
-0.0005129200309290023
-0.0005100341581105482
-0.0005231831744119474
-0.0005104995300006126
-0.0005301453312869426
-0.0005275305372163888
-0.0005254385973859381
-0.0005377530162775544
-0.0005330194137723651
-0.0005497566538650894
-0.0005457001453104649
-0.0005585065217776201
-0.0005573876856377611
-0.0005703779363830574
-0.0005749539733298595
-0.0005815071778441938
-0.0005860719769054725
-0.0005951656935727926
-0.0005894845209821251
-0.0005993980325670196
-0.0006103294651240961
-0.000599938091592934
-0.0006198419502561657
-0.0006094832894274972
-0.000614062541573623
-0.0006255743564782506
-0.0006275421644863037
-0.0006432449213285395
-0.0006411103240068531
-0.0006601669870163135
-0.0006577526087247628
-0.000670722747383815
-0.0006770044030042172
-0.0006857330718801039
-0.0006871277595181829
-0.0007071671245845137
-0.0006945284047393097
-0.000712015364416196
-0.000697969107277867
-0.0007238162715575244
-0.0007023203423579731
-0.0007367560783560843
-0.0007175896981170937
-0.000733012448581694
-0.0007366861592188065
-0.0007432537111163049
-0.0007559144037048654
-0.000764321516138518
-0.0007741538244323653
-0.0007791393147124819
-0.0007966519223324368
-0.0007964853259083071
-0.0008155911250703309
0.00014209928688788272
0.00020701531671363054
0.00011733589770791429
0.000185246889868446
0.00015599283986325618
0.00012293121667629513
0.0001450701432921522
0.00019987758312276643
0.0001627438806388223
0.0002008127236378149
0.00023606358579953313
0.00019744573332817903
0.00023595995556099816
0.0002643444651596405
0.000247454037945875
0.00018662218405059226
0.00015838690768630128
0.00017706772132458854
0.00021900925178323016
0.00018670345184139598
0.00014125148061223708
0.0003607019118121305
0.0002569546562450944
0.00035260942844438244
0.0003692658395277722
0.00041248177836050596
0.0003019106409154782
0.0003997356852135448
0.0003394011050781814
0.000431424182741058
0.0003856975151093449
0.0005259879528660865
0.0004284225360100801
0.0005584248928520552
0.0004658603710425281
0.00044136805167727697
0.0004170031044406486
0.0003813036718542038
0.00040900334321471805
0.00034992500935411065
0.0005752564591237338
0.00030359956561294704
0.0006931863276033944
0.0002590486170162841
0.0007649105059737635
8.9050576908324e-05
0.0008239937105227841
-1.1008539352929005e-05
0.0008711179342306993
-1.8387448242416368e-05
5.4596112344499714e-05
-4.306592038947259e-05
0.0009492791725946603
-0.0002559275164521429
0.0014215244696335577
-0.0006190794313267163
0.0018836240075532787
-0.0015426440478759301
0.002603919894222127
-0.0019681619144852934
0.0031539939276899916
-0.0026155946884761153
0.004399424445461107
-0.0034322526472037734
0.005935163249747173
-0.006206245160644229
0.011506133774392649
-0.01610405219038426
0.030724745515516662
-0.07278806448635602
0.4787695433720956
0.5738297777639518
0.09230371568570461
-0.03569202219949378
-0.058099155324996876
0.02125463471085639
-0.07144420178756392
-0.0003775176819996723
-0.15583119607488047
-0.18080274657686285
-0.07652456971108826
-0.037653786078680695
0.08506991551280485
-0.05985159960673225
-0.10056565516677704
-0.12272391444082312
-0.18022323726289746
-0.18742645877929007
0.02391899679059438
0.22107475614973415
0.21482242712064184
0.1287992739281807
0.02955296779379913
0.03177072364824062
0.028009328779729607
0.05142928538867545
0.03623669160051898
-0.04643639397738071
-0.12207015583643258
-0.09425964304144013
-0.05283528174096504
-0.02502200287587791
-0.041884065684285196
-0.035569746038551564
-0.044114447415111335
-0.036163024006202624
0.025018525625877717
0.060082310177712615
0.047352880386106626
0.002476902875881995
-0.022962584762364003
-0.01708017203427663
0.010851263163239066
0.04314385433401812
0.06143904869705679
0.0148419713133442
-0.030352265689201727
-0.03733117236716564
0.009555688585032349
0.036369498812117165
0.024489795392978242
-0.009764277115027234
-0.03502424143664364
-0.04291669381940594
-0.0251341361535107
0.002774931555171596
0.00885639097015473
-0.005819894060853564
-0.02539696594771651
-0.019640355897216324
-0.002788695950726662
0.019351201508803397
0.024369298405237546
0.014649094487601079
-0.001989703059873391
-0.008271018737347879
0.0005950773517626375
0.012682156131233937
0.014065999316273642
0.0032593764235545183
-0.010439994760256519
-0.01621036479289854
-0.0057118380984479255
0.006790158445209511
0.009134954440913834
-0.0029990868340022134
-0.013376283370915915
-0.010631608329095786
0.0011451016249678016
0.009389115653822389
0.007543294323858179
-0.0010864192928926317
-0.009496264529094554
-0.009138550321512829
-0.00018276456080344998
0.010141671756231952
0.010770681408049591
0.0017840419227211468
-0.007601994552236679
-0.008486880694597916
-0.0007799420152850766
0.00784570975780885
0.009951188319295447
0.004249876269736466
-0.0043652438402876845
-0.010112272615225593
-0.006319103942893306
0.0016083813268444802
0.005657361029150727
0.0013418437159919798
-0.005671653093581152
-0.007959439953211238
-0.0041002835642060965
0.0013772477168011816
0.003064388362173224
0.0012786728311633734
-0.0014025122970426785
-0.0014021787661318264
0.0004966799913535482
0.0033328068898838244
0.003796777443292838
0.001288065069491601
-0.0021573909602260054
-0.0030123206087276024
-0.0007063539712338889
0.002001199184850396
0.002446414476195655
-0.0002909684936629048
-0.0025768466127518166
-0.0028331544072949296
-0.0004823693157099902
0.0025573325868935284
0.0033131192331609313
0.0012865191533317371
-0.0019445529828264552
-0.0032045529428702028
-0.0011262695737189465
0.001649855903041112
0.002580287405031717
0.0002598422140808951
-0.002761548593363921
-0.003140308085710924
-0.00126542075953748
0.0009030291510399071
0.0013550496621294577
0.00044230989133415633
-0.0009467342702862633
-0.0011977720761620937
-0.0002529931930235949
0.0005567430625447213
0.001796361059954983
-0.0007758576075773448
-0.002573481619424255
-0.0034827203361372907
-0.001650806611525676
-5.556789812592895e-05
0.0006912266390128239
0.0012484264819519909
-0.000128723222847087
-0.00034125321502533057
8.793673587649282e-05
0.001355981172850947
0.0009512523115463582
-0.00038593161542453853
-0.0009988775978531338
-0.001749455844183827
-0.001012672586055792
0.00012763839839113146
0.00017670618535717714
-0.0010521161991465379
-0.0021810544137294287
-0.002595078281211155
-0.0012507256679797638
0.00028847488963252893
0.0007275938800788179
0.0006620358295034356
0.0005062236833538244
9.345084565526307e-06
0.0009548874569017241
0.0013836262951132288
0.0021357268934847303
0.0014101303040612938
0.0005084841236691043
4.856416755402634e-06
0.0007394124364387773
0.001108319896754601
0.0013215894931119562
0.0011234811767126644
1.4640528209396045e-05
-0.0004184435981007815
0.00020952548618620188
0.001090888462269152
0.0018842159655798989
0.001338237640687996
-0.0002847472178038156
-0.00011437252812761343
-0.00043179761868445484
0.0005758989529854767
0.0011128221102960714
0.0009306349216059495
0.00034877332026816955
0.00021703812062057507
0.0012817939509434583
0.0019218328335087655
0.0025695576363406266
0.0023082936024742783
0.001591751665553549
0.0012098879233431335
0.000955403017641695
0.0005991880408592221
0.0009080180660831043
0.0007297133408495696
0.0005658454996020036
-0.000668672393559089
0.00031523422849024166
-0.0005310875657827138
1.1616125572396765e-05
-0.0003390242663299256
-0.0001100898545476804
-0.00021303215950955264
-7.347367395454398e-05
-6.344546101952038e-05
-1.3630275163189153e-05
-1.1378590823839328e-05
-3.432191164297186e-05
-1.5464292893094218e-05
1.8276067226737644e-06
1.601987371859675e-05
9.27735840818624e-06
2.6108527618516858e-05
1.3297521041182644e-05
1.107743439546486e-05
3.640297661956687e-06
1.295726770338167e-05
5.141721365942847e-06
4.025246326881042e-06
1.3804432640721932e-06
4.3313351975578576e-08
7.678704184384581e-07
-5.880539859017832e-07
-5.387908107447564e-07
-1.2448230608220833e-06
-1.7242207185685975e-06
-1.8847533952243102e-06
-9.687446145276515e-07
-3.6977064859085003e-07
-4.7572070040687617e-07
-3.848289865086471e-07
-1.6200337969238927e-07
-1.204817985390994e-07
-6.813788560802855e-08
7.978227773233499e-08
1.552527644480315e-07
1.1575432733195628e-07
7.743650513809185e-08
1.1792342480428618e-07
1.2976077522707484e-07
1.229137074927199e-07
7.312334404577638e-08
5.337285249214772e-08
4.187025203958826e-08
2.1366517625228797e-08
2.4639700594306438e-08
2.930832806373289e-08
2.2357995027848937e-08
7.993798877177494e-09
8.613914338762019e-09
1.3127772910404012e-08
1.4037470486786413e-08
1.478852629612816e-08
1.707146099873616e-08
1.8817808594890663e-08
1.9654693182886984e-08
2.1270784976329155e-08
2.3748244738774904e-08
2.4878359643210057e-08
2.4614416404850764e-08
2.4697863135279136e-08
2.5577246999617526e-08
2.626266617285905e-08
2.6419056613387337e-08
2.6807544468120115e-08
2.7059757633403347e-08
2.7052676423652833e-08
2.7176732818800717e-08
2.7568464603180964e-08
2.7939859465961336e-08
2.8159109837291862e-08
2.842328775077771e-08
2.878459776285182e-08
2.9169305152277475e-08
2.9538062967793266e-08
2.9927767324251786e-08
3.033730506868046e-08
3.072693400153065e-08
3.1117191041755976e-08
3.154367189455928e-08
3.198454802313261e-08
3.2409604825821975e-08
3.2829885809014525e-08
3.3262942686265035e-08
3.370110313559438e-08
3.4140017407492326e-08
3.458687082525877e-08
3.50409395870159e-08
3.549711780065487e-08
3.595635948683805e-08
3.642392600836271e-08
3.689968455236007e-08
3.738036775382744e-08
3.786607654819238e-08
3.835877127619878e-08
3.885855570954708e-08
3.93645949634501e-08
3.9877497790431066e-08
4.0397715137929086e-08
4.0924545673505855e-08
4.145778857299505e-08
4.199813475745835e-08
4.254588562794398e-08
4.3100749758714224e-08
4.366269549139091e-08
4.4231997874892136e-08
4.480875300417065e-08
4.5392959156266566e-08
4.5984759132478015e-08
4.658432867894139e-08
4.719171394374638e-08
4.780695046346234e-08
4.843018895119011e-08
4.9061586024487167e-08
4.9701223410730105e-08
5.034918171262551e-08
5.100558660630847e-08
5.167055682668911e-08
5.234419017338416e-08
5.3026601663005296e-08
5.371791895331102e-08
5.441825485434475e-08
5.5127716997891915e-08
5.584642591080491e-08
5.6574508253809906e-08
5.7312084868720026e-08
5.805927621961235e-08
5.8816208592512784e-08
5.958301011301306e-08
6.035980839214257e-08
6.114673332274258e-08
6.194391812507083e-08
6.27514963949527e-08
6.356960260726435e-08
6.439837420746039e-08
6.52379508222882e-08
6.608847356913763e-08
6.695008438069826e-08
6.782292795480885e-08
6.870715118373338e-08
6.96029024433581e-08
7.051033168795073e-08
7.142959119327275e-08
7.236083555094142e-08
7.330422053478808e-08
7.425990440103336e-08
7.522804807043315e-08
7.620881374049981e-08
7.720236594802032e-08
7.820887135221583e-08
7.922849859856584e-08
8.026141903177963e-08
8.130780588351191e-08
8.236783503260542e-08
8.344168378471295e-08
8.452953231732202e-08
8.56315634997773e-08
8.674796192487122e-08
8.787891513702822e-08
8.902461342934209e-08
9.018524790849192e-08
9.136101371395519e-08
9.255210839040351e-08
9.375873211928815e-08
9.498108684453943e-08
9.621937729041574e-08
9.74738118865448e-08
9.87446006819187e-08
1.0003195722490046e-07
1.0133609665155877e-07
1.0265723878691985e-07
1.0399560567342023e-07
1.0535142086227217e-07
1.0672491204850865e-07
1.0811630935924493e-07
1.0952584717296987e-07
1.1095376102956966e-07
1.1240029146319941e-07
1.1386568049553958e-07
1.15350173395673e-07
1.1685402004704692e-07
1.1837747272702703e-07
1.1992078790580563e-07
1.2148422346217047e-07
1.2306804187909583e-07
1.2467250851827538e-07
1.2629789294255067e-07
1.279444679577746e-07
1.2961250967641336e-07
1.313022984367196e-07
1.3301411718597e-07
1.3474825318743333e-07
1.36504997614445e-07
1.382846450542763e-07
1.4008749427141254e-07
1.4191384786494537e-07
1.4376401201443567e-07
1.4563829704716813e-07
1.4753701736008873e-07
1.4946049165485975e-07
1.5140904283464374e-07
1.5338299783930476e-07
1.553826877997988e-07
1.574084481484507e-07
1.594606186861746e-07
1.6153954360726168e-07
1.6364557223793848e-07
1.6577905813367389e-07
1.6794035859860642e-07
1.7012983612879357e-07
1.7234785853365595e-07
1.7459479761242395e-07
1.768710306090151e-07
1.7917693977744517e-07
1.8151291155166813e-07
1.8387933774482567e-07
1.8627661551450115e-07
1.8870514720349175e-07
1.9116534009342183e-07
1.9365760709600483e-07
1.9618236652381503e-07
1.9874004179257316e-07
2.0133106192176158e-07
2.0395586180341663e-07
2.0661488183818563e-07
2.0930856838583325e-07
2.1203737312881993e-07
2.1480175397441733e-07
2.1760217461312637e-07
2.2043910489230687e-07
2.2331302083509683e-07
2.2622440470562721e-07
2.2917374522667556e-07
2.3216153687737398e-07
2.351882810033238e-07
2.382544852994311e-07
2.4136066465753597e-07
2.445073399595871e-07
2.476950390764088e-07
2.509242972086826e-07
2.5419565582432066e-07
2.5750966355705257e-07
2.608668770026634e-07
2.642678595938088e-07
2.6771318125274474e-07
2.712034204768992e-07
2.747391625953122e-07
2.7832100118097176e-07
2.819495370357298e-07
2.856253793022054e-07
2.893491440273798e-07
2.931214560725811e-07
2.9694294900761177e-07
3.0081426334377034e-07
3.0473604854873264e-07
3.0870896433024715e-07
3.1273367427360303e-07
3.168108557155677e-07
3.2094119240314543e-07
3.251253784811647e-07
3.2936411485011766e-07
3.336581108301937e-07
3.380080899548221e-07
3.424147799707504e-07
3.4687892172825785e-07
3.514012626893055e-07
3.559825628998096e-07
3.606235909702735e-07
3.65325124524458e-07
3.7008795372673806e-07
3.749128765454402e-07
3.798007036568383e-07
3.847522536722244e-07
3.8976835892775164e-07
3.9484986007457706e-07
3.9999760921075587e-07
4.0521247079870683e-07
4.1049532000691146e-07
4.1584704366356474e-07
4.212685388472071e-07
4.267607153584184e-07
4.323244941896009e-07
4.379608093724077e-07
4.43670606570148e-07
4.494548438960358e-07
4.553144916981439e-07
4.612505330449759e-07
4.672639637320105e-07
4.7335579299069834e-07
4.795270424219188e-07
4.857787485564101e-07
4.92111959718238e-07
4.985277381519874e-07
5.05027160379993e-07
5.11611316993902e-07
5.182813132855162e-07
5.250382677383968e-07
5.318833140423654e-07
5.388176009908305e-07
5.45842291717509e-07
5.529585647692445e-07
5.601676144545778e-07
5.67470650250472e-07
5.748688979116678e-07
5.823635978972896e-07
5.899560077127219e-07
5.976474017344025e-07
6.054390704092472e-07
6.133323207230257e-07
6.213284774493621e-07
6.294288819371635e-07
6.376348930837994e-07
6.459478879070865e-07
6.543692610203045e-07
6.629004257949211e-07
6.715428133782786e-07
6.802978736800136e-07
6.891670755876378e-07
6.981519073273601e-07
7.072538765959258e-07
7.16474510480819e-07
7.258153557759828e-07
7.352779798075471e-07
7.448639705144935e-07
7.545749358822684e-07
7.644125053218875e-07
7.743783293975848e-07
7.844740803533007e-07
7.947014521655915e-07
8.050621602088276e-07
8.155579433108406e-07
8.261905625264743e-07
8.369618015365704e-07
8.478734678137034e-07
8.589273921763563e-07
8.701254288114718e-07
8.814694570377993e-07
8.929613797576536e-07
9.046031254952153e-07
9.163966476922331e-07
9.283439244035796e-07
9.404469605680046e-07
9.527077870739864e-07
9.651284607614663e-07
9.777110657883774e-07
9.904577133136236e-07
1.0033705416315208e-06
1.016451717313245e-06
1.029703435382473e-06
1.0431279188170828e-06
1.0567274213507324e-06
1.0705042225046119e-06
1.0844606365308096e-06
1.0985990033037137e-06
1.1129216952003584e-06
1.1274311142650192e-06
1.1421296956908022e-06
1.1570199076969129e-06
1.1721042455538344e-06
1.1873852423429504e-06
1.20286546026146e-06
1.2185474976326126e-06
1.2344339853330444e-06
1.250527589465554e-06
1.2668310103939456e-06
1.283346981531216e-06
1.3000782754174836e-06
1.3170276989818083e-06
1.334198096180489e-06
1.351592347951635e-06
1.369213372956219e-06
1.3870641273700998e-06
1.4051476063228936e-06
1.4234668435247379e-06
1.4420249124842298e-06
1.4608249275824096e-06
1.47987004282292e-06
1.4991634537614516e-06
1.5187083971760374e-06
1.5385081529465175e-06
1.558566042346378e-06
1.5788854312512313e-06
1.5994697289607208e-06
1.6203223890331412e-06
1.6414469097953376e-06
1.662846836129146e-06
1.684525758405839e-06
1.7064873137073722e-06
1.7287351870643244e-06
1.751273111303779e-06
1.7741048675104683e-06
1.797234286288283e-06
1.8206652488000907e-06
1.844401686308542e-06
1.8684475813529784e-06
1.8928069683071466e-06
1.9174839342088294e-06
1.9424826193338227e-06
1.9678072182794867e-06
1.99346198013128e-06
2.0194512091080766e-06
2.0457792655873865e-06
2.072450567185656e-06
2.099469588466834e-06
2.126840863151541e-06
2.1545689836333006e-06
2.182658602102854e-06
2.2111144316254265e-06
2.23994124646669e-06
2.2691438829210413e-06
2.2987272407782016e-06
2.3286962841753992e-06
2.359056040909715e-06
2.3898116049201994e-06
2.420968136179779e-06
2.452530862368397e-06
2.4845050791669383e-06
2.516896151333846e-06
2.5497095138380006e-06
2.582950671743472e-06
2.6166252020652387e-06
2.6507387548971913e-06
2.6852970543937704e-06
2.7203058986275015e-06
2.755771161286314e-06
2.791698792765278e-06
2.8280948211339843e-06
2.86496535291717e-06
2.9023165743219804e-06
2.9401547525713216e-06
2.9784862361553407e-06
3.0173174562593205e-06
3.0566549278120483e-06
3.096505250627102e-06
3.136875111560411e-06
3.177771284683297e-06
3.2192006303025707e-06
3.2611700998903988e-06
3.3036867352955477e-06
3.3467576696939033e-06
3.3903901299814273e-06
3.4345914374858677e-06
3.4793690075647643e-06
3.524730352465113e-06
3.5706830840333964e-06
3.6172349120720294e-06
3.664393647509999e-06
3.7121672020164545e-06
3.760563592089018e-06
3.8095909371200012e-06
3.859257463186341e-06
3.909571502538076e-06
3.960541497599265e-06
4.012176001358739e-06
4.06448367572948e-06
4.117473297693235e-06
4.171153757394916e-06
4.225534061690333e-06
4.280623334631042e-06
4.336430820068877e-06
4.392965880884478e-06
4.45023800182574e-06
4.508256792424894e-06
4.5670319873762475e-06
4.626573448571593e-06
4.686891165755396e-06
4.747995259336683e-06
4.809895981287794e-06
4.8726037173099255e-06
4.936128988303716e-06
5.000482453032995e-06
5.065674909340444e-06
5.13171729492289e-06
5.198620690381376e-06
5.266396320878866e-06
5.33505555784259e-06
5.404609921206237e-06
5.475071081052324e-06
5.546450859857018e-06
5.618761233763104e-06
5.692014334473942e-06
5.766222452573816e-06
5.8413980392784315e-06
5.917553707900851e-06
5.994702236008706e-06
6.0728565671938685e-06
6.152029814569804e-06
6.23223526184484e-06
6.313486366190302e-06
6.395796760225324e-06
6.479180253976232e-06
6.5636508379200275e-06
6.649222684268334e-06
6.7359101509015945e-06
6.823727781938758e-06
6.912690312093272e-06
7.002812667377062e-06
7.09410996889339e-06
7.186597534613107e-06
7.280290882005682e-06
7.375205731216137e-06
7.471358007130665e-06
7.568763843047847e-06
7.667439580669004e-06
7.767401777702195e-06
7.868667203842807e-06
7.971252851633357e-06
8.075175930801794e-06
8.180453880608763e-06
8.287104361680807e-06
8.395145270025843e-06
8.504594732551508e-06
8.615471111003302e-06
8.72779301249718e-06
8.841579275689583e-06
8.956849001393345e-06
9.073621516992019e-06
9.191916429405534e-06
9.31175357033907e-06
9.433153061563413e-06
9.556135258931064e-06
9.680720803623036e-06
9.806930598455074e-06
9.934785811027106e-06
1.006430790989252e-05
1.0195518599018499e-05
1.0328439929942735e-05
1.0463094159214427e-05
1.0599503928391011e-05
1.073769207610457e-05
1.0877681828308505e-05
1.1019496646279573e-05
1.1163160329848154e-05
1.1308697001412337e-05
1.1456131031184079e-05
1.1605487235849304e-05
1.1756790561793323e-05
1.1910066536398366e-05
1.2065340717632399e-05
1.2222639313305955e-05
1.2381988576436968e-05
1.2543415355049893e-05
1.2706946670873013e-05
1.2872609951662076e-05
1.3040433093029508e-05
1.3210444050033117e-05
1.338267164705247e-05
1.3557144404250648e-05
1.3733892018445639e-05
1.3912943706299735e-05
1.4094329927628272e-05
1.4278080758044513e-05
1.4464227281650696e-05
1.4652800625973784e-05
1.4843832349975328e-05
1.5037354827023963e-05
1.5233399810761451e-05
1.5432001367275444e-05
1.56331910571802e-05
1.5837004865822037e-05
1.6043474144965784e-05
1.625263678450145e-05
1.6464523833512046e-05
1.6679175504423407e-05
1.6896622629420646e-05
1.711690638541005e-05
1.7340061038397122e-05
1.756612325901335e-05
1.7795135555009547e-05
1.802712852325833e-05
1.8262152494806505e-05
1.8500230520932925e-05
1.8741424149124313e-05
1.8985747410252187e-05
1.9233268110495187e-05
1.948400409948047e-05
1.9738014109840947e-05
1.999533412952014e-05
2.0256001126798054e-05
2.0520080214552665e-05
2.0787579018520172e-05
2.1058595665141358e-05
2.133310601812842e-05
2.1611238176069084e-05
2.1892950319451305e-05
2.2178374208930204e-05
2.246748704399712e-05
2.276038711023897e-05
2.3057102381569307e-05
2.3357668655073043e-05
2.366219472841897e-05
2.3970626004181112e-05
2.428316422883707e-05
2.4599678365940392e-05
2.492041936143132e-05
2.524524538695264e-05
2.5574387136318225e-05
2.5907764950788403e-05
2.624550053006644e-05
2.6587690923977978e-05
2.6934226740585993e-05
2.7285463290914686e-05
2.7641052752327587e-05
2.8001538320591274e-05
2.8366456263156318e-05
2.8736394982711595e-05
2.911092896967435e-05
2.949049322101228e-05
2.9874988437791298e-05
3.0264326398385215e-05
3.065909923122669e-05
3.105850456599688e-05
3.1463758398672876e-05
3.187353251320776e-05
3.228955920486689e-05
3.2709913469303794e-05
3.313711187500484e-05
3.356804086980118e-05
3.400722669800039e-05
3.444849735021599e-05
3.4897324779317035e-05
3.535097760865198e-05
3.580756499266605e-05
3.6275111562979884e-05
3.673880562063848e-05
3.7218395071231584e-05
3.7689622199011535e-05
3.818853458932217e-05
3.866670949540397e-05
3.9186139075827325e-05
3.968647228442309e-05
4.020506042701818e-05
4.072898735601668e-05
4.125480124568927e-05
4.179741667002931e-05
4.232010161081892e-05
4.289044866889139e-05
4.340995101922984e-05
4.400658779581904e-05
4.454035512327175e-05
4.515495698152131e-05
4.5709672982816724e-05
4.6328591161578234e-05
4.691579336899097e-05
4.752528967944328e-05
4.816542362289434e-05
4.874801935062477e-05
4.944632674674151e-05
5.002050486349542e-05
5.075656569355569e-05
5.134800129332276e-05
5.2098372992595565e-05
5.2717746780828884e-05
5.345867154455536e-05
5.4140569956062645e-05
5.483203119166502e-05
5.560024566100483e-05
5.624825827056992e-05
5.707657232885063e-05
5.770915655529604e-05
5.86028145289387e-05
5.921470200637331e-05
6.01140161068589e-05
6.0892802189432826e-05
6.163283417489067e-05
6.261690549502416e-05
6.319563581833401e-05
6.4225640453738e-05
6.488157051876692e-05
6.586712284504387e-05
6.65430701403914e-05
6.754606752517288e-05
6.837076815577325e-05
6.914638376351919e-05
7.029275311914301e-05
7.077314840070632e-05
7.230701196246983e-05
7.21548816085757e-05
7.484685276233985e-05
7.293776467022332e-05
7.873517244618095e-05
7.074815418924713e-05
9.114570490038453e-05
4.141553187299134e-05
4.221688118812971e-05
-4.4097437817969265e-07
7.544146812706043e-07
4.657457291027539e-05
8.574231127718435e-06
4.1080144727034806e-05
4.784389110751297e-05
0.0001096746044095473
4.8454111593328186e-05
0.00016299795523337657
7.598587330276928e-05
0.00015658165905810262
7.714169295117268e-05
0.00019962967107969853
6.822391930139116e-05
0.00015551623791936614
0.00011811110635642774
7.902230579315273e-05
0.0001223194010823124
7.172414442129654e-05
0.00012393244863401903
5.5814623718467016e-05
0.00018211833860243276
3.774400687373003e-05
0.0001545457618691154
7.214479147374386e-05
0.0001317558584703199
8.218134906543516e-05
0.00015799728788342543
0.00012917852441470846
0.0001010841560562109
0.00013890428653672504
0.0001000783596439453
0.00013766494831555178
9.643709464845463e-05
0.00016781465434329685
0.0001545673600611233
0.00019795557421002283
0.0001193624901634527
0.0002036919356069332
9.263526912199064e-05
0.00016374945178687026
0.00012588343223899509
0.00010268146985843534
0.00011687286722973609
0.00012315599232638812
6.765339738271976e-05
0.00011738349670620024
7.79829060494049e-05
0.00011175263097176313
6.760694894595834e-05
3.904471750431119e-05
0.00010218169704914862
7.114234831156552e-05
4.589552151349727e-05
8.239982367717544e-05
3.675687910852771e-05
0.00011616045442347815
7.207913667140104e-05
9.215521026518288e-05
0.00013919340366252368
0.00010511828318070324
0.00013345317262847788
