-0.0006385181894268065
-0.0006330567949888435
-0.0006569459118133726
-0.0006973082198425937
-0.0007269898015407278
-0.0007562984733094896
-0.0007573976755808533
-0.0008026963560185253
-0.000764555135569378
-0.0008096920219810174
-0.000783439716506197
-0.0008155114073504844
-0.0007891208768067094
-0.0008090212886854856
-0.0008010356180060056
-0.0008310459652975746
-0.0007968155771646821
-0.0008515366950083488
-0.0007959968001356257
-0.0009175461556716949
-0.0008389781345353848
-0.0009270131965400724
-0.0008972633085966448
-0.0009575046798847871
-0.0009450848110480951
-0.0009531473813309379
-0.0009917976728388866
-0.0009467034545442088
-0.00102208348907095
-0.0009707310323972728
-0.0010392559074594485
-0.0009655951090931161
-0.0010263295406613881
-0.0009525677754511244
-0.0010088906128936034
-0.0009485016899912281
-0.0010316799647619567
-0.0009781408152254381
-0.0010516102624535417
-0.001027601534994344
-0.0010895796730637927
-0.0010894412145105062
-0.0011405379942583589
-0.0011714214197364823
-0.0011798356778975649
-0.0012112160219386364
-0.0012019502644156634
-0.0012268404407923745
-0.0012007260219587628
-0.0012211437500938159
-0.0012026593022711534
-0.001212220047474934
-0.0011835934949288856
-0.00119678903899493
-0.0011846898143216499
-0.0012025888620647348
-0.0011957809878749344
-0.001199323701824601
-0.0011911325275312525
-0.001222682052974104
-0.0012036709457003388
-0.0012686037439625744
-0.0012316190099426073
-0.0013144382807541949
-0.0012821436824223989
-0.0013463308688944323
-0.0013294157072985778
-0.0013936916034543298
-0.0014428779919711992
-0.0015727427250969614
-0.001480844610654591
-0.001540082841260323
-0.0014620467878655977
-0.001625897461812731
-0.0014471280153000186
-0.0016273044144958226
-0.0014250912224176475
-0.0015543739393163772
-0.0011372588160265013
-0.0014988839007020805
-0.0012590850830947122
-0.0016384213901232771
-0.0011784748532939814
-0.0018115961662745837
-0.0006715149012060146
-0.0025019091504059295
-0.0005321639110510278
-0.0032452885206279833
0.0032248208009800884
0.08619101305389375
0.12469577067362436
0.09312325671309601
0.03558942712567902
0.035238757264552334
0.07454733951269252
0.09271441647155516
0.06263114811279678
0.012893086695890538
-0.09475719872093195
-0.1575045721700204
-0.11089368132743707
-0.04849681480766597
-0.027331937147802965
-0.06517748288040368
-0.05761459078817601
-0.03597433284073531
-0.01731129161795355
-0.02058118347285118
0.0015956857676680167
0.06858919189921404
0.07860105652600549
0.049929135247481125
0.023406835468273796
0.02851576956856613
0.0399002464910983
0.037310971178992416
0.03684004471356647
0.020987891987290445
0.0052991684110750715
-0.009545492789026173
-0.0228784039231752
-0.01257354946109959
-0.007000277140573785
-0.01343912199819012
-0.030906930073100768
-0.0350891116307812
-0.02523203827699672
-0.010053469188404994
-0.0011952201471796772
-0.008589426770136674
-0.01576357202421297
-0.010130128743976188
0.007611757173560365
0.021758701561120863
0.022092390191372702
0.012895061669421611
0.006541770881788111
0.006088173737094681
0.004993084869916315
0.005190205636170795
0.00782482339987594
0.006753944397553561
-0.0013391473080802269
-0.010222111108503771
-0.012724397187654696
-0.012923228961585872
-0.014668150358772754
-0.012941936240095191
-0.004294037673288828
0.0003320498437122829
-0.004947159036327133
-0.008160144876500661
-0.00623997939983079
-0.0022001031372386485
0.0033807384070231846
0.0066558507347296205
0.005855720035825326
0.0014529309365826706
0.00037702452010030283
0.003280048775214698
0.006439286221178511
0.007543891162999184
0.004659116735956724
0.0027106834798721613
0.003163894875795505
0.0028101174274382476
0.0016749123759443544
0.0006674230446890163
-0.0015134061760552465
-0.004106359399662339
-0.004488869690332334
-0.0020520308942680956
-0.0004182034266781996
-0.0018068392324327937
-0.003956866665933898
-0.0040074634867342165
-0.0019190912550592978
1.027459054863387e-05
0.0004740481552691013
0.0014768922825655183
0.0019033688434463283
0.0011673034313002307
0.0005234056543838518
0.0005063681415703547
0.0003914363654585267
0.0006039525482909702
0.001517350557657731
0.002139601480957566
0.0018823857838859016
6.284900356438123e-05
-0.0012328126857818306
-0.0012187516914720664
-0.00019030471460429032
0.0008357834627557773
0.0009043055001482273
-7.4184439520961e-05
-0.001253309887237711
-0.0015985124764662491
-0.0008148198787594013
4.625537359772771e-05
3.297453833247775e-05
-0.0004031706688502289
-0.0007712800739773487
-0.000456814711880473
-0.0004067382854548937
-0.00048716787047477044
-0.00037879725354850364
-0.00026779132859307254
1.219249757923655e-05
0.00023443508841769058
0.0010331342389087819
0.0012767053045388101
0.0008782942320370549
0.000149820968039917
2.620001273270471e-05
0.00040775250107169715
0.0007058150003897325
0.0007681668098431446
0.0009527412303174561
0.0008784041161103151
0.0004825009433567721
0.00024348153185470983
0.00045742758800684184
0.0006918798632804752
0.0009664718277181887
0.0014658066757847763
0.0016256560722641834
0.0012033618235659056
0.0005797469667776673
9.788075611415263e-05
0.00014789516500047167
-2.9980850532046954e-05
-0.00030745200235627744
-0.0008151475502605211
-0.0011307597163592508
-0.0015903137713661265
-0.0018529373808930882
-0.0017529432205948112
-0.0014302788205438968
-0.0011697623944905318
-0.00105019018201108
-0.0009076913553434582
-0.0005222068993796338
-0.00020630562162330017
0.00018085090694746088
0.0006713610632353491
0.0011165082379565178
0.0015043982027472167
0.001449313452296892
0.0013423358912180868
0.0012250638699074243
0.0011300412318009474
0.0007874565369018669
0.00045331517076595935
8.725521233524867e-05
-0.00029948665208124443
-0.0004648710028643961
-0.00018780935175595703
-0.0004533396043957525
-0.0012835127303129062
-0.001387691934088603
-0.0004767028414488603
-0.0001818209214884253
-0.0003255163515719266
-0.0002910035344921647
-3.660867384381163e-05
-0.00012454670251055503
-0.00011894088727193664
0.0002893928149515039
0.00023856684518910832
0.00028002931940353834
0.0006900707332934161
0.0012602371811499076
0.001213274876313178
0.0009289110607127355
0.000661573121646532
0.0008568374801868233
0.0009241371446237087
0.0005181502470321202
-0.00011577705921029852
-0.00027389660656097683
-0.00026492182771161143
-0.0007372330018614601
-0.0012232218159383213
-0.0015016998709294033
-0.0014952510332858992
-0.0014474857579192318
-0.0010419250483084878
-0.0007679415439595921
-0.0005539271924397646
-0.0002912274028751376
1.6075466456674065e-05
0.00035077598131716934
0.0009518689550911952
0.0012308618044400686
0.0012569102602786844
0.0011363483242199858
0.0008310893878847567
0.00057534852581906
0.0004038385108495347
0.0003172542110443337
2.8911186904480128e-05
-0.00013469350009744763
-0.00024305530607776719
-0.0003932586154299278
-0.0005611303038293395
-0.0006539919381651936
-0.0006797964918057118
-0.00048225821633859575
-0.0001972473552736519
5.715030962609528e-05
0.00017907031746159448
0.00020439083605390285
0.00015647924257530696
5.7185312971185333e-05
1.3444000158379646e-05
0.00011459023580460392
0.00022518188391378805
0.0003315916607805488
0.00033375710060738956
0.0003010824444009879
0.00026954129012038777
-0.00010430499639170189
0.00014055591614646923
-0.00010751061941379988
1.0834321659296405e-05
-7.077061437704311e-05
-1.0929501323074765e-05
-2.8531313605450793e-05
-1.101189351990415e-05
-1.2384213668248888e-05
-1.8261950450022458e-05
-1.526769788652292e-05
-2.3091786093005725e-05
-1.2010532984861786e-05
-7.065790822889698e-06
-1.259937382978411e-06
-2.4738739468009834e-06
2.568132202141859e-06
3.36911145233567e-07
8.111819104452062e-07
-2.5347388987752e-07
3.508843562013452e-06
1.8008807248103454e-06
2.2956732879558827e-06
2.311578520653758e-06
1.6430767121600187e-06
1.6210565915251302e-06
-1.6187981764412794e-07
7.674437262059942e-07
-1.058423374708517e-06
5.240312155301713e-08
-1.0135187724124098e-06
-2.172405312345256e-08
-5.554179269770532e-07
-3.150675044368001e-07
-5.315704487010922e-07
-4.07951177954554e-07
-4.6235889828057097e-07
-4.786935208929942e-07
-3.479303866452642e-07
-3.50948203890495e-07
-2.943345640336707e-07
-3.134611300001193e-07
-2.3549709176690558e-07
-2.7838291819480554e-07
-2.4768465830063424e-07
-2.797082463705698e-07
-2.476174832816147e-07
-2.7614952531293015e-07
-2.616989062090465e-07
-2.740138647198964e-07
-2.7513815731555064e-07
-2.862505167346933e-07
-3.01385495108514e-07
-2.982089849410362e-07
-3.1355174489786607e-07
-3.0961699822788617e-07
-3.228538368544383e-07
-3.16937676488418e-07
-3.2826231539397586e-07
-3.272190776718552e-07
-3.339954271592508e-07
-3.349248838367268e-07
-3.403868898253933e-07
-3.4312296620132854e-07
-3.4628499630089127e-07
-3.4972146337143226e-07
-3.5289508185576066e-07
-3.5685215859799363e-07
-3.599154904370544e-07
-3.643241676398734e-07
-3.678090160917809e-07
-3.7216509504852877e-07
-3.756957218997367e-07
-3.801509841142286e-07
-3.840282933173164e-07
-3.8837643786637614e-07
-3.9247855491026393e-07
-3.9688315035639465e-07
-4.0120140256229633e-07
-4.0554115408137845e-07
-4.1002276291715253e-07
-4.144268462903146e-07
-4.189932015675069e-07
-4.23452661871981e-07
-4.28120173277596e-07
-4.3270348818206725e-07
-4.3743720349307715e-07
-4.4213723463491783e-07
-4.469564997196815e-07
-4.5177660259240054e-07
-4.566743374684844e-07
-4.6161244899857413e-07
-4.66613145855613e-07
-4.716663280580945e-07
-4.7676940240909405e-07
-4.819386068550917e-07
-4.871546626407375e-07
-4.924360398478322e-07
-4.977655052099128e-07
-5.031628242530006e-07
-5.08610201171468e-07
-5.141228908017714e-07
-5.196906988878813e-07
-5.253230364772599e-07
-5.310134011757978e-07
-5.367667190560657e-07
-5.425820114078952e-07
-5.484600399396911e-07
-5.544021851010272e-07
-5.604076941286007e-07
-5.664795351507587e-07
-5.726158936181225e-07
-5.788197387727317e-07
-5.850898459267007e-07
-5.91428739628308e-07
-5.978355874462077e-07
-6.043123054861287e-07
-6.10858883583025e-07
-6.174766145148475e-07
-6.24165894384885e-07
-6.309276970935685e-07
-6.377627927269328e-07
-6.446718822210318e-07
-6.516558853000148e-07
-6.587154707266701e-07
-6.658516345991669e-07
-6.730650164942214e-07
-6.803566198597551e-07
-6.877271549972689e-07
-6.951775947862003e-07
-7.027087016981239e-07
-7.103214253174721e-07
-7.180166034986618e-07
-7.257951555076042e-07
-7.336579701652714e-07
-7.416059634054962e-07
-7.49640067412296e-07
-7.577611983245261e-07
-7.659703170422201e-07
-7.742683594640348e-07
-7.826563066344529e-07
-7.911351152627686e-07
-7.997057842528224e-07
-8.083692978676053e-07
-8.17126670386788e-07
-8.259789119708857e-07
-8.349270550927254e-07
-8.439721363015171e-07
-8.531152064459457e-07
-8.62357327073549e-07
-8.716995706358486e-07
-8.811430230078188e-07
-8.906887790129103e-07
-9.003379486220708e-07
-9.100916508741896e-07
-9.199510193902416e-07
-9.29917197474428e-07
-9.399913432558971e-07
-9.501746258170035e-07
-9.604682280287143e-07
-9.708733446960808e-07
-9.813911839969209e-07
-9.920229669113114e-07
-1.0027699279230675e-06
-1.0136333148649183e-06
-1.0246143889535266e-06
-1.0357144251984499e-06
-1.0469347122522496e-06
-1.058276553058898e-06
-1.069741264275411e-06
-1.0813301770557795e-06
-1.0930446368049651e-06
-1.1048860038615133e-06
-1.1168556529950256e-06
-1.1289549738439063e-06
-1.1411853712112955e-06
-1.153548265150938e-06
-1.1660450910564672e-06
-1.178677299736757e-06
-1.1914463579618183e-06
-1.2043537482797303e-06
-1.2174009692307987e-06
-1.2305895356227526e-06
-1.2439209787206969e-06
-1.2573968464594533e-06
-1.2710187033908684e-06
-1.2847881310223551e-06
-1.298706728057803e-06
-1.3127761105178161e-06
-1.3269979119330533e-06
-1.3413737835016814e-06
-1.3559053943509934e-06
-1.3705944317638982e-06
-1.3854426011270958e-06
-1.4004516262597529e-06
-1.4156232497940582e-06
-1.4309592333249508e-06
-1.4464613574353274e-06
-1.4621314219234e-06
-1.4779712461290406e-06
-1.4939826691795694e-06
-1.5101675500181619e-06
-1.5265277677812042e-06
-1.5430652219810366e-06
-1.559781832724148e-06
-1.5766795408880645e-06
-1.5937603083026816e-06
-1.6110261180913004e-06
-1.6284789749594045e-06
-1.6461209053160366e-06
-1.6639539573943076e-06
-1.681980201663285e-06
-1.7002017310641321e-06
-1.7186206611674798e-06
-1.7372391305228653e-06
-1.756059300940299e-06
-1.7750833574063478e-06
-1.7943135086602793e-06
-1.8137519873507842e-06
-1.833401050478872e-06
-1.8532629793570517e-06
-1.8733400800321695e-06
-1.8936346835768977e-06
-1.9141491461982627e-06
-1.9348858498294025e-06
-1.9558472020964448e-06
-1.977035636571234e-06
-1.9984536133843393e-06
-2.0201036192618095e-06
-2.041988167833953e-06
-2.0641098002542016e-06
-2.0864710846921902e-06
-2.1090746174517333e-06
-2.1319230224672663e-06
-2.155018952889004e-06
-2.17836509051677e-06
-2.201964145748497e-06
-2.2258188584108334e-06
-2.2499319982285503e-06
-2.2743063646362685e-06
-2.2989447877493616e-06
-2.3238501282521213e-06
-2.3490252780930553e-06
-2.3744731600737587e-06
-2.4001967282680117e-06
-2.4261989697074704e-06
-2.4524829032486484e-06
-2.479051580784621e-06
-2.5059080866733792e-06
-2.5330555392278503e-06
-2.560497090715408e-06
-2.588235926976343e-06
-2.6162752684407353e-06
-2.6446183704158504e-06
-2.6732685241234212e-06
-2.7022290558609643e-06
-2.731503328073893e-06
-2.7610947396244532e-06
-2.791006726080773e-06
-2.8212427604395367e-06
-2.851806353100831e-06
-2.8827010527644552e-06
-2.913930446548697e-06
-2.9454981601925332e-06
-2.9774078588698147e-06
-3.0096632472745907e-06
-3.042268070557047e-06
-3.075226114281982e-06
-3.108541205060271e-06
-3.1422172109260896e-06
-3.1762580416970303e-06
-3.210667649618769e-06
-3.2454500298159845e-06
-3.280609220824215e-06
-3.316149304730614e-06
-3.3520744078794663e-06
-3.3883887012462003e-06
-3.4250964010578604e-06
-3.462201769312387e-06
-3.4997091140805126e-06
-3.537622790126399e-06
-3.575947199432189e-06
-3.614686791608701e-06
-3.653846064464311e-06
-3.693429564556594e-06
-3.7334418877058018e-06
-3.7738876794979337e-06
-3.814771635887119e-06
-3.8560985037329465e-06
-3.897873081318282e-06
-3.9401002187647305e-06
-3.982784818716556e-06
-4.0259318370835726e-06
-4.0695462834514085e-06
-4.113633221697333e-06
-4.158197770501998e-06
-4.2032451039730745e-06
-4.248780452300975e-06
-4.294809102236554e-06
-4.341336397976903e-06
-4.38836774161247e-06
-4.435908593648785e-06
-4.483964473751302e-06
-4.532540961391801e-06
-4.581643696566565e-06
-4.631278380295978e-06
-4.68145077535051e-06
-4.732166706973226e-06
-4.7834320635637036e-06
-4.835252797224902e-06
-4.887634924479606e-06
-4.940584527276994e-06
-4.994107753207534e-06
-5.04821081649242e-06
-5.102899998761165e-06
-5.158181649670898e-06
-5.21406218774445e-06
-5.270548100896194e-06
-5.327645947238743e-06
-5.385362356148671e-06
-5.44370402892104e-06
-5.502677739191702e-06
-5.56229033406427e-06
-5.622548734708112e-06
-5.683459937474641e-06
-5.745031014441591e-06
-5.807269114017563e-06
-5.87018146259435e-06
-5.9337753645720935e-06
-5.998058203669646e-06
-6.063037443032777e-06
-6.128720626953068e-06
-6.195115381662901e-06
-6.2622294160798175e-06
-6.330070522267851e-06
-6.398646577179725e-06
-6.467965542566057e-06
-6.538035466427481e-06
-6.60886448394858e-06
-6.680460818941989e-06
-6.7528327846371e-06
-6.825988783210491e-06
-6.89993730841631e-06
-6.9746869458032785e-06
-7.050246374551493e-06
-7.126624367314888e-06
-7.203829791664531e-06
-7.281871611662172e-06
-7.360758888316917e-06
-7.440500781047432e-06
-7.5211065478893516e-06
-7.602585547477258e-06
-7.684947240037265e-06
-7.768201187967338e-06
-7.852357057545022e-06
-7.937424619579043e-06
-8.023413750849785e-06
-8.110334434971011e-06
-8.19819676366228e-06
-8.28701093832148e-06
-8.376787270577331e-06
-8.46753618393781e-06
-8.559268214689036e-06
-8.651994013272012e-06
-8.745724345577549e-06
-8.840470094172766e-06
-8.936242259383748e-06
-9.033051960800767e-06
-9.130910438457252e-06
-9.229829054057531e-06
-9.329819292482576e-06
-9.43089276313311e-06
-9.533061201158607e-06
-9.636336468581011e-06
-9.740730556069251e-06
-9.846255584287011e-06
-9.952923805200715e-06
-1.0060747603446592e-05
-1.0169739497724968e-05
-1.027991214247936e-05
-1.0391278329317929e-05
-1.050385098835257e-05
-1.0617643189664218e-05
-1.0732668144987096e-05
-1.08489392093296e-05
-1.0966469882198529e-05
-1.108527380938324e-05
-1.1205364784587816e-05
-1.1326756750945524e-05
-1.1449463802510786e-05
-1.1573500186042418e-05
-1.1698880302720539e-05
-1.1825618709804611e-05
-1.195373012211435e-05
-1.2083229413970486e-05
-1.2214131620739835e-05
-1.234645194078336e-05
-1.248020573705342e-05
-1.261540853882627e-05
-1.275207604382376e-05
-1.2890224119765437e-05
-1.3029868806305558e-05
-1.3171026316658867e-05
-1.331371303978691e-05
-1.3457945542313385e-05
-1.3603740570257894e-05
-1.3751115051061422e-05
-1.3900086095610525e-05
-1.4050670999951609e-05
-1.420288724760313e-05
-1.4356752511539934e-05
-1.4512284656265084e-05
-1.4669501739791348e-05
-1.4828422015699012e-05
-1.4989063935144046e-05
-1.5151446149293973e-05
-1.5315587511564204e-05
-1.548150707963552e-05
-1.5649224117467923e-05
-1.5818758097508885e-05
-1.5990128703414802e-05
-1.616335583214492e-05
-1.6338459596004556e-05
-1.6515460325394597e-05
-1.6694378570893858e-05
-1.6875235105729498e-05
-1.7058050927947865e-05
-1.724284726326128e-05
-1.7429645567458173e-05
-1.7618467528658698e-05
-1.7809335069815107e-05
-1.8002270351553625e-05
-1.8197295774528908e-05
-1.839443398195305e-05
-1.8593707862241143e-05
-1.8795140552066485e-05
-1.8998755438953306e-05
-1.92045761633515e-05
-1.9412626621700447e-05
-1.962293096965435e-05
-1.9835513624540688e-05
-2.005039926820983e-05
-2.0267612849620282e-05
-2.048717958842895e-05
-2.0709124977216613e-05
-2.0933474784922746e-05
-2.1160255059364302e-05
-2.1389492130689683e-05
-2.162121261458836e-05
-2.185544341469926e-05
-2.2092211726434377e-05
-2.233154503935588e-05
-2.2573471141314183e-05
-2.2818018120760505e-05
-2.3065214370925156e-05
-2.3315088592518944e-05
-2.3567669796908285e-05
-2.382298731017459e-05
-2.408107077531016e-05
-2.434195015789853e-05
-2.460565574635915e-05
-2.487221815935018e-05
-2.514166834500847e-05
-2.5414037588943105e-05
-2.5689357514009626e-05
-2.5967660086360358e-05
-2.6248977619353672e-05
-2.6533342773806218e-05
-2.682078856943229e-05
-2.7111348375469225e-05
-2.7405055934365307e-05
-2.7701945339139147e-05
-2.8002051070186336e-05
-2.830540796116502e-05
-2.8612051244119208e-05
-2.8922016513445903e-05
-2.9235339764478556e-05
-2.9552057374027368e-05
-2.9872206111486617e-05
-3.0195823159340066e-05
-3.0522946072710465e-05
-3.0853612861418255e-05
-3.118786188125507e-05
-3.1525731986614734e-05
-3.186726235651036e-05
-3.2212492698326523e-05
-3.2561463047160255e-05
-3.2914213962885485e-05
-3.327078637771334e-05
-3.363122169858777e-05
-3.3995561797407086e-05
-3.43638489263701e-05
-3.4736125932935684e-05
-3.511243592499956e-05
-3.549282274506525e-05
-3.587733038853074e-05
-3.626600368901277e-05
-3.6658887587594663e-05
-3.705602787984147e-05
-3.7457470532748416e-05
-3.786326226139442e-05
-3.827345014214482e-05
-3.868808177916953e-05
-3.910720541270597e-05
-3.953086955419912e-05
-3.9959123600278776e-05
-4.0392017055686984e-05
-4.082960040260991e-05
-4.1271924281703154e-05
-4.1719040146222784e-05
-4.217099994533129e-05
-4.262785596305862e-05
-4.308966168139203e-05
-4.3556470064720487e-05
-4.402833624338252e-05
-4.450531397096405e-05
-4.4987459798634735e-05
-4.5474828733463946e-05
-4.596747821186545e-05
-4.646546523341257e-05
-4.696884736123119e-05
-4.747768456141586e-05
-4.799203324067265e-05
-4.851195811233499e-05
-4.9037512623219384e-05
-4.9568767462125586e-05
-5.010577305094359e-05
-5.064860490772114e-05
-5.119731297362521e-05
-5.175197340238067e-05
-5.231264132582507e-05
-5.287938700864249e-05
-5.345227789792769e-05
-5.403137028852891e-05
-5.461675314575177e-05
-5.5208460094863417e-05
-5.580660766716858e-05
-5.641120566081924e-05
-5.7022393433505065e-05
-5.764016978049855e-05
-5.826467530954671e-05
-5.889592679191643e-05
-5.953403435410721e-05
-6.017906381418055e-05
-6.083106543626482e-05
-6.149018123841402e-05
-6.215637825206146e-05
-6.28298909715508e-05
-6.351059621995721e-05
-6.419881576002909e-05
-6.489435715771293e-05
-6.559759029478151e-05
-6.630831072755626e-05
-6.702686634828042e-05
-6.775311688692807e-05
-6.848731398164006e-05
-6.922944538912887e-05
-6.997962586135663e-05
-7.073797896750729e-05
-7.150451019945193e-05
-7.227942022236143e-05
-7.306269001144082e-05
-7.385448620693836e-05
-7.465490127620661e-05
-7.546391454337078e-05
-7.628189185498102e-05
-7.710846757597316e-05
-7.794440196441676e-05
-7.878895341763758e-05
-7.96431749237117e-05
-8.050617857313842e-05
-8.137900062144378e-05
-8.226093867903599e-05
-8.315273396269451e-05
-8.405398842757249e-05
-8.496515099767378e-05
-8.588723954023811e-05
-8.681728082200833e-05
-8.776153660897384e-05
-8.87113055334423e-05
-8.967801544064805e-05
-9.06488991565639e-05
-9.163831999858211e-05
-9.263255960251194e-05
-9.364454402638767e-05
-9.466397715740494e-05
-9.569620180331726e-05
-9.67479651086396e-05
-9.779419108014032e-05
-9.888268698000045e-05
-9.994373606798251e-05
-0.00010106764979176276
-0.0001021476024715088
-0.00010329617023027444
-0.00010441045603751947
-0.00010556934484022859
-0.00010672631336645314
-0.00010789081551957225
-0.00010909816847150125
-0.00011026183227155588
-0.00011152929544328114
-0.00011269034496981002
-0.00011402058672777254
-0.00011518638611236135
-0.00011656864923529476
-0.00011775964524288348
-0.00011917142470392605
-0.00012040698576555944
-0.00012183483569137843
-0.00012311601574370445
-0.00012455784530317898
-0.00012588300924416818
-0.00012734014090101664
-0.00012870803462136648
-0.00013018857151620572
-0.00013159407253260022
-0.00013311935738716252
-0.0001345306099515657
-0.00013615648516987911
-0.0001374906570365958
-0.00013931692784011074
-0.00014052666037244615
-0.00014251770867351916
-0.00014369956975187823
-0.00014575013370204948
-0.0001469974622693923
-0.00014899204323827464
-0.0001504250754654074
-0.00015232144787842529
-0.00015385781287088982
-0.00015580647489067678
-0.00015731729106710328
-0.00015938764531509258
-0.0001608467927566833
-0.00016300867472075764
-0.0001646486315600472
-0.00016621158759800095
-0.00016973865708263917
-0.00016635295464813142
-0.00018464115407385235
-0.00018066541706091325
-0.0001764399079474526
-0.00020806312895190642
-0.00017630645821041166
-0.00022731521821136148
-0.00018139881677437105
-0.00025148423094979245
-0.00020409497375523025
-0.00024947046064613594
-0.0002422626799521903
-0.0002538876266382886
-0.0002735593168495245
-0.00026281650598484053
-0.00030646413098148586
-0.0002599884629683113
-0.0003348092403873161
-0.00025126604275476
-0.00034773085568864004
-0.00025528464475024163
-0.0003436309545338939
-0.00028599688083760837
-0.0003638530471055026
-0.0003198032714240293
-0.00042484227610996295
-0.0003598106566742032
-0.0004524424656588491
-0.000391796700549972
-0.00045850342361077046
-0.0004131082255969254
-0.0004275597755451499
-0.0004327263796945087
-0.00041436262615877445
-0.00042598710063484975
-0.0004053118505869625
-0.00042751767185770633
-0.0004145003583186364
-0.0004365757936119241
-0.0004508796697168743
-0.00043710007797711906
-0.00048724580883028907
-0.00047082180419282785
-0.0005073636782234785
-0.0004950800800347062
-0.0005175459693686607
-0.0005357545171268399
-0.0005193722235976481
-0.0005613759598396629
-0.0005046588654633651
-0.0005534433853585374
-0.0005001223307130971
-0.000558302381875427
-0.0004968613338117058
-0.000567990717592519
-0.0004870997346602385
-0.0005650276383902186
-0.0004987741174151506
-0.0005606129810314857
-0.0005144589093240922
-0.0005870002289374269
-0.0005550045535187668
-0.0006509708246561591
-0.0006063208443024307
0.0027829802380382727
0.002800082684058431
0.0028039510290565964
0.0028113229808719694
0.002820225453028484
0.0028200638023759515
0.002844568586240305
0.0028205698021849645
0.0029064879776840597
0.0028612579569438673
0.0029024114199065402
0.0029269502046666
0.002978350912297496
0.002968990265690201
0.0030691500828655565
0.00310089871607377
0.0031613997603849274
0.0032397884651814107
0.003287494884302459
0.00337579689677118
0.003385771122215679
0.00350894354590335
0.0034317799439938356
0.0035274876175089348
0.00340812724841549
0.0035046600030789327
0.0033856945650400606
0.003390008213375222
0.003341122291145998
0.0033621379465993816
0.0033834387555251194
0.003326235912960458
0.00351276128599118
0.003477671842975383
0.0036089709043868293
0.0035338909613744926
0.0037089011467561013
0.0037088487673851487
0.003848688025175605
0.0038231947995506655
0.003982234424005962
0.003965174807177078
0.00419151772809712
0.004075639705279932
0.00430715140657841
0.004131432842097376
0.004500577946800803
0.004195867668645409
0.004536431720022446
0.004135734479070614
0.004602724755949892
0.004039253842428951
0.004744981059700205
0.0038648152996427422
0.004872853305822107
0.003971787389298074
0.004606083930259218
0.0035662237131790673
0.0054620391468077605
0.003794886739435799
0.005544549998658665
0.0034570252006231833
0.006573871789955676
0.003265914299564937
0.006697306409542091
0.002974128248216556
0.00787967733474055
0.0023197204528903432
0.009047497554499118
0.0011435487402007578
0.010415309605101519
-0.0007840762057260728
0.014331942268751096
-0.005747924392465817
0.023995375073959498
-0.03087851420025553
0.18248240964426765
0.5159726810071019
0.316825611191607
-0.013000679628042428
0.03728212075914444
0.27287668532721565
0.04449590942516783
-0.27767045864916295
-0.22808544328524727
-0.10870589729354657
-0.24968964345626132
-0.36503025706093056
-0.3288312320064457
0.003740247610147453
0.29759896887390463
0.18085103790506957
-0.05116083022597945
-0.16301170996952008
0.05944469341646826
0.19852231219674468
0.1379274711532177
0.0008293813922099511
-0.021862116092736673
-0.0001603245726824969
-0.056586272702841646
0.00032594439064128906
0.12290599646827252
0.13611819945665382
-0.004314213296954061
-0.03175628613346333
0.06244709932666552
0.06453191473854826
-0.05320735330432138
-0.07685246199688794
0.004550233429683371
-0.021581284289169868
-0.12920730950450895
-0.1188624267247313
0.0027825709125137233
0.033781331894924285
-0.06871773249386427
-0.1239003484280695
0.0016146308617132304
0.10527303753619147
0.040114524785084184
-0.05257098648554526
-0.015225878639238069
0.054476980064968206
0.059840701390094966
0.03194886402412617
0.013481397150386463
0.002949061179333191
-0.029425465704035855
-0.047501654080536505
0.00018199974956933148
0.05305265288167729
0.03318867819680727
-0.025693813370073426
-0.05024116998848022
-0.019876242915384503
-0.00419361019983392
-0.00462177831852396
0.004233805187876959
0.022526441189124956
0.005276099837909086
-0.03414860461063801
-0.028596318201547885
0.02531895011097581
0.04826628703243607
0.01146680466476641
-0.022142424557040106
-0.00927976600323903
0.014079264580170137
0.0056995172380353044
-0.009720006557000262
-0.005347021765971011
0.0023347070050384186
-0.006459656422753666
-0.013932494671620142
-0.0018482489806602338
0.007909506285137455
-0.003960547293665094
-0.01766724508945173
-0.007991583466017815
0.011564793913631403
0.012257730182836945
-0.0019578207755942025
-0.007750972038367627
-0.003196066467515095
-0.0019798231273922273
-0.003551332416745715
0.004728509851817133
0.012751790910189562
0.003285191421087281
-0.01613093762625495
-0.019030743186809557
-0.002014975550800453
0.011998103404748783
0.00698815873317522
-0.005023192562739109
-0.008331779951637516
-0.004390896884651322
-0.0029317840785910657
-0.00027514311859533477
0.005780593685978722
0.0065938947090868555
-0.002569474098288157
-0.010015361096952894
-0.0061273198936010465
0.0022986143846146392
0.003435557059823572
-0.001531518925484452
-0.002789730902973227
-0.001007824477882654
-0.00041498986518557406
-0.0016477986617552476
0.00022893518637701505
0.0024074762180215795
0.00035927180869580117
-0.0030114736632850607
-0.001564432693789558
0.003307327120031886
0.0032801042819804015
-0.0018649694566276213
-0.004996697785660139
-0.002181636999558777
0.0019476445068236422
0.0025694557634554503
0.0007415588098565566
-0.0006004362689909885
-0.0016416431478060711
-0.0028808225477558185
-0.0019521169326699459
0.0015069945784541901
0.0027987432112109635
-0.00024257032976237637
-0.004653429105846303
-0.00463626897592134
-0.002079167493633464
-0.0005385197972603631
-0.0008553278694389613
-0.0020136840881112682
-0.0026212088040858603
-0.003847079466346913
-0.0034906597705915768
-0.001069789790898429
0.0016204676258849446
0.001159195715965549
-0.0010264704679171976
-0.0020688999638853404
-0.0010963903476701195
-0.0003173134181106728
-0.00036288268505814576
-0.0010479044765853572
-0.0009612881871810303
-0.001209191643799842
-0.0014342582180183684
-0.0009470012026521854
0.00042780618224760717
0.0006461929217864828
-0.0011750406855922696
-0.001001940025973614
0.0012256473832208065
0.002028628865255323
0.0003245912642588087
-0.0008308808495887662
-0.0009979538637273357
-0.0016806935349456397
-0.0015515294564627854
3.816776698513266e-05
-0.0006415605133695991
-0.002353497180799402
0.0002743777969552415
0.001236936751096034
-0.0020951624447000427
-0.0018684741565867424
0.0007773738396326053
0.001378096247543387
-0.0019208862666716382
-0.0013323276559700679
0.0006897074390966765
0.001896595402903457
0.0017390010366112696
0.0002448381780152239
-0.0015684417554453797
-0.0005011955649425956
0.0009855103822113684
0.00024916352646628783
-0.0016088798417903945
-0.0032318557318267932
-0.001300653170692607
0.0006170417689052791
0.0007238980705469712
0.00017555963664140414
0.00028665858385686907
3.0956277953989855e-05
-0.0010689534272768832
-0.0006413926439651934
0.0005272884292601599
0.0010234958833286885
0.000279680470512154
-2.7670974104337595e-05
-5.076967210841253e-05
-0.00010483573400094006
-0.00017151066665874268
0.0005899500222207132
0.0008631994250297868
0.0004242809780578927
-0.0005153721618818931
-0.00042411223532080487
6.296477697112631e-05
0.0003963781582690261
-3.664177431190018e-05
-0.00043225302499730323
-0.0002888571143628256
5.3631306971734465e-05
0.00014777873547970784
0.0005954485710263802
0.00043526016042807537
0.00024767922456362393
0.00015320796038692535
0.0005356817455138866
0.0005910147393364107
0.0010398693029294685
0.0011530788118424293
0.0010993692238476195
0.0003965367184190576
0.0004489828165469988
0.0007344985065041983
0.0011781413999382576
0.00044617880804283136
4.4572171382837385e-05
-2.2898006472755203e-06
-8.208663925457931e-05
-0.00012267502594304726
-0.00010527812334220374
-0.00010704200597724226
-0.00012280708089716506
-9.537311204654982e-05
-4.916349315367422e-05
-1.9826973709541636e-05
-3.2545708693841114e-05
-4.060414073200707e-05
-2.859859060889248e-05
-1.63735393588412e-05
-1.462535319140298e-05
8.533178277794892e-07
1.6228394710416337e-05
1.2753506357009712e-05
4.52912315398069e-06
6.688536311359608e-06
1.330966000074853e-05
1.0095467906979117e-05
9.754597106115801e-06
7.891085893605918e-06
7.245453517532464e-06
3.6918510754289924e-06
4.17819053666682e-06
3.367400426251832e-06
2.182000305053929e-06
6.695059576542622e-07
7.239162538568572e-07
1.3918359400267276e-06
1.444867936835001e-06
1.4652355064832118e-06
1.7168875434273381e-06
1.8830919050472072e-06
1.6455214729010903e-06
1.805543625565259e-06
2.1275659102677996e-06
2.2989113025347063e-06
2.270082726500526e-06
2.414019740996443e-06
2.5305470291734147e-06
2.5729851593964993e-06
2.598640566980892e-06
2.661150978895341e-06
2.6892123127764643e-06
2.6631176330402153e-06
2.6907957031145797e-06
2.722889034181917e-06
2.7572046682508675e-06
2.747600048657456e-06
2.771699719175333e-06
2.7905525396792856e-06
2.8142768163943142e-06
2.832223626074177e-06
2.868535062589342e-06
2.901181583496535e-06
2.928196534766024e-06
2.958877475272301e-06
2.9945541240514184e-06
3.0290966495823135e-06
3.060434649457093e-06
3.0954968757633495e-06
3.1305940728638786e-06
3.1655146105931398e-06
3.199752979355687e-06
3.2363892722098923e-06
3.2722673702781715e-06
3.3077143613408338e-06
3.3431527450221953e-06
3.3797961984924135e-06
3.4164927125339764e-06
3.4531737183175586e-06
3.4905587365176467e-06
3.5283587509978053e-06
3.5664754307635643e-06
3.6047453680085675e-06
3.6438457105235356e-06
3.683238580795675e-06
3.723062803778418e-06
3.763243848977846e-06
3.804062554372753e-06
3.845253429890505e-06
3.886889069199158e-06
3.92899569596648e-06
3.971596116894745e-06
4.0146250373589935e-06
4.058101025842566e-06
4.102087375290131e-06
4.146547478342186e-06
4.191480910182947e-06
4.236886125369606e-06
4.282804329179199e-06
4.329205886687438e-06
4.3761073868619355e-06
4.423513712018164e-06
4.4714421097704835e-06
4.519881363097876e-06
4.568843598431495e-06
4.618339139746954e-06
4.668371949486663e-06
4.718944878020787e-06
4.770064058698745e-06
4.821740306892083e-06
4.873974800768824e-06
4.9267755594008126e-06
4.980147852554767e-06
5.0341004162964866e-06
5.0886362932545115e-06
5.143763188218556e-06
5.199487359019463e-06
5.255815799968719e-06
5.312754012288742e-06
5.370309044654923e-06
5.428487879051425e-06
5.487296919966245e-06
5.546742952393228e-06
5.606832917530967e-06
5.667574078988338e-06
5.7289730891613155e-06
5.791037249631981e-06
5.8537737316829985e-06
5.917189956289662e-06
5.9812930903301725e-06
6.0460906922896185e-06
6.111590281496909e-06
6.177799465562008e-06
6.244725886173086e-06
6.312377345607523e-06
6.380761726952622e-06
6.449886927948083e-06
6.519760989739942e-06
6.5903920204134214e-06
6.661788243055716e-06
6.733957914512555e-06
6.806909433228203e-06
6.880651262896817e-06
6.9551919722543945e-06
7.030540202710572e-06
7.106704711590836e-06
7.1836943407537455e-06
7.261518027878945e-06
7.3401848073898716e-06
7.4197038137827716e-06
7.500084280628394e-06
7.5813355374268845e-06
7.663467020975478e-06
7.746488266369817e-06
7.830408912370013e-06
7.915238700494532e-06
8.000987482942833e-06
8.087665214937326e-06
8.175281960079439e-06
8.263847889766751e-06
8.35337328776442e-06
8.443868548470464e-06
8.535344178701651e-06
8.627810798897406e-06
8.72127914491698e-06
8.815760069572076e-06
8.91126454201363e-06
9.007803650297463e-06
9.105388602749509e-06
9.204030730514123e-06
9.30374148620794e-06
9.40453244647468e-06
9.50641531313745e-06
9.609401915557092e-06
9.713504211033772e-06
9.818734285724218e-06
9.925104357768125e-06
1.0032626777602138e-05
1.0141314028813339e-05
1.025117872956936e-05
1.0362233635753248e-05
1.0474491642417432e-05
1.0587965783357745e-05
1.0702669232376567e-05
1.0818615306619245e-05
1.0935817468830369e-05
1.1054289327194018e-05
1.117404463592969e-05
1.1295097299004878e-05
1.1417461371443602e-05
1.1541151060608795e-05
1.1666180727298923e-05
1.179256488737868e-05
1.192031821482017e-05
1.2049455542856237e-05
1.217999186477821e-05
1.2311942335927807e-05
1.244532227624045e-05
1.2580147172198248e-05
1.2716432677544528e-05
1.2854194615285986e-05
1.2993448980450192e-05
1.3134211940955712e-05
1.3276499839865054e-05
1.342032919754519e-05
1.3565716713357713e-05
1.3712679267384887e-05
1.3861233922443151e-05
1.4011397926369886e-05
1.4163188713843929e-05
1.4316623908456044e-05
1.4471721324814174e-05
1.4628498970294807e-05
1.478697504735376e-05
1.494716795599196e-05
1.510909629530953e-05
1.5272778865515904e-05
1.543823467091399e-05
1.5605482921956897e-05
1.5774543036906324e-05
1.5945434644143008e-05
1.6118177584748634e-05
1.629279191498823e-05
1.646929790864119e-05
1.6647716059014443e-05
1.6828067080621638e-05
1.7010371913114483e-05
1.7194651723145393e-05
1.73809279067085e-05
1.7569222090392782e-05
1.7759556136095946e-05
1.7951952142843293e-05
1.8146432448573396e-05
1.8343019633294648e-05
1.8541736521765842e-05
1.8742606184854243e-05
1.8945651945634877e-05
1.9150897378327142e-05
1.935836631215284e-05
1.9568082835423606e-05
1.9780071298008354e-05
1.9994356313113738e-05
2.0210962757473243e-05
2.0429915781554678e-05
2.0651240807976156e-05
2.0874963532317237e-05
2.1101109928658014e-05
2.132970625442739e-05
2.1560779051778604e-05
2.1794355149020112e-05
2.203046166313977e-05
2.226912600814836e-05
2.2510375895233288e-05
2.275423933424252e-05
2.3000744639178894e-05
2.324992042881263e-05
2.3501795634200875e-05
2.375639949880198e-05
2.401376158434477e-05
2.427391177101568e-05
2.4536880262871082e-05
2.480269759231788e-05
2.5071394621933103e-05
2.5343002548024174e-05
2.5617552904940713e-05
2.5895077570712666e-05
2.6175608766864093e-05
2.6459179063863264e-05
2.6745821385061423e-05
2.703556901158938e-05
2.732845558424098e-05
2.762451510754415e-05
2.7923781955921357e-05
2.8226290876178596e-05
2.8532076990565782e-05
2.8841175801089822e-05
2.91536231957401e-05
2.9469455451977983e-05
2.9788709239541222e-05
3.0111421624112505e-05
3.0437630073681075e-05
3.076737246321718e-05
3.11006870779419e-05
3.1437612615960175e-05
3.177818819565404e-05
3.2122453359937145e-05
3.247044807967725e-05
3.2822212758243374e-05
3.317778823659634e-05
3.353721579910877e-05
3.390053717690529e-05
3.4267794552803044e-05
3.463903056698768e-05
3.5014288321769116e-05
3.539361138625574e-05
3.577704380120644e-05
3.616463008474652e-05
3.655641523778175e-05
3.695244474803683e-05
3.735276459596601e-05
3.775742126044257e-05
3.816646172432464e-05
3.85799334787721e-05
3.899788452964292e-05
3.942036340246098e-05
3.9847419148995866e-05
4.0279101352541646e-05
4.071546013319975e-05
4.115654615391862e-05
4.160241062679088e-05
4.205310531875568e-05
4.250868255717763e-05
4.2969195236435e-05
4.3434696824308505e-05
4.390524136752016e-05
4.4380883498148886e-05
4.4861678440253835e-05
4.534768201631956e-05
4.583895065342e-05
4.633554139000379e-05
4.6837511882361245e-05
4.7344920411454897e-05
4.7857825889750794e-05
4.8376287867541584e-05
4.89003665403463e-05
4.943012275638453e-05
4.996561802263905e-05
5.050691451208983e-05
5.1054075071273284e-05
5.160716322838432e-05
5.216624319936622e-05
5.273137989600038e-05
5.330263893196883e-05
5.388008663426147e-05
5.44637900472527e-05
5.505381694057617e-05
5.565023581798143e-05
5.6253115926504214e-05
5.686252726553893e-05
5.747854058900381e-05
5.8101227417207046e-05
5.873066004745582e-05
5.9366911560948185e-05
6.001005582863782e-05
6.066016752197256e-05
6.131732212131483e-05
6.198159592657243e-05
6.265306606219063e-05
6.333181048853048e-05
6.401790800991247e-05
6.471143828461006e-05
6.541248183729483e-05
6.612112006112916e-05
6.683743523144044e-05
6.756151051469893e-05
6.829342998005425e-05
6.90332786069496e-05
6.978114229448142e-05
7.053710787312522e-05
7.130126311360985e-05
7.207369673765084e-05
7.285449842776132e-05
7.364375883854834e-05
7.444156960715806e-05
7.524802336288539e-05
7.606321373740182e-05
7.688723537784491e-05
7.772018395776176e-05
7.856215618616373e-05
7.941324981858592e-05
8.027356367064364e-05
8.114319762924553e-05
8.202225266247857e-05
8.29108308320974e-05
8.380903530585222e-05
8.471697036949562e-05
8.563474143837013e-05
8.65624550691925e-05
8.750021897307178e-05
8.844814202887009e-05
8.940633429521368e-05
9.037490702194263e-05
9.135397266387931e-05
9.234364489521963e-05
9.334403862120626e-05
9.435526999165096e-05
9.537745641517714e-05
9.641071657209756e-05
9.745517042825688e-05
9.851093924904747e-05
9.957814561365776e-05
0.00010065691342932542
0.00010174736794598213
0.00010284963577019118
0.00010396384487986799
0.00010509012463915746
0.00010622860581430843
0.00010737942058785914
0.00010854270257414306
0.00010971858683545823
0.00011090720989706592
0.00011210870976300933
0.00011332322593237689
0.00011455089941598531
0.00011579187275221833
0.00011704629002336903
0.00011831429687237402
0.0001195960405203936
0.00012089166978348728
0.00012220133508988662
0.00012352518849732081
0.00012486338371071415
0.00012621607610036598
0.00012758342271958429
0.00012896558232300057
0.00013036271538553398
0.00013177498412084154
0.00013320255249915354
0.00013464558626678867
0.00013610425296636287
0.00013757872195559835
0.00013906916442654217
0.00014057575342599042
0.00014209866387561877
0.00014363807259156272
0.00014519415830571009
0.000146767101686672
0.00014835708535965853
0.0001499642939282106
0.00015158891399734854
0.00015323113419259495
0.00015489114518183345
0.0001565691396986685
0.00015826531256603674
0.00015997986071834556
0.00016171298322133513
0.0001634648812970611
0.00016523575834855972
0.00016702581998294
0.00016883527403388656
0.00017066433058669328
0.00017251320200289472
0.00017438210294455858
0.00017627125039858786
0.00017818086370335643
0.00018011116457297574
0.00018206237712343245
0.00018403472789991712
0.00018602844590059073
0.0001880437626043154
0.00019008091199721226
0.00019214013060173606
0.00019422165750268534
0.00019632573437406515
0.00019845260550765042
0.00020060251784236152
0.00020277572099246924
0.00020497246727608338
0.00020719301174478634
0.00020943761221384828
0.00021170652929104197
0.0002140000264069734
0.00021631836984572345
0.00021866182877765885
0.00022103067528888632
0.00022342518441260825
0.00022584563416066595
0.0002282923055578485
0.00023076548267372257
0.00023326545265451876
0.00023579250575734385
0.00023834693538360083
0.0002409290381141739
0.00024353911374158828
0.0002461774653068372
0.00024884439913312566
0.0002515402248637259
0.00025426525549482304
0.0002570198074140005
0.00025980420043582916
0.0002626187578397307
0.00026546380640774816
0.00026833967646117465
0.00027124670190087135
0.0002741852202428536
0.0002771555726620539
0.00028015810402719525
0.0002831931629447646
0.0002862611017967968
0.00028936227678358437
0.0002924970479643912
0.0002956657792954455
0.0002988688386831714
0.0003021065980103393
0.0003053794332003063
0.00030868772423295115
0.00031203185522206195
0.0003154122144266203
0.0003188291943244169
0.0003222831916366753
0.00032577460738296855
0.0003293038469379046
0.00033287132004205947
0.00033647744091665254
0.00034012262820770005
0.0003438073051795148
0.00034753189958243674
0.00035129684390677244
0.0003551025752234694
0.00035894953542637425
0.0003628381711396852
0.0003667689338362959
0.0003707422799296786
0.0003747586706519156
0.00037881857244482
0.0003829224564974716
0.0003870707994978152
0.0003912640828284649
0.0003955027936056421
0.0003997874236941974
0.0004041184707740559
0.0004084964375174972
0.0004129218323087264
0.0004173951689638613
0.00042191696668894205
0.00042648775076924454
0.0004311080514491952
0.00043577840570101803
0.00044049935512105
0.0004452714484907449
0.00045009523918752967
0.0004549712879019656
0.0004599001600996915
0.0004648824284448276
0.0004699186710638985
0.00047500947239292337
0.00048015542372839364
0.00048535712155473466
0.0004906151702587153
0.0004959301792188928
0.0005013027656010361
0.0005067335522593469
0.0005122231700050821
0.0005177722548189677
0.0005233814510785528
0.0005290514107230732
0.0005347827887281307
0.0005405762555047173
0.0005464324762715464
0.0005523521394548581
0.0005583359229106282
0.0005643845298196051
0.0005704986539428053
0.0005766790123563625
0.0005829263167805056
0.0005892412917681705
0.0005956246806800673
0.0006020771993458561
0.0006085996376206414
0.0006151926948817698
0.0006218572047368954
0.0006285938683544268
0.0006354035315638499
0.0006422869350493085
0.0006492449013460208
0.0006562782450425901
0.0006633877283226809
0.0006705742844407318
0.0006778385673308074
0.0006851816708746215
0.0006926041273040079
0.0007001071624429098
0.000707691258529838
0.0007153576748248607
0.0007231069569624978
0.0007309402822998504
0.0007388583751694847
0.0007468622122994576
0.0007549528205570942
0.0007631308663395885
0.0007713977410588628
0.0007797538080788033
0.00078820074930098
0.0007967387574393204
0.0008053696281204005
0.0008140935887399883
0.0008229123216092512
0.000831826369571458
0.0008408369442940451
0.0008499452623057556
0.000859151899604092
0.0008684585594005054
0.0008778657539034042
0.0008873747428792337
0.0008969872225318542
0.0009067029907264337
0.000916521984644425
0.0009264482067318329
0.0009364786688722884
0.0009466153378183146
0.0009568612881187023
0.0009672134656610286
0.0009776777979609854
0.000988251661878112
0.0009989384194095169
0.0010097387811390211
0.0010206608963848852
0.0010316864545364159
0.0010428475670697015
0.0010541196857057084
0.0010655087312505633
0.001077035994244629
0.0010886564983156218
0.0011004445737615668
0.0011123045375084194
0.0011243423839146231
0.0011364663654282701
0.001148750779786177
0.0011611551103318236
0.0011736824042000672
0.0011863903410999632
0.001199129826312987
0.0012121882483812447
0.001225126663150933
0.001238499724410598
0.0012517049051507557
0.0012653418758512835
0.0012788553284853131
0.0012927278299181295
0.0013065838721293063
0.0013206897803186499
0.0013348922623810434
0.0013492265896088776
0.0013638103069216062
0.0013783771147154907
0.00139332071688536
0.001408175479130927
0.0014234413592291717
0.0014386275893902498
0.0014542489117333815
0.0014697677329429423
0.0014855800837549563
0.00150172641207999
0.0015175561681869468
0.0015342445615494091
0.0015502713600316388
0.001567444733520093
0.0015837010315664785
0.0016012571699821885
0.0016180080065539976
0.0016356922600912066
0.001653028669460755
0.0016709315665344743
0.0016886809922497456
0.0017071145750093518
0.001724417112930754
0.001745574381246704
0.001758011997639304
0.0017916439093827174
0.001771208736766692
0.0017637187603439979
0.001812470027891662
0.001772658011159024
0.0017785637903070055
0.0018117334802929784
0.0018115778034003137
0.00184924852617613
0.0018499158032862114
0.0019092576654503295
0.0018502398081122664
0.0019389976734935227
0.0018820677194185675
0.0019060054506021273
0.0019036349794041016
0.0018908525304043786
0.0020104046915177254
0.001794484432797245
0.002125247529005808
0.00186730594382363
0.0020823021212863432
0.0019928617968895668
0.0020696436631642556
0.0020851175237026898
0.0020624587005005244
0.002092117674896754
0.0020809938307619763
0.002168891538197215
0.0020435465279723813
0.002143304581485393
0.002091094529825338
0.002191109192646065
0.0020862228812799314
0.0022419158517227133
0.0021043687078482016
0.0022688178314426636
0.0021337629826023237
0.0022862549118829708
0.002190280745246933
0.0023815307220991337
0.002320200450445121
0.0023495200414816704
0.002405286668964683
0.002390621463170261
0.002448638328058234
0.002330785613106931
0.002491015111803808
0.0023504975923700844
0.002495099928393969
0.0024326712920856365
0.002538653812412807
0.002467918385291325
0.0025610649437281855
0.00255066439756082
0.0025934753999170123
0.0026235244999825314
0.0026414448017028965
0.0026787189867253703
0.002601175603991537
0.0028266027657835946
0.0026743427073911397
0.0027804606941231693
0.0027844738903795192
