-6.627825217378518e-05
4.998693382545432e-05
-3.05689814842833e-05
1.2836885170116144e-05
-5.315128576361707e-05
-9.963437732539546e-06
-8.651570589605299e-05
-3.724891769962596e-05
-8.72946987595066e-05
-4.929092796651362e-05
-8.2489909732305e-05
-5.12977556482686e-05
-8.729226015042317e-05
-3.289837551749791e-05
-7.293732457486869e-05
-3.873774330374636e-05
-5.666736682910631e-05
-7.753021963834882e-05
-3.8769458882072986e-05
-7.178856606004588e-05
-4.504069450930005e-05
-6.547623851886259e-05
-4.984788889756681e-05
-6.268649410852404e-05
-5.5116993387562034e-05
-6.391769002475509e-05
-6.149510735036374e-05
-5.556557588831768e-05
-8.494748801524612e-05
-6.514828783029793e-05
-8.807824297339065e-05
-7.050736348255924e-05
-9.192079660387672e-05
-5.07645159416514e-05
-8.182043096079453e-05
-5.395383446601346e-05
-7.13226290286386e-05
-6.77286996519184e-05
-4.437186869189584e-05
-6.476170372336255e-05
-2.8302933275548437e-05
-2.3446343413133426e-05
-2.8454771979491747e-05
6.405766239557878e-06
-1.0416655227756672e-05
-1.864429737121506e-05
-1.7949219734071176e-05
-1.782403771768081e-05
-5.075555234617627e-05
-3.0801605318508214e-05
-5.605453447117938e-05
-3.4319388103213515e-05
-7.510305989612355e-05
-5.66220689267961e-05
-4.361333635152938e-05
-7.947883888990618e-05
-5.449802171421248e-05
-5.848434347549569e-05
-2.7453845544817305e-05
-4.8692281153609855e-05
-7.384224805743678e-06
-4.028886956531464e-06
-8.854297364067621e-06
2.958522062677928e-05
-2.7472281396690953e-06
4.867563676326869e-05
1.748939229135704e-05
2.027130082879621e-05
1.323631108446592e-05
2.0322852198275434e-05
-1.8701789540257483e-05
1.5410756279820225e-05
-4.4030643856272575e-05
-4.278636457327273e-06
-3.960931345629741e-05
-1.930577359814233e-05
-1.7575264941212124e-05
1.0766296273085761e-05
-3.42982234100204e-06
1.4611786561926919e-05
6.281993743627876e-06
3.1973420009028886e-06
3.820421741576184e-05
-1.814996672509111e-05
4.5817861217056625e-05
2.217496166795525e-05
4.52693999565224e-05
3.5189693116173103e-05
4.2797427292042044e-05
4.4684718626070944e-05
1.1575024831143892e-05
5.3589434663415874e-05
4.2978507800433925e-05
5.803225274514124e-05
4.569166944548022e-05
8.807038236926471e-05
5.103205047086564e-05
0.00011116871966690038
6.758723619664254e-05
0.00010722680413800096
7.720344623262434e-05
0.00010082661764849332
7.851663588949773e-05
0.00011160145016403091
0.00012305334995768778
9.042168560862202e-05
0.00014600789075445818
0.00010511879788885613
0.00013739316762225085
0.0001204799936777675
0.00011119893361298246
9.804385189591581e-05
7.537959774994425e-05
8.392445864538668e-05
7.006092537970081e-05
8.387352163881213e-05
5.574168086265542e-05
5.512647479376207e-05
3.5466825046553485e-05
1.1653057365260794e-05
3.802108280916223e-05
-4.1125044220669156e-05
1.8275213271030824e-05
-3.616229325406221e-05
1.3436658818331918e-05
-4.741892506975799e-05
-2.4591403196877384e-07
-3.0735340337615996e-05
-3.2390318443686764e-05
-3.0186334702241263e-05
-3.582845519351473e-05
-2.6759742249588086e-05
-5.0006149560248824e-05
-5.756456475879201e-05
-5.856536291457562e-05
-5.554686848276602e-05
-8.569240942516375e-05
-6.124470879691755e-05
-8.80569906039097e-05
-5.763892662784167e-05
-0.00011681022632214068
-3.607606502472303e-05
-0.0001310510148287432
-4.734790388865101e-05
-0.00014317609650592113
-7.039772919758001e-05
-0.0001363665356897325
-8.298167715729284e-05
-0.00013546589935372797
-6.510246788947688e-05
-0.00012237970273884472
-6.51790490497011e-05
-0.00013262176214537356
-8.927904593241439e-05
-0.00011256176243379471
-0.00015935499942213693
-0.00010127520389194995
-0.00017101551199311381
-0.00015283383051707897
-0.00015061635853393535
-0.00014784679429606467
-0.00018292857940681642
-0.00012835204438948076
-0.0001818479801079815
-0.00011186136163218946
-0.00016251372577089692
-0.0001263331231987939
-0.00012667590618243847
-0.00012672949917085885
-0.00011916685919750674
-0.0001386272492396438
-8.389225981799217e-05
-0.00018697096173399578
-8.30658696231494e-05
-0.00017439354029338057
-0.00010369677589335208
-0.00016826281781621793
-9.18418911211936e-05
-0.00015553998771599277
-9.648700296338092e-05
-0.00016451637718770367
-0.00014020854199858475
-0.00017244534206316557
-0.00015647587093413833
-0.00017736689069793499
-0.00016127302633210628
-0.00018040360566783792
-0.0001615772881252526
-0.0001872353494876567
-0.0001427915947379881
-0.0001802762128184001
-0.00014341450159803643
-0.0001822799141893859
-0.00012448392276515681
-0.0001757888468174487
-0.00011060550954476419
-0.00015230474930970892
-0.00014029732380612682
-0.00016114741514330119
-0.00012641330667240852
-0.00015843118481123544
-0.00013268115420044468
-0.00015504665447859346
-0.0001391782313940721
-0.0001548129543805048
-0.00014526363000631846
-0.0001563118593411409
-0.00015327207777465405
-0.00015149416382100522
-0.00018275461476460753
-0.00016037214253786496
-0.00020480032127440616
-0.0002057560126172875
-0.00021282149538482797
-0.0002252505685108228
-0.00019577262645697428
-0.0002171396090982112
-0.00019935336527383135
-0.0002081862680995125
-0.00021428938202824811
-0.00017644474284167163
-0.00023524311438271857
-0.00018175039743373658
-0.00025850182599065257
-0.00018995276789362386
-0.00021556864857488409
-0.0002215018415589725
-0.00021348947047647449
-0.00022923926473709944
-0.00020980717017242065
-0.0002675364159417642
-0.00018947126463281921
-0.00030992042339537777
-0.00021986150746856285
-0.00030176141196826614
-0.00024472173327472375
-0.0002954236010079556
-0.00025568215565520587
-0.00029764146351554666
-0.00023997585710409768
-0.0002904978316677631
-0.0002458498374939555
-0.00029277112697584894
-0.00022687356494931372
-0.0003040313111502444
-0.000262399431380069
-0.00033488036314340344
-0.0002911411238100222
-0.0003836063190509819
-0.00033406384068231446
-0.0004189017203163987
-0.0003770680720276885
-0.00042538971210771413
-0.00041942530324414417
-0.0004160687751222222
-0.00041308756360911014
-0.0003999840484417963
-0.0003749074766223171
-0.00039967227630764035
-0.0003453330321474588
-0.00039477309772821686
-0.000343098622158271
-0.000393088695358413
-0.00036160398176399156
-0.0004936129035395556
-0.00036441672579891706
-0.0005897507811363963
-0.0004196687530679278
-0.0007804758571379859
-0.0004369943858721526
-0.0009040726249337129
-0.0003686998202096895
-0.0010286161985453824
-0.0001878035629506832
-0.0011287958311594426
0.00012081791283144027
-0.0012957789921593786
0.0006130379845716207
-0.0016484408872013522
0.0016423315420440556
-0.0029047327721483996
0.0035249341121589986
-0.0073390863874794356
0.024156690408408777
0.09878091506243887
0.07160708637099439
0.10912403223102814
0.06751556317333358
0.06946128654808824
0.08975087740175229
-0.02606793172888238
-0.17255191036962858
-0.14209508626564668
-0.11274300730404722
-0.060343618948073816
-0.04584182463080612
-0.03295993545355697
-0.028110145786472213
-0.01680937769350891
0.007848483707666097
0.01771008950736681
0.026371408443848
0.055846585791822126
0.04474051640037193
0.03133645141204505
0.03690034318514756
0.028964389375915337
0.028819065286582367
0.006719263225823255
-0.005308133317517482
-0.01759331227100749
7.224669096290962e-05
-0.0030207682386433014
-0.028084339644243873
-0.026692324510273827
-0.0017917082762414958
-0.006236017699706067
-0.007749653956434651
-0.0066807818271774535
-0.004230764853684106
-0.002326792109342218
0.0015681757906972629
-0.00920700519474018
-0.0070837164189805095
-0.002426838375521511
0.0019705254421074824
0.01746090468115536
0.02159764504201485
0.019714001191594693
0.00427398251264495
0.0008201026716806485
0.0014837586784788278
0.006603528767012822
0.016179476101375056
0.016811508573799323
0.0018566633750475015
-0.012075242822450066
-0.015317735731100585
-0.017586058868747687
-0.018478307758726144
-0.015659603865680438
-0.010674054967042575
-0.0063552919032290305
-0.007383902187058341
-0.00494353371751278
-0.006831015557906606
-0.0016442686135272977
0.004421136947063663
0.0024084930400111023
0.008540068926988295
0.01864144704913906
0.013538990365011331
0.0036481346713954496
-0.0036927697004834623
-0.00031325674137424074
0.006311327303135596
0.005006853231308193
0.005553211795308317
0.0017129580360353998
-0.000556742984353005
-0.003942436168092894
-0.003908921572035552
-0.002895839467625706
-0.0018184648348370932
-0.001660073933591973
-0.0007894598055492457
-0.0003666976496607983
-0.0043940138155155635
-0.0048639312160406924
-0.0036899932496175336
-0.0014584647032190386
-0.0006006395252681782
0.0008471791728797909
0.0038071040929055187
0.004741866050334076
0.0015769757357272426
0.0010797499792129352
0.0037856742372980165
0.005874476784175669
0.004980345545327499
0.0025643962851527513
0.0023385608575061173
0.002652564213236743
0.0003100543027100137
-0.0017817700349097693
-0.0023248529362911966
-0.001161819187644079
-8.992539164593493e-05
-0.00010175378742190391
0.0003286386533146153
-0.001161513921832667
-0.002491178324515226
-0.0027862491740916037
-0.0009824406607369888
0.0004982428712516974
0.0012236117542125144
0.0013723917535072487
0.0012912331062667533
3.275827655150634e-05
-0.000576769460994666
0.00024107868702801717
0.0013065987834514634
0.001738138804113684
0.0013437067707572354
0.0013254234961566633
0.0014768535301071264
0.0007284130491006743
2.1307235862773354e-05
0.0001766324658367442
0.0009518030044952469
0.0013603674863376962
0.0008827386570006894
0.00040336800483257843
0.00019600685361428433
-0.00018374111410334246
-0.0002045449652445601
-0.0002828007590029813
4.9219157304120173e-05
0.00027498427447558
0.00039403243175599055
0.00019847188345717854
8.995181907446549e-06
-0.0002801197713920831
-0.00037585742831929854
2.7631996719472846e-05
0.0006328342125411133
0.0013408416319824813
0.0015070705779479708
0.001502964495767695
0.001018852388981249
0.0007698330358281877
0.0010089735417348478
0.0014344773980039965
0.0015898712379050022
0.0012483611280214376
0.0009425026167025059
0.0006949158079539526
0.0004290710761684527
-8.899437580598096e-05
-1.0193003998973843e-05
-0.00021407004222098361
-0.00014841778629927832
-0.00023619643043713075
-0.00015977419626879598
-0.00018261855886826778
-0.00010583765759563559
-0.0001106041754277712
-6.0338826661028724e-05
-9.961117056441905e-05
-7.815713580706465e-05
-9.861776827001559e-05
-6.912767836842403e-05
-6.540401393533489e-05
-1.454480527084896e-05
-2.4758548906882345e-06
1.7009470328382048e-05
-7.590750296844213e-07
-2.2393112545019528e-07
3.4714825654351224e-06
2.4490230943310737e-05
2.976066048540171e-05
3.405295999792297e-05
4.530671836548857e-05
4.828696356022285e-05
4.152086196220297e-05
2.9821545148169524e-05
2.0690363690562983e-05
9.897893776577085e-06
3.904950053153114e-06
5.872749468684678e-06
1.2552223268884647e-05
1.4119817865033447e-05
2.611675100846881e-06
-2.441439463958387e-06
-8.676935358270631e-06
-1.0737786476138205e-05
-8.992487704434073e-06
-6.116412455616719e-06
-6.017567335492692e-06
-7.696399434954908e-06
-1.2425726524781678e-05
-1.4019930594895078e-05
-1.3547705351376412e-05
-1.0884255564789884e-05
-8.913743412012655e-06
-3.684075644233391e-06
6.675154031157877e-07
4.502975600615463e-06
4.745457822753242e-06
8.181095171131184e-06
8.324167233752329e-06
9.756514659755872e-06
9.774746832982547e-06
9.107218680268073e-06
6.41628603200166e-06
4.3127149915200055e-06
2.603961796358704e-06
9.78617362247915e-07
-7.10616465125595e-07
-2.1281875988488942e-06
-2.4328918487314148e-06
-3.505394306711212e-06
-3.253608993120734e-06
-3.56884100233214e-06
-2.7567364004139536e-06
-2.870693961192091e-06
-2.487316483403305e-06
-2.859222180883569e-06
-2.4902905494203503e-06
-2.8428212658735015e-06
-2.659042559521868e-06
-2.9957454219688146e-06
-2.539252016912246e-06
-2.4766809869704895e-06
-2.0038086480309025e-06
-2.0322175292856104e-06
-1.698196331725789e-06
-1.7802694901389174e-06
-1.5992147863514881e-06
-1.5885623922802733e-06
-1.3264027142035717e-06
-1.313111541516467e-06
-1.2537458246519796e-06
-1.2983825368422907e-06
-1.381886197313238e-06
-1.572988811320182e-06
-1.659001128542076e-06
-1.7514688932153562e-06
-1.8189142760299945e-06
-1.844587404982109e-06
-1.8586145365135634e-06
-1.9048426523373936e-06
-1.9595272650661344e-06
-2.0346350462266654e-06
-2.081514198453113e-06
-2.136837733883126e-06
-2.169171628779845e-06
-2.2321417369675013e-06
-2.2871302584274848e-06
-2.337638918923534e-06
-2.376149801865769e-06
-2.4118379162900514e-06
-2.4020608633329096e-06
-2.4017585412583627e-06
-2.3854150311476176e-06
-2.3751452325132885e-06
-2.337866845710597e-06
-2.325994599066371e-06
-2.305635696456601e-06
-2.3124807574910825e-06
-2.305500569404692e-06
-2.3361093245289483e-06
-2.3545158845980456e-06
-2.400190884515609e-06
-2.4321231895737963e-06
-2.4808320110983263e-06
-2.5142119471754237e-06
-2.555284692307711e-06
-2.5842845899589403e-06
-2.620519964866572e-06
-2.647704712178847e-06
-2.679148232236821e-06
-2.7058420074255705e-06
-2.7318799891895475e-06
-2.7568507894765203e-06
-2.7826888584836165e-06
-2.8099813474491506e-06
-2.8373550787673297e-06
-2.8675324563457903e-06
-2.895035730146318e-06
-2.9246310009093616e-06
-2.9510761621788444e-06
-2.9789005740678856e-06
-3.001728485385683e-06
-3.02857278436719e-06
-3.052991205170931e-06
-3.0802898519715033e-06
-3.1053650281572353e-06
-3.134515417093026e-06
-3.161054340539886e-06
-3.190583667853105e-06
-3.2191656736971707e-06
-3.2506050016282203e-06
-3.2811385698757866e-06
-3.3135382736283747e-06
-3.3451658346312946e-06
-3.3777756790185734e-06
-3.4098073677963034e-06
-3.4426583632755567e-06
-3.475064967794453e-06
-3.508189520622226e-06
-3.541447352623199e-06
-3.5752101834043374e-06
-3.6093055878436706e-06
-3.6440143031523254e-06
-3.678972428920171e-06
-3.7143891156449097e-06
-3.750088750913258e-06
-3.786120409132027e-06
-3.82224173626133e-06
-3.85850058464603e-06
-3.894890341344271e-06
-3.931453694710348e-06
-3.9681545311643675e-06
-4.0052109668995214e-06
-4.042518401205805e-06
-4.080251330049493e-06
-4.118253257956277e-06
-4.156855479143178e-06
-4.195810863158597e-06
-4.235366461136368e-06
-4.275263932141315e-06
-4.315816939613629e-06
-4.356614636298248e-06
-4.3979901078684196e-06
-4.439590223955013e-06
-4.481708043851848e-06
-4.5240381978534625e-06
-4.566893671694491e-06
-4.6099981561649635e-06
-4.653625328990166e-06
-4.697559503282259e-06
-4.742004188497168e-06
-4.786765972882999e-06
-4.832043832526879e-06
-4.877693886817282e-06
-4.923828715001129e-06
-4.970354844634499e-06
-5.01736315229839e-06
-5.064763917040862e-06
-5.112619836018708e-06
-5.1608980349565495e-06
-5.2096261840901186e-06
-5.258794163081281e-06
-5.308423541290348e-06
-5.358525271908501e-06
-5.409094528615108e-06
-5.460155730345305e-06
-5.511697687995954e-06
-5.563745313586873e-06
-5.6162785624408636e-06
-5.669328446771763e-06
-5.722870586062764e-06
-5.776933347480981e-06
-5.831494588415266e-06
-5.8865797667685335e-06
-5.942174296570766e-06
-5.998301181961863e-06
-6.054950143072422e-06
-6.112140693594211e-06
-6.169866269685746e-06
-6.228143894554633e-06
-6.2869702287184255e-06
-6.3463568639184715e-06
-6.406304285995678e-06
-6.466821311882059e-06
-6.527908563750616e-06
-6.589572393918817e-06
-6.65181686841025e-06
-6.71464695565008e-06
-6.778067058734469e-06
-6.842083451014179e-06
-6.906703050237972e-06
-6.9719306547048014e-06
-7.037774113618863e-06
-7.104239269467051e-06
-7.171332645511223e-06
-7.239060194727108e-06
-7.307428775273848e-06
-7.376444298787396e-06
-7.446112468757516e-06
-7.516440036378118e-06
-7.5874319808233795e-06
-7.659095179211872e-06
-7.731434554944354e-06
-7.804457858116148e-06
-7.878169561736838e-06
-7.952578210200512e-06
-8.027688586355547e-06
-8.103509250894465e-06
-8.180045095634251e-06
-8.257305035703957e-06
-8.33529384371666e-06
-8.414020316149687e-06
-8.493489616856215e-06
-8.57371046817881e-06
-8.654688157898479e-06
-8.736431315345492e-06
-8.818945695218596e-06
-8.902239815168026e-06
-8.986319820402148e-06
-9.07119424466428e-06
-9.156869694901455e-06
-9.243354599648831e-06
-9.330655961304474e-06
-9.418782144373868e-06
-9.507740508951103e-06
-9.597539312201963e-06
-9.68818621974784e-06
-9.779689461128505e-06
-9.872056931653148e-06
-9.965296879834102e-06
-1.0059417473737634e-05
-1.0154427000421036e-05
-1.0250333869166314e-05
-1.0347146516665297e-05
-1.0444873554297553e-05
-1.0543523560060768e-05
-1.0643105353439148e-05
-1.0743627663290173e-05
-1.0845099449791062e-05
-1.0947529624568894e-05
-1.1050927309933997e-05
-1.115530156306022e-05
-1.1260661662216415e-05
-1.1367016863442691e-05
-1.1474376579633395e-05
-1.1582750256752122e-05
-1.1692147490317481e-05
-1.180257792352717e-05
-1.191405132029092e-05
-1.2026577537928122e-05
-1.2140166523471121e-05
-1.2254828328927755e-05
-1.2370573085460426e-05
-1.2487411043727095e-05
-1.260535251501214e-05
-1.2724407943632415e-05
-1.2844587834804841e-05
-1.2965902823382225e-05
-1.3088363612593452e-05
-1.3211981036526706e-05
-1.333676600206524e-05
-1.346272954438725e-05
-1.3589882785729548e-05
-1.3718236968062597e-05
-1.3847803431069061e-05
-1.3978593626937097e-05
-1.4110619115825784e-05
-1.4243891563889277e-05
-1.437842275339718e-05
-1.4514224568065726e-05
-1.4651309016067149e-05
-1.478968820208676e-05
-1.4929374363321923e-05
-1.5070379831946118e-05
-1.5212717078874269e-05
-1.5356398670242008e-05
-1.550143731194123e-05
-1.5647845812682623e-05
-1.5795637117607675e-05
-1.5944824280376968e-05
-1.6095420494608575e-05
-1.6247439059549618e-05
-1.6400893417607004e-05
-1.655579712336007e-05
-1.6712163873863588e-05
-1.6870007481526676e-05
-1.7029341898164296e-05
-1.719018120122898e-05
-1.7352539606594426e-05
-1.751643145808668e-05
-1.768187124263909e-05
-1.784887357616019e-05
-1.8017453219902526e-05
-1.8187625069880642e-05
-1.835940416427791e-05
-1.8532805683652096e-05
-1.8707844952093396e-05
-1.8884537437451033e-05
-1.9062898755101457e-05
-1.9242944665801248e-05
-1.9424691080971944e-05
-1.9608154060966085e-05
-1.9793349818680037e-05
-1.9980294719843753e-05
-2.0169005284013356e-05
-2.03594981876223e-05
-2.0551790264961055e-05
-2.074589850852143e-05
-2.0941840071725252e-05
-2.1139632270176633e-05
-2.1339292582908307e-05
-2.1540838654108684e-05
-2.1744288294697658e-05
-2.1949659483029116e-05
-2.215697036835973e-05
-2.236623927060941e-05
-2.2577484683018625e-05
-2.279072527334986e-05
-2.300597988588184e-05
-2.322326754240181e-05
-2.3442607444515515e-05
-2.3664018975332437e-05
-2.3887521701211525e-05
-2.411313537327084e-05
-2.4340879929016235e-05
-2.4570775494225927e-05
-2.4802842384971657e-05
-2.5037101108502102e-05
-2.5273572367055797e-05
-2.5512277057413574e-05
-2.5753236273910046e-05
-2.599647131035221e-05
-2.624200366127538e-05
-2.64898550244759e-05
-2.6740047302705947e-05
-2.6992602605357963e-05
-2.7247543250659076e-05
-2.7504891768065885e-05
-2.7764670899276672e-05
-2.8026903601377322e-05
-2.8291613047620214e-05
-2.8558822630643868e-05
-2.8828555963818225e-05
-2.9100836883315037e-05
-2.9375689450703013e-05
-2.9653137955241993e-05
-2.993320691451959e-05
-3.021592107877759e-05
-3.0501305431243067e-05
-3.078938519129296e-05
-3.108018581735733e-05
-3.137373300677335e-05
-3.167005270037393e-05
-3.196917108452477e-05
-3.2271114591875434e-05
-3.257590990552074e-05
-3.2883583960516055e-05
-3.319416394535388e-05
-3.350767730680624e-05
-3.38241517497522e-05
-3.414361524107785e-05
-3.44660960123589e-05
-3.479162256069196e-05
-3.512022365294472e-05
-3.545192832818812e-05
-3.578676589872996e-05
-3.612476595474864e-05
-3.6465958365382994e-05
-3.681037328093651e-05
-3.7158041138848e-05
-3.750899266178863e-05
-3.786325886279704e-05
-3.822087104992191e-05
-3.858186082353592e-05
-3.894626008710787e-05
-3.931410104018456e-05
-3.9685416190038836e-05
-4.006023835020564e-05
-4.043860064419178e-05
-4.082053650719848e-05
-4.1206079690489245e-05
-4.159526426320177e-05
-4.1988124620982985e-05
-4.238469547889617e-05
-4.2785011883027376e-05
-4.31891092091464e-05
-4.3597023166784066e-05
-4.400878980403088e-05
-4.442444550905732e-05
-4.484402701310881e-05
-4.526757139496421e-05
-4.5695116082610215e-05
-4.612669885950451e-05
-4.656235786375956e-05
-4.70021315947127e-05
-4.7446058916080815e-05
-4.789417905670364e-05
-4.834653161749254e-05
-4.880315657309893e-05
-4.926409427526126e-05
-4.9729385457463566e-05
-5.0199071237608164e-05
-5.067319312156322e-05
-5.115179300749624e-05
-5.163491318963638e-05
-5.2122596362370416e-05
-5.261488562048132e-05
-5.3111824470126936e-05
-5.361345682255536e-05
-5.4119827012725705e-05
-5.463097978027412e-05
-5.5146960309181896e-05
-5.5667814178804096e-05
-5.6193587440488894e-05
-5.6724326527846395e-05
-5.7260078382912144e-05
-5.780089029411002e-05
-5.8346810132417774e-05
-5.889788603418485e-05
-5.945416683620264e-05
-6.001570153012486e-05
-6.058253993166979e-05
-6.115473192023243e-05
-6.173232829175874e-05
-6.231537983914946e-05
-6.290393836033247e-05
-6.34980555706922e-05
-6.409778429338492e-05
-6.470317719183147e-05
-6.531428811747555e-05
-6.593117071261248e-05
-6.65538798822387e-05
-6.718247024008889e-05
-6.781699778335388e-05
-6.845751814280333e-05
-6.910408832426268e-05
-6.97567651718183e-05
-7.04156064892592e-05
-7.108067061339116e-05
-7.175201588962538e-05
-7.242970249042555e-05
-7.311378888222954e-05
-7.380433780910541e-05
-7.450140559162483e-05
-7.520506166140489e-05
-7.591535533842998e-05
-7.66323670338939e-05
-7.73561362940842e-05
-7.808675624817134e-05
-7.882425350421416e-05
-7.956874571265555e-05
-8.032022127051977e-05
-8.107885858255931e-05
-8.184457348832478e-05
-8.261762159278587e-05
-8.339785637940149e-05
-8.418557934926479e-05
-8.498061706082037e-05
-8.578329423417869e-05
-8.659340555012185e-05
-8.741132195568083e-05
-8.823679661293604e-05
-8.907022437270592e-05
-8.99113570231805e-05
-9.076058761152338e-05
-9.161765844828795e-05
-9.248299346603569e-05
-9.335629225975698e-05
-9.423802490678704e-05
-9.512790374241323e-05
-9.602628134081981e-05
-9.693312675100563e-05
-9.784843214314428e-05
-9.877261285949813e-05
-9.970511137724305e-05
-0.00010064707771736581
-0.00010159688378227525
-0.00010255739972785086
-0.00010352371019506238
-0.00010450893440937202
-0.00010549264615061413
-0.00010650069211650168
-0.00010750438162954851
-0.00010853792654766126
-0.00010955641323404284
-0.00011062797909856828
-0.00011163997966649882
-0.00011276052112963188
-0.00011376883904637639
-0.00011491470168900275
-0.00011594137757561427
-0.00011710534571039092
-0.0001181438714555009
-0.00011933691553032519
-0.00012039002030785539
-0.00012162185628508226
-0.00012271205205912554
-0.00012395142321218176
-0.0001250839795639573
-0.00012636020557342908
-0.00012750947904646974
-0.00012882445120448581
-0.00013002818799866234
-0.00013137000926659694
-0.00013261261421278398
-0.00013387799844252898
-0.00013525687013733636
-0.00013642379998509042
-0.00013787467580760732
-0.00013898000696358197
-0.00014069402677560177
-0.00014130676184183084
-0.00014395262538897632
-0.00014252384930857912
-0.00015125014239482552
-0.00012722166250117264
-0.00012132874431454621
-0.00011732932943263097
-0.00012521306945213382
-8.813702236059673e-05
-0.0001281048344661316
-6.02995564095727e-05
-0.00014172696067654169
-7.197195143257302e-05
-0.00015597789684586218
-0.00011348330657848672
-0.00019392121784763587
-0.00011552537803082496
-0.00019257877269269422
-0.00010884924308436834
-0.00015374673404374025
-8.516412239528443e-05
-0.0001306673720519278
-9.202100525654224e-05
-0.00010545568865817233
-6.695863844577757e-05
-9.812114650028863e-05
-5.3877250347553586e-05
-4.996539337406413e-05
-8.42313311026203e-05
-2.3748532958365974e-05
-0.00010101542688285336
-4.16339187697929e-05
-0.00011101772302898346
-9.998813549640359e-05
-9.201145038282741e-05
-0.0001097181640141514
-8.614933968167845e-05
-0.00013660578437396377
-7.339260150582676e-05
-0.00012921896661261252
-7.020512078739458e-05
0.00015330909120927567
0.00018172504992044184
0.0001315234816157384
0.00011203552610863427
9.530955753704056e-05
9.270525220609882e-05
8.687949805595471e-05
8.749407237986889e-05
8.540751737954515e-05
8.723441779212621e-05
9.554953700932728e-05
9.922479369848252e-05
0.0001106211105575484
0.00011439827362338643
0.00012369581881289745
0.0001294445323165787
0.00013506970260319907
0.00013830794478215318
0.00013806363009502123
0.00014551194358589117
0.00013917325325130153
0.00014310099190415
0.00013967382619908288
0.0001382584873673711
0.0001378548658737797
0.00013374820017394268
0.00014103301872389075
0.0001373291346431729
0.00014005141638510964
0.00014371688209134604
0.00014675470878967002
0.0001513143947591613
0.0001494076790651787
0.00015425447954180987
0.000159546752019776
0.0001616112099988795
0.0001646188321541784
0.00017066111166818757
0.00017069680197339039
0.00018188908948714688
0.00017157050102812026
0.00018311127706687976
0.00018270821317466763
0.0001826494127038562
0.00019067356670028385
0.0001841165739359223
0.00019497637681971218
0.0001878836938147265
0.00019195980162418132
0.00018572586222934584
0.0001895569255482006
0.00018607654798333484
0.00018882492000433317
0.00018644691758966912
0.00018928123499059645
0.00018548348240493583
0.00018772233654043113
0.00019156658433662336
0.00018921926937068024
0.0001931897567790081
0.00018946364269437202
0.00019100684292519887
0.0001873506744022676
0.0001881542674284823
0.00018253059205339365
0.00018449506689740733
0.00017984334003963768
0.0001816739149059427
0.00017688550459065558
0.00018259514263363697
0.0001728276612968303
0.00018212576168162293
0.00017219133477497275
0.000181332996641819
0.00017337810924892636
0.00018569919889800557
0.0001784852288636653
0.00018377170226898033
0.00018078249449760312
0.00018366523456625621
0.00018248581293039176
0.00018189531478891396
0.00018082084213721193
0.00017867677062541825
0.00018129106262605214
0.00017485311653410928
0.00017719119094965555
0.00017391215898401454
0.00017041388749980722
0.00017421371460442343
0.00016582335817392346
0.00017099654095143772
0.00017109256813752652
0.00017596409390580758
0.00017901550822432063
0.0001829866051330288
0.00018919483792492625
0.00019374488861332047
0.00019940472117924802
0.00019650090164538477
0.00020619136025365397
0.00019993881952652985
0.0002063998792605147
0.00020122790273405922
0.00020854832904487175
0.00021103099920525577
0.00021242389054535027
0.00020993815805077232
0.00021675792029959368
0.00021619995823141008
0.00022216610025586802
0.00022556440113838036
0.0002325446515615309
0.00023515842908284493
0.0002479451246963893
0.00024077073515272468
0.00025334713219646234
0.00025036137383943613
0.0002549582703616971
0.0002530300187699839
0.00025569412497335094
0.0002522841742614695
0.0002524624358694423
0.0002538045705593339
0.00024824726970026727
0.0002508949211164371
0.00024654276424516703
0.0002499709568195771
0.00024892825045441896
0.0002489285293673048
0.00025731853387815905
0.00024954681712010624
0.0002632406379104306
0.0002575876279983319
0.0002748413145859807
0.00027003703134545205
0.00028289842432220667
0.00028192381696119336
0.0002901005136880108
0.0002940778921734532
0.0002911838895711534
0.00030060441052807063
0.0002993891810974587
0.00030903101723363724
0.00030478151739791505
0.00031290749468053375
0.0003035390944373326
0.0003130880954708222
0.0003042879660881989
0.00031097888038479485
0.00030191635303232386
0.00030881266623441914
0.00030006137514062387
0.000304283680772694
0.00029658319968468426
0.0003022633137996979
0.0002947481329573586
0.00029825490110666506
0.0002927389212312825
0.0002933399529966361
0.00029340926022230926
0.00028830829971605203
0.00029051028996171177
0.00028338687121949417
0.00028593244305663974
0.0002815056795914007
0.00028109397685403375
0.00028245442407300167
0.0002760529213614918
0.00028162259590129167
0.00027543724532545213
0.00027664574571971537
0.0002695773738696181
0.0002755614714778638
0.000265024315827136
0.00027146512362309584
0.0002609187446648577
0.0002660774684757096
0.00025942857821096405
0.00025970165648073223
0.00025426964228111095
0.0002527233960857138
0.0002492082137230798
0.00025113451662879164
0.00024645027582052966
0.00024752775832944594
0.00024456653551938864
0.00024181781046609822
0.00024017414401622726
0.0002395767899662775
0.00023969148907530005
0.00023622305753049358
0.0002394967634781408
0.00023333625198115188
0.0002384855814485951
0.00023038068403512376
0.00023815946685903856
0.00023320674075163043
0.00023984387349961075
0.00023509209003722649
0.00023888562344612728
0.00023705650037395324
0.00024156051914555362
0.00023505450143370026
0.0002402555482633376
0.0002331262128801331
0.0002343241099814217
0.00023244458435120203
0.00022862498382965107
0.0002326351929999749
0.0002272506021646027
0.000225083859562706
0.0002253224499890552
0.00022242344293508208
0.00022397340621715999
0.00021863466056184372
0.0002232920872655492
0.00022158832897768667
0.00022076305092999895
0.00021765157632029001
0.00022094984017859544
0.0002175178849283329
0.0002166740093086576
0.00021606208750221055
0.0002156655179475125
0.00022245611874109112
0.00022770341552522645
0.00022757265597119202
0.00023279412692889072
0.0002282836928976921
0.00023638891178159817
0.00024028880869038236
0.00023701643042216454
0.00024304619703107648
0.00023866184595855094
0.0002493851055407332
0.00024089497710490866
0.0002467829627722676
0.00024259840967922643
0.00024807065194550407
0.00024024018356371898
0.0002447643250041154
0.00023975889673006137
0.0002394250566047861
0.0002383887567762328
0.00023655022342494638
0.00023916576679502283
0.00023465050990672566
0.00023388290883257293
0.00023588201020901742
0.00023158764937681502
0.00023680618551298388
0.0002328152370671369
0.0002436239063516176
0.00023665649414833208
0.00024029094899203853
0.00023737425729922885
0.00023786914812115644
0.00023857197609175452
0.00023807615440871898
0.00023492902638009314
0.00023762753526489102
0.00022982495212480427
0.00023158730356102563
0.00022809324005149153
0.00022732778881824443
0.00022074748044926146
0.00022054876849075664
0.00020389882627175955
0.00020594881091008752
0.0001898177586435098
0.00019018115885616475
0.00018029061450557983
0.00018531800405912686
0.0001804884996353983
0.0001861517735998205
0.00018426097104832872
0.00018705273531717878
0.00017711180386304886
0.00020376371806207134
0.00017352613324029054
0.00018995573135295656
0.00017160200508257962
0.00019930270440234578
0.0001362755324689122
0.00017880108933579232
0.00012580737337206539
0.00020177819501962011
6.371080080000993e-05
0.0001521339165685296
1.9063750751668193e-05
0.00015122851076217208
-3.548697534237207e-05
0.00016289846915571967
8.872697541947935e-06
0.0003766767733883741
-1.7314433597215672e-05
0.000503999448032688
-0.00020394902635503242
0.0008042307517964035
-0.001295655628310944
0.005240781360105938
0.026450511784523678
0.033088092464343
0.038809684264695055
0.03538536496198025
0.042735909786366835
0.0081457570431644
-0.009026987965138249
-0.01859978736930827
-0.03349614583713676
-0.03469760697741948
-0.02805725532051328
-0.017889848106429712
-0.011226714031737103
-0.003748251187613854
0.00592068859689925
-0.00039027303778001534
-0.005408014601709984
-5.496851977415538e-05
0.008044834909349824
0.018224623977670367
0.016617822027786652
0.009289770008715191
0.00310551297902178
-0.0001107789796832187
0.0017421106204195762
0.005392343268803502
0.0062117080660074086
0.005640402064216898
0.00160083458394672
-0.0005376498733589026
-0.0027344357669920115
3.535931947427961e-05
0.004772860398611419
0.005073994176186562
0.0027180900829283303
-0.0019951932535699005
-0.004188593059264964
-0.0044150901715031676
-0.0017313839643024278
0.0023503824812907553
0.003954570487097655
0.002614367380828265
0.0008972371612711592
0.001006468413740263
0.0017936511734203907
0.0014382598675233768
0.00038402734888451503
0.0015783750706240623
0.001658100393066002
0.00034996084326034644
-0.0021124283535519277
-0.0041604806070735575
-0.0026756015800185927
-0.0010168648287419157
-9.157803702607007e-05
0.00041789608431879485
0.0016900221630333227
0.0019213498291601897
0.0005524192323220425
-0.000745462619090959
7.438400424288625e-05
0.0021475896373632027
0.003097717816082355
0.0022588037273530643
0.0004580602701393247
-0.0006998169529051679
-0.0012034503657789297
-0.0006207976573428614
0.00025556613719251184
0.0008296512139679322
-1.1963299931672686e-05
-0.0016769472855120557
-0.002502746153879312
-0.0020526322309624466
-0.0008544166117239746
-7.66614570411166e-05
0.0003832416035970478
0.00019502183006687198
-0.00012362737041999574
-0.0006283883209702017
-0.0003405162613398057
0.0008687376152296581
0.002251996673082766
0.002569934860610506
0.0015758386680046702
0.0008038717777701034
0.0005416571126043818
0.0002478635601996538
0.0003366502024463668
0.0004924067329792908
0.001080123250403625
0.00107308116486864
0.0004454865251022678
-0.00025157084399614793
-0.0001698405493270068
0.00027197352536612865
0.0002549522190663349
0.00034946794783365326
0.0009032535085495059
0.0010483418294511765
0.0006536252894191704
0.00034585060695687704
0.00046370650377626217
0.0005998350181535398
0.0005203300205559953
0.00041167639763566347
0.0004386582947974306
0.000244716746196418
-0.00013944200689346557
-0.0003776233506373936
-0.00021253931195708482
0.00018238326846643766
0.0004388034840152032
0.0003156442820216364
8.18804233049734e-05
-5.709751590669731e-05
-4.223633687494815e-05
4.499456502891599e-05
0.0002785881660592887
0.0005312408661882224
0.0005347833826278586
0.00019902119744971664
-4.3773231996034575e-05
-3.151933105627975e-05
0.00023088311100486158
0.00043856937002212176
0.0004467726806390961
0.0003495814706376012
0.00019828962832247975
3.439468854386207e-05
-0.00015759936881676556
-0.0001393994371597936
-8.298260382079271e-05
-0.00018205278997980784
-0.00034728293189567215
-0.0004564150906992985
-0.0003572865142491959
-0.00025975441013862614
-0.00021922469641622505
3.6456986675490976e-05
-8.023233023335833e-05
9.74388903293072e-05
-1.791176986064195e-06
6.912159029432078e-05
-2.569131028497272e-06
5.9234644789016724e-05
1.8389982352182567e-05
4.3327260569284154e-05
5.539637958057843e-07
2.9173066434931192e-05
8.248213596966455e-06
2.3572573893335713e-05
1.015295087613622e-06
1.4711376187396923e-05
4.244603166088726e-06
1.6441180889676977e-05
8.326616666503114e-06
1.9717707671653337e-05
1.2637122805222772e-05
1.8095499675213483e-05
7.796149775637332e-07
4.917472303130044e-07
-6.599644072190501e-07
1.417147367008953e-06
-2.306608958392082e-06
-6.893580536631466e-06
-6.815246015236498e-06
-9.412665946924759e-06
-7.542077370435176e-06
-3.7868463588293957e-06
1.6231276690618945e-06
2.6833012695972493e-06
-1.0037664595834676e-06
-1.3078639093296322e-07
-3.236511652354268e-06
-3.1874959351786475e-07
2.729397996581662e-07
1.5186157181828208e-06
3.680751622923113e-07
1.8008287305336278e-06
2.751676243418123e-07
1.9017267151039542e-06
3.2376220872631785e-06
5.579483643604686e-06
5.901819066068533e-06
6.695377564177849e-06
5.440025339790086e-06
4.658694167941714e-06
2.643188610117638e-06
2.6054162224867672e-06
1.4527169082993868e-07
-4.028222654186642e-08
-1.0411335190327635e-06
-1.4021450010568e-06
-2.2535623933593336e-06
-1.8377142555217824e-06
-1.4357746847982328e-06
-5.776249041079297e-07
-1.5631247005635672e-07
4.1929550860270604e-07
1.1124434927787955e-06
1.1134348925751457e-06
1.6693101149310632e-06
1.2092492759857663e-06
1.6267136421131375e-06
1.1536245155131634e-06
1.462917755381098e-06
1.0846078214217056e-06
1.4006261407847897e-06
1.1482900905065781e-06
1.415335091240345e-06
1.136322312286287e-06
1.4450055589085417e-06
1.3373040840348798e-06
1.6093201767519708e-06
1.4461625461010223e-06
1.6260299202209378e-06
1.424233895876007e-06
1.4953238232740884e-06
1.3454910993441013e-06
1.413621636634307e-06
1.2683551491998187e-06
1.3189183244174485e-06
1.2472704189286064e-06
1.254056037700886e-06
1.2179200694360565e-06
1.2942856378114634e-06
1.3122042357220339e-06
1.35999688176866e-06
1.4026174117159754e-06
1.4246834773160765e-06
1.4302801601777631e-06
1.4377449195294555e-06
1.4330999906304518e-06
1.4528605319496656e-06
1.4608562354404084e-06
1.49046997558498e-06
1.4932938701109653e-06
1.5269819360770847e-06
1.5499474106728711e-06
1.588399113535609e-06
1.6122168931905119e-06
1.659547311421172e-06
1.6772740500449992e-06
1.7059746166504676e-06
1.7102739097774099e-06
1.7272337515709107e-06
1.7219535954605565e-06
1.7309094485021417e-06
1.7224397662788139e-06
1.735321897296788e-06
1.7305638729605534e-06
1.7506688640003817e-06
1.7542770583684863e-06
1.7787890618058297e-06
1.790121668226026e-06
1.8190323030040393e-06
1.836381583201845e-06
1.8637006524270874e-06
1.8813399671613199e-06
1.9063103064488086e-06
1.9223132993344597e-06
1.9423931794847952e-06
1.9593436664642637e-06
1.9775235335634097e-06
1.995383642257797e-06
2.013771505109509e-06
2.0329281429614775e-06
2.051463495113747e-06
2.072846425267132e-06
2.092468665459976e-06
2.114183843571206e-06
2.1344117847318727e-06
2.1571066858098377e-06
2.1762912632637796e-06
2.1978539393324465e-06
2.2169267617735315e-06
2.238195766399295e-06
2.2570654616343793e-06
2.2788314605285107e-06
2.2984514175396036e-06
2.3204314347894696e-06
2.3410563438228333e-06
2.363665649700498e-06
2.3852959174690345e-06
2.4085923273301335e-06
2.4312255846212455e-06
2.454834229630163e-06
2.4778787280974176e-06
2.501638785233417e-06
2.525015503651294e-06
2.548846202758367e-06
2.5726684942927196e-06
2.596869625558142e-06
2.6212449572581324e-06
2.646054495970807e-06
2.671063464078057e-06
2.696491978429637e-06
2.722120061143541e-06
2.748140633041116e-06
2.7743380220645193e-06
2.800806544862893e-06
2.82741341617974e-06
2.854282396470842e-06
2.881205424215102e-06
2.90839028280217e-06
2.935690894893811e-06
2.963326818038783e-06
2.991070009244806e-06
3.0192239002866433e-06
3.0475523932927014e-06
3.076309694384743e-06
3.1052330098658423e-06
3.1346347467673823e-06
3.1641722742730048e-06
3.194174240970695e-06
3.224322947854421e-06
3.254895916250943e-06
3.285600655545762e-06
3.3167229514521554e-06
3.3479957361457927e-06
3.3796601063936687e-06
3.4115200045006935e-06
3.443775769823191e-06
3.476249833951187e-06
3.509109794045122e-06
3.5422285980074542e-06
3.575715172105475e-06
3.609481457242603e-06
3.643611451972556e-06
3.6780331132680558e-06
3.7127993225863045e-06
3.7478745967628945e-06
3.783285655402233e-06
3.819015553034655e-06
3.8550799756346314e-06
3.89148210484346e-06
3.9282224988857305e-06
3.965314884996855e-06
4.002752082858142e-06
4.040554288775328e-06
4.078706445365175e-06
4.117232269767589e-06
4.156114043823598e-06
4.19537506022788e-06
4.2349982836604484e-06
4.275003961478805e-06
4.3153787523341446e-06
4.3561397830351465e-06
4.397278525714894e-06
4.438810266978649e-06
4.48072878557354e-06
4.523047127824467e-06
4.56576347170748e-06
4.608886338317649e-06
4.652415998484204e-06
4.6963596423619494e-06
4.740718504539379e-06
4.785497236479817e-06
4.830698994778501e-06
4.8763277465836284e-06
4.922386462750234e-06
4.968879212982174e-06
5.0158104522300174e-06
5.063183434524842e-06
5.111003274774385e-06
5.1592742894911e-06
5.208001030730102e-06
5.257187933041329e-06
5.306839710494314e-06
5.356961008168423e-06
5.407555768494835e-06
5.458629284117939e-06
5.510185031493619e-06
5.562228490696123e-06
5.614762881035501e-06
5.667794254056945e-06
5.721325429918021e-06
5.775362927015011e-06
5.829909743024187e-06
5.884972531638676e-06
5.940554357313811e-06
5.996662108177829e-06
6.053298957047707e-06
6.110471690321168e-06
6.168183700348416e-06
6.2264416933905395e-06
6.285249297589271e-06
6.344613049096031e-06
6.404536884107106e-06
6.4650272249267265e-06
6.526088310317255e-06
6.58772646479149e-06
6.649946302318905e-06
6.712754055279669e-06
6.776154659892163e-06
6.840154289056448e-06
6.904758185667149e-06
6.969972423369049e-06
7.0358025065504325e-06
7.102254486523584e-06
7.169334056464957e-06
7.2370472528233976e-06
7.305399991570233e-06
7.374398318013217e-06
7.444048316230904e-06
7.514356121668744e-06
7.585327970214283e-06
7.656970086848507e-06
7.729288866266566e-06
7.802290654394979e-06
7.875981955003924e-06
7.9503692447492e-06
8.025459152588338e-06
8.101258267727025e-06
8.177773326897927e-06
8.255011063650411e-06
8.33297831724037e-06
8.411681954491193e-06
8.491128938274348e-06
8.571326276737151e-06
8.652281052944858e-06
8.734000424300177e-06
8.81649160552455e-06
8.899761897296701e-06
8.983818649761647e-06
9.068669309702918e-06
9.15432136184538e-06
9.240782394129396e-06
9.328060033448335e-06
9.416162007874393e-06
9.505096088583418e-06
9.59487014645633e-06
9.685492102495797e-06
9.776969972203526e-06
9.86931183100203e-06
9.962525843276105e-06
1.0056620243261346e-05
1.0151603346751322e-05
1.0247483549401257e-05
1.0344269322451738e-05
1.0441969223731116e-05
1.0540591882159255e-05
1.0640146020770474e-05
1.0740640429410616e-05
1.084208399698526e-05
1.0944485679054627e-05
1.1047854533768105e-05
1.1152199685294725e-05
1.1257530363913137e-05
1.1363855867873446e-05
1.1471185601935607e-05
1.1579529041853137e-05
1.1688895770938477e-05
1.1799295445763178e-05
1.1910737830389193e-05
1.2023232766507352e-05
1.2136790201795755e-05
1.2251420165802773e-05
1.2367132793749194e-05
1.2483938306535533e-05
1.2601847030091137e-05
1.2720869380524087e-05
1.2841015878627712e-05
1.2962297139057326e-05
1.3084723881509285e-05
1.3208306923536404e-05
1.3333057186671552e-05
1.3458985695178168e-05
1.3586103577578157e-05
1.3714422067299741e-05
1.3843952503812636e-05
1.3974706333852368e-05
1.410669511251402e-05
1.4239930503156308e-05
1.437442428022217e-05
1.4510188328855733e-05
1.4647234646351039e-05
1.4785575343692883e-05
1.4925222645792492e-05
1.50661888934725e-05
1.5208486543705018e-05
1.5352128171239516e-05
1.5497126470114767e-05
1.5643494253752264e-05
1.579124445682433e-05
1.594039013598477e-05
1.609094447135482e-05
1.624292076732168e-05
1.639633245422792e-05
1.6551193088970253e-05
1.6707516356850047e-05
1.6865316071939247e-05
1.7024606179298006e-05
1.7185400755148277e-05
1.734771400901761e-05
1.7511560284467803e-05
1.7676954060823425e-05
1.784390995385135e-05
1.8012442717581226e-05
1.8182567245224286e-05
1.8354298570774503e-05
1.852765187010093e-05
1.8702642462572127e-05
1.8879285812116128e-05
1.905759752880732e-05
1.9237593370036122e-05
1.9419289242051058e-05
1.9602701201364543e-05
1.978784545617773e-05
1.9974738367669167e-05
2.0163396451665675e-05
2.0353836379867138e-05
2.0546074981565854e-05
2.074012924492899e-05
2.0936016318473527e-05
2.1133753512921766e-05
2.1333358302272083e-05
2.1534848325721438e-05
2.1738241388937797e-05
2.1943555465829545e-05
2.21508087000135e-05
2.236001940661772e-05
2.2571206073539185e-05
2.278438736343048e-05
2.299958211514179e-05
2.3216809345529997e-05
2.343608825102931e-05
2.3657438209340187e-05
2.3880878781220476e-05
2.4106429712187358e-05
2.4334110934158548e-05
2.45639425674642e-05
2.4795944922335455e-05
2.5030138500916135e-05
2.5266543998965556e-05
2.550518230763285e-05
2.5746074515420846e-05
2.598924191007956e-05
2.6234705980336887e-05
2.648248841791601e-05
2.6732611119454887e-05
2.6985096188317822e-05
2.723996593671576e-05
2.749724288754994e-05
2.7756949776407136e-05
2.8019109553649034e-05
2.828374538646662e-05
2.8550880660697378e-05
2.8820538983265502e-05
2.9092744183827556e-05
2.936752031730376e-05
2.9644891665737342e-05
2.9924882740354195e-05
3.020751828418776e-05
3.049282327369251e-05
3.0780822921429025e-05
3.107154267786025e-05
3.1365008234110126e-05
3.166124552387862e-05
3.1960280725680046e-05
3.2262140265323306e-05
3.2566850817853114e-05
3.287443931124451e-05
3.3184932926384595e-05
3.3498359102261324e-05
3.381474553603705e-05
3.413412018723631e-05
3.445651127900008e-05
3.47819473009148e-05
3.511045701230755e-05
3.5442069443243016e-05
3.577681389837462e-05
3.6114719959443097e-05
3.645581748686511e-05
3.680013662372798e-05
3.714770779745949e-05
3.749856172331074e-05
3.785272940603671e-05
3.821024214372413e-05
3.857113152918589e-05
3.893542945579339e-05
3.9303168113447506e-05
3.967438000549963e-05
4.004909792619407e-05
4.042735500362789e-05
4.080918464582849e-05
4.119462061800229e-05
4.158369695562964e-05
4.197644806933716e-05
4.237290863788425e-05
4.277311372707858e-05
4.317709867134908e-05
4.358489920554986e-05
4.3996551330337426e-05
4.4412091464338024e-05
4.4831556284000965e-05
4.525498291056506e-05
4.5682408700340485e-05
4.6113871499197864e-05
4.654940935264513e-05
4.6989060838852314e-05
4.7432864723696134e-05
4.7880860304050284e-05
4.8333087112138696e-05
4.8789585146012275e-05
4.92503947450594e-05
4.9715556602384904e-05
5.018511189257952e-05
5.065910200917185e-05
5.1137568984854466e-05
5.162055490797016e-05
5.2108102736814915e-05
5.260025525890004e-05
5.309705640371912e-05
5.3598549172366596e-05
5.410478010828545e-05
5.461578894892311e-05
5.513163019286069e-05
5.5652334106209904e-05
5.6177968101297127e-05
5.670855175815768e-05
5.7244161851540657e-05
5.778481425385567e-05
5.83305882116779e-05
5.8881499710911005e-05
5.9437630343286675e-05
5.9998994363227816e-05
6.056567746548849e-05
6.113769208863402e-05
6.17151283863239e-05
6.229799261980524e-05
6.288638955403826e-05
6.348030656727249e-05
6.40798701467537e-05
6.468505356738808e-05
6.529598904626071e-05
6.5912658808969e-05
6.653517220972505e-05
6.716355180065188e-05
6.779785640931695e-05
6.843816648577026e-05
6.908448371020671e-05
6.973694793847599e-05
7.039550428671087e-05
7.106035190033479e-05
7.173137194036981e-05
7.240886149482756e-05
7.309255882331329e-05
7.378260811520272e-05
7.447862241100333e-05
7.518355269806372e-05
7.58894325342593e-05
7.66125695831291e-05
7.732816740921831e-05
7.806879636947867e-05
7.87983690443854e-05
7.955321255636962e-05
8.029923857756405e-05
8.10700071930499e-05
8.18307316411683e-05
8.261798941567808e-05
8.339606035472473e-05
8.419921468725812e-05
8.49935174668587e-05
8.581493674970496e-05
8.662105735487416e-05
8.746321039991982e-05
8.828227554698849e-05
8.914153523006656e-05
8.998061219235115e-05
9.085381249584263e-05
9.171248829518687e-05
9.259336516149804e-05
9.348807125801396e-05
9.437388766204525e-05
9.529394021413258e-05
9.620003198399093e-05
9.714604243860381e-05
9.805324386471853e-05
9.902957454284618e-05
9.996094976046644e-05
0.00010095081119119276
0.00010189415716599148
0.00010277671685970972
0.00010495758782946794
0.00010987035969435376
0.00010208682973285408
0.00011406931038199274
0.00010163803957082251
0.00010901615556140271
9.836320370495736e-05
0.0001058663718010612
9.296947784458359e-05
9.977939896895639e-05
8.773730427999179e-05
9.074690714189162e-05
8.217985817822893e-05
8.835941195590904e-05
7.484193351621833e-05
7.950980863340659e-05
7.01343374035059e-05
7.58273790134203e-05
6.811924671706563e-05
7.852916188941228e-05
7.06341758088669e-05
7.654196617456446e-05
7.61865584881571e-05
8.004889051986194e-05
8.441038697868048e-05
8.600704060182754e-05
9.232945506507356e-05
9.630806297023246e-05
9.818611364894323e-05
0.00010509885698323598
0.0001050378515494554
0.00011041793950375926
0.00011030289945597566
0.00011641084053890595
0.00011109268486912501
0.00011647118953657493
0.00010619527567850347
