-0.0004792979538891547
-0.00046717038588842043
-0.00048192667707076
-0.0004997778492572973
-0.0005063071435404917
-0.0005248779094848168
-0.0005292963653045905
-0.0005425737701343131
-0.0005500779557319287
-0.0005616437797715674
-0.000569160463697347
-0.0005815246905094832
-0.0005893982602053981
-0.0006040396385030562
-0.0006090681592393373
-0.0006212084883985877
-0.0006268836614753859
-0.00063585276067357
-0.000639956083551493
-0.0006487376895289561
-0.0006497110381506082
-0.0006587637761989906
-0.0006631352447569851
-0.0006652118950281748
-0.0006685479825348699
-0.0006745770887187988
-0.0006777931329192114
-0.0006854775301372025
-0.0006921697003291156
-0.0007011389026530376
-0.0007115715117298345
-0.000719909088492256
-0.0007287296888312334
-0.0007371586924864797
-0.0007520125126821784
-0.0007605188784533211
-0.0007790862741620356
-0.0007900676014487342
-0.0008018196983456064
-0.0008124254567374373
-0.0008228359942712756
-0.0008308880265096874
-0.0008449393061751388
-0.0008551189179302494
-0.0008662970243916659
-0.0008748200090996424
-0.0008876407863075702
-0.0008914572057455217
-0.0009075672869659544
-0.0009119784032886224
-0.000930250952658089
-0.0009346639075211963
-0.00094865883428244
-0.0009553151673818342
-0.0009687838121112785
-0.0009754024417270153
-0.0009851504982955786
-0.0009979320366161177
-0.0010058667583363276
-0.0010184796515596841
-0.0010216786825882106
-0.001044061592248902
-0.0010496741240697384
-0.0010566665844886263
-0.0010701966430904767
-0.0010938380697653118
-0.0011069639618659908
-0.001121027106266697
-0.0011542755417198532
-0.001089371754769195
-0.0010295016753287083
-0.0010926715045056945
-0.0011562343704182077
-0.0012079436696909487
-0.0012419999436293874
-0.0012539387043956956
-0.0012581586281723402
-0.0013045367184154513
-0.0013087274114885004
-0.001323144546606226
-0.001296034219943888
-0.0014014293875782883
-0.0013844774438603177
-0.001297998867915283
-0.0012648064702824261
-0.0014244116168134642
-0.001544784605654811
-0.0014621170328571209
-0.0012909250986321529
-0.0013980123374446162
-0.0013924349549527166
-0.0014316516494600978
-0.0014357254004657952
-0.0014023028054817384
-0.001299205153085493
-0.0010934628630218744
-0.001092340835629424
-0.001407227651798612
-0.0016195980202128122
-0.0017383797888666508
-0.0011841336834735607
-0.0020780042173802896
0.0015632041763104848
0.01695742998299934
0.029840068598845623
0.03792573288923141
0.03698664091651262
0.03068245742515153
0.02205585726607472
0.018180257978684503
0.021178368200065606
0.01699564047595538
0.012819630809380301
0.006353556211190856
-0.004915031448713324
-0.014630324932201608
-0.02729390419317079
-0.02645464697426025
-0.007075089728897008
-0.0014195149800683685
-0.005364550891104266
-0.00905996593893028
-0.007554438783666415
-0.004101599433764119
-0.00044780807831762274
0.007580262634315056
0.006497042459248151
0.0029605020803822693
0.00872327405038575
0.01470864811800653
0.017833250237026914
0.01511646214963261
0.014213165078627535
0.012339944056039127
0.004315122790636002
-0.0068486666284166475
-0.013657834838840708
-0.011751531233471535
-0.010006106352962433
-0.011265886413811023
-0.012139187979611396
-0.010409244067132409
-0.008579774858969562
-0.007618236774768455
-0.0037153700606030187
-0.0007261823428343408
2.1348842496169908e-05
0.00045894893768728723
0.0019193671477020198
0.005164234142685662
0.007699470228113031
0.008580676185215273
0.006335143804504778
0.0035617244832555467
0.0014175758349702053
0.0007566930063305897
0.0017482215609536176
0.0017706598359757328
-0.0008686937402159608
-0.004223860685502793
-0.00536092609137954
-0.005436371071722831
-0.006040169952666258
-0.005695297475606146
-0.004700046640513401
-0.0036424634877292375
-0.0034873865157981
-0.0033808986960644632
-0.0020946036934057933
-0.0008552232047747666
0.00033419944797407307
0.0012198028965409058
0.0021729580852349315
0.002567574480767159
0.0020835444636157913
0.0018078105620439168
0.0020736945055458743
0.002154794894818325
0.0015347611118874756
0.0008429401390453797
0.00027271238687656576
-0.0004234868764305473
-0.0008561429372862068
-0.001050688526340701
-0.0010926292536602615
-0.0012588398011363017
-0.0015295625720227845
-0.00129069029248307
-0.000890332941701031
-0.00048192180286262584
-0.000364653007037777
-0.00044876030996476423
-0.00014898247707276853
0.00026505153716977967
0.0005703573498637662
0.0010376096093174935
0.0012728352598600939
0.0011455860558496822
0.0008910930391336976
0.0007341530284062335
0.0006613751873271393
0.000626301722940712
0.0005906348289647413
0.000487655916066495
0.00033487525225589423
4.681427551327402e-06
-0.0004133215434736199
-0.0005990136022537292
-0.0005532468514929806
-0.000565224974905357
-0.0006128869339088052
-0.0007442515704652543
-0.0009450789516818021
-0.001230083398106856
-0.0013908283569747388
-0.0012276068165699321
-0.000987372977771301
-0.0008865926404560051
-0.0007693671788494761
-0.0005153366274813402
-0.0003405242104455834
-0.0002771125575592411
-9.451467349749854e-05
0.00014501187840838337
0.00038599240491614905
0.0004911923298571276
0.0004428185141829588
0.00011275430579984702
-0.0003445323815933329
-0.0006385365484216246
-0.0006902333140379148
-0.000598541068918476
-0.0005273627994168701
-0.0005817122630669661
-0.0006011414595316444
-0.0004959974238471899
-0.00028151900830436705
-1.6719777691951907e-06
0.00021979428812522611
0.0002195726535604462
0.00010893890046572193
5.4077359727265287e-05
0.00012602000729989877
0.00022795722528865748
0.00022971382617083648
0.00018332356810914918
0.00011695694623461568
0.00013924058623711043
0.000258894945145461
0.000483843417910091
0.000651614401838892
0.0006533768750876742
0.0005061040402318355
0.00028629739186868987
6.388756737095131e-05
-0.00011281548892258453
-0.00030150402667830645
-0.0005481707178314748
-0.0007862513226404542
-0.0009956669356194145
-0.0010485969575143859
-0.0010016659399636378
-0.0008594273307570947
-0.0007487394158295275
-0.0006721099249153723
-0.0005840585804148596
-0.00042668932848479
-0.00012996496610654664
0.00015918923622350794
0.00031777941353446884
0.0002903738823668236
0.00012569292777797419
-3.5963427625188915e-05
-0.00016853483092428784
-0.00029546234808595716
-0.0004221413908714486
-0.0005540823501333416
-0.0007239884470939817
-0.0008548186396691362
-0.0008215639449842668
-0.0006789146616550954
-0.0005317363637849517
-0.0003409672126505891
-0.00013590983658682838
5.278117453805429e-05
0.00016931881212840617
0.0003359512184941143
0.0004081828587013519
0.000495837850656119
0.0005621386863952696
0.0006488147158141035
0.0006150534316006236
0.0004315670838552712
0.0001443617455936979
-9.646246062816645e-05
-0.000223634991760666
-0.0002989430085774238
-0.0003427825608367382
-0.0003770045239972208
-0.00046174693680275903
-0.0005711315239979847
-0.0006004696155525367
-0.0005263370659153244
-0.0004422779207406215
-0.0004470741558511624
-0.0005018419873881641
-0.0005766176821825693
-0.0005528874975657905
-0.0004917493326670901
-0.0003641459851597771
-0.0002493543155853785
-0.0001711143943605281
-0.00010210275964314353
-1.9063943837966432e-05
7.458526720422769e-05
0.00013055150730826326
0.00013235913286535075
7.451441269422298e-05
4.5825394676261985e-05
4.8094257509702774e-05
1.533699277181261e-05
-2.9700435047532548e-05
-9.344946363697185e-05
-0.00023787195539436327
-0.0004162028871095223
-0.0005391415919459569
-0.0005413008088698041
-0.00045777165391023455
-0.0003525567293965203
-0.0002517482367882763
-0.00019984497351805325
-0.0001611704180924485
-9.024408124117276e-05
-1.1040905092677817e-05
5.715846459799019e-05
0.00013578401286083085
0.00014655707115475606
0.00010745787424441954
2.5297445540638642e-05
8.22437563246788e-05
6.0741489139352835e-06
3.885348743125073e-05
-8.089043752354357e-07
1.5798302944885296e-05
-1.1797794075507303e-06
1.1062676616890415e-05
2.7086602629127323e-06
5.458420162135757e-06
-3.188492527644602e-06
-4.370230499326115e-06
-6.487393216212027e-06
-3.4520145822107442e-06
-4.755765542739177e-06
-2.82794703656262e-06
-2.7831188915605678e-06
-2.2260741785343294e-06
-2.892905149421126e-06
-1.6351473240335543e-06
-8.517910428841461e-07
-6.087422604716518e-07
-4.037387970399868e-07
4.508474112704247e-09
2.421638497776199e-07
4.2596698490650516e-07
4.1379389642982184e-07
4.227248993531399e-07
2.559031261788799e-07
2.040439859563297e-07
1.422612157813861e-07
2.2292736914330917e-07
1.642959162648336e-07
1.2371320892365367e-07
7.459599164912588e-08
6.605682146111971e-08
1.4391244002639591e-08
7.35828617546945e-10
-9.01174076431855e-09
-1.3986178320254516e-08
-3.3718553241245206e-08
-2.9373610769623318e-08
-2.5107929771335568e-08
-1.998741449053213e-08
-2.2932177519982902e-08
-2.0322819383708805e-08
-1.8702759027686838e-08
-1.5757076592300134e-08
-1.3255792254661392e-08
-8.44095680808607e-09
-5.8687879850999325e-09
-5.411832950524831e-09
-5.20112904633073e-09
-3.697017168314068e-09
-3.2716097040676184e-09
-3.4496380565442186e-09
-3.5431277582015364e-09
-3.354892344833993e-09
-3.719388265259471e-09
-3.973992947214899e-09
-4.064371349459667e-09
-4.191143541812728e-09
-4.633878772776316e-09
-4.982359686769248e-09
-5.176002918628778e-09
-5.297808462539563e-09
-5.478326071538427e-09
-5.586074287378465e-09
-5.666112858418448e-09
-5.762273581465943e-09
-5.875752702964865e-09
-5.92389930859083e-09
-5.961028826692409e-09
-6.021474793663304e-09
-6.089019735633621e-09
-6.130490237199818e-09
-6.174608617698189e-09
-6.229903211363297e-09
-6.286963698395268e-09
-6.3412487524947166e-09
-6.405359264858006e-09
-6.474864752161174e-09
-6.541984490422443e-09
-6.6074760014540185e-09
-6.678597931034525e-09
-6.752978988500136e-09
-6.827208924933825e-09
-6.902051494575567e-09
-6.9795861694366135e-09
-7.0577314270625635e-09
-7.135746488487471e-09
-7.214933273221036e-09
-7.295703654056074e-09
-7.37662035881631e-09
-7.457733952088985e-09
-7.539918307980856e-09
-7.623239656716352e-09
-7.707120843868792e-09
-7.79173747050832e-09
-7.877358276092705e-09
-7.963863309914596e-09
-8.051103324497634e-09
-8.139309870406133e-09
-8.228594347136492e-09
-8.318839372131043e-09
-8.409993205527391e-09
-8.502181925320153e-09
-8.59543672630976e-09
-8.689703932546894e-09
-8.784992080470254e-09
-8.881360198166079e-09
-8.978801549648901e-09
-9.077298461881208e-09
-9.176879343182533e-09
-9.277576267885217e-09
-9.379382571235873e-09
-9.482297124688462e-09
-9.58634207101237e-09
-9.691535357439843e-09
-9.797880515705244e-09
-9.90538873206449e-09
-1.0014078652680752e-08
-1.0123962681531616e-08
-1.0235048980219985e-08
-1.0347352137553452e-08
-1.0460888770827664e-08
-1.0575671298711144e-08
-1.0691711335936507e-08
-1.0809023976115877e-08
-1.092762437444406e-08
-1.1047525799333033e-08
-1.116874215659723e-08
-1.1291288780487449e-08
-1.1415180405744893e-08
-1.1540431180232132e-08
-1.1667055990966565e-08
-1.1795070417879201e-08
-1.1924489643974634e-08
-1.2055328810840933e-08
-1.2187603585199491e-08
-1.232132987262144e-08
-1.2456523528614873e-08
-1.2593200516376269e-08
-1.2731377195703258e-08
-1.2871070069860524e-08
-1.3012295660489977e-08
-1.3155070784434675e-08
-1.3299412530455579e-08
-1.3445338082425286e-08
-1.3592864738003413e-08
-1.3742010063569083e-08
-1.3892791892106734e-08
-1.4045228152715326e-08
-1.4199336972035457e-08
-1.4355136730980237e-08
-1.451264599651187e-08
-1.4671883520340611e-08
-1.483286823258218e-08
-1.499561931079434e-08
-1.5160156159051792e-08
-1.532649836045812e-08
-1.549466570972607e-08
-1.56646782483328e-08
-1.583655622107048e-08
-1.6010320061463773e-08
-1.6185990491923014e-08
-1.636358845814997e-08
-1.6543135113823498e-08
-1.6724651800189422e-08
-1.6908160111221097e-08
-1.7093681940212992e-08
-1.7281239381823025e-08
-1.7470854772946983e-08
-1.7662550682364395e-08
-1.78563499395512e-08
-1.8052275650048315e-08
-1.8250351125476388e-08
-1.845059995249105e-08
-1.865304596806311e-08
-1.885771328837254e-08
-1.90646262971262e-08
-1.9273809605225515e-08
-1.9485288144549962e-08
-1.9699087095803418e-08
-1.991523191041504e-08
-2.0133748330759642e-08
-2.0354662384899306e-08
-2.0578000388101272e-08
-2.0803788912371855e-08
-2.1032054852918036e-08
-2.1262825415028618e-08
-2.1496128079976067e-08
-2.1731990627947388e-08
-2.1970441126876843e-08
-2.2211507971965118e-08
-2.245521988302303e-08
-2.270160587378861e-08
-2.2950695288410494e-08
-2.320251781109733e-08
-2.3457103426435984e-08
-2.3714482434516147e-08
-2.397468548172169e-08
-2.423774356555535e-08
-2.4503688002492155e-08
-2.477255045779496e-08
-2.5044362964488e-08
-2.5319157882238525e-08
-2.5596967942324075e-08
-2.587782624267226e-08
-2.616176621907519e-08
-2.644882166882509e-08
-2.6739026769660723e-08
-2.7032416091883355e-08
-2.7329024576320344e-08
-2.7628887551455535e-08
-2.7932040734459252e-08
-2.8238520205221655e-08
-2.8548362466797013e-08
-2.8861604417946283e-08
-2.9178283360862048e-08
-2.949843700420429e-08
-2.9822103466840876e-08
-3.0149321322001706e-08
-3.048012952214349e-08
-3.081456746411031e-08
-3.115267497888789e-08
-3.1494492292003136e-08
-3.184006014438556e-08
-3.218941971587681e-08
-3.254261258319076e-08
-3.289968081348011e-08
-3.326066687123056e-08
-3.362561377940037e-08
-3.399456496080153e-08
-3.436756438568683e-08
-3.474465650794454e-08
-3.512588618432536e-08
-3.5511298877350826e-08
-3.5900940424703556e-08
-3.629485723549491e-08
-3.6693096244864044e-08
-3.7095704809298174e-08
-3.750273093775739e-08
-3.7914223154306235e-08
-3.8330230440922035e-08
-3.875080228872346e-08
-3.917598868886322e-08
-3.960584042011269e-08
-4.004040863426301e-08
-4.0479745043692054e-08
-4.092390204664398e-08
-4.1372932473417515e-08
-4.182688981572893e-08
-4.228582810734136e-08
-4.2749802028798755e-08
-4.321886687332771e-08
-4.3693078406541706e-08
-4.4172493123397025e-08
-4.465716812226267e-08
-4.5147161137825895e-08
-4.5642530492086275e-08
-4.614333518298923e-08
-4.664963490659795e-08
-4.7161489948944254e-08
-4.7678961225764566e-08
-4.820211032326594e-08
-4.873099959353585e-08
-4.926569202633527e-08
-4.980625128081159e-08
-5.035274174065743e-08
-5.090522847635325e-08
-5.146377729097493e-08
-5.202845466105053e-08
-5.259932783649663e-08
-5.3176464834953346e-08
-5.3759934384809555e-08
-5.434980596428834e-08
-5.49461497793835e-08
-5.5549036865124024e-08
-5.615853902220247e-08
-5.6774728841857414e-08
-5.7397679695952997e-08
-5.8027465773408116e-08
-5.866416207932906e-08
-5.930784439771297e-08
-5.995858939639859e-08
-6.06164745923718e-08
-6.128157833810467e-08
-6.195397982957859e-08
-6.263375912493249e-08
-6.332099718002471e-08
-6.401577583130258e-08
-6.471817781271601e-08
-6.542828677479941e-08
-6.61461873098252e-08
-6.68719649034484e-08
-6.760570595010229e-08
-6.83474978286757e-08
-6.909742888042245e-08
-6.985558841988461e-08
-7.062206672974261e-08
-7.139695509057655e-08
-7.218034579455426e-08
-7.297233211613074e-08
-7.377300837319717e-08
-7.45824698966148e-08
-7.540081308279878e-08
-7.622813541323381e-08
-7.706453540004717e-08
-7.791011264629034e-08
-7.8764967848758e-08
-7.962920280059002e-08
-8.05029204044988e-08
-8.138622471960677e-08
-8.227922094691809e-08
-8.318201541977766e-08
-8.409471564723922e-08
-8.50174302938992e-08
-8.595026928105275e-08
-8.689334369909023e-08
-8.784676583912372e-08
-8.881064923288396e-08
-8.978510866904099e-08
-9.077026019124919e-08
-9.176622109809476e-08
-9.277310999153757e-08
-9.379104678021791e-08
-9.482015275491702e-08
-9.586055042863726e-08
-9.691236372422326e-08
-9.797571786496597e-08
-9.905073942106067e-08
-1.0013755646529846e-07
-1.0123629842154896e-07
-1.0234709617892683e-07
-1.0347008197616157e-07
-1.0460538951728195e-07
-1.0575315405650897e-07
-1.0691351220656897e-07
-1.0808660212550166e-07
-1.0927256356479866e-07
-1.1047153773051724e-07
-1.1168366751811848e-07
-1.129090971730036e-07
-1.1414797261403986e-07
-1.154004414260796e-07
-1.1666665269147516e-07
-1.1794675728021148e-07
-1.192409076263435e-07
-1.205492578184187e-07
-1.218719636334126e-07
-1.2320918256719486e-07
-1.2456107396772347e-07
-1.2592779875331486e-07
-1.2730951967350294e-07
-1.2870640129667918e-07
-1.3011860997496445e-07
-1.31546313883674e-07
-1.3298968300787337e-07
-1.344488892301445e-07
-1.3592410631058224e-07
-1.3741550996604953e-07
-1.3892327778937722e-07
-1.4044758931254595e-07
-1.419886260936934e-07
-1.4354657162877885e-07
-1.4512161144264273e-07
-1.467139331134688e-07
-1.4832372628466978e-07
-1.4995118263925957e-07
-1.5159649595396837e-07
-1.532598621912509e-07
-1.5494147942950436e-07
-1.5664154792461053e-07
-1.5836027015251773e-07
-1.6009785076619805e-07
-1.6185449665293385e-07
-1.6363041702795221e-07
-1.6542582337693507e-07
-1.6724092950968047e-07
-1.6907595159146988e-07
-1.709311081242573e-07
-1.7280662002822837e-07
-1.7470271066206814e-07
-1.766196058392987e-07
-1.7855753380789608e-07
-1.8051672533018256e-07
-1.824974137525407e-07
-1.8449983494456257e-07
-1.865242273607951e-07
-1.8857083208166864e-07
-1.906398928076152e-07
-1.9273165594100704e-07
-1.948463705901953e-07
-1.9698428857461926e-07
-1.9914566449349069e-07
-2.0133075573621558e-07
-2.0353982252015158e-07
-2.057731279044993e-07
-2.0803093785294212e-07
-2.1031352124303805e-07
-2.126211498750018e-07
-2.1495409854816816e-07
-2.1731264510525448e-07
-2.1969707041317034e-07
-2.2210765842581998e-07
-2.245446962041871e-07
-2.2700847397721284e-07
-2.2949928511604599e-07
-2.320174262400237e-07
-2.3456319722046622e-07
-2.3713690125947134e-07
-2.3973884483337315e-07
-2.4236933778029146e-07
-2.450286933682738e-07
-2.477172283157328e-07
-2.504352627557215e-07
-2.531831203692091e-07
-2.559611283836985e-07
-2.5876961763871215e-07
-2.616089225861986e-07
-2.6447938132265203e-07
-2.673813356713896e-07
-2.703151312735295e-07
-2.7328111745243884e-07
-2.762796474584919e-07
-2.7931107833223064e-07
-2.823757710922702e-07
-2.854740906164569e-07
-2.886064060228807e-07
-2.917730902271987e-07
-2.9497452048630156e-07
-2.982110777657019e-07
-3.0148314783420924e-07
-3.047911199640426e-07
-3.0813538846516646e-07
-3.115163512350076e-07
-3.1493441122256187e-07
-3.183899752066065e-07
-3.2188345487713793e-07
-3.2541526605485427e-07
-3.289858293947486e-07
-3.3259557009147683e-07
-3.362449178070416e-07
-3.399343074346939e-07
-3.436641776944846e-07
-3.474349733604328e-07
-3.5124714257814174e-07
-3.551011401330584e-07
-3.58997423952973e-07
-3.629364587660086e-07
-3.66918712647261e-07
-3.709446605571062e-07
-3.75014780827057e-07
-3.7912955893720486e-07
-3.8328948359699164e-07
-3.8749505129072716e-07
-3.9174676106310533e-07
-3.9604512089424517e-07
-4.0039064000345456e-07
-4.047838386298452e-07
-4.0922523589670846e-07
-4.1371536508997067e-07
-4.182547549030674e-07
-4.2284395244959554e-07
-4.2748349559601864e-07
-4.321739462290826e-07
-4.369158509734904e-07
-4.4170978771455654e-07
-4.465563107733557e-07
-4.5145601574670194e-07
-4.564094634286822e-07
-4.6141726889396524e-07
-4.664799985065098e-07
-4.715982874198125e-07
-4.767727091348369e-07
-4.820039160120728e-07
-4.872924936547278e-07
-4.926391064488423e-07
-4.980443574338037e-07
-5.035089203317715e-07
-5.090334158021532e-07
-5.146185303216356e-07
-5.202648971598732e-07
-5.259732226062564e-07
-5.317441446283896e-07
-5.375784000499675e-07
-5.43476617469868e-07
-5.49439585775845e-07
-5.554678930699483e-07
-5.615624270770216e-07
-5.677236669158982e-07
-5.739527025026316e-07
-5.802497514720105e-07
-5.866163171864788e-07
-5.930521348171739e-07
-5.995593111164091e-07
-6.061370614884615e-07
-6.127879161727228e-07
-6.195109791999132e-07
-6.263086890049034e-07
-6.331804979885637e-07
-6.40128486809131e-07
-6.471525396141279e-07
-6.542543590680396e-07
-6.614343802491631e-07
-6.686936515714313e-07
-6.760335675615569e-07
-6.83454114763771e-07
-6.909578052137445e-07
-6.985437268276534e-07
-7.062150419613459e-07
-7.139705972286246e-07
-7.218134331656825e-07
-7.297427757889949e-07
-7.377612894369839e-07
-7.458684113577103e-07
-7.540669417613246e-07
-7.623559092129802e-07
-7.707389821661847e-07
-7.792138852499115e-07
-7.877861251036843e-07
-7.96451437916221e-07
-8.052176428925489e-07
-8.140776617950003e-07
-8.230430624871991e-07
-8.321022508966415e-07
-8.412720179130917e-07
-8.505351276437423e-07
-8.599148428713524e-07
-8.69386377554647e-07
-8.789821044456747e-07
-8.88666089479467e-07
-8.984845010539047e-07
-9.083845003538503e-07
-9.184320593383193e-07
-9.285520061593985e-07
-9.388339127062734e-07
-9.491812536935665e-07
-9.596990206322056e-07
-9.70285165903138e-07
-9.810392595647251e-07
-9.918727072331848e-07
-1.002869187019832e-06
-1.0139526291105903e-06
-1.0252027359629844e-06
-1.0365365424867042e-06
-1.0480537206741976e-06
-1.0596366646687164e-06
-1.071436055513587e-06
-1.0832661197904053e-06
-1.0953669179620531e-06
-1.1074260950947289e-06
-1.1198752297527682e-06
-1.1321032776790948e-06
-1.1450209435880402e-06
-1.1572147796551097e-06
-1.1709971685887127e-06
-1.1825321392664248e-06
-1.1970336483424493e-06
-1.2076523078306117e-06
-1.2219177092601813e-06
-1.2321730142161175e-06
-1.2452262107710138e-06
-1.255123390272745e-06
-1.26689995519607e-06
-1.2760169351856004e-06
-1.2862228340477372e-06
-1.2946038924176173e-06
-1.3030646913271896e-06
-1.3101992929736433e-06
-1.3163426076170937e-06
-1.3232303246128035e-06
-1.3272087797458476e-06
-1.3328575937635208e-06
-1.3358073834660597e-06
-1.3401160172830192e-06
-1.3424908952467491e-06
-1.3453626478802938e-06
-1.3474631006247552e-06
-1.3493442270360798e-06
-1.348888705267337e-06
-1.3507331883691812e-06
-1.3476383222995984e-06
-1.3480410747478523e-06
-1.3420809624190488e-06
-1.3412679479794234e-06
-1.33190432072554e-06
-1.3309218551812367e-06
-1.3174322988879043e-06
-1.3174171413365835e-06
-1.2999124004235132e-06
-1.3003772917834049e-06
-1.2773733771941206e-06
-1.2818710284625764e-06
-1.2507955133838483e-06
-1.2624150392892075e-06
-1.220705430599045e-06
-1.2436750866564455e-06
-1.1865853571865759e-06
-1.22500828474148e-06
-1.1516569838106866e-06
-1.185762133270457e-06
-1.1159293222991196e-06
-1.1375716590811963e-06
-1.0755531048567413e-06
-1.0867772773639692e-06
-1.0347391810089542e-06
-1.0403952644122416e-06
-9.680492379484165e-07
-1.0028175158917352e-06
-8.920138724437254e-07
-9.563543698670914e-07
-8.065060167234284e-07
-9.248540646113711e-07
-7.022166043126055e-07
-9.195120518508404e-07
-5.327553314585405e-07
-1.0553783720591576e-06
-4.782602682417911e-08
-1.8996674076752172e-06
2.5145743190115206e-06
-1.0627595386041066e-05
-8.81074300771573e-06
-2.28979647696315e-05
-2.2861364018676527e-05
-3.671055904399677e-05
-3.633916370943092e-05
-4.5456255957038584e-05
-5.1148062006486634e-05
-5.812593574161485e-05
-5.949930974556185e-05
-6.9266786328623e-05
-7.217820535296749e-05
-8.034072282202612e-05
-8.532648927883635e-05
-9.157836084778973e-05
-9.986624294104943e-05
-0.00010390377332054228
-0.00011334245925325934
-0.0001194327485672023
-0.00012587712246870818
-0.00013386251911585924
-0.0001414875700820452
-0.00014654207518117698
-0.00015724587062567515
-0.00015906938068535408
-0.0001690737732621012
-0.00017581448180694335
-0.0001811848635776493
-0.00018744447209865752
-0.0001956734644766976
-0.0001999037199146743
-0.00020800066133217063
-0.0002124951785506145
-0.00022209410621183543
-0.00022711826889077976
-0.00023786375762091896
-0.0002391727216253264
-0.00025226553764406024
-0.000255534526533052
-0.0002674050249882996
-0.0002703610404498253
-0.0002838156492774942
-0.00029009125741225907
-0.00029945520774035325
-0.0003087806245421861
-0.0003140191759443669
-0.0003276313640210147
-0.0003309650671599382
-0.0003407988991768547
-0.00034627444323721346
-0.00035933763226501177
-0.00036487495583983074
-0.00038277700409192395
-0.0003864509445917888
-0.0004056630010561181
-0.0004128273512582591
-0.0004300234616790903
-0.000437247482260007
-0.0004497131545423303
-0.0004646080819018714
-0.00046902645244870013
-0.00048187535477484713
-0.00048473318136033983
-0.0004967367744525514
0.0023161683111463617
0.0024835442352511604
0.0022878619136473804
0.0024176891454055554
0.002323729989991099
0.002298242950975595
0.0023737168758845976
0.0022436548645748183
0.002333663128302558
0.00226215766302622
0.002261550014223731
0.0022701242671399847
0.002394292707043244
0.0024675335901749203
0.002404727740325828
0.00256292701777726
0.0025192109531752558
0.002509937713510706
0.002602618200966247
0.002555931987196519
0.0027443899687803266
0.0027464587365017157
0.0028427286255995636
0.002951450037592654
0.0029323530960740796
0.0029227289169292308
0.0030146015314792543
0.0028948572616560955
0.002926366271246445
0.0029389762894083873
0.0028746796729793313
0.002903322370076804
0.002841531810110054
0.0031031189994435446
0.0028807532459912723
0.0031668430959938512
0.0029414949125935647
0.00316791328842237
0.003107035168745062
0.0031115682789826776
0.003085536035856389
0.0032465861913262197
0.0032570203140240075
0.0032147513050195236
0.003340724008314629
0.0033973925642270596
0.003262360919797332
0.0038071274226323306
0.0027142308953686206
0.0028628560193538163
0.004152927574789436
0.0025811077428648543
0.004748843178610169
0.001727498543244661
0.006084145390369873
0.0005009470671004318
0.006506789353053613
0.0002928240867271085
0.0077118766839957675
-0.0011481058075940695
0.009599091359550407
-0.0031069177998089667
0.01253494218505679
-0.007835429705159856
0.020338315197690762
-0.017403884934501387
0.03433375885458625
-0.042589116994595444
0.08042987002364917
0.9176296944769335
0.2773688974736994
-0.04472896286775058
-0.15900239528250132
0.16795642245888823
-0.07590443498870902
-0.13551721801917624
-0.014380637700536438
-0.2149743983335367
-0.3000404711435918
-0.25359629092497077
-0.1127339723815328
0.18309637189696962
0.25403907240185253
0.09748018799853078
-0.07879895455294175
-0.1916216753077142
-0.08073348518257292
-0.04173381169542366
0.1431710132945464
0.10738554427627947
0.02888382620212744
-0.08617911424598881
-0.06573099408162653
0.017109261779635537
0.004194130026122467
5.946225363979139e-05
-0.037514442386208983
0.005622616998264843
0.05594385385811209
0.03397596318424099
-0.019309753942572637
-0.053575758758978444
-0.07125964475557503
0.00023131060351470694
0.04054700399280892
0.05322913815099424
0.038758122939818423
-0.03391844129611288
-0.0980052110749715
-0.06462093369599423
0.031084303157106988
0.10170924634393821
0.055303683330689024
-0.019798317227192174
-0.06309790088136441
-0.08046854311886459
-0.02812986989454363
0.04657193967307929
0.08406273857474789
0.024971971066513353
-0.04758427521891055
-0.0721015394527935
-0.024870433268665216
0.02496354966917277
0.05161078446016425
0.03542796449167662
0.0006217551928153176
-0.02334421171005887
-0.03187677792747262
-0.007440992698501014
0.009830687648733884
0.01864633672887183
0.0007893310169402352
-0.014915305753209686
-0.011824229907933942
-9.18429404267873e-05
0.0016054661574305146
-0.010701684867748137
-0.009553886362671647
-0.00031952548939798674
0.01120847328723292
0.009728334853607433
0.0050776100486434605
-0.007447795435654596
-0.018257991404448705
-0.01331054660768529
0.007519743347933775
0.02749054280883475
0.018519938852390422
-0.007472725522013626
-0.02788112366803421
-0.0226251436655238
-0.001206268819474472
0.01744893730423349
0.020280714145117708
0.007007114513048869
-0.012180448572144146
-0.022067897597190064
-0.012084329990366762
0.008583941972115084
0.02332258677665712
0.01126698497035361
-0.0020371050941704067
-0.013624632372776372
-0.009280080376078862
-0.0007949760400322251
0.008269979824366443
0.009905529359092745
0.0034702503921708074
-0.0023407923139191654
-0.006868043439943124
-0.003416178254351575
0.0014706650167197856
0.001064593005234077
-0.0010216180554807092
-0.0034333439576632136
-0.0007087508288488955
0.0009389006174623442
-0.0015880187876204342
-0.0034941838768517393
-0.0034540089458955855
-0.0004794534176756375
0.0032974830632181177
0.006688630246217912
0.005938986143533666
0.00031576442165607427
-0.005613321346067129
-0.005710415181515806
0.000852484616482305
0.006823909067528532
0.005796039604420607
-0.0007267660058830629
-0.006863826060468834
-0.008728278400261207
-0.005413371479980055
-0.000212751972782102
0.0032648200244310426
0.001981642692745429
-0.0031924595627267523
-0.007318265539638308
-0.005602635783434911
-0.0004049349599800677
0.0032177033261219018
0.0035108036637999177
0.0014005140037224755
-0.0006543432098266629
-0.0017571485723507814
-0.00073332315015762
0.0003908625762104748
0.0012542293668594724
7.257270674686234e-05
-0.001672815729286333
-0.002126323338703454
-0.0013996512096325405
-0.0009728081640366058
-0.0011246580461369698
-0.00144874581511644
-0.0004894841267598146
0.000590206249889639
0.0013085849761889173
0.00042775249428580195
-0.0004847211281735442
-0.0012610626582179923
-0.0006301402296419921
0.0005766948917371887
0.0020392166536244674
0.0019748131571336058
0.000554652634568229
-0.0004911986556847385
-0.0018871510369667494
-0.0005372794346810903
0.0014078188561241632
0.002882948499253816
0.0008689413884919335
-0.001545176576311696
-0.001865201315940276
-0.0013193587199352862
0.0005557060230402562
0.002453950172464049
0.0018410003187045842
0.0007474351849240761
-0.0008948321656771452
0.00037025593625150005
0.0003757649055734159
0.0008236550187776354
0.0008825517191333194
0.000969617798440376
0.00039019453300407643
-0.0007235667422568
0.0001552034098266467
0.0008931838107251156
0.0006059901517724365
1.0465871873916247e-05
0.0005111893062947284
0.0005170913247506712
0.0008110550298205336
0.0005942808054293996
0.0006652502275802382
-0.0002039108912491105
9.167665424556848e-05
-0.0002355620578493716
9.250553102929486e-06
-0.0001366897311401989
-5.945825266115033e-05
-0.00011225050408785896
-2.528010107502414e-05
-5.825929531748917e-05
-2.7944541390880493e-05
-2.6921598453640656e-05
-1.7327521510248104e-05
-4.069258915611468e-05
-1.7118694278253806e-05
-6.05130235789759e-06
5.011477233432104e-06
1.5992597077519634e-06
5.060891263785304e-06
4.950602170241715e-07
8.155006469307436e-07
4.07529468254321e-06
6.89489955340997e-06
6.159498768956305e-06
4.78871284063649e-06
3.488113882592434e-06
4.362145997202985e-06
3.4729779379212046e-06
2.5783116921132424e-06
1.3889846183067628e-06
1.4042415931673352e-06
5.853632402997861e-07
7.584676411361642e-07
9.562254698009063e-07
1.1202213031442562e-06
7.37090368313137e-07
7.220979829694867e-07
7.187834188475645e-07
8.149283475197301e-07
8.324475653918471e-07
9.676568148218705e-07
1.0013847174633844e-06
1.039828175773607e-06
1.0560616640883165e-06
1.1452668415558266e-06
1.192696525405398e-06
1.2051632255308557e-06
1.203164260779927e-06
1.2363292434533013e-06
1.260865812093649e-06
1.2782049738105182e-06
1.295789161874473e-06
1.3134675948555416e-06
1.3164335627849566e-06
1.3221100342806629e-06
1.3350195996796402e-06
1.350499667363697e-06
1.360837284519414e-06
1.3727221458496424e-06
1.386272952363433e-06
1.4006977988376536e-06
1.4142618642193382e-06
1.4295540178374685e-06
1.4453421513928137e-06
1.4606583816721003e-06
1.4756164456817406e-06
1.4921360904371697e-06
1.5092910249244439e-06
1.5262173314670169e-06
1.5429536158635682e-06
1.5601971242460225e-06
1.577495716284863e-06
1.5948530283213178e-06
1.612490068268746e-06
1.6304641697311578e-06
1.6484441183125826e-06
1.6665080566583695e-06
1.6848224181249816e-06
1.7033964956926495e-06
1.7220967008487256e-06
1.740964172724374e-06
1.7600548304561037e-06
1.7793592210916045e-06
1.798845737734523e-06
1.8185613928339145e-06
1.8385190947416835e-06
1.858688810215444e-06
1.8790585119441913e-06
1.8996604514934928e-06
1.920501278690088e-06
1.94156948896693e-06
1.9628659091238017e-06
1.9844025926080274e-06
2.0061773370869986e-06
2.0281879057181543e-06
2.0504405097553774e-06
2.0729415267204017e-06
2.095689124168021e-06
2.118683803890853e-06
2.1419307560640102e-06
2.1654343321233713e-06
2.1891953927016816e-06
2.2132164087672497e-06
2.2375012871250766e-06
2.2620528092702485e-06
2.286872926250596e-06
2.31196505606269e-06
2.3373328855514144e-06
2.3629791461180286e-06
2.3889064274026234e-06
2.4151181151959786e-06
2.4416175648379716e-06
2.468407756359755e-06
2.495491786880244e-06
2.5228730551217146e-06
2.550554829921191e-06
2.578540283670709e-06
2.6068327637776903e-06
2.6354357454722206e-06
2.664352613396259e-06
2.6935867427028276e-06
2.7231416289163254e-06
2.753020829383227e-06
2.7832278798019597e-06
2.81376635847359e-06
2.8446399212519492e-06
2.8758522529780985e-06
2.907407051101936e-06
2.9393080699052863e-06
2.971559121736373e-06
3.0041640477328907e-06
3.0371267213039196e-06
3.070451067991968e-06
3.104141061371652e-06
3.138200712965504e-06
3.1726340759443816e-06
3.207445252995794e-06
3.24263839055405e-06
3.2782176782229723e-06
3.3141873513123365e-06
3.3505516951696374e-06
3.387315041788108e-06
3.4244817687070946e-06
3.4620563003941174e-06
3.5000431119831983e-06
3.5384467272014334e-06
3.57727171900607e-06
3.6165227115343354e-06
3.6562043793679153e-06
3.696321447862333e-06
3.7368786935595977e-06
3.7778809460955597e-06
3.819333089126985e-06
3.861240058340362e-06
3.903606844624661e-06
3.94643849369828e-06
3.989740105118933e-06
4.033516836064038e-06
4.077773899301314e-06
4.1225165657507445e-06
4.167750163424234e-06
4.213480078660292e-06
4.2597117575742666e-06
4.3064507051840395e-06
4.353702487809585e-06
4.401472733030903e-06
4.449767128775987e-06
4.498591426595547e-06
4.547951439925688e-06
4.59785304768659e-06
4.64830219214056e-06
4.699304881415622e-06
4.7508671891342835e-06
4.802995254678949e-06
4.8556952866353476e-06
4.908973560152283e-06
4.962836419795252e-06
5.01729028107821e-06
5.0723416284113865e-06
5.127997016337281e-06
5.184263073299347e-06
5.241146499843086e-06
5.298654071101035e-06
5.3567926326832105e-06
5.415569110392426e-06
5.4749905027051335e-06
5.535063885979061e-06
5.5957964135676386e-06
5.657195317570335e-06
5.719267911830962e-06
5.782021587222644e-06
5.845463815345488e-06
5.909602151911789e-06
5.97444423578071e-06
6.039997788661808e-06
6.106270616146325e-06
6.173270611198323e-06
6.241005751597695e-06
6.309484103805135e-06
6.378713822516313e-06
6.448703152139856e-06
6.519460428518198e-06
6.590994077043666e-06
6.663312616035991e-06
6.736424656615669e-06
6.810338906676483e-06
6.885064168737909e-06
6.960609340193186e-06
7.036983418126641e-06
7.114195497412434e-06
7.192254773167456e-06
7.27117054041132e-06
7.35095219662335e-06
7.431609243879755e-06
7.513151286817066e-06
7.595588035640144e-06
7.678929306913218e-06
7.763185025482823e-06
7.848365225833487e-06
7.934480051412923e-06
8.021539756604412e-06
8.109554708926972e-06
8.198535390514534e-06
8.288492397026269e-06
8.379436441301267e-06
8.471378353583727e-06
8.564329082603149e-06
8.658299697099153e-06
8.753301387563793e-06
8.849345467657746e-06
8.946443374740099e-06
9.044606672252951e-06
9.14384704938238e-06
9.24417632400807e-06
9.34560644403915e-06
9.448149488758891e-06
9.55181766928645e-06
9.656623330441059e-06
9.76257895432699e-06
9.869697157767276e-06
9.977990696616909e-06
1.0087472467398308e-05
1.0198155508284011e-05
1.0310052999794252e-05
1.0423178266823088e-05
1.053754478150086e-05
1.0653166162814852e-05
1.0770056179449771e-05
1.0888228751902316e-05
1.1007697951824318e-05
1.1128478006945989e-05
1.125058330058229e-05
1.1374028373271644e-05
1.149882792546254e-05
1.1624996819064584e-05
1.175255007900976e-05
1.1881502894766673e-05
1.2011870623352848e-05
1.2143668789043292e-05
1.2276913087055485e-05
1.2411619384616011e-05
1.2547803724618448e-05
1.2685482323294495e-05
1.2824671576450956e-05
1.2965388059406422e-05
1.3107648529764445e-05
1.3251469928115883e-05
1.3396869382012282e-05
1.3543864206411052e-05
1.3692471905395014e-05
1.3842710176877396e-05
1.3994596912152548e-05
1.4148150197068176e-05
1.430338831962712e-05
1.4460329766212594e-05
1.4618993223287783e-05
1.4779397589174828e-05
1.4941561963368287e-05
1.5105505661667119e-05
1.52712481993212e-05
1.5438809320163617e-05
1.560820897638358e-05
1.5779467340421623e-05
1.5952604807138032e-05
1.6127641993777912e-05
1.630459974742834e-05
1.648349913863697e-05
1.6664361471368085e-05
1.6847208284537143e-05
1.7032061353324814e-05
1.7218942690746045e-05
1.740787455140443e-05
1.7598879433665176e-05
1.7791980084537256e-05
1.7987199497241063e-05
1.8184560921749235e-05
1.8384087859713353e-05
1.8585804073552423e-05
1.878973358341527e-05
1.899590067385202e-05
1.9204329896818292e-05
1.9415046073011186e-05
1.9628074296939256e-05
1.9843439935260415e-05
2.0061168635975284e-05
2.028128632697865e-05
2.05038192213491e-05
2.0728793819109535e-05
2.095623691142481e-05
2.1186175583936574e-05
2.141863721856073e-05
2.1653649497856056e-05
2.1891240408630297e-05
2.2131438244489196e-05
2.2374271609412505e-05
2.2619769421861058e-05
2.2867960915823077e-05
2.3118875647842787e-05
2.337254349814538e-05
2.3628994675234903e-05
2.3888259718158125e-05
2.41503695021638e-05
2.44153552400473e-05
2.468324848810266e-05
2.495408114772113e-05
2.522788547194843e-05
2.5504694066851713e-05
2.5784539896114844e-05
2.6067456285167045e-05
2.6353476924624586e-05
2.6642635876095166e-05
2.6934967574191934e-05
2.7230506830989987e-05
2.7529288841227073e-05
2.7831349185186705e-05
2.8136723833543237e-05
2.844544915235614e-05
2.8757561905998208e-05
2.9073099263008523e-05
2.9392098798756983e-05
2.971459850150543e-05
3.0040636776251795e-05
3.037025244925079e-05
3.070348477330481e-05
3.104037343138605e-05
3.138095854141477e-05
3.172528066245489e-05
3.207338079841762e-05
3.242530040222999e-05
3.2781081383308794e-05
3.314076610940733e-05
3.350439741347036e-05
3.387201859908831e-05
3.424367344417867e-05
3.4619406207527306e-05
3.4999261633743284e-05
3.538328495737361e-05
3.5771521910785836e-05
3.6164018726358776e-05
3.656082214526825e-05
3.6961979420465155e-05
3.736753832466605e-05
3.7777547153427724e-05
3.819205473316878e-05
3.86111104252497e-05
3.903476413269491e-05
3.946306630729299e-05
3.989606795294469e-05
4.033382063458463e-05
4.0776376480726115e-05
4.122378819391634e-05
4.167610905687468e-05
4.21333929295515e-05
4.2595694271771456e-05
4.306306813157187e-05
4.353557017394358e-05
4.4013256661701305e-05
4.449618448099015e-05
4.498441114228306e-05
4.547799478599179e-05
4.597699419020898e-05
4.648146877880643e-05
4.6991478628291214e-05
4.750708447240088e-05
4.802834771138885e-05
4.855533042139254e-05
4.908809535695592e-05
4.962670596258634e-05
5.017122638093733e-05
5.072172145456936e-05
5.1278256740297485e-05
5.1840898512262685e-05
5.2409713774187114e-05
5.2984770261637736e-05
5.3566136457101784e-05
5.4153881592893666e-05
5.4748075659397447e-05
5.534878941739689e-05
5.5956094403029465e-05
5.657006293712484e-05
5.7190768134470025e-05
5.7818283911881046e-05
5.84526849972105e-05
5.909404693815127e-05
5.974244611137852e-05
6.039795973300684e-05
6.106066586337826e-05
6.173064342227737e-05
6.240797219338439e-05
6.309273283612755e-05
6.378500689634982e-05
6.448487681408668e-05
6.519242593314156e-05
6.590773851209309e-05
6.663089973396336e-05
6.736199571658226e-05
6.810111352292163e-05
6.884834117142948e-05
6.960376764575307e-05
7.036748290581776e-05
7.113957789946918e-05
7.192014457103706e-05
7.270927587437132e-05
7.350706578433674e-05
7.431360930589253e-05
7.512900248605884e-05
7.59533424265072e-05
7.678672729394178e-05
7.762925633205634e-05
7.848102987358498e-05
7.934214935266786e-05
8.021271731571558e-05
8.109283743472665e-05
8.198261451903936e-05
8.288215452806075e-05
8.3791564583411e-05
8.471095298267107e-05
8.564042921201543e-05
8.65801039578464e-05
8.753008912153366e-05
8.849049783270224e-05
8.946144446179039e-05
9.044304463440202e-05
9.14354152442582e-05
9.243867446815605e-05
9.345294178007444e-05
9.447833796424757e-05
9.551498512962598e-05
9.656300672624026e-05
9.762252755862993e-05
9.869367379889034e-05
9.977657300537122e-05
0.00010087135413421738
0.00010197814756073356
0.0001030970850861455
0.000104228299958627
0.00010537192688985387
0.00010652810206949765
0.00010769696318029681
0.00010887864941658081
0.00011007330150056803
0.00011128106169707233
0.00011250207383251346
0.00011373648331144178
0.00011498443713430992
0.00011624608391351543
0.00011752157389374653
0.00011881105896698442
0.000120114692690498
0.00012143263030935103
0.00012276502876856256
0.00012411204673979433
0.00012547384463190182
0.00012685058461508656
0.00012824243063837152
0.00012964954845049023
0.0001310721056182665
0.0001325102715484316
0.00013396421750502927
0.0001354341166309774
0.00013692014396957688
0.0001384224764854657
0.00013994129308381547
0.0001414767746335528
0.00014302910398857993
0.00014459846600829262
0.00014618504758039523
0.0001477890376428405
0.00014941062720779763
0.00015105000938281805
0.00015270737939503056
0.00015438293461178299
0.00015607687456699852
0.0001577894009841276
0.00015952071780054114
0.00016127103118978849
0.0001630405495892008
0.00016482948372231897
0.00016663804662516796
0.00016846645366958094
0.0001703149225927789
0.00017218367352097425
0.00017407292899489858
0.00017598291399631256
0.0001779138559763813
0.000179865984881998
0.000181839533183361
0.00018383473590087769
0.00018585183063398735
0.00018789105758892523
0.00018995265960822222
0.0001920368821964572
0.0001941439735564267
0.00019627418460927998
0.00019842776903559968
0.0002006049832901242
0.0002028060866536797
0.0002050313412374498
0.00020728101204602186
0.00020955536697113474
0.0002118546768669514
0.0002141792155356192
0.00021652925980635072
0.0002189050895253892
0.00022130698762684
0.00022373524013517138
0.0002261901362251165
0.00022867196823453764
0.0002311810317135181
0.0002337176254583015
0.00023628205153255078
0.0002388746153324183
0.00024149562558069726
0.0002441453944155292
0.00024682423737122606
0.0002495324734724829
0.00025227042521515516
0.0002550384186681136
0.0002578367834343096
0.0002606658527897223
0.0002635259635946236
0.0002664174564969042
0.00026934067576751537
0.00027229596960100374
0.0002752836898265009
0.0002783041923640851
0.00028135783676156204
0.0002844449868379855
0.0002875660100286933
0.00029072127823094487
0.00029391116692581724
0.000297136056293645
0.00030039633000587384
0.000303692376745553
0.00030702458851481374
0.00031039336273218647
0.0003137990998672565
0.0003172422063114459
0.0003207230911348378
0.00032424216995755815
0.00032779986063871094
0.00033139658813434675
0.00033503277944741137
0.00033870886890016776
0.000342425292987524
0.00034618249554278823
0.0003499809226967234
0.00035382102819866827
0.0003577032677571021
0.0003616281055239133
0.0003655960067571554
0.0003696074464942914
0.00037366289940302013
0.00037776285221242164
0.00038190778831549054
0.00038609820771586586
0.0003903346007612298
0.0003946174839943757
0.00039894735040044583
0.00040332473955987736
0.00040775014017024186
0.00041222412129511207
0.0004167471657219495
0.0004213198666505238
0.0004259427148797521
0.0004306163094182254
0.000435341166173513
0.0004401178818990725
0.00044494699486876364
0.00044982911003825163
0.00045476477978250926
0.00045975461672413936
0.0004647991991394186
0.00046989913250431586
0.0004750550285881191
0.00048026749211105583
0.00048553715227767254
0.0004908646305209607
0.000496250565687213
0.0005016955903584782
0.0005072003687560892
0.0005127655290624279
0.0005183917743520837
0.0005240797146129138
0.0005298301154570765
0.0005356435301535048
0.0005415208374302782
0.0005474624883637074
0.0005534694992011535
0.0005595422243069408
0.0005656817892211747
0.0005718884811392773
0.000578163533901512
0.0005845071290028012
0.0005909206841865451
0.000597404174165695
0.0006039593183594753
0.0006105857561525744
0.0006172856523687792
0.0006240581416162598
0.0006309060406574337
0.0006378277433589739
0.0006448269313789204
0.0006519011854645711
0.0006590548739827686
0.0006662852408827798
0.0006735966432308395
0.0006809866621123569
0.0006884593168355836
0.0006960122937498319
0.0007036500425787926
0.0007113693080074701
0.0007191759857017362
0.0007270650550629649
0.0007350445716782592
0.0007431069342685856
0.0007512635026805442
0.0007595023512115564
0.0007678408992008311
0.000776258268643016
0.0007847863521980997
0.0007933794736830957
0.000802113328975446
0.0008108721237314042
0.0008198231869435899
0.0008287510931019862
0.0008379036015375923
0.0008470387715848442
0.0008563667856629322
0.0008657277960377211
0.0008752470089072092
0.0008848149537903933
0.0008945546474390109
0.0009043300987806699
0.0009142845032167023
0.0009242820021573284
0.0009344496746651965
0.0009446710995719637
0.000955071328514974
0.0009655255404743667
0.0009761488542690787
0.0009868503096517565
0.000997709015029765
0.0010086637783386242
0.0010197645055401768
0.0010309725165944493
0.0010422962393024232
0.0010538071426155256
0.0010653092692830806
0.0010771612796080764
0.0010888435401264522
0.0011010068036173201
0.0011129235546255955
0.0011253736074119183
0.001137565857526994
0.0011502926616542286
0.0011627336411849584
0.001175802702794132
0.0011884032347148701
0.001201919967217916
0.001214595310172234
0.0012286637502786774
0.0012413273146119862
0.0012560751430078648
0.0012685676640360813
0.0012842140995068547
0.0012964950886009338
0.0013126523581053033
0.0013253502797257108
0.001341451859209225
0.001354958716968259
0.001371189900458607
0.0013848669356267586
0.0014019580080499236
0.0014151681327982685
0.0014336737589790184
0.0014458107714644397
0.0014662937958787904
0.0014769755930181087
0.0014996081844479564
0.001508687901453653
0.001534493693312972
0.0015391119218109307
0.0015746904812335705
0.0015598153156304705
0.0016419665506216333
0.0014977356760307418
0.0017862378934457301
0.001547811509463759
0.0018932002946521198
0.0016886478927251973
0.0018275866493944054
0.001764213848925028
0.001851365435212797
0.0017573985320952223
0.0018255566714770275
0.0017192064386028494
0.0018619668874524653
0.001662835495233883
0.002002739559405088
0.0017018676186041082
0.001992076560134698
0.0017726691468355413
0.0019030853966996095
0.0018520046860210637
0.0018810079885872577
0.0017858171931573671
0.001840474289087013
0.0017785465898426875
0.0017946380502208373
0.0017810920098349156
0.0017465392366851004
0.0018443286491171083
0.0016912672324844455
0.0019954545317415733
0.001742737989945282
0.00197479954822797
0.0018875672561158756
0.0018803293726329406
0.002071195949237182
0.0019442618998642485
0.0021132617837657922
0.0019776394006649524
0.0020977239592379583
0.0019226319785207722
0.002057804715626459
0.0018666508810209895
0.0019896874973659353
0.0018602441174450425
0.0019818697243765854
0.0019324671505723328
0.0019994231515513806
0.0020319392274376524
0.001953904792920011
0.002182530402041107
0.002067298398090211
0.0021314638515361607
0.0021776365886703956
0.002076803319496155
0.0023220296796287146
0.0021780169331363257
0.0023245655947215587
0.002312589175633371
0.0022476936042113184
0.0025021930866038745
0.0022662116560360967
0.002525552816425765
