-0.0014750428893721898
-0.0014063171846104134
-0.0014186659575671139
-0.0013920843058532458
-0.0013171160704093577
-0.0013461698173554155
-0.0012546849390883074
-0.0013638801720270313
-0.001279459116167731
-0.0014562629275558549
-0.0013993738595877926
-0.0014633052449167603
-0.001556928225006176
-0.0015514683243244226
-0.0017088053257975798
-0.0016344415604336564
-0.0017927209955083683
-0.001809209853390481
-0.0018060321131069385
-0.001763856649527788
-0.0017659979974739436
-0.0016894287458526919
-0.0016091357547331066
-0.0015610425623672317
-0.0015677767909799978
-0.0014744322373795387
-0.0014889307483660808
-0.001505695649792861
-0.0014108818994599272
-0.0014876347976803964
-0.0013851763852351464
-0.0015947538832931608
-0.0014502717720630638
-0.0017355736396763805
-0.0016373329231137968
-0.0019118927945762974
-0.0018613093334916002
-0.0021426561144876777
-0.002071308177886648
-0.0022149296085987973
-0.0021207912586203564
-0.0021763965530844924
-0.0021906865089585097
-0.0022031693921838458
-0.002139398630341929
-0.0021916598736306586
-0.001945935968579223
-0.002364189603774712
-0.001559818428768192
-0.0025514471911999488
-0.0009571108380583691
-0.003300180528767712
0.0005500097529713471
-0.004559145700601496
0.0027137708567487443
-0.008517388728359946
0.008750447456448686
-0.01814034403166276
0.023682580596817753
-0.04596328699236187
0.12304067856864936
0.3829495936665799
0.15168887081674992
0.1435286514812851
-0.01402700133035081
0.1728765663115217
0.0006956720678156182
0.08342064531331311
-0.03126285881215111
-0.030024925517482533
-0.14603544510954564
-0.14513252424058426
-0.14438321549565103
-0.13295353134694632
-0.13947510603132424
-0.006085861555623099
-0.14833864512088507
-0.17463725337461056
-0.13494545820050546
0.07006057625838817
0.06510112953267586
0.09723199645080609
0.0526570998022268
0.08246644285394682
0.05484824405953752
0.06403007527282645
0.04796922521194283
0.10329389058526113
0.05181970581128602
0.017581224513878425
-0.042418537447047766
0.007884640425798232
-0.026058414642896162
0.02959434465847305
-0.04718774587711198
-0.061117199959687264
-0.09744730949697886
-0.029085164946738504
-0.0296519591770565
-0.01478924609564854
-0.02805068511501396
-0.010478125374798421
-0.03047135572985199
-0.013044398791946339
-0.008152174179034705
0.03183164495184027
0.024900808544565396
0.03307425889118251
0.002297473219827182
0.020917683288574306
0.00957418096230635
0.025701689570067552
0.015186807115523542
0.024009591809019574
0.005092587149509374
0.002194903934020113
-0.015671220910419364
-0.009330175586316086
-0.013393667775176827
-0.001329115236745786
-0.009866502961277461
-0.007165946783885348
-0.02188064531594848
-0.014016884011979407
-0.015493839000977535
0.00011339590261768802
-0.002947791247170956
0.0019772546028632406
-0.007013511125483118
0.002959458359509976
0.001603805116605947
0.009573187524579873
0.003520642495589181
0.00887250356822709
-0.0007662578148489219
0.0027732233245568094
0.0016121656149285033
0.009508323973698168
0.003986602117747947
0.0021035848555232663
-0.005910511610840684
-0.0042493971885381844
-0.007477698923911239
-0.0029637392344583494
-0.005449654222181078
-0.000410016970859845
-0.006177692260030217
-0.004731584118946892
-0.00788290805043737
-0.004538916675223558
-0.004645324232780332
-0.00047204301117663406
0.001602929198884715
0.0018602513081900872
-0.00021885627408276735
0.0006980749889198838
-0.0007046987507342948
0.003055766026840259
0.004030591182147349
0.006537676372448895
0.0028303379218634636
0.002326253983470578
-9.437815947169149e-06
0.003854490594105213
0.002379712561233749
0.0010237450956772053
-0.003200680178119871
-0.0035495917581686307
-0.004042454330731131
-0.0019323646254027597
-0.002649783975961787
-0.002652411125536957
-0.005334108794193138
-0.0041478205453217105
-0.004379417576800869
-0.000506244229561195
-0.0003039037201376609
0.0007868010724200896
-0.0004970414232898384
-0.0013610646551559477
-0.0025137658972130554
-0.0006646013874330968
-0.0007057664167317968
-0.0001637521622235502
-0.0010235843061402509
-0.0003542075932674395
-0.0016868871552182777
-0.0017287663462421782
-0.002425680316943681
-0.0011122583837796121
0.0002754260032650562
0.000859346413543505
-0.000720574029811849
-0.001167629656741765
-0.001285837318806777
-0.00026657644243821554
0.00042723360751236654
-6.73559901210707e-05
-0.00213623567321767
-0.0023671753032357664
-0.002464230252649172
-0.0007722745459334641
-0.0009357295319382414
-0.0008726151710609251
-0.0019235860231277936
-0.0019637717368776826
-0.0017459337808330873
5.130289013012329e-05
0.0007929158409035338
0.0010148710794288104
-0.00023150100220802093
-0.0004392137621902622
-0.00037453387450077456
0.0006084476599673596
0.0012110542347050952
0.0011536807539430658
0.00011865899142804405
-0.00045392012909602436
-0.0006714358393108519
-0.0005692289004270257
-0.0009038453231767231
-0.0008224175535392667
-0.001468003881963642
-0.0011169750626856293
-0.0010448271430041354
-0.0008923575281768732
-0.000817818571504218
-0.0007324930951100798
-0.0005699528705665746
-0.00020023434091727762
-0.00039795409826466453
0.00010565921165414782
7.670807354716216e-06
0.00047596555233021934
0.0005509872049789586
0.000504283185640228
0.0006679999243876572
0.0003481111728568791
0.00045196717983119595
0.0005933315915268944
0.0004141373959809222
0.00048785113118629395
-0.00026041994157594104
-0.0003564578800967957
-0.00045601425179062137
-8.491003059527973e-05
6.88786047281495e-05
-9.041062855055603e-06
-0.00025575070033644054
-0.0007556713724849535
-0.0009942453094936108
-0.00038248378672615046
6.731941930320515e-05
0.0002517442086861915
4.781966643940382e-05
-0.00017970721936887753
-0.00014130402207590098
-8.998631866792106e-05
3.385803965601323e-05
0.000215756526937868
0.00022687514550002595
0.00022022243113898297
-0.00020842669212703922
3.429084042386372e-05
-8.192275133463817e-05
5.800901820868405e-05
-6.956124851516005e-05
3.213220464659398e-05
-5.971436666045741e-05
4.207863998489426e-05
-3.693745243642081e-05
4.5763390763881094e-05
-3.385732510301242e-05
2.7339976151263476e-05
-5.236979560060864e-05
2.0787870200179685e-05
-3.7644422538343596e-05
2.5636088142029696e-05
-3.5936464319067e-05
2.2514790803194584e-05
-3.4570026997754986e-05
1.8157458666072607e-05
-3.339562427476749e-05
1.8252400292807e-05
-2.9492499307239755e-05
1.632658719836707e-05
-2.8925021876908662e-05
1.4998323458707092e-05
-2.6261978668557352e-05
1.3434650603662179e-05
-2.507907587527241e-05
1.1331878419685708e-05
-2.3874542634772127e-05
9.629053583939788e-06
-2.2576550874896475e-05
8.431255598456965e-06
-2.128804457806855e-05
7.020854454278284e-06
-2.0403826534605177e-05
5.796211654000312e-06
-1.943415455258162e-05
4.655434147069222e-06
-1.8602852577992467e-05
3.6170528100508366e-06
-1.7824919742705415e-05
2.635786325891679e-06
-1.7113565061441916e-05
1.7511062551962825e-06
-1.6463755741584826e-05
8.952188265618486e-07
-1.5891494755256404e-05
1.1226457380335134e-07
-1.5356830281065018e-05
-6.214310618922556e-07
-1.4880174642099603e-05
-1.309952737592714e-06
-1.4454160478102277e-05
-1.959621566929165e-06
-1.4073239832544313e-05
-2.5665898194596193e-06
-1.3733924102729382e-05
-3.1400733810152404e-06
-1.343410940390764e-05
-3.678912469285041e-06
-1.3169303110503868e-05
-4.188136648055523e-06
-1.2938007214940116e-05
-4.669508650746203e-06
-1.2737442407585037e-05
-5.125700161656872e-06
-1.2564975194273922e-05
-5.558259472113544e-06
-1.241881793586936e-05
-5.96989212040943e-06
-1.2297158175520947e-05
-6.362069217565481e-06
-1.2198172972634636e-05
-6.736686078079139e-06
-1.2120317123428658e-05
-7.095257793527342e-06
-1.206216177484197e-05
-7.4393099083578e-06
-1.2022336246482468e-05
-7.77015259409864e-06
-1.199965068488006e-05
-8.08909105956448e-06
-1.1992960060571139e-05
-8.397243441020863e-06
-1.200122294628056e-05
-8.695693621318338e-06
-1.2023483828213282e-05
-8.985423848716957e-06
-1.2058872139289294e-05
-9.267351185578967e-06
-1.2106577394275847e-05
-9.542314897609586e-06
-1.2165866014321632e-05
-9.81110030437313e-06
-1.2236060371074997e-05
-1.0074428468557182e-05
-1.2316542714346833e-05
-1.0332971300065167e-05
-1.2406746433282333e-05
-1.0587350044776421e-05
-1.2506154391802096e-05
-1.0838141402134353e-05
-1.2614292625855715e-05
-1.1085880117758708e-05
-1.2730729529556307e-05
-1.133106337198285e-05
-1.285507069275586e-05
-1.157415272727845e-05
-1.2986957031218475e-05
-1.1815577647079998e-05
-1.3126061535482787e-05
-1.2055737793478891e-05
-1.327208718188643e-05
-1.2295005533877884e-05
-1.3424764333609587e-05
-1.2533728116693034e-05
-1.3583848907009312e-05
-1.277222975567513e-05
-1.3749120241827908e-05
-1.3010813458723516e-05
-1.3920379436212866e-05
-1.3249762800844958e-05
-1.4097447645966082e-05
-1.3489343512292171e-05
-1.4280164612704522e-05
-1.3729804947045735e-05
-1.446838723988304e-05
-1.3971381445546907e-05
-1.4661988336739232e-05
-1.4214293585113058e-05
-1.4860855421979673e-05
-1.4458749334085087e-05
-1.5064889648755669e-05
-1.470494511725273e-05
-1.5274004799850855e-05
-1.4953066798572591e-05
-1.5488126372067024e-05
-1.5203290585486957e-05
-1.5707190727180364e-05
-1.5455783866674092e-05
-1.5931144317329416e-05
-1.5710705982625492e-05
-1.615994296739749e-05
-1.596820893803348e-05
-1.6393551217127786e-05
-1.622843805836982e-05
-1.6631941717355243e-05
-1.649153259739349e-05
-1.6875094672220262e-05
-1.675762629714593e-05
-1.7122997329546046e-05
-1.7026847904671885e-05
-1.7375643509787153e-05
-1.7299321651217947e-05
-1.7633033175646663e-05
-1.7575167692982906e-05
-1.789517203549737e-05
-1.7854502519864136e-05
-1.816207117968406e-05
-1.813743933313898e-05
-1.8433746746921668e-05
-1.842408839398957e-05
-1.8710219618309556e-05
-1.8714557346904276e-05
-1.8991515136483378e-05
-1.900895151933906e-05
-1.9277662848770933e-05
-1.9307374197130404e-05
-1.9568696271479898e-05
-1.9609926883669936e-05
-1.986465267520758e-05
-1.9916709535275508e-05
-2.0165572887400653e-05
-2.022782078393631e-05
-2.0471501111872688e-05
-2.0543358140069572e-05
-2.0782484765465188e-05
-2.0863418185530346e-05
-2.1098574328049305e-05
-2.1188096748626147e-05
-2.141982320529815e-05
-2.1517489068161326e-05
-2.174628760537279e-05
-2.1851689949753395e-05
-2.2078026426968714e-05
-2.2190793905078887e-05
-2.241510115470578e-05
-2.2534895286838857e-05
-2.2757575769222216e-05
-2.28840884136201e-05
-2.3105516662874637e-05
-2.3238467686148567e-05
-2.345899256422923e-05
-2.3598127695104165e-05
-2.3818074470279005e-05
-2.3963163324791734e-05
-2.4182835587367724e-05
-2.4333669848948525e-05
-2.4553351276650204e-05
-2.4709743019928065e-05
-2.492969900556863e-05
-2.5091479154835256e-05
-2.531195830767982e-05
-2.54789752157647e-05
-2.570021074370203e-05
-2.587232888422164e-05
-2.6094539870746142e-05
-2.6271638634660366e-05
-2.6495031214020595e-05
-2.6677003801668306e-05
-2.6901772244399685e-05
-2.7088524644757308e-05
-2.7314852357604273e-05
-2.750630241064693e-05
-2.773436285938291e-05
-2.7930439391643525e-05
-2.816039695263084e-05
-2.8361038982439477e-05
-2.8593049726874022e-05
-2.879820573349783e-05
-2.903241815339036e-05
-2.9242045404531984e-05
-2.9478601080330357e-05
-2.9692665012800686e-05
-2.993169923076237e-05
-3.0150172882964347e-05
-3.0391815204899137e-05
-3.06146786928399e-05
-3.085905348245967e-05
-3.10862935200983e-05
-3.133352042853187e-05
-3.156512988514702e-05
-3.181532430004624e-05
-3.205130179568199e-05
-3.230457525567703e-05
-3.254492478781254e-05
-3.2801385365651174e-05
-3.304611596745624e-05
-3.3305868624767675e-05
-3.3554994051692615e-05
-3.381814096660896e-05
-3.407167940770988e-05
-3.433832027774364e-05
-3.4596294092050645e-05
-3.486652641537802e-05
-3.512896189056258e-05
-3.540288122546448e-05
-3.566980835502387e-05
-3.594750856114701e-05
-3.62189608433042e-05
-3.650053430407415e-05
-3.677654855500597e-05
-3.7062086385820404e-05
-3.7342702571043656e-05
-3.7632294810313106e-05
-3.7917555889474585e-05
-3.8211291677459004e-05
-3.850124346389209e-05
-3.879921120877319e-05
-3.9093902239589816e-05
-3.939618977235378e-05
-3.9695671192948516e-05
-4.000236590884839e-05
-4.030669136494494e-05
-4.0617880359804324e-05
-4.092710590447102e-05
-4.1242876097269095e-05
-4.155706010008724e-05
-4.187749835161763e-05
-4.2196701421300044e-05
-4.2521894641400684e-05
-4.2846179554565256e-05
-4.3176214806476014e-05
-4.3505646443653054e-05
-4.3840611037080485e-05
-4.417525632625626e-05
-4.451523790814779e-05
-4.485516577234887e-05
-4.520025241165236e-05
-4.554553372661599e-05
-4.589581399279508e-05
-4.6246521542993204e-05
-4.660208458145033e-05
-4.6958293028220036e-05
-4.731922863165866e-05
-4.7681014480773724e-05
-4.804741315570741e-05
-4.8414854732075794e-05
-4.8786807761831995e-05
-4.915998518588812e-05
-4.9537584691761204e-05
-4.991657986217713e-05
-5.029991886103079e-05
-5.068481543818616e-05
-5.107398789614545e-05
-5.146487128941885e-05
-5.185997217580334e-05
-5.225692953577239e-05
-5.2658054872804755e-05
-5.306117508256875e-05
-5.346842199353271e-05
-5.387779566569037e-05
-5.4291262421776406e-05
-5.470698189643359e-05
-5.5126767961911254e-05
-5.5548927307256905e-05
-5.5975133382377834e-05
-5.640382839610866e-05
-5.683655645946639e-05
-5.727188467474775e-05
-5.771123802480321e-05
-5.815329871550201e-05
-5.859938201016818e-05
-5.904827619871572e-05
-5.950119549410219e-05
-5.995702596144417e-05
-6.041688875052173e-05
-6.0879760047168226e-05
-6.134667529736348e-05
-6.18166937554343e-05
-6.229077194488952e-05
-6.276804569217698e-05
-6.324939884646413e-05
-6.373403782149222e-05
-6.422277954968442e-05
-6.471489551852089e-05
-6.521114104809239e-05
-6.571084762045654e-05
-6.621471383249505e-05
-6.672212648229162e-05
-6.723373194698554e-05
-6.774896803038444e-05
-6.8268433040709e-05
-6.87916118176507e-05
-6.931905842464184e-05
-6.985030107982404e-05
-7.0385853126834e-05
-7.092528279299161e-05
-7.146906594970512e-05
-7.201680773045766e-05
-7.256894952741965e-05
-7.312513052220963e-05
-7.368576038529334e-05
-7.425050971372055e-05
-7.481975899903404e-05
-7.539320782779836e-05
-7.597120985494091e-05
-7.655349142408506e-05
-7.71403815123424e-05
-7.773163116300526e-05
-7.832754666562032e-05
-7.892790186851337e-05
-7.953298220796578e-05
-8.014258259204932e-05
-8.075696929470653e-05
-8.137595667786351e-05
-8.199979340972943e-05
-8.262831182862928e-05
-8.326174443351467e-05
-8.389994017576636e-05
-8.454311670811395e-05
-8.519113834121617e-05
-8.584420910553374e-05
-8.650220751394214e-05
-8.716532510010585e-05
-8.783345351613117e-05
-8.850677283665873e-05
-8.918518687435022e-05
-8.98688652027687e-05
-9.055772289492644e-05
-9.125191990357225e-05
-9.195138173414283e-05
-9.265625953397503e-05
-9.336648847657641e-05
-9.408221165380299e-05
-9.480337320606682e-05
-9.553010886458372e-05
-9.626237108934042e-05
-9.700028888841173e-05
-9.77438224481291e-05
-9.849309464370916e-05
-9.924807284143787e-05
-0.00010000887432786747
-0.00010077547314619984
-0.00010154798149716236
-0.00010232637963881411
-0.00010311077514941352
-0.00010390115407747722
-0.00010469761980727316
-0.00010550016378797669
-0.0001063088856051058
-0.00010712378174907388
-0.00010794494837254327
-0.00010877238667789873
-0.00010960618972365253
-0.00011044636312155067
-0.00011129299714696182
-0.00011214610154333118
-0.00011300576409284803
-0.00011387199841603304
-0.00011474489006818524
-0.00011562445631365542
-0.00011651078072808074
-0.00011740388400546083
-0.00011830384797083939
-0.0001192106965515569
-0.00012012451003378375
-0.00012104531539891355
-0.00012197319159098097
-0.00012290816848093875
-0.0001238503238526914
-0.00012479969031649882
-0.00012575634466500127
-0.0001267203221110141
-0.00012769169861293886
-0.0001286705118602482
-0.00012965683712325084
-0.0001306507144542531
-0.00013165221857065713
-0.00013266139178343475
-0.00013367830838349921
-0.0001347030128465293
-0.0001357355791538347
-0.00013677605386000578
-0.00013782451074660933
-0.0001388809983691266
-0.00013994559041149846
-0.00014101833736034774
-0.00014209931289732808
-0.00014318856937653402
-0.00014428618056695926
-0.0001453922006329431
-0.00014650670351441407
-0.00014762974513493024
-0.00014876139968393208
-0.0001499017247983274
-0.00015105079499091816
-0.00015220866957158815
-0.00015337542344475043
-0.0001545511175573602
-0.00015573582727239398
-0.00015692961514135115
-0.00015813255704670033
-0.00015934471711698955
-0.00016056617181262728
-0.00016179698681536973
-0.0001630372392194537
-0.00016428699623837872
-0.00016554633565226372
-0.0001668153261894902
-0.00016809404636636792
-0.00016938256641143675
-0.00017068096562374274
-0.00017198931572163807
-0.00017330769683287714
-0.00017463618215529794
-0.00017597485268806964
-0.00017732378310246055
-0.00017868305531222378
-0.00018005274545637804
-0.00018143293640358448
-0.00018282370575817232
-0.0001842251373816075
-0.0001856373103434313
-0.00018706030953656192
-0.00018849421549652111
-0.00018993911418275318
-0.0001913950876004833
-0.00019286222281166302
-0.0001943406032950631
-0.0001958303172485789
-0.00019733144963099674
-0.00019884408981168234
-0.0002003683242359658
-0.0002019042434750322
-0.00020345193547075286
-0.0002050114920295034
-0.00020658300259913503
-0.0002081665602522706
-0.00020976225595388794
-0.00021137018407434664
-0.00021299043710748875
-0.00021462311075200668
-0.00021626829904441186
-0.00021792609904190905
-0.00021959660633817066
-0.00022127991937827182
-0.0002229761353285827
-0.00022468535405138103
-0.00022640767430245277
-0.00022814319739115536
-0.00022989202367916539
-0.00023165425595230308
-0.00023342999619565408
-0.0002352193487015817
-0.00023702241709690227
-0.0002388393072093703
-0.0002406701243278165
-0.00024251497584394383
-0.0002443739687294519
-0.0002462472119682869
-0.000248134814236578
-0.00025003688613936797
-0.0002519535380792826
-0.00025388488231266337
-0.00025583103098887855
-0.00025779209804732765
-0.00025976819740376137
-0.00026175944471547633
-0.00026376595568246156
-0.00026578784771377946
-0.000267825238319516
-0.0002698782466781501
-0.0002719469921601573
-0.0002740315957101151
-0.00027613217861241404
-0.00027824886360339847
-0.0002803817738770176
-0.00028253103405772803
-0.00028469676919277564
-0.00028687910589352927
-0.00028907817106799735
-0.00029129409330353536
-0.00029352700149248845
-0.0002957770261075737
-0.00029804429816695014
-0.00030032894998483634
-0.00030263111475739264
-0.00030495092670645724
-0.00030728852114468667
-0.00030964403437522714
-0.0003120176036812408
-0.00031440936765233965
-0.0003168194654622075
-0.0003192480380126172
-0.0003216952265539094
-0.00032416117405924857
-0.00032664602420788016
-0.00032914992181478264
-0.0003316730131456905
-0.000334215444950836
-0.00033677736589276245
-0.0003393589250226437
-0.0003419602730825304
-0.0003445815617545787
-0.00034722294370847297
-0.0003498845733243179
-0.0003525666053880356
-0.00035526919668530765
-0.00035799250457612015
-0.0003607366878879882
-0.0003635019068422944
-0.00036628832232087245
-0.0003690960972207101
-0.0003719253949129687
-0.00037477638057029983
-0.0003776492204274611
-0.00038054408184865174
-0.0003834611338528022
-0.00038640054635425585
-0.0003893624907642299
-0.0003923471400485475
-0.00039535466765267923
-0.000398385249915557
-0.0004014390622376399
-0.0004045162842649004
-0.0004076170938867533
-0.0004107416729599786
-0.0004138902040712899
-0.0004170628676507318
-0.0004202598567269987
-0.0004234813424293547
-0.00042672753699778067
-0.00042999859774258526
-0.0004332947472755278
-0.00043661616055923943
-0.00043996301820991776
-0.00044333556730481293
-0.00044673392114946524
-0.00045015836989823084
-0.0004536090472416236
-0.0004570861648849041
-0.00046058998386143586
-0.0004641205997561351
-0.00046767834549133564
-0.00047126332573417615
-0.0004748757952233195
-0.000478515994137064
-0.0004821840231664428
-0.0004858802852307285
-0.000489604742678491
-0.0004933578986681111
-0.0004971396866453068
-0.0005009505514054058
-0.000504790589807656
-0.0005086600250121646
-0.0005125591788501067
-0.0005164881457577343
-0.0005204472426313131
-0.0005244367195621361
-0.0005284566577860592
-0.0005325075763207429
-0.0005365893368965886
-0.0005407026024858677
-0.0005448472071362884
-0.0005490237375946867
-0.0005532322184054802
-0.0005574729605607564
-0.0005617463065758816
-0.0005660522882601723
-0.0005703914138544858
-0.00057476372152984
-0.0005791695756323439
-0.0005836092350669151
-0.0005880828578870311
-0.0005925908352629986
-0.0005971333032533931
-0.0006017106035587482
-0.0006063229626409011
-0.0006109706814751256
-0.0006156539491598193
-0.0006203732116522465
-0.0006251284421579397
-0.0006299203645934264
-0.000634748690757298
-0.0006396143631630029
-0.0006445169739140986
-0.000649457419556071
-0.0006544357478608296
-0.0006594516313591116
-0.0006645077249654646
-0.0006695989256081873
-0.0006747359185730875
-0.000679900995072378
-0.0006851233562248745
-0.0006903609545705798
-0.0006956652042385688
-0.0007009968952838971
-0.0007063511124549935
-0.0007118042356710765
-0.000717218555620741
-0.000722757124776428
-0.0007282798971230756
-0.000733860750532919
-0.0007395214763117833
-0.0007451783856563185
-0.0007509261247899256
-0.0007567011894589921
-0.0007624957251623965
-0.0007683917120372005
-0.0007742384049181225
-0.0007802587431427919
-0.000786154752912327
-0.0007922790808199986
-0.0007982466502529277
-0.0008044244065872366
-0.0008105166579346603
-0.0008167162052536462
-0.0008229409394420127
-0.0008292098068828943
-0.0008355179312094623
-0.0008419096403901856
-0.0008483202004125839
-0.0008548272167697305
-0.0008613376793665597
-0.0008679815011782693
-0.0008745910912347013
-0.0008813499638706118
-0.0008881087346534651
-0.0008949131447942276
-0.0009018304742232346
-0.0009086914052973925
-0.0009157123428751874
-0.0009227098127441505
-0.0009298004946702212
-0.0009369384608684111
-0.0009441235372379831
-0.0009513592376180109
-0.0009586411588080558
-0.0009659829868248725
-0.0009733410170678809
-0.0009808172653805562
-0.0009882130893893127
-0.0009958365920950197
-0.001003308372315729
-0.001011050334949637
-0.001018695502287218
-0.0010264262439528967
-0.0010343677000449279
-0.0010419640843620692
-0.00105047700395732
-0.0010574618851195011
-0.0010673210794669551
-0.0010727179711620839
-0.001085240929878916
-0.0010872214331829524
-0.001104808023345616
-0.0011004595195116679
-0.0011258819956391497
-0.0011170634468482751
-0.0011020118933016184
-0.0012026757398810144
-0.0011260418166854497
-0.0011942917828515753
-0.001147667984265216
-0.0011923044234591756
-0.0012403703628244694
-0.001288305761225721
-0.001290609837336712
-0.001326543054679663
-0.001282660254155174
-0.0013410598352601028
-0.0012604297798129993
-0.0013119488489209824
-0.0012265503699290213
-0.0013114434463590702
-0.001198798221946032
-0.0012841238245539857
-0.0012088109406673507
-0.0012579438979144347
-0.0012245799800360661
-0.0012339858308044582
-0.0012366521024609785
-0.0012436406966286418
-0.001335754106752747
-0.0012401416654281797
-0.00136626937180339
-0.0013416492851010542
-0.0013611050443903207
-0.001376803667037742
-0.001386647602815269
-0.0013531816527648148
-0.001406837348319231
-0.00143366638430389
-0.0014023005166114656
-0.0015333934887562977
-0.0014362207101389108
-0.001637319852197215
-0.00148490246883608
-0.0016675596682638953
-0.0015268375175778405
-0.0016416972929894271
-0.0015210139036807308
-0.0016015020561037387
-0.0014963360170566222
-0.0016018509580711328
-0.0014807816641802156
-0.0015383120196294018
-0.0014533736902759382
-0.0015347222674823788
-0.0014686016508825383
-0.0015582842020252117
-0.0014576819991353688
-0.0015768039069251477
-0.0015513127494871243
-0.00162663382931328
-0.001542737694417623
-0.0016309503756483656
-0.0015372323881031047
-0.0015396650625296437
-0.0012911301938702668
-0.0012746026939180815
-0.0012735528446283617
-0.0012943388252098873
-0.0012879564497491956
-0.0013325283995586793
-0.001326215742913223
-0.0013476622777570603
-0.0013869977839303638
-0.0013435457223266861
-0.0013730696055257391
-0.001334843144587889
-0.0013815733751224883
-0.0013635940375297615
-0.00136837776550735
-0.0013856549663404296
-0.0013589554575907487
-0.0013665223345395122
-0.0013741980070634415
-0.0013839645399664467
-0.0014452663381246068
-0.0013858696969118
-0.0015004013148964804
-0.001418102055663642
-0.0014981877835846345
-0.0014282389354490568
-0.001471331287378399
-0.0014586820906559168
-0.0014183525335985595
-0.0014129492280421873
-0.0013969555557109745
-0.0013451952178462527
-0.001351517899170006
-0.0013051472306488145
-0.0013830855922035835
-0.0013718428585700825
-0.0014187604179781634
-0.0014768962779078967
-0.001432850814467542
-0.0015110861022814208
-0.00147378854764559
-0.001600880820723947
-0.001591486688220924
-0.0016969362712935653
-0.0017106099723861448
-0.0017745916337523673
-0.0017809412201727057
-0.0018589939110973523
-0.0018554943399597791
-0.00191987993273941
-0.0018683240247424494
-0.0018906649127416735
-0.0018468835124851658
-0.0018376927095318646
-0.0018046693466430123
-0.001782013735864399
-0.0016457589807616687
-0.0018156396530613597
-0.0016900473228608735
-0.0014961870601438727
-0.0017186432611946613
-0.0015605220073366972
-0.001609641212473089
-0.001267153108905828
-0.001404692900849474
-0.0017429691073608815
-0.0009555747459094476
-0.001768128018077378
0.0006924385221687283
0.0003514542902694427
0.0015400910794961694
0.22902384144996782
0.16095337206138732
0.11162254181309544
0.02701758294897566
0.06439195314798174
0.01919120303996938
-0.028721115130915152
-0.011435319791458471
-0.06110477988758248
-0.06668286845305349
-0.06875744396239816
-0.12662049566458955
-0.13378311023144224
-0.11320474736551636
0.010622312566605795
0.010019073712387937
0.012642012036859437
0.011206166988090724
0.015375971782793527
0.018931294952407134
0.011917303968835804
0.03793794797359719
0.042814797666738826
0.03486411951048786
0.022582060193214855
0.01360441103072575
0.01315569662432655
-0.004521701903946495
0.0004699922624610772
0.014395468713126018
0.020925546194815344
-0.003209079660669998
-0.03366449908800298
-0.03349347499910002
-0.017042451472569373
-0.01266553819877211
-0.013455416611681727
-0.008743569931959395
0.005142292545037905
-0.0015894506024750257
-0.010534540271745997
-0.014953088028357164
0.0023116751276348758
0.010654278478686014
0.01881840359746325
0.009144640871856576
0.0029136008228198514
-0.007344964177101272
-0.005919459614140376
-0.0010035130713818721
0.008030791031073112
0.0098997609014972
0.006855889067359042
-0.0006362028825969274
-0.004221626045687464
-0.0030201179384386975
-0.0018127329636660355
0.0006309772475947196
0.0053369341371071735
0.005277984744328525
-0.001847219762219218
-0.013417731975208375
-0.011794688068136177
-0.005031086248891514
0.002463642124695536
0.0007733788293840966
0.0002370174033754099
-0.0006355430779165305
-0.0014468521628451952
-0.003814422493248804
-0.001287747047864946
0.002877399286443098
0.00649030864022849
0.0045901470677105136
0.0027322863561874923
-0.0005165254681738877
-0.001481743100174724
-0.0022778763397832092
-6.441020291225773e-06
0.0015259540346901778
0.001534731031258393
-0.0018256029729293254
-0.004451594028255539
-0.005392240261802277
-0.0037847467375607085
-0.0027716212193458164
-0.001600709240058043
-0.0002904199605763786
0.001537955748211377
0.0001703330688648325
-0.0020410720919468205
-0.0014895747490158069
0.0016984956023975433
0.0030552754929447307
0.0025090584392383425
0.0005649611095008646
-0.0005032879460577413
-0.0015081614940127988
-0.0009231538024648729
-0.000942268846443764
0.0003936255600828075
0.0014443894477292724
0.0010726996575109319
-0.0016645794442599485
-0.0027461374866540192
-0.0022250990712600594
-0.0007796122192056099
0.00037529572778004477
0.0014175370217100812
0.0008876249952858028
-0.0008163550114250679
-0.0016139086383372186
-0.0005629722000577165
3.8598842594692734e-05
0.0010522955666849001
0.0012290628215839575
0.001509024854170898
0.0007066139021575244
0.00017189471014732047
-0.00015861937562708356
-0.000685236638147413
-0.0004626822979940309
-0.0004543484258915575
-0.000542986630784565
-0.0007187647612330041
-0.0008912399883651675
-0.0013143910787958867
-0.0021476041276435242
-0.002167112582751098
-0.0015328939486053943
-0.0011928800529168778
-0.0013322799299469125
-0.001764788093782521
-0.0016977390411990483
-0.0010221074627227598
-0.00018885155638789504
0.0007533651633274134
0.0009203544375603564
0.0007304938433595693
5.373277021845837e-05
-0.0003649459508941839
-0.00042974818920435594
5.728952500468266e-05
0.0003030625255741297
-0.0001269378903730415
-0.00046810308929353707
-0.0005621365141696834
-0.0005999757233296591
-0.0003314888777486248
-8.429838837452526e-05
0.000508923443441585
0.0005322702532901482
0.0006164280223797667
0.00023532652738077946
0.00024271299037284704
0.0001904902780400721
0.00021034410319477104
0.00022858725291876835
0.00047259320128062844
0.0006765878887603018
0.0005854491950212502
0.0003997804960423385
0.0004502855721910732
0.0006447291079500959
0.0008507311833591661
0.0009409355746000117
0.0008685278301895637
0.0007667489210790017
0.0005078408721669877
-2.6189861504585338e-05
-0.00033508148729796667
-0.0003992901017366544
-0.00019846459007295234
-0.00022953925350822983
-0.0003940964766622103
-0.0005456157525925553
-0.0006600104740109097
-0.00048814754739840067
-0.0003896987018707635
-0.00013402670232750692
-0.0001003754593791543
-3.6978554596860526e-05
-3.5676655751050115e-05
-6.857641047160063e-05
5.10149840428674e-05
0.00013971585925695736
0.00015976704115452673
0.00015725688087652085
0.00012264003193675964
-3.30890809247666e-05
-0.0001234307465464863
-9.522475657942496e-05
-9.436743856956287e-05
-0.0002017144957422493
-0.00021047608663855166
-0.00016406244223754577
-9.625135167131663e-05
-0.00018415364945066154
-0.0003408815148332532
-0.00038379689885058836
-0.00021178693414549115
1.417359252130733e-06
0.00022987741330707164
0.0003108344961983938
0.0002519416791633122
0.00010343720892585644
9.411837299325984e-05
1.6201736531631857e-05
2.946963769895965e-05
-2.1021714107201026e-05
-7.257383868605294e-07
-2.625496016415345e-05
6.367998827807344e-06
-1.3187106440468155e-05
9.382758442070269e-06
-1.4879910920421264e-05
-1.8888299073641503e-06
-2.605525847797243e-05
-6.620585950625058e-06
-2.0575557123549265e-05
-6.221509859178687e-07
-1.5291543652560564e-05
4.382982448909267e-07
-1.539880564297363e-05
-1.4467690169558001e-06
-1.5110906333100254e-05
-8.544801546744998e-07
-1.3130434542627661e-05
-4.15509991102275e-07
-1.1965613989145128e-05
8.259535687262388e-08
-1.063742719276654e-05
5.827252537206611e-08
-1.0326738357958402e-05
-7.755652562496901e-07
-1.0374139708868503e-05
-1.516749551880501e-06
-1.021110113005038e-05
-1.962043095072452e-06
-9.979378684101431e-06
-2.475391730481094e-06
-9.904231156133953e-06
-2.9779235261705856e-06
-9.801164641781514e-06
-3.4101181709304617e-06
-9.685301388525288e-06
-3.7867372882472805e-06
-9.56430204395665e-06
-4.1248064125762855e-06
-9.443073583412208e-06
-4.430468663236295e-06
-9.340113189964165e-06
-4.732374461877259e-06
-9.260124636239456e-06
-5.013597029537734e-06
-9.18627278235091e-06
-5.277808383276697e-06
-9.128175638856498e-06
-5.534011414013579e-06
-9.088750028727038e-06
-5.784237401326459e-06
-9.064970364321048e-06
-6.026191450559087e-06
-9.05488321402111e-06
-6.261376254010614e-06
-9.057390709684473e-06
-6.48917035743924e-06
-9.0708772397868e-06
-6.710531300341445e-06
-9.094920523157121e-06
-6.926056277537136e-06
-9.128623314001282e-06
-7.136057975801928e-06
-9.170964255985356e-06
-7.340854789258033e-06
-9.221507145073236e-06
-7.541276185916437e-06
-9.279890410993693e-06
-7.737802739212407e-06
-9.34565180596837e-06
-7.930953276500665e-06
-9.418422466949956e-06
-8.12119581800302e-06
-9.497867740455466e-06
-8.308975727601962e-06
-9.583664296664409e-06
-8.494692014753827e-06
-9.675536729868888e-06
-8.67873007939497e-06
-9.773209945995514e-06
-8.861413258700029e-06
-9.876423651766905e-06
-9.043050442130102e-06
-9.984945521385245e-06
-9.223929256658482e-06
-1.0098565572024649e-05
-9.404316599180107e-06
-1.0217088607894975e-05
-9.584458991913604e-06
-1.034034049338941e-05
-9.76458941700706e-06
-1.0468163608066408e-05
-9.944924905325923e-06
-1.0600417033266413e-05
-1.0125670272621682e-05
-1.0736974908937379e-05
-1.030701781646996e-05
-1.08777250115475e-05
-1.0489148185237438e-05
-1.1022567175451736e-05
-1.0672231395000446e-05
-1.117141310271239e-05
-1.0856427932617828e-05
-1.132418495015502e-05
-1.1041889144301417e-05
-1.1480814635095185e-05
-1.122875813490534e-05
-1.1641243066191041e-05
-1.141717043898205e-05
-1.1805419552798468e-05
-1.1607254678939897e-05
-1.1973301152183285e-05
-1.1799133185819022e-05
-1.2144852189063163e-05
-1.19929225656836e-05
-1.2320043701374568e-05
-1.2188734197539705e-05
-1.249885300094863e-05
-1.2386674725926904e-05
-1.2681263242738218e-05
-1.2586846499545242e-05
-1.2867263033855348e-05
-1.2789347968039666e-05
-1.3056846061093802e-05
-1.2994274055438151e-05
-1.325001076230001e-05
-1.3201716502066457e-05
-1.3446760013008819e-05
-1.3411764179298681e-05
-1.3647100845749814e-05
-1.3624503382515959e-05
-1.385104418808532e-05
-1.3840018100857825e-05
-1.4058604625901002e-05
-1.4058390267040235e-05
-1.4269800182709937e-05
-1.4279699988900465e-05
-1.4484652121302425e-05
-1.450402576458927e-05
-1.4703184760008967e-05
-1.473144468091929e-05
-1.4925425304759669e-05
-1.4962032597959363e-05
-1.5151403696359034e-05
-1.5195864319675692e-05
-1.5381152469957308e-05
-1.5433013753324894e-05
-1.561470662749453e-05
-1.5673554056371214e-05
-1.5852103521041088e-05
-1.591755777354941e-05
-1.6093382745900088e-05
-1.6165096964189667e-05
-1.633858604475815e-05
-1.6416243320990093e-05
-1.6587757219309156e-05
-1.6671068280079077e-05
-1.6840942050010653e-05
-1.6929643124499998e-05
-1.7098188224610585e-05
-1.7192039079267458e-05
-1.7359545271975786e-05
-1.7458327403526092e-05
-1.762506450511888e-05
-1.772857947250205e-05
-1.789479896627613e-05
-1.8002866857597132e-05
-1.8168803380577564e-05
-1.8281261399628434e-05
-1.844713411345432e-05
-1.856383527939134e-05
-1.872984913363508e-05
-1.8850661082610255e-05
-1.9017007979052556e-05
-1.9141811860814983e-05
-1.9308671728009152e-05
-1.9437361191771557e-05
-1.9604902974873148e-05
-1.9737383232847072e-05
-1.9905765806500428e-05
-2.004195277421645e-05
-2.0211325784222096e-05
-2.035114528803686e-05
-2.0521649928249147e-05
-2.0665036976692114e-05
-2.08368067046924e-05
-2.0983704817512105e-05
-2.115686601534411e-05
-2.1307226605911042e-05
-2.148189918887468e-05
-2.1635680996509934e-05
-2.181197897647199e-05
-2.1969147544219185e-05
-2.214717954753323e-05
-2.2307706740754083e-05
-2.248757648755026e-05
-2.2651440053207683e-05
-2.2833246799011664e-05
-2.3000429958347154e-05
-2.3184268902738327e-05
-2.3354759978962073e-05
-2.35407226419838e-05
-2.371451471617742e-05
-2.390268928650494e-05
-2.4079779882766206e-05
-2.427025153966902e-05
-2.4450642335764512e-05
-2.4643493545891738e-05
-2.482719010696676e-05
-2.5022500899700195e-05
-2.520951243452176e-05
-2.540736065527482e-05
-2.5597699792441312e-05
-2.5798161338602633e-05
-2.5991843921115013e-05
-2.6194992959141695e-05
-2.63920378564353e-05
-2.6597947023070833e-05
-2.679837595857983e-05
-2.7007116548006307e-05
-2.7210953941279436e-05
-2.7422596077660913e-05
-2.762986890043583e-05
-2.784448169836037e-05
-2.8055219341898893e-05
-2.8272871055361632e-05
-2.848710521082924e-05
-2.8707863370942943e-05
-2.89256279190748e-05
-2.91495594629557e-05
-2.9370890373591423e-05
-2.9598061763168836e-05
-2.9822997004591936e-05
-3.0053474338451918e-05
-3.0282053794000903e-05
-3.0515902910161516e-05
-3.0748168303125706e-05
-3.0985454875899075e-05
-3.122144970172053e-05
-3.146223933164901e-05
-3.1702008795646275e-05
-3.1946367093918016e-05
-3.218995805660981e-05
-3.2437950723537075e-05
-3.2685411649652045e-05
-3.2937104548548665e-05
-3.3188485462921674e-05
-3.344394468952016e-05
-3.369929713708392e-05
-3.395858908421473e-05
-3.421796609379005e-05
-3.448115751314234e-05
-3.474461356603746e-05
-3.501177162552817e-05
-3.5279362628745864e-05
-3.5550554966408843e-05
-3.582233822661937e-05
-3.6097633002965816e-05
-3.6373667208511014e-05
-3.665313315515573e-05
-3.693347835471549e-05
-3.7217184821065766e-05
-3.750190241060686e-05
-3.778991940764165e-05
-3.8079072116827395e-05
-3.837147035916697e-05
-3.866512224234843e-05
-3.896197318870293e-05
-3.926018961672049e-05
-3.956156550766689e-05
-3.986441316104024e-05
-4.0170387056725934e-05
-4.047793392378927e-05
-4.078857973994823e-05
-4.110089511310321e-05
-4.1416287654929456e-05
-4.173344213137634e-05
-4.205365712628336e-05
-4.237572260867091e-05
-4.2700836739291984e-05
-4.302788643950422e-05
-4.335797737424786e-05
-4.3690085817132734e-05
-4.4025232241190606e-05
-4.436247526979102e-05
-4.470275691410395e-05
-4.5045211696844014e-05
-4.539070936831887e-05
-4.5738454407084526e-05
-4.608925001606785e-05
-4.644236515468103e-05
-4.679854174343349e-05
-4.715710817850598e-05
-4.751874994824973e-05
-4.7882850239566835e-05
-4.825004257840407e-05
-4.861976066166063e-05
-4.8992590170933006e-05
-4.936801136989322e-05
-4.974656589084707e-05
-5.0127776931502385e-05
-5.051214557182359e-05
-5.0899234597168164e-05
-5.1289507757047714e-05
-5.168256434198368e-05
-5.207883374032385e-05
-5.2477948908016825e-05
-5.288030760827907e-05
-5.3285573846984825e-05
-5.369411628321089e-05
-5.4105627563545006e-05
-5.452044956654259e-05
-5.493830135993097e-05
-5.535950018280972e-05
-5.5783789479957324e-05
-5.621146382452785e-05
-5.6642289155185883e-05
-5.70765391976211e-05
-5.751400065058792e-05
-5.795492806797472e-05
-5.83991273114216e-05
-5.8846835307903994e-05
-5.929787561093818e-05
-5.975246894431366e-05
-6.0210455198796836e-05
-6.067204020689804e-05
-6.113707894933769e-05
-6.160576357725975e-05
-6.207796301221707e-05
-6.255385683911628e-05
-6.303332686234923e-05
-6.351654112857555e-05
-6.400339335129596e-05
-6.449404098624121e-05
-6.498838875929058e-05
-6.548658440895527e-05
-6.598854284791018e-05
-6.649440290329217e-05
-6.700408891430589e-05
-6.751773153945316e-05
-6.803526384507549e-05
-6.855680900593586e-05
-6.908230817156708e-05
-6.961187766512614e-05
-7.01454661267369e-05
-7.068318361040746e-05
-7.122498570134687e-05
-7.177097672217587e-05
-7.232111870225915e-05
-7.287551072743086e-05
-7.343412081005233e-05
-7.399704325814644e-05
-7.456425164187644e-05
-7.513583591297907e-05
-7.571177480797538e-05
-7.629215431443854e-05
-7.687695797602308e-05
-7.746626817484376e-05
-7.806007293244884e-05
-7.865845135734555e-05
-7.926139564595281e-05
-7.98689819400233e-05
-8.048120633247186e-05
-8.1098142280819e-05
-8.171978951864844e-05
-8.234621908312974e-05
-8.297743411209407e-05
-8.361350346366952e-05
-8.425443346470869e-05
-8.49002910187849e-05
-8.555108544331522e-05
-8.62068818941621e-05
-8.686769249848997e-05
-8.753358085536607e-05
-8.820456173514487e-05
-8.888069735793892e-05
-8.95620049843228e-05
-9.024854561992649e-05
-9.094033887602774e-05
-9.163744469559989e-05
-9.23398849127458e-05
-9.304771854936979e-05
-9.3760969545254e-05
-9.447969613148461e-05
-9.520392424725824e-05
-9.593371145468648e-05
-9.666908559442724e-05
-9.741010367249597e-05
-9.815679534210648e-05
-9.890921715787127e-05
-9.966740050459686e-05
-0.00010043140158324723
-0.00010120125343662486
-0.00010197701200292042
-0.00010275871191597734
-0.00010354640893562661
-0.00010434013922602943
-0.00010513995844797265
-0.00010594590424094674
-0.00010675803224033712
-0.00010757638151160059
-0.00010840100773374696
-0.0001092319513534667
-0.00011006926815798482
-0.00011091299993476841
-0.00011176320263987116
-0.00011261991936610072
-0.00011348320629538328
-0.00011435310779338333
-0.00011522968032120996
-0.00011611296948938561
-0.0001170030320884529
-0.0001178999149485682
-0.00011880367523719294
-0.000119714360982467
-0.00012063202977360568
-0.00012155673081749039
-0.00012248852216785466
-0.0001234274541935563
-0.00012437358545310852
-0.0001253269674636479
-0.00012628765932681563
-0.00012725571369633
-0.00012823119025339875
-0.00012921414277890084
-0.0001302046315684039
-0.0001312027115221723
-0.0001322084435836867
-0.00013322188376695322
-0.0001342430936953749
-0.0001352721304928011
-0.00013630905649304227
-0.00013735392992705354
-0.0001384068138693918
-0.00013946776765729656
-0.00014053685513401712
-0.00014161413674384452
-0.00014269967712650963
-0.0001437935378348948
-0.0001448957843326556
-0.00014600647928429428
-0.0001471256890026298
-0.0001482534772680637
-0.00014938991126912764
-0.00015053505590720387
-0.00015168897927019507
-0.0001528517473874955
-0.00015402342927148477
-0.0001552040920862227
-0.0001563938057922129
-0.00015759263869604274
-0.00015880066173062576
-0.0001600179443540775
-0.00016124455849468003
-0.0001624805747719117
-0.00016372606613204718
-0.0001649811043667443
-0.0001662457634630463
-0.00016752011639635688
-0.00016880423821630732
-0.00017009820309407263
-0.00017140208716495957
-0.000172715965808314
-0.0001740399162669052
-0.00017537401514141314
-0.0001767183408049193
-0.00017807297109325235
-0.00017943798553131716
-0.00018081346320499416
-0.0001821994848128715
-0.0001835961307062696
-0.00018500348277921075
-0.00018642162266422182
-0.00018785063347298401
-0.00018929059813516488
-0.0001907416010023531
-0.0001922037263178078
-0.0001936770596956334
-0.0001951616867098936
-0.00019665769425912812
-0.00019816516926623917
-0.0001996841999363138
-0.00020121487455992493
-0.00020275728267073894
-0.00020431151394562457
-0.00020587765926986283
-0.00020745580972544148
-0.00020904605757280617
-0.00021064849531792005
-0.00021226321661999372
-0.00021389031542853968
-0.0002155298868251116
-0.0002171820262237349
-0.0002188468301513168
-0.00022052439550734242
-0.00022221482028727873
-0.0002239182029005749
-0.00022563464282916566
-0.00022736424002212845
-0.0002291070954654766
-0.00023086331066999753
-0.00023263298816276497
-0.0002344162310139933
-0.0002362131433464561
-0.00023802382979210387
-0.00023984839609168075
-0.00024168694849398487
-0.00024353959433058814
-0.00024540644154769634
-0.00024728759905318293
-0.00024918317652395294
-0.0002510932844981912
-0.0002530180343510837
-0.0002549575383508591
-0.00025691190952272457
-0.000258881261951729
-0.0002608657103103163
-0.00026286537050854603
-0.0002648803589674361
-0.00026691079332636194
-0.0002689567919246189
-0.0002710184740389927
-0.00027309596000576103
-0.0002751893708128805
-0.00027729882867882254
-0.0002794244565365449
-0.0002815663783024729
-0.00028372471904276143
-0.0002858996043385891
-0.00028809116135990014
-0.0002902995175561753
-0.00029252480197775033
-0.000294767144236463
-0.00029702667509028834
-0.00029930352642254407
-0.0003015978307990629
-0.0003039097222047521
-0.0003062393353244623
-0.00030858680598771024
-0.0003109522712435113
-0.0003133358687292062
-0.0003157377377952181
-0.0003181580181604305
-0.0003205968511841902
-0.00032305437902387796
-0.000325530744868826
-0.0003280260933712626
-0.00033054056977787195
-0.0003330743208797034
-0.0003356274945632028
-0.0003382002391082387
-0.00034079270583516736
-0.0003434050439193781
-0.00034603740831425675
-0.00034868994971412864
-0.0003513628260539351
-0.0003540561893626267
-0.00035677020171296747
-0.0003595050171661656
-0.00036226079504013235
-0.0003650377055071409
-0.0003678358890781487
-0.00037065553955867086
-0.00037349679077172205
-0.00037635982469082794
-0.00037924481742686745
-0.0003821518987791703
-0.0003850812929694727
-0.0003880331189099811
-0.0003910075748575293
-0.0003940048466431227
-0.00039702505425429253
-0.00040006846121046663
-0.00040313514232987943
-0.00040622537313054845
-0.0004093392642027119
-0.0004124770241232822
-0.0004156388654113465
-0.0004188248867239485
-0.00042203540332497224
-0.0004252704642436248
-0.0004285303666013353
-0.00043181525668480416
-0.0004351252913329641
-0.00043846077193461356
-0.0004418217424117471
-0.0004452085496762492
-0.0004486212924061251
-0.00045206018076823546
-0.0004555255127955051
-0.00045901728842490217
-0.00046253599177847383
-0.0004660815173729749
-0.0004696543502606318
-0.0004732544957097133
-0.00047688226111903154
-0.00048053784656059605
-0.00048422140631031695
-0.00048793323096191286
-0.0004916734744605031
-0.0004954423605714479
-0.0004992401655735562
-0.0005030669984220985
-0.0005069232288087634
-0.0005108089457352459
-0.0005147244757400615
-0.0005186700229918344
-0.000522645803869156
-0.0005266520666166355
-0.0005306891348164593
-0.0005347569767589741
-0.000538856407253433
-0.0005429866139815241
-0.0005471496026960684
-0.0005513428372658641
-0.0005555704564391958
-0.0005598288621969797
-0.0005641213235625404
-0.0005684464680901563
-0.00057280837478553
-0.0005772003539406285
-0.000581626143337944
-0.0005860959550231826
-0.0005905768160887917
-0.0005951228960731885
-0.0005996745776158065
-0.0006042750002521623
-0.0006089174342399184
-0.0006135620911566744
-0.0006182805275414343
-0.000623005182063709
-0.000627770262510886
-0.000632589605383787
-0.0006374074045910125
-0.0006423143695934253
-0.0006472039937501057
-0.0006521774179288015
-0.000657163802914825
-0.0006621883387615448
-0.0006672835338844797
-0.000672357084228613
-0.0006775537798723789
-0.0006827071097040512
-0.0006879654950218517
-0.0006932283859621529
-0.0006985474864192679
-0.0007039135546142465
-0.0007093124057093465
-0.0007147746853207425
-0.0007202846826645634
-0.0007258141676780253
-0.0007314519899615851
-0.0007370363544321294
-0.000742789817302492
-0.0007484450382945658
-0.0007542627158041992
-0.0007600149902272767
-0.0007658732099006076
-0.0007717073677917059
-0.0007776145963451176
-0.0007835303463133545
-0.0007894975985121649
-0.0007954943890052801
-0.0008015455275611587
-0.0008076414969272548
-0.0008137925719677317
-0.0008200003791288893
-0.0008262680629193345
-0.0008325808474935665
-0.0008390021606968375
-0.0008453582229705093
-0.0008520240746490104
-0.0008583615914078266
-0.0008653077660001054
-0.0008715123251259761
-0.0008789089826607194
-0.0008847070531672729
-0.0008928171960988253
-0.0008979876375062265
-0.0009060250251270588
-0.0009221668759643833
-0.000934187780473555
-0.0009396890351360674
-0.0009512462618474198
-0.0009687815520131875
-0.0009427954742182827
-0.0009822667702703292
-0.0009651646983016571
-0.0009724467741990192
-0.0009809203093143343
-0.000957177001239401
-0.0009902485786114686
-0.0009811906777936839
-0.0009800493759119797
-0.0009969606338745517
-0.0009991264761709043
-0.0010288775877877743
-0.0010182255836632542
-0.0010268070279422226
-0.00104449185413108
-0.0010185594808616756
-0.0010589766734629483
-0.001008195865823673
-0.0010670858319642646
-0.0010339372030363286
-0.0010905407059464758
-0.0010795381739460161
-0.0011465166349288562
-0.0011330211817287897
-0.0012054571956903529
-0.0012351540191431632
-0.0012746722895970385
-0.0013008344999184062
-0.0013294123804412105
-0.0013308060152121973
-0.001354285137064006
-0.0013162173739934356
-0.0013299108929724255
-0.0012737706250680859
-0.0012935287137699827
-0.001227499902931549
-0.001244028976729512
-0.0011923695609836055
-0.0012204250728937278
-0.0011760691232112555
-0.0012062056878795505
-0.0011885016386950333
-0.0012211641919889224
-0.0012355127217494228
-0.0012499306089956911
-0.001266617587846303
-0.0012778384455826672
-0.0013030426129563711
-0.001316804885639836
-0.0013425255876406501
-0.0013492648623052309
-0.0013438201369432713
-0.0013717065441478677
-0.0013636914234935037
-0.0013481912826407486
-0.0013460140181360196
-0.0013082060846534482
-0.001314989441775129
