-0.00015507276292756105
-0.0001499253091106022
-0.00014846172698684406
-0.0001611103273572651
-0.00016402455261043503
-0.00016483010902536153
-0.00016775208153563847
-0.0001684669013272577
-0.00016136083642214564
-0.00016195751103507847
-0.000151422813819564
-0.0001537230276466939
-0.00014236667812620387
-0.00014355577926593327
-0.00013965868358673732
-0.00013693109903278603
-0.00014351564908954506
-0.0001378090153492997
-0.00014187420226696284
-0.00014008474005092046
-0.00015750278686579324
-0.00015453395878196131
-0.00017078410893162538
-0.00017034266183258597
-0.0001842350667907314
-0.00017626259810067587
-0.00019092690198108
-0.0001711824327097289
-0.00017843173420061513
-0.00016798935046003746
-0.00016567053208737072
-0.0001576549850663397
-0.00015721311444791736
-0.00014402785351513668
-0.00014673897923343315
-0.00013607024350119015
-0.0001332253838160072
-0.00013587924431577415
-0.0001270539987368305
-0.0001363780335647113
-0.00014054699744110965
-0.00015192542611842274
-0.00014122487493269808
-0.00016776580241268917
-0.00014744475191668069
-0.000177145169582007
-0.00015883408950121406
-0.00017324108008301322
-0.00016363449622272292
-0.00016249654661303683
-0.00015603889859981492
-0.00014774989062894323
-0.00014414653164360427
-0.00013612411132317269
-0.0001352125354617896
-0.0001355106714563709
-0.0001289174376366463
-0.00013542075656979198
-0.0001291618204307286
-0.00013861280621994582
-0.00013331591238197423
-0.0001501065346442933
-0.0001470012614880465
-0.0001648677268812868
-0.00015238697865382455
-0.00016244926575111445
-0.00014495805675026295
-0.0001584607175726882
-0.00014112347240114798
-0.00014842294643679056
-0.00014112444263681084
-0.0001456462524288899
-0.00013734624647303677
-0.00013867642522724004
-0.00014071455724026555
-0.0001409356012600454
-0.00014151598837212675
-0.0001559389498952023
-0.00016406831979362118
-0.00016879700545452864
-0.00018303215456613107
-0.00017356999898867235
-0.00018199527971267187
-0.00017589542676135425
-0.0001785000478643155
-0.0001759254540699158
-0.00017198495070661475
-0.00017480188651106297
-0.00016775896923292228
-0.00016823585967021954
-0.00016642568961971463
-0.0001706768052397822
-0.00016720961269390427
-0.0001843149352939164
-0.00017137659601616152
-0.00019747195840820602
-0.0001776627322995348
-0.0001952260027575068
-0.00018265944307916765
-0.00019207534124028326
-0.00018394374744484847
-0.00019054470210811919
-0.00018577598218147683
-0.00018475288598643946
-0.00018645864616074342
-0.00018410125804281768
-0.0001887759834854098
-0.0001896966766125763
-0.00019044316675808682
-0.00020465954045321657
-0.0001941366847660797
-0.00021797509839787765
-0.00020442843438251394
-0.00021566191254712667
-0.00021268039451661364
-0.00021869995941867343
-0.00021853086933445494
-0.00021881006690906434
-0.00022471403641509294
-0.00021853445008507941
-0.00022962335041268135
-0.00022028856615800022
-0.0002333752137519002
-0.00022278416105331143
-0.00023398960561294807
-0.00023876269715899107
-0.0002384247052993412
-0.00024568102407675614
-0.0002426974564614935
-0.00024501740181264505
-0.0002492561972193076
-0.00024659515538221047
-0.0002499027010223824
-0.0002488443929807061
-0.0002503627755301119
-0.0002508382570193491
-0.00025121596018096604
-0.00025657368963160547
-0.0002548191935094684
-0.0002723487378455648
-0.0002776546405424924
-0.00027983529392139236
-0.0002852866994682314
-0.00029716598523919335
-0.0002918071188115806
-0.0003010324600755664
-0.00029179342986504427
-0.0003009676406860063
-0.00029063180141141105
-0.0003154627755815898
-0.00029618047894982636
-0.0003145502255869297
-0.00030737065782213775
-0.00031835676141365706
-0.00031546910388543197
-0.0003264601280638864
-0.00032000248942979867
-0.0003277007179483578
-0.00032640305231598207
-0.000322655489870385
-0.00032038160919116746
-0.0003214748376891222
-0.00031748678022357137
-0.00031954752982423044
-0.0003171922389851521
-0.00031842409423725953
-0.00031572406229225054
-0.00032194127580233557
-0.0003195489452792657
-0.00032650821646789107
-0.0003377765194452953
-0.0003363640620559533
-0.00034272423373699166
-0.00034333603922148096
-0.00034745013740964986
-0.0003420172538133752
-0.000351709240932618
-0.00034273950955083577
-0.00034816826366673476
-0.0003482288971180555
-0.00034903539788391216
-0.0003422379948140657
-0.0003525254474545963
-0.0003462586244400097
-0.0003549170261446551
-0.0003660122405119619
-0.00035975607256441447
-0.00036844340533004035
-0.00037014234514092035
-0.0003775126427730929
-0.0003720302405564197
-0.00037957180029446545
-0.00038177296650141623
-0.00038563332768712106
-0.000397279892736642
-0.000397931200840142
-0.0004048563342427518
-0.00040763257741912977
-0.0004118218025842543
-0.00041688748639796624
-0.0004202269515525944
-0.0004258179766688142
-0.00043168752921641775
-0.0004299988890652337
-0.0004480432786657756
-0.00045004298870585606
-0.00045696452637077
-0.00046334004244817824
-0.00046949641250069627
-0.0004652968527278908
-0.0004925505416178724
-0.00047305994682314415
-0.0005128761313214035
-0.0004860483030555455
-0.0005292089407477749
-0.0005049758034398532
-0.0005351817992554967
-0.0005193627232729015
-0.000536901224481223
-0.0005406980814963429
-0.0005411792202098802
-0.0005480107740494357
-0.0005599449073844358
-0.0005742945593482749
-0.000576274293559897
-0.0005777793969161397
-0.0005924885314168782
-0.0006146605396346195
-0.0005720538281999422
-0.0005753028831493587
-0.0005684097238706376
-0.0006253045932652888
-0.000604612199552407
-0.0006896756807473936
-0.0007087044402857368
-0.0007243633306908033
-0.0006496758450509964
-0.0007188678989322069
-0.0005347565640542227
-0.0007195623764110573
-0.000556469761244458
-0.0008260642527429035
-0.0003749841533614353
-0.001309452242342845
0.0013643329971002186
0.013641782638976325
0.023146505994313272
0.02922944100173474
0.0371896216470223
0.0336679124282781
0.02612876018462697
0.030699873910200872
0.020598932163991
-0.01434856465559085
-0.03275990069562423
-0.02628408492827277
-0.026254629641285256
-0.03250555896443972
-0.02801530780411058
-0.018579367019199253
-0.01481972009112384
-0.011256588223021342
-0.0017410516657083664
0.004816104314105199
0.005869717973994871
0.008028141611367065
0.011265240184196267
0.013507187772167702
0.018027353815698196
0.020589601071108205
0.013944116028009015
0.004985506751864561
0.0018042695182503483
0.003296371956293052
0.005110812334680555
0.0035565906384661637
0.0013191274360208922
0.00016356992871245304
-0.002157042489952898
-0.0070912471005806325
-0.008411245211925362
-0.005018758731041654
-0.003514473459501768
-0.0040259278543491595
-0.0030833273947526115
-0.0017506217108583986
-0.0019435653669188009
-0.0013029135372278522
0.0017232649399685869
0.004205042939888536
0.004508121355622257
0.004471556746658166
0.0041609843312960795
0.003445886221201862
0.0021030340794992186
0.0004973132252575845
2.9823812278804225e-05
-0.0001065673200406558
-0.0008767998139610951
-0.0018698222352760664
-0.001761520624899557
-0.001181815616135167
-0.0017266104283876317
-0.002961311975762684
-0.0028452694921140094
-0.001383871338780417
0.0003785682522166871
0.001803503869604256
0.0015118597032456878
0.0004314930197551938
-0.00036916554870642347
-0.0007961769820652546
-0.00022486516265049494
0.0008500955679492262
0.0013220077935261008
9.594057231490302e-05
-0.0016037667078557692
-0.002510914369276613
-0.0029723682129662336
-0.0026241506867896395
-0.0016236513202096715
-0.000866227435261769
-0.0006681767496358584
-0.0008441309406826164
-0.0007774617657604938
-0.0004222427078585678
-7.337784745184161e-05
-3.841611078518793e-06
0.0002531800567891223
0.000762133289606826
0.0012524272844830554
0.0014666055900002819
0.0014049647600994167
0.0014304593558612227
0.0012717756575145098
0.0009506294109367061
0.0008628868674938097
0.0009749808039707489
0.00087722528285375
0.0004433646010094084
-8.203058918995121e-05
-0.0005403801098933459
-0.0009704188171142658
-0.0010374409187948275
-0.0008438808683517225
-0.00046649216320810685
-1.3113372044248932e-05
7.33202249854524e-05
-8.235181555387893e-05
5.1386984167828666e-05
0.00036643330089868124
0.0005451414838062117
0.0006539893019730627
0.0006972726882202717
0.000752534069987935
0.0007454349544289727
0.0005839143901678653
0.00030528841902607054
0.00012628506969427025
4.330977267911732e-05
-1.3579719235627002e-05
2.0870884986874346e-05
6.477276357307049e-05
-6.266322079251001e-05
-0.0001772358203033963
-0.0001993419532457437
-0.00011332662103188105
-3.278968555317795e-05
1.9329657751384924e-05
4.78529932436988e-05
3.756106516958345e-05
1.1095825877253848e-05
6.35530500385675e-05
0.00013516049381951414
0.00017899357416251981
0.000245483802203204
0.0002537666331311405
0.0002763407992474304
0.0002985102583540727
0.00032826994043477493
0.00018482502972234314
0.00018015922315335606
0.00029310942539548625
0.00037017819429957933
0.00030468071009679277
0.00023852530673671422
0.00012457151445429413
-5.466887505033446e-05
-0.00020737084478394062
-0.0002414639535895414
-0.00021330008339206038
-0.0001575683662512655
-7.467023005406465e-05
2.333663119039379e-05
0.00014694726779693524
0.00030133394021449413
0.00036835568080377686
0.00046124122673979907
0.0006768651755310509
0.0006869700997271175
0.0006581853762145833
0.0005179275050636888
0.0005445717464455169
0.0005594755527055221
0.0004515833855691652
0.0001720140618951727
-7.346390857977755e-05
0.00021241161036966762
0.0003388580245075437
0.000395049649658784
0.00027112261328216176
5.257739729531272e-05
-8.340027501310018e-06
-0.00011769781717333027
-5.5188985458897835e-05
0.0002082685731219226
0.00023029114578037798
-3.9466628019388167e-05
-0.0003529367308261885
-0.00018355932505110829
-8.30873345293694e-06
3.6731036533706905e-05
-0.0002086607856082538
-0.0002411823373911612
-0.00019519319946007928
-0.00029704195704941655
-0.0003134517211604383
-9.875976549665114e-05
-8.223142873508463e-05
9.212474816456375e-06
0.00020699197189952108
0.0004120752596207624
0.0005440321264274356
0.0007181326853269748
0.0007500779600720445
0.0006542434137633302
0.0005602575921558024
0.00044769687847280495
0.0003245023732684185
0.00023376554329959315
0.00013191049288085785
0.00012999160559171743
-2.7179878843116938e-05
-0.00027602298784625755
-0.00045118414349194124
-0.0003079973268980827
-0.00011199057157962757
6.715842017078526e-05
0.00020496019166186928
0.000322875722784474
0.00035060228070723143
0.00033238044673338565
0.0003942691893374714
0.00045367690698476016
0.000361584983738729
0.0002553065323113949
0.00016067842001921562
0.00012855216671490654
8.662590166837782e-05
4.6638672824285025e-05
-2.3415111620266238e-05
-6.416464386752744e-05
-4.260041867568164e-05
-6.71818537908122e-05
-3.16683590638794e-05
-4.167513161152354e-05
-3.043521039699555e-05
-2.8866416586745627e-05
-1.074592502660872e-05
-9.555546079552519e-06
5.9645445695905925e-06
6.522156126726242e-06
1.250671183015605e-05
6.863398883467996e-06
9.673097261509051e-06
1.2088640685266548e-05
1.7374009528086653e-05
1.1465851446895346e-05
6.085395107420446e-06
-2.0336929254610038e-06
-8.916984271066887e-06
-1.3834821914197851e-05
-1.061269145001061e-05
-7.933820067896585e-06
-6.236162750583097e-06
-7.5870364256496944e-06
-2.5332030606073347e-06
-2.5776606124422916e-07
2.1915839535187323e-06
3.888444250668276e-06
6.150976874600438e-06
5.714988412096595e-06
5.384662721388036e-06
6.263525411878214e-06
4.070305418349248e-06
3.6479047261045406e-06
1.1818469829639631e-06
-3.320545042035758e-07
-1.0961928187007129e-06
-1.595375925122358e-06
-2.389328073611572e-06
-2.30336599768311e-06
-2.4075602001709254e-06
-2.512098430152137e-06
-2.296575567559589e-06
-1.9024880202909772e-06
-1.6158464205431964e-06
-1.1976948181599122e-06
-1.121287373348457e-06
-9.352995930643634e-07
-6.956163043850142e-07
-6.395494455657376e-07
-2.917532805879453e-07
-2.07593106463458e-07
-3.8460425336243583e-07
-6.425786963813268e-07
-7.665466323240265e-07
-9.017792879100508e-07
-1.042729005856991e-06
-1.142824661313436e-06
-1.103140907460768e-06
-1.226845614432038e-06
-1.2538327451761569e-06
-1.25160858611601e-06
-1.134338294540106e-06
-1.2204197228011843e-06
-1.0862158101867473e-06
-1.0592726327588212e-06
-9.980689862004797e-07
-9.719259556479194e-07
-9.439636412491068e-07
-9.841290841180718e-07
-9.870071934411917e-07
-1.0529102301065141e-06
-1.0923395336922816e-06
-1.1255776835545977e-06
-1.1518768327162601e-06
-1.2081235393655789e-06
-1.2198567560519437e-06
-1.263057473762367e-06
-1.2826176445514628e-06
-1.2965434225990026e-06
-1.3110273517394052e-06
-1.3145530229031956e-06
-1.3251484411286907e-06
-1.340424565026037e-06
-1.341193807814916e-06
-1.343713803630099e-06
-1.3531193382792747e-06
-1.3603422629162513e-06
-1.3699309315437866e-06
-1.3875579053006477e-06
-1.408482447102373e-06
-1.4233093568351415e-06
-1.4422745745449285e-06
-1.4613022620229722e-06
-1.484390230080591e-06
-1.4991247632018589e-06
-1.5209740598828476e-06
-1.5428142801348493e-06
-1.5597373781852482e-06
-1.5781701625783884e-06
-1.5973431428281712e-06
-1.613330304781559e-06
-1.6297385169853054e-06
-1.6467057216845997e-06
-1.6631450854763486e-06
-1.6813399856192065e-06
-1.7002323443423206e-06
-1.7186358689003393e-06
-1.7388399764124707e-06
-1.7590249194305001e-06
-1.7783078688716407e-06
-1.8000034363416955e-06
-1.8207216914656278e-06
-1.842532130509199e-06
-1.8641345722608134e-06
-1.8859702660359453e-06
-1.907623061154015e-06
-1.930136366128923e-06
-1.9518186176182813e-06
-1.9743493014443686e-06
-1.9968747708413613e-06
-2.0194566317762504e-06
-2.0418992183619247e-06
-2.0653861713549454e-06
-2.0885147124709118e-06
-2.1123300414495425e-06
-2.1361927537361778e-06
-2.160759621257395e-06
-2.1853178217931416e-06
-2.210188784558184e-06
-2.2355309234443497e-06
-2.261236752165413e-06
-2.2869873695125105e-06
-2.3133019770436495e-06
-2.3398906300023e-06
-2.366678725279361e-06
-2.393767622431374e-06
-2.421219036677111e-06
-2.4488256488901732e-06
-2.4768139857902114e-06
-2.5050783661116013e-06
-2.5336388745023235e-06
-2.5626189166930087e-06
-2.591845510341773e-06
-2.621431934895456e-06
-2.651381966128847e-06
-2.6816499486430524e-06
-2.7122705316857682e-06
-2.743286175565027e-06
-2.7746284009052565e-06
-2.8063560453171e-06
-2.838451499517524e-06
-2.8708920653352068e-06
-2.9037157242330633e-06
-2.9369318250025084e-06
-2.9704835346780977e-06
-3.004443118162606e-06
-3.0387869423869737e-06
-3.07350696819315e-06
-3.108625377817421e-06
-3.144147038916615e-06
-3.1800784007433966e-06
-3.2164098385203846e-06
-3.2531598777302403e-06
-3.2903362155143907e-06
-3.3279353638808766e-06
-3.3659558891376657e-06
-3.4044250795439756e-06
-3.4433320448736123e-06
-3.4826794264172995e-06
-3.5224818512031143e-06
-3.5627436861476887e-06
-3.6034566764262476e-06
-3.6446428882183223e-06
-3.686292780768466e-06
-3.728421779700022e-06
-3.771030307623844e-06
-3.8141257425705115e-06
-3.857712375851329e-06
-3.901800332040714e-06
-3.946387233161653e-06
-3.9914861371981e-06
-4.037099845187418e-06
-4.08323423843859e-06
-4.129896019992632e-06
-4.177093095303789e-06
-4.2248268648044626e-06
-4.273109089173795e-06
-4.32194216283183e-06
-4.371332766441927e-06
-4.421288802415038e-06
-4.471815867905412e-06
-4.5229194236356095e-06
-4.574607518624248e-06
-4.626886380232212e-06
-4.679762371663412e-06
-4.733242420705997e-06
-4.787333734630121e-06
-4.842043341645152e-06
-4.897377843278642e-06
-4.95334446845565e-06
-5.00995115766567e-06
-5.067204577652437e-06
-5.1251118538122665e-06
-5.183681540180758e-06
-5.242920329903976e-06
-5.302836059032211e-06
-5.363436691327938e-06
-5.424729866843728e-06
-5.486723445129562e-06
-5.549425569279995e-06
-5.612844136471118e-06
-5.676987534054996e-06
-5.74186398422116e-06
-5.807481715316813e-06
-5.873849412989642e-06
-5.940975571313743e-06
-6.008868691987878e-06
-6.077537792995415e-06
-6.146991620415858e-06
-6.2172390673055755e-06
-6.288289422140908e-06
-6.360151676879647e-06
-6.432835160666422e-06
-6.506349313551454e-06
-6.580703591872001e-06
-6.655907530257198e-06
-6.731970965467886e-06
-6.80890362744672e-06
-6.886715473460427e-06
-6.965416545831816e-06
-7.045017029012326e-06
-7.125527171037235e-06
-7.206957383451974e-06
-7.289318152826164e-06
-7.372620177710927e-06
-7.456874135146948e-06
-7.542090948035049e-06
-7.62828162569648e-06
-7.715457281394083e-06
-7.803629161109434e-06
-7.892808685313414e-06
-7.983007339452106e-06
-8.074236781890486e-06
-8.166508792109236e-06
-8.25983528264469e-06
-8.354228304760047e-06
-8.449700049365644e-06
-8.546262833221871e-06
-8.643929142198095e-06
-8.742711574026676e-06
-8.842622882809683e-06
-8.943675980457562e-06
-9.045883904540658e-06
-9.14925985317258e-06
-9.25381718144228e-06
-9.359569383755439e-06
-9.466530115261659e-06
-9.57471319330697e-06
-9.6841325800712e-06
-9.79480240570626e-06
-9.906736963660436e-06
-1.0019950703448271e-05
-1.0134458243844856e-05
-1.025027437286688e-05
-1.036741404263639e-05
-1.048589237996237e-05
-1.0605724681592659e-05
-1.0726926421819079e-05
-1.084951325081208e-05
-1.097350099546868e-05
-1.1098905666488007e-05
-1.1225743457288532e-05
-1.1354030743733609e-05
-1.1483784091130956e-05
-1.1615020254835112e-05
-1.1747756178785707e-05
-1.1882009002758126e-05
-1.2017796062164555e-05
-1.2155134889750433e-05
-1.2294043219203323e-05
-1.2434538986794646e-05
-1.2576640333392466e-05
-1.272036560827266e-05
-1.2865733368658749e-05
-1.3012762385298951e-05
-1.3161471643108823e-05
-1.3311880343475644e-05
-1.346400790744036e-05
-1.3617873978724084e-05
-1.37734984242072e-05
-1.3930901338813587e-05
-1.4090103046895882e-05
-1.42511241047464e-05
-1.4413985303846663e-05
-1.4578707673532088e-05
-1.4745312482768863e-05
-1.4913821244272318e-05
-1.5084255716238393e-05
-1.5256637905596351e-05
-1.5430990070760056e-05
-1.5607334724594343e-05
-1.5785694637113386e-05
-1.5966092838677788e-05
-1.6148552622612285e-05
-1.633309754870381e-05
-1.6519751445872102e-05
-1.6708538415295682e-05
-1.689948283363843e-05
-1.7092609356160818e-05
-1.7287942919768685e-05
-1.748550874648095e-05
-1.7685332346487927e-05
-1.7887439521504546e-05
-1.8091856368160006e-05
-1.8298609281245173e-05
-1.850772495721499e-05
-1.8719230397655322e-05
-1.893315291262923e-05
-1.914952012439103e-05
-1.9368359970826227e-05
-1.9589700709114408e-05
-1.9813570919290937e-05
-2.0039999508164076e-05
-2.026901571253268e-05
-2.050064910379709e-05
-2.073492959082826e-05
-2.0971887424741574e-05
-2.1211553201906522e-05
-2.1453957868869996e-05
-2.1699132725096562e-05
-2.1947109428728257e-05
-2.2197919998645467e-05
-2.2451596820440012e-05
-2.2708172649607474e-05
-2.2967680615294524e-05
-2.3230154226772906e-05
-2.349562737406991e-05
-2.3764134337417016e-05
-2.4035709784723234e-05
-2.4310388786148176e-05
-2.45882068035351e-05
-2.4869199716704934e-05
-2.5153403799085513e-05
-2.5440855758693238e-05
-2.5731592699210052e-05
-2.6025652176590018e-05
-2.6323072142661174e-05
-2.6623891021676667e-05
-2.6928147632760845e-05
-2.7235881288095634e-05
-2.754713169548145e-05
-2.7861939073523813e-05
-2.8180344039616285e-05
-2.850238773995995e-05
-2.88281117240218e-05
-2.915755808396186e-05
-2.949076932477594e-05
-2.9827788505344742e-05
-3.0168659109148024e-05
-3.051342518250663e-05
-3.086213121207895e-05
-3.121482225168504e-05
-3.15715438166525e-05
-3.193234198941783e-05
-3.2297263339021304e-05
-3.266635500017573e-05
-3.3039664618247054e-05
-3.3417240406757864e-05
-3.379913111066328e-05
-3.4185386046342895e-05
-3.4576055084726496e-05
-3.497118867437936e-05
-3.5370837823942394e-05
-3.577505416487093e-05
-3.618388984051937e-05
-3.659739771805635e-05
-3.701563107936736e-05
-3.743864408451138e-05
-3.7866491161794294e-05
-3.829922777655331e-05
-3.873690956386551e-05
-3.917959332209081e-05
-3.962733577034895e-05
-4.0080195402782235e-05
-4.0538229761267314e-05
-4.1001498917458057e-05
-4.1470062156763183e-05
-4.194397985434427e-05
-4.242331397606689e-05
-4.290812546453048e-05
-4.3398477672541326e-05
-4.389443323697217e-05
-4.439605777438612e-05
-4.4903412270474216e-05
-4.5416569199994836e-05
-4.593558469345022e-05
-4.6460538353306445e-05
-4.6991483536763985e-05
-4.752850527762532e-05
-4.807165314498407e-05
-4.8621021405922385e-05
-4.917665223100651e-05
-4.973864976065361e-05
-5.030705190813044e-05
-5.0881968289699414e-05
-5.14634351919756e-05
-5.205156804400881e-05
-5.2646399988333305e-05
-5.3248052357637176e-05
-5.385655775875893e-05
-5.4472039726119004e-05
-5.509453283433405e-05
-5.572416236940007e-05
-5.6360965082851696e-05
-5.7005065991509756e-05
-5.7656508257261587e-05
-5.83154123199337e-05
-5.898183035222277e-05
-5.965587792901793e-05
-6.0337615483297644e-05
-6.102715454371974e-05
-6.172456368415784e-05
-6.242995019184266e-05
-6.314339212114032e-05
-6.386498921197959e-05
-6.459483123463346e-05
-6.53330173506769e-05
-6.607962773469238e-05
-6.683478949274764e-05
-6.759855677980774e-05
-6.837107731303541e-05
-6.915239356577061e-05
-6.994269257270394e-05
-7.074192112528815e-05
-7.155044202737941e-05
-7.236797331492998e-05
-7.319516243054766e-05
-7.403131335685964e-05
-7.487783713191603e-05
-7.57334703374908e-05
-7.659902539300447e-05
-7.74748750770483e-05
-7.835990618747688e-05
-7.925489786164992e-05
-8.016118261537686e-05
-8.107587394592124e-05
-8.200112695323413e-05
-8.294033992211188e-05
-8.388315560522262e-05
-8.484644643502055e-05
-8.581070906361165e-05
-8.679574711616127e-05
-8.778161646754511e-05
-8.879334618788817e-05
-8.979762872600024e-05
-9.08368597323957e-05
-9.18642831059365e-05
-9.292604625138307e-05
-9.397798080064185e-05
-9.50648006919798e-05
-9.613741347347797e-05
-9.725152974383317e-05
-9.834712811447679e-05
-9.948599806789835e-05
-0.0001006082569620382
-0.00010177339723557227
-0.00010292158268059789
-0.00010411382837277192
-0.00010529162428742711
-0.00010650999796009299
-0.0001077188133521873
-0.00010896480441125432
-0.00011020367038571123
-0.00011147840296711847
-0.0001127476788484215
-0.00011405023576941723
-0.00011535056845873194
-0.0001166820309664808
-0.00011801506721393734
-0.00011937032007955264
-0.00012073635872886858
-0.0001221255919667831
-0.0001235185703077311
-0.00012494383897721753
-0.00012637284636322706
-0.0001278260238962342
-0.00012928205005542718
-0.00013080233657680593
-0.00013224695133528736
-0.00013383989835559466
-0.00013533340298168861
-0.00013693474227152166
-0.00013844339615063647
-0.00014016980414819502
-0.00014155986627467117
-0.00014348102254927513
-0.0001447011194165747
-0.00014719587129734106
-0.00014658620769068627
-0.00015715939485057778
-0.00016163943978830093
-0.0001564638252827135
-0.0001673231031270307
-0.00015788713325951497
-0.00016394066282307887
-0.0001584959105686643
-0.00016308259015931003
-0.00015116785900616715
-0.00016717287730094987
-0.00014449843461626877
-0.000157424002810128
-0.0001502120355308826
-0.00015911443226608487
-0.0001473169285529041
-0.0001753822162866932
-0.0001605622472582248
-0.0001914139666546351
-0.00017281545342526139
-0.00019491157113238296
-0.00017695244738027207
-0.00019337682774336556
-0.00017112478488430526
-0.00018210811400264418
-0.00015973062724918458
-0.00016545535088359983
-0.00014563721846471686
-0.00015739557254266606
-0.00013893994026100193
-0.00015977536775737538
-0.0001365684731402396
-0.00016119318814838924
-0.00014413967811881435
-0.00016810689493816172
-0.00016757659362546113
-0.00017289696158445742
-0.00017544579311928307
-0.00017811206372443859
-0.00018580736369150965
-0.00019459523315847722
-0.000184125544020593
-0.00019056448710776984
-0.00018216001544243778
-0.00017910210338010953
-0.0001742497556138796
-0.0001662132253797237
-0.00017598186474060797
-0.00016236250021576675
-0.00016595515106889968
-0.00015677816760593786
-0.00015620092217505244
-0.00014589747025039096
-0.00015701354958889914
-0.00015725997267877897
-0.00016951804241823246
-0.00016709788418894542
-0.0001725741642351487
-0.00017171884878175382
-0.0001688425199660452
-0.00018941452654022787
-0.00017385944174764156
-0.00019228860769894454
-0.00012070278490055323
-9.480399485374709e-05
-0.00011457411136638025
-0.00012035208202793306
-0.00012925932875397397
-0.00012699988377992927
-0.00014687258109945375
-0.00010090957964010511
-0.00015138095118975663
-9.029802211438123e-05
-0.00010464772594421948
-0.00012160215613454708
-5.6936197534899514e-05
-0.00011752101342670071
-7.034387637981006e-05
-0.00011412281792352451
-5.184622275765667e-05
-0.00012208700167900524
-7.365706290140818e-05
-0.00012448176439864642
-0.00010662770254205376
-0.00012656063804374773
-0.00011096944764673445
-0.0001438795393523715
-0.00011800667881996547
-0.00014364948477189025
-0.00012056572919994374
-0.0001620753544535007
-0.00010435423734338801
-0.0001333608785529623
-8.990670046644399e-05
-9.122785778591057e-05
-8.872968291436786e-05
-9.184604989317756e-05
-8.475384225016574e-05
-0.00011096561944909898
-9.230694630817625e-05
-0.00011443212464470019
-9.793062901003978e-05
-0.00013067907003333793
-0.00010099689953611737
-0.00014618965587360772
-0.00010815246371991558
-0.0001645012911875715
-9.058259593222595e-05
-0.00016559202806967917
-7.127795390963234e-05
-0.0001552840738134516
-5.5975557478310224e-05
-0.0001431340177148836
-4.8060726298071324e-05
-9.894620346957727e-05
-6.00912591342971e-05
-8.964407356337311e-05
-6.419727526205446e-05
-0.0001006088885716058
-9.552170366612637e-05
-7.099049794984813e-05
-0.00011316146929857192
-9.453722996870785e-05
-0.00010665466319650932
-0.00010787690235690822
-0.00010685164763046173
-0.00011656266646077524
-8.014061638291445e-05
-0.00012104806072252858
-6.170629799770019e-05
-7.964467494150335e-05
-6.737011994171723e-05
-7.26666760446624e-05
-6.748920550463949e-05
-7.833083148426147e-05
-7.067528130383194e-05
-8.737786547999781e-05
-0.00010512716745673565
-0.00010282390583864448
-0.00012784057936124843
-0.00010880577182852606
-0.0001438877266811513
-0.00011769721546930586
-0.0001422564022504108
-0.00012515693107565027
-0.00013832746736313207
-0.00012971337501735625
-0.00013805639918183213
-0.00013283869160855578
-0.0001386288287941285
-0.0001357084618608331
-0.00013962913400211268
-0.0001359367271299782
-0.00015640609877394374
-0.00013989213530989715
-0.00015949558292351683
-0.0001459413807385719
-0.00016640406295777898
-0.00012176375429415594
-0.00016546263944365494
-0.00012840498731808968
-0.00015797969488077926
-0.00014055679033614027
-0.00015826717900213784
-0.00014583852553075338
-0.0001609036761849797
-0.00015295573751325227
-0.00015864264766757586
-0.00017195030847516575
-0.00016344634866706417
-0.00017226365532067183
-0.00018194202434269018
-0.00019149296796875116
-0.00018393055245775918
-0.00021356159915194043
-0.00018950872917293207
-0.00022482300619305497
-0.0002127533837903335
-0.00024154835261394313
-0.0002197947608467549
-0.00025887134384274565
-0.00023067261039983388
-0.00025546820289366873
-0.00025222834228955213
-0.00027190500019377926
-0.0002583073154460631
-0.0002790108009749961
-0.00026296855095962876
-0.00029473081150488715
-0.0002721973818638206
-0.0002984541132237138
-0.0002822120508858118
-0.0003004969950239838
-0.00028743726292565464
-0.00031919083666483617
-0.0002985936471015325
-0.0003157274684695172
-0.00033978647689051147
-0.00032294958818495246
-0.0003458593332172714
-0.0003379354458470413
-0.0003484859825698475
-0.00034267239203266623
-0.00036999223136912316
-0.00035148450214638486
-0.000375413462610818
-0.0003629284387799647
-0.0003867371876988106
-0.00034428300141561553
-0.00038990975203419167
-0.0003528817556668867
-0.00039942866502956534
-0.00038128437403537084
-0.0004220034703897816
-0.00039349235714253723
-0.00045006720792679185
-0.0003888202974993733
-0.0004203556263960564
-0.0004037821612588466
-0.00041524549323918947
-0.0004190948037581095
-0.00039637877781591196
-0.0004318572521302348
-0.0003803623532957753
-0.00042937577003493476
-0.0004069734213337029
-0.00039848097556883426
-0.00041951206080576096
-0.0004087836285943555
-0.00042435204197922307
-0.00039630347775594177
-0.0003977998916077037
-0.0003952083797298905
-0.000399627467812506
-0.00042365240370579796
-0.0003964616891021884
-0.0004639547609521759
-0.00040937236119150826
-0.0004869473413159353
-0.00040784233776468835
-0.0004816870164428295
-0.00042513031555641885
-0.0004778158856782936
-0.00044696719557892745
-0.00048331954496265694
-0.000468895523077494
-0.0004973702154877687
-0.0004903013531430536
-0.0005170780062321224
-0.000506890869555166
-0.0005154843356283026
-0.0005337830205837111
-0.0005425581883147944
-0.0005242254475333016
-0.0005558279313186694
-0.0005662992433304319
-0.0005357285796191303
-0.000575272059462939
-0.0005726019779981233
-0.0005685968779377123
-0.0005914386582557491
-0.000581836416169523
-0.0005718668050063463
-0.0005886317322860212
-0.0005846304301651321
-0.0005726145389145054
-0.0006304629830944587
-0.0006091646945581407
-0.000662647148764655
-0.0006417662376293682
-0.0007707109832934232
-0.0006421796509679898
-0.0008396464697861829
-0.0006259834417428171
-0.0009092039032569082
-0.0004885311977633736
-0.0010673203462150443
-0.00041802683025352007
-0.0012178599605794436
-0.00037012534777612345
-0.0014109520782359594
0.000278950265084609
-0.0017269006142684163
0.0007476669995057795
-0.0022026497045174575
0.0013606835806631635
-0.004505696402714858
0.004153139755654118
-0.009818550953871491
0.01914026652489167
0.1185100003422299
0.14979973616912406
0.15992988816884696
0.16734159542654994
0.0851185673519981
-0.11038116019866318
-0.17952131621459883
-0.12896155516353194
-0.15063208933918631
-0.12150710741264109
-0.04689255166226178
-0.01977623004657818
0.002667283938876109
0.014980215696827375
0.019250416344782455
0.030053968219975406
0.019306936083607326
0.013467002731192227
0.038110357974282486
0.06103877218186744
0.04173198213304122
0.0063917225933689545
-0.013837668527119413
-0.008178701983463156
0.008022441173940669
0.006869836116875367
-0.0013122802971424798
-0.0054313417542934984
-0.0063123958412952125
-0.023291122407399174
-0.02991121117271914
0.0010488840265845377
0.017677027403951637
-0.0030041534012394764
-0.024131155174522658
-0.02890703676730976
-0.012181876771357122
0.0049463421404993746
0.01822709002432222
0.021210497832466056
0.017187451336538328
0.008506690432565323
0.0008497109215807009
0.008797936663517164
0.020019568760192886
0.015852775661230924
0.004457911167327877
0.00025116365274399557
-0.002789120370809517
0.003105191063656694
0.002507623689391274
-0.006183593829862746
-0.014006927729404702
-0.01685149804102301
-0.01509796990253626
-0.013659102810189014
-0.015273989886274833
-0.015094196577515952
-0.011920427229603701
-0.010108791187003066
-0.0033852756904912676
0.011001144657404902
0.014533297340044882
0.0049431621533111295
0.0014112311447096598
0.00690020621849087
0.011180649675433287
0.01066594117074108
0.008497534329923617
0.007088817382066171
0.001171386815696153
-0.006937132768165821
-0.008993757526374269
-0.0018348264806671809
0.005451190125834558
0.0032483243153137876
-0.0033052796115426463
-0.006447369821175927
-0.005530812582037501
-0.002261036254928411
0.00033015356375141417
0.0008014872434936944
-0.0009215113428007876
-0.002690073490120891
-0.0036783981172260408
-0.00208815144624003
0.0012989229217423553
0.0029871040476093414
0.002439341971668757
0.0012564696394077042
0.0015187673852969457
0.0022587223945272888
0.0017956374657634173
0.0008197185178209936
0.0013163040478450505
0.00171876799429978
0.0005252894708916574
-0.0003684062856232612
0.0007005689841118518
0.001305378245262228
-0.00016092030871818987
-0.0015352233792797008
-0.0005022654837228923
0.0016003753089014416
0.0016870388323592213
-0.00031123015347116656
-0.002021008744269699
-0.001998315479682397
-0.0012003353838753077
-6.416794544755243e-05
0.0009002840308394008
0.0008512463190525526
-0.00046087808036941003
-0.0019475171355577488
-0.0018927529727490048
-0.00028501779586420314
0.0013748048158749887
0.00148499659526249
0.0006573693582033312
-0.0001159002377126338
-0.0004491489403306269
-0.00036308448364452
0.00020869359636373512
0.0010474296919662928
0.0010897867930900432
0.00012441106560455274
-0.0008812554386502431
-0.0006274978407984731
-3.347050191885727e-05
0.00013515496910608142
-0.00039298923679717654
-0.0005456097486035915
-0.0006134158260398131
-0.00045282659918972185
-0.0003764132926634279
-0.0004661420963278947
-0.00036623801145034004
-0.00015728791940839988
4.0823990904519705e-05
0.00012503280069235011
0.0006032811057483919
0.0005894497278296755
7.181300396482578e-05
8.119341654659123e-05
0.000590976357495224
0.001042027729447375
0.0012123855967990714
0.0009564577607914676
0.0007826973437852921
0.00017898029892168962
0.00034867143690498956
0.0016706640237393673
0.000574986019887021
-0.00017966264522032793
-7.126344015153486e-05
-0.0009553646981626676
-0.002066943708933352
-0.0005667266138882875
0.00035452649626130297
-0.00030873548602240427
0.00019045140050485976
-0.0003892095603118518
0.00021293461729111746
0.0013518012819929439
7.604154764701224e-05
-0.001033052860540833
-0.0011810756842731832
-0.0018495309869769956
-0.002199604539926626
-0.0002625179072059048
0.0010375677060903733
0.0011677124440968556
0.0011080440886226985
0.0008198099370494583
0.001361124539233351
0.0015563624260553368
8.652636905829811e-05
-0.0007342996040169513
-0.0004456603789297578
-0.00034215580786696323
7.297918364447522e-05
0.0010687220381158933
0.0009385748529041785
-0.00038736149656850574
-0.0013254873388871698
-0.0018878538851791042
-0.0009629547289245349
0.0001342195869024355
6.903783488525065e-05
-0.0008100527139184441
-0.0008268788310344929
-0.0008172969374560773
-0.0006681099182783625
4.266793493844397e-05
0.0007197195150128442
0.0007822848422232667
0.0003277527044753805
-0.00015304554202650534
7.60366118712552e-05
0.0007917733334533005
0.0009021151220718056
0.00025897223413570036
-0.0001218665654342256
-0.00016594415470849288
-0.0002975227729107572
-0.0004148727096252041
-0.0002231414040597587
-5.716288060731755e-05
-1.4426431222191229e-05
-0.00020424308864768376
-0.000257874505556586
0.0003343524383129405
-0.0002622937698680932
0.00021310206213013384
-0.00018790630493717162
9.45843875336781e-05
-5.767443614167756e-05
0.00017557897006866382
-8.138469849205111e-06
7.432379651066341e-05
-7.470943251624746e-05
1.790864695761913e-05
-5.154357814896931e-05
3.258342959480039e-05
2.1728551636714558e-07
2.0503892731212396e-05
-5.084243785523411e-05
-1.9568845730146068e-05
-4.251514471042475e-05
7.452302103568347e-06
-1.1047767315543679e-05
1.1681734170313613e-05
-2.266719305007044e-05
9.803314902014676e-06
-7.33357330230925e-06
1.8287892991140082e-05
1.299389136534694e-05
2.9051980523031015e-05
2.299695269655318e-06
3.5349552144685875e-06
-1.5359346082736104e-06
-9.055241778386998e-07
3.5953410277709863e-06
-1.5886583928365737e-05
5.618817629406673e-06
-6.397491083119055e-06
-6.396912421317348e-06
-3.883251815580784e-06
5.683569098152453e-07
-5.930969151733196e-06
-4.431095785065127e-06
-3.2709022961438077e-07
-1.022231640527714e-06
2.144921527819641e-06
1.6038778239263192e-06
6.481645442625041e-07
-3.923767966165781e-07
-1.129676580078308e-06
-7.488400838463055e-07
9.339084441079698e-07
-9.525736322534874e-07
8.240024243809721e-07
-1.5129049994186752e-06
-1.0103823181724196e-06
-1.8272530189723454e-06
-7.181561682730042e-07
-1.7130933140836486e-06
-4.685316157892008e-07
-1.8759198580733428e-06
-9.84637159311385e-07
-1.5639640209437456e-06
-1.5231168237219393e-07
-1.353013906666453e-06
1.0878433620337309e-07
-1.2465021388117538e-06
6.285918499409314e-08
-1.3029295346439268e-06
-5.243257621954142e-07
-8.47676950131097e-07
-6.332190678632883e-07
-1.3508495643662093e-06
-6.606639451735904e-07
-1.0220593749018082e-06
-1.0985525770154577e-06
-1.1706970489900654e-06
-9.454144422288793e-07
-1.369212296735184e-06
-1.0370710613213886e-06
-1.163236898772289e-06
-9.834235439952054e-07
-1.058852180020305e-06
-1.0727725875530345e-06
-1.0779033220716474e-06
-1.1040705387754856e-06
-1.1408603745714525e-06
-1.0848396726436359e-06
-1.096889732487465e-06
-1.135728169084256e-06
-1.140176694381951e-06
-1.175681647119217e-06
-1.2086912716976995e-06
-1.209746916437589e-06
-1.2235737958215783e-06
-1.270109888981154e-06
-1.2476193598800437e-06
-1.3001698119682295e-06
-1.2918032805381134e-06
-1.3130542603717143e-06
-1.3170301155390513e-06
-1.3234672978164233e-06
-1.3528901125023514e-06
-1.3559156795199908e-06
-1.3640953914327857e-06
-1.3858031146143907e-06
-1.4129179024509667e-06
-1.4028004708384692e-06
-1.4359572813739234e-06
-1.4576056875898282e-06
-1.4630736422441e-06
-1.4804002159649076e-06
-1.5139813022927578e-06
-1.5183778326131186e-06
-1.547941234985098e-06
-1.5564531916176932e-06
-1.5831688529766193e-06
-1.5905146056776134e-06
-1.6146228939235494e-06
-1.6270115941303086e-06
-1.654356904662313e-06
-1.6645445119999047e-06
-1.6893034579005487e-06
-1.7046000719496998e-06
-1.7256653321248987e-06
-1.7412700510184489e-06
-1.7668066046646756e-06
-1.781282185056533e-06
-1.806857970543382e-06
-1.824344987516732e-06
-1.847411182754645e-06
-1.8671376064290871e-06
-1.8902125080325983e-06
-1.910574937845068e-06
-1.9334771742326594e-06
-1.9546779572364946e-06
-1.978108493685607e-06
-1.9998623855268193e-06
-2.0227842500839585e-06
-2.0460995310275716e-06
-2.0697644886309387e-06
-2.0920736742692606e-06
-2.117084507012045e-06
-2.141166291802233e-06
-2.1647985072242687e-06
-2.1901130295374824e-06
-2.2151382457033693e-06
-2.2402047778669543e-06
-2.2658536544516308e-06
-2.2920577370125225e-06
-2.318158039707098e-06
-2.3447269938484117e-06
-2.3714366313954224e-06
-2.398612318946157e-06
-2.4260537028551445e-06
-2.453632758893986e-06
-2.481793136475224e-06
-2.510265434130145e-06
-2.538745063994213e-06
-2.5678597574882214e-06
-2.597202521361642e-06
-2.626755671973887e-06
-2.6568559349242658e-06
-2.68716904747401e-06
-2.7179015825158624e-06
-2.7489262493128193e-06
-2.7804099833483846e-06
-2.8121098617712674e-06
-2.8443168949431632e-06
-2.8767653667480513e-06
-2.9097044174592813e-06
-2.9429073796337577e-06
-2.9765681062549304e-06
-3.0105850620901512e-06
-3.045019075603966e-06
-3.079739779724257e-06
-3.1150325547668113e-06
-3.1505663532390447e-06
-3.186583051314985e-06
-3.2229930511335565e-06
-3.2598554297912693e-06
-3.29705495279731e-06
-3.3347703879480747e-06
-3.372861408243151e-06
-3.411415770275669e-06
-3.4503896060249077e-06
-3.4898345943355834e-06
-3.529707629895096e-06
-3.570057260467304e-06
-3.6108358329130013e-06
-3.652120382755859e-06
-3.6938482232055412e-06
-3.7360606512983616e-06
-3.778760266035636e-06
-3.821947315592062e-06
-3.86561697633377e-06
-3.909797744101266e-06
-3.954477835686475e-06
-3.999666519706018e-06
-4.045375865889783e-06
-4.091606452509723e-06
-4.1383635507167595e-06
-4.185657919778975e-06
-4.233490426911292e-06
-4.281871176164352e-06
-4.330803846667758e-06
-4.380294876579814e-06
-4.4303553392181295e-06
-4.480983195528096e-06
-4.5321918290131945e-06
-4.5839874812861196e-06
-4.6363720988157634e-06
-4.689355372131213e-06
-4.74294696682176e-06
-4.797148704992291e-06
-4.851969063102927e-06
-4.907418548498119e-06
-4.963499822685681e-06
-5.020222136248634e-06
-5.077593101525282e-06
-5.135619618958326e-06
-5.194309232109081e-06
-5.253669642686339e-06
-5.313707799549719e-06
-5.374433473029396e-06
-5.43585160037868e-06
-5.49797235267546e-06
-5.560803027026976e-06
-5.624351926677835e-06
-5.688626159134963e-06
-5.753636184665275e-06
-5.819388178952774e-06
-5.885891946631316e-06
-5.953155599310186e-06
-6.021188149503724e-06
-6.089997757706631e-06
-6.159594224023936e-06
-6.229985558366293e-06
-6.301181769918893e-06
-6.373191180605582e-06
-6.4460238491089795e-06
-6.5196886572813296e-06
-6.594195379018992e-06
-6.6695534515495095e-06
-6.74577296812251e-06
-6.822863223268633e-06
-6.900834620572556e-06
-6.979697109312172e-06
-7.059460745343206e-06
-7.140135883138118e-06
-7.22173313167309e-06
-7.304262714838175e-06
-7.387735503969011e-06
-7.4721622193571e-06
-7.557553749867923e-06
-7.643921132589944e-06
-7.731275506046712e-06
-7.819628170165462e-06
-7.908990543727492e-06
-7.999374112424107e-06
-8.0907905830002e-06
-8.18325179661123e-06
-8.276769609733567e-06
-8.371356144643797e-06
-8.467023645685248e-06
-8.563784399261764e-06
-8.661650931572347e-06
-8.760635899168789e-06
-8.860752043080662e-06
-8.962012313998508e-06
-9.064429786139654e-06
-9.168017677210001e-06
-9.272789368543568e-06
-9.378758381639487e-06
-9.485938408851542e-06
-9.594343283206037e-06
-9.703987000878148e-06
-9.814883721128743e-06
-9.927047772862179e-06
-1.0040493616673908e-05
-1.015523592419942e-05
-1.0271289501834544e-05
-1.0388669329357628e-05
-1.0507390569280354e-05
-1.0627468556758312e-05
-1.074891878012697e-05
-1.0871756937490577e-05
-1.0995998881667402e-05
-1.1121660659067008e-05
-1.1248758490268692e-05
-1.1377308792697056e-05
-1.1507328159716994e-05
-1.16388333854646e-05
-1.1771841442749184e-05
-1.190636951322227e-05
-1.2042434964086712e-05
-1.218005536368275e-05
-1.2319248482350393e-05
-1.2460032296404428e-05
-1.2602424978405886e-05
-1.2746444919334342e-05
-1.2892110713339129e-05
-1.3039441169105e-05
-1.318845531007775e-05
-1.3339172378966369e-05
-1.349161183482328e-05
-1.3645793362319913e-05
-1.3801736869122061e-05
-1.3959462491400232e-05
-1.411899059489477e-05
-1.428034177814591e-05
-1.4443536875546892e-05
-1.4608596959370113e-05
-1.4775543341904313e-05
-1.4944397580417615e-05
-1.5115181477499268e-05
-1.5287917085024787e-05
-1.5462626707566426e-05
-1.56393329036799e-05
-1.581805848979885e-05
-1.5998826543957116e-05
-1.618166040731747e-05
-1.6366583687567327e-05
-1.6553620262782856e-05
-1.6742794283472473e-05
-1.6934130176253157e-05
-1.7127652646923078e-05
-1.7323386683358588e-05
-1.752135755980354e-05
-1.772159083864304e-05
-1.7924112374053422e-05
-1.812894831649983e-05
-1.833612511484956e-05
-1.854566951999155e-05
-1.8757608589149016e-05
-1.8971969688393823e-05
-1.918878049635489e-05
-1.9408069008614416e-05
-1.9629863540086834e-05
-1.9854192729228115e-05
-2.0081085542267632e-05
-2.0310571275981328e-05
-2.054267956216882e-05
-2.077744037136224e-05
-2.1014884016266194e-05
-2.125504115660891e-05
-2.1497942801806393e-05
-2.1743620315977687e-05
-2.1992105421881486e-05
-2.2243430204434492e-05
-2.2497627115099228e-05
-2.2754728975684225e-05
-2.301476898489011e-05
-2.3277780719029072e-05
-2.354379814026612e-05
-2.3812855595947615e-05
-2.4084987829345837e-05
-2.4360229977862455e-05
-2.4638617580264276e-05
-2.492018658355362e-05
-2.5204973343496972e-05
-2.5493014635776662e-05
-2.5784347647186262e-05
-2.6079010002981115e-05
-2.6377039742278216e-05
-2.6678475358023375e-05
-2.6983355757970347e-05
-2.7291720328340846e-05
-2.7603608861628826e-05
-2.7919061658290834e-05
-2.823811941780885e-05
-2.8560823374129685e-05
-2.88872151557526e-05
-2.921733695101375e-05
-2.9551231338839634e-05
-2.9888941480205045e-05
-3.023051093460627e-05
-3.0575983850554544e-05
-3.0925404797196854e-05
-3.127881892428172e-05
-3.1636271842868345e-05
-3.199780972050568e-05
-3.236347923911073e-05
-3.2733327602884124e-05
-3.3107402593079635e-05
-3.348575247275314e-05
-3.386842614686372e-05
-3.4255472962731875e-05
-3.4646942973316774e-05
-3.5042886638426626e-05
-3.544335518299892e-05
-3.584840020602782e-05
-3.6258074127316214e-05
-3.667242972150379e-05
-3.709152061347925e-05
-3.7515400801061295e-05
-3.794412512324709e-05
-3.837774884667827e-05
-3.881632803065559e-05
-3.925991927462857e-05
-3.970857982781484e-05
-4.0162367735719316e-05
-4.062134137253681e-05
-4.108556034787032e-05
-4.155508411261735e-05
-4.202997394915642e-05
-4.251029038142984e-05
-4.299609631944532e-05
-4.348745356549011e-05
-4.398442650381426e-05
-4.448707819286642e-05
-4.4995474866880774e-05
-4.5509680743555493e-05
-4.6029763120965564e-05
-4.6555789828841914e-05
-4.708782581434168e-05
-4.762594546584589e-05
-4.817021034478824e-05
-4.8720700618439276e-05
-4.927747486138816e-05
-4.984062171376749e-05
-5.041019053000093e-05
-5.098628625422664e-05
-5.156894384222786e-05
-5.215828493502291e-05
-5.2754333358342195e-05
-5.3357224064473976e-05
-5.3966970765401676e-05
-5.458372160589914e-05
-5.5207484248113954e-05
-5.583840858165029e-05
-5.647651486296646e-05
-5.712193482720524e-05
-5.77747161106372e-05
-5.8434965039372446e-05
-5.910275869635211e-05
-5.9778176812129305e-05
-6.046132799029087e-05
-6.115226441560947e-05
-6.185112375895689e-05
-6.25579367531627e-05
-6.327286440333945e-05
-6.399591721370273e-05
-6.472728421604278e-05
-6.546694867799957e-05
-6.621513230473642e-05
-6.697179175960762e-05
-6.773717505970431e-05
-6.851122417112697e-05
-6.929419813654498e-05
-7.008603953146563e-05
-7.088700688150654e-05
-7.169705329280324e-05
-7.251641507077238e-05
-7.334510853571736e-05
-7.418325542769193e-05
-7.503104951494258e-05
-7.588840470091604e-05
-7.675573911169309e-05
-7.763272568470694e-05
-7.852009780883639e-05
-7.941709374913571e-05
-8.03250118242399e-05
-8.124246625184757e-05
-8.217141470295202e-05
-8.310968911674071e-05
-8.406041625087988e-05
-8.502096469570309e-05
-8.599214916833294e-05
-8.697657297212393e-05
-8.796798487580138e-05
-8.897391862948151e-05
-8.998808000981555e-05
-9.101767404160027e-05
-9.205058166781888e-05
-9.311327175033477e-05
-9.416209244193883e-05
-9.525777200501017e-05
-9.63271884211945e-05
-9.745181078855037e-05
-9.854072374091053e-05
-9.969603591854071e-05
-0.00010080723717868892
-0.00010198724491878208
-0.00010313570143220834
-0.00010432705522935395
-0.00010551868634500354
-0.00010672511228873395
-0.00010794994186829129
-0.00010917876918602133
-0.00011043612790143112
-0.0001116897662377352
-0.00011298132601455485
-0.00011426491252585776
-0.0001155899006867946
-0.00011690245218643435
-0.00011826863105446499
-0.0001195999963774021
-0.00012101291096790331
-0.00012236405646676212
-0.00012381990423869195
-0.00012519426278419495
-0.00012668759423417727
-0.00012809198670024185
-0.00012962473029073376
-0.00013105725080415936
-0.00013262791249952846
-0.00013409705147972707
-0.0001356820337941884
-0.00013722921637786538
-0.00013879397344211694
-0.00014044019913255642
-0.00014199809581890243
-0.00014372988886411745
-0.00014524833078287684
-0.00014713108720556514
-0.0001485689203653433
-0.00015057789815176796
-0.0001520681637111902
-0.00015408301922172866
-0.00015554447401911405
-0.0001577814485227937
-0.00015898519044929115
-0.00016149714321266067
-0.00016248624823680168
-0.0001658344772546613
-0.00016414934724389145
-0.00017942958830928748
-0.00018866137328118048
-0.00016829866695570225
-0.00019925189221773752
-0.00015142752500673355
-0.00017141213867012358
-0.00012526812464632993
-0.00017702951721962042
-0.0001310461488518004
-0.000172839553585454
-0.0001483872317222675
-0.0001666542743085086
-0.00017895765988344066
-0.00014536355887479228
-0.00017596994975394663
-0.00016855986199223406
-0.00017157303688188313
-0.00017791623200038236
-0.0001782283852998221
-0.0001850715682991344
-0.00016335724848694292
-0.0001486924689849406
-0.00014108679830369914
-0.00011098825403521595
-0.0001455885510354302
-7.24783870220004e-05
-0.00013938037593048396
-7.987856536906455e-05
-0.0001595350721142111
-0.00010032181125881962
-0.00016019311176655677
-0.0001114790723122868
-0.00017844658373999516
-9.286402852121817e-05
-0.00018355208248462766
-0.0001252318596150128
-0.00016753344644986241
-0.00016005844507198863
-0.0001644101818853239
-0.00018860539299041853
-0.00012774414096641514
-0.00018936205571653143
-0.00011522258572374544
-0.0001406815609109192
-0.00013325100750784632
-0.00010180642467643912
-0.0001458981615617333
-0.0001125060323483381
-0.0001425194310896692
-0.00012539697921952312
-0.00014491757295522953
-0.00012827085771724206
-0.00016077665189141873
-0.00014482777545175125
-0.0001325781355071092
-0.00015033835016329996
-0.0001414983413316389
-0.00011918697174648796
-0.00014488278562818448
-0.00012395185561254264
-0.0001364810117533763
-0.00013738775857403686
