0.00028750692065322383
0.00031470318121364516
0.0002568967166365516
0.0002497671878647418
0.00020683222123013464
0.00021339829601874663
0.00017390814727249684
0.0002035462958998809
0.0001739171374450785
0.00019542852097766757
0.00017671884790202618
0.00020017648696734187
0.00017044095274933283
0.0002017094313861829
0.0001672053750031901
0.00019138738660542313
0.00016278763884035227
0.00018322985200512862
0.00012406654703581694
0.00017051902141452564
0.00011124623551881423
0.00015262133769412963
0.00011735594629879207
0.0001416824124057233
0.00012225649573290829
0.00014821345113292904
0.0001263515787638716
0.0001521810632314261
0.0001421250028115023
0.00015503535765378336
0.00016019467886838753
0.00016200461210939945
0.0001550302564043416
0.00015502113004318903
0.0001456870173878426
0.00014471677585016154
0.00010129561638828812
0.00012807106697082336
7.51194877560641e-05
0.00010804710973527781
7.845837535903509e-05
9.471580974944349e-05
7.102236929336275e-05
9.738275135371072e-05
7.322774001371998e-05
9.862320781837768e-05
9.913409959268046e-05
0.0001264977463271938
0.00011902998366858727
0.00016178765060965208
0.0001405711197084055
0.00015943841371316667
0.00015839016163190134
0.0001506375908502951
0.00015789003806576028
0.00013297905874525402
0.00014026502300361232
0.00012173332813127213
0.00013488898100336383
0.00011147152585887346
0.00013244856237844017
0.00011425158404837523
0.00013096914822083677
0.00012678480509374852
0.00017767058966256487
0.00015931650634891533
0.00020105969632947494
0.00019620168001766426
0.00021963684747033408
0.00021533887840641881
0.00023860569597754266
0.0002306467197273696
0.0002335778998137806
0.00023397062291130163
0.0002241718218509309
0.000230654700192982
0.0002258758679834932
0.00022934669763283698
0.00021806891444991604
0.00023008211981684075
0.00020803060808799407
0.00022929027502284778
0.0002126094258222621
0.00021646035846478815
0.00022714336438944789
0.00023041409505735526
0.0002338534186179714
0.00023832221658458142
0.00023968988224406894
0.00025359918342010915
0.00023561944220239163
0.0002669584562650586
0.00024236343618267247
0.0002690170691741044
0.00023997256882494827
0.000268145758856312
0.00024467948127257456
0.000258234924321947
0.0002286828815608678
0.0002334425545524344
0.00020610353088369526
0.00020861170697096404
0.00014942542091356086
0.00017657072337675926
0.00012278794310804987
0.00014465742792585005
0.00010424870280270498
0.00012911473031895133
8.466589845897926e-05
0.00011892834842773664
6.852125915999388e-05
9.405779991155977e-05
4.7769238455158176e-05
9.055818685662568e-05
2.8149002073530046e-05
7.883839891846915e-05
2.121611098411782e-05
5.539056063908154e-05
1.736343076864347e-06
3.1162617135807244e-05
-2.29479518977897e-05
-1.5540751705312664e-05
-3.61829896910631e-05
-5.9017133949493174e-05
-5.918410183305186e-05
-7.027451074587783e-05
-7.164290092912949e-05
-9.48457693185161e-05
-7.073609554916749e-05
-0.00010287747306968325
-7.114408983009728e-05
-9.818959214046362e-05
-8.911524386013161e-05
-0.00010365188777404844
-0.00011545946611100652
-0.00014043535170058812
-0.0001457871374483524
-0.0001667407821810348
-0.00018606039736608913
-0.00017770791595595674
-0.00021362827701423503
-0.00019769228700393848
-0.0002322994277155688
-0.00020639517065735934
-0.00024195856219707477
-0.00022888949459558803
-0.0002475010914377883
-0.0002481167163186922
-0.0002589625352392999
-0.00026607009210602054
-0.00030017514080996603
-0.00029475281626523353
-0.00033411606124475934
-0.00033866568120485027
-0.00035547188418242855
-0.00034041274831963305
-0.0003511436700766485
-0.0002989541267590616
-0.00028671375677252417
-0.00020999110159352556
-0.00021559225727678936
-0.00011642430610194683
-0.0001521873793986603
-0.0001525263225091807
-0.00022773864249602286
-0.00022007044023850732
-0.0003007384605235552
-0.0003107310224665391
-0.00036538472480065836
-0.00041757829694768963
-0.00045781611423272505
-0.0005257080922530641
-0.0005289028204008687
-0.0005280501434138525
-0.0004476942208489029
-0.0005546288626722962
-0.00015748904401908256
-0.0005079473965729274
7.923433977329489e-05
-0.0006904566846338724
0.0005953361408378745
-0.002221004835937579
0.009789251831741466
0.02095316109440899
0.023866776119028293
0.03705714597795004
0.05346397162265621
0.04702193764620279
0.04750978728601558
0.04025600535658024
-0.017024782382009412
-0.0384594454194604
-0.04311585299930922
-0.03670206217872067
-0.02397150881903277
-0.018837645810780936
-0.02055343948816816
-0.01901534052267767
-0.016465930632655806
-0.005472221856075191
-0.002178758694924866
0.0026994223492963583
0.004190398357710727
0.012260881729527275
0.01709380932410371
0.014171303836652237
0.015935424261682356
0.014113132557820155
0.0076589696065095456
0.004592489639342124
0.008215608904820353
0.01271437160696494
0.005502627197204908
-0.002788891296740914
-0.005180964705117284
-0.004690465166288639
-0.005374744340275272
-0.004399074948337753
-0.0014296089341277215
-0.002027309845687403
-0.003414022627556435
-0.004955706769020194
-0.006922889227981318
-0.006312597132688151
-0.005979182894911302
-0.0002623554396539697
0.003880561695005975
0.005420517800509908
0.0025399839622564347
0.0005741238609508745
0.0007816618093130401
0.003107879908341067
0.004443317561959913
0.0060156076510172575
0.0072822794243031525
0.005547586873117507
0.002459524742485545
0.0008774241886134568
0.0010994242912001513
0.001589091483912397
-0.0005132718615358597
-0.0020353150979725
-0.001592900742134913
-0.0006153201385959925
-0.002005799729180901
-0.0032898996447964087
-0.002777374618533751
-0.0017336108972359214
-0.00018074262553003888
0.001338339939146636
0.002256326551489868
0.0013127586190176364
-0.0005384509014741818
-0.0014962742150332066
-0.0017405673417401788
-0.0014285681329211759
-0.0005356509686087695
0.0002397950352548046
0.0013422262861201492
0.0013780532605204537
7.398460062360248e-05
-0.0008737181814923822
-0.0007679748179271703
-9.045635511712542e-05
0.0004299484912702455
0.0013902885700027988
0.0018728617745427034
0.0006394291113949475
-0.0013996460774912901
-0.0026195669127192433
-0.002830457005363332
-0.002483793585592744
-0.001721254064697083
-0.0012640637741324896
-0.0013858940417586837
-0.0020276390308125885
-0.0022464838943684878
-0.001337441085332764
-0.0002727743207664433
0.0005205148494517468
0.0010646074189928838
0.001449709257807651
0.0017248298833843802
0.0013864726845172473
0.0008780264127841229
0.0008298951353843423
0.0009952603455239608
0.0009311835338543888
0.0007303368789935594
0.00042980696115129774
-7.374316112330852e-06
-0.0007260716424584218
-0.0013272644436353462
-0.001457011674693003
-0.001253914854737166
-0.00079432691033527
-0.0005792101984668718
-0.00041901265961863474
-0.00032866584813857685
-0.0004098100202511064
-0.0005076869329984438
-0.0003664258632695877
2.988971687149203e-05
0.0006294490471726476
0.001113172301327531
0.0014020476567751
0.0012941464494936232
0.0008989475574238657
0.0008184245684874847
0.0009613251074796122
0.0011256752144950246
0.0009431114543841886
0.0007002519813620898
0.00030401696545007394
-0.00015239910291754417
-0.0005041320610070014
-0.0006026584980864536
-0.0005834459884239113
-0.0006275808944843
-0.0003394186669270656
-0.0003197281764231591
-0.0002825883702102464
-0.00012556225315329267
-6.180867525344344e-05
-0.0002230424709929197
5.9091732690500984e-05
0.0001392642608510318
-0.00014991862171672798
-3.9752793808174136e-05
0.0004082141898385373
0.0006026500880701184
0.000572112099320711
0.0006482446541040262
0.000753893699825463
0.0007755312262410731
0.000667455193084531
0.0006306650087610094
0.0004241543822341631
0.00011966032715775461
-0.00016399118990387132
-0.00015744373315985916
-0.0003649488432435989
-0.0004302858189386869
-0.00040319917793170293
-0.00046978250454683505
-0.0005634265715439536
-0.00030581687511401244
6.023766575105822e-06
0.00022398095785051845
0.00020727912274853821
9.556794895946956e-05
0.00010043836633808617
4.2726993174531654e-05
3.9246815070850545e-05
1.470621652632124e-05
1.0829826380741276e-05
1.2188826057834134e-05
3.600459999271738e-05
2.6226710919418917e-05
2.499879360896513e-05
1.1533890479774336e-05
1.3183661983932635e-05
-3.0433177763577633e-06
-7.72476877727297e-06
-1.4465573854893405e-05
-4.295540080295209e-06
-9.381130500362467e-06
-6.8044028796270775e-06
-1.460909030290339e-05
-8.934765568365015e-06
-1.0138342092037637e-05
-4.4724701006603786e-07
-1.7425440365098502e-06
5.016326615305705e-06
1.8303020981199312e-06
6.404831578071812e-06
1.8352143373355848e-06
4.364540063394803e-06
1.1350350778704943e-07
3.2304673288421903e-06
-3.420501488958505e-07
2.8057578077608086e-06
-1.8360013778230544e-07
2.81492973159235e-06
-1.1777498260068024e-07
2.283120594935649e-06
-6.632380413887077e-07
1.6164485904666717e-06
-8.455154499347079e-07
1.5060460575850958e-06
-6.864282271170793e-07
1.4528732422127681e-06
-5.59453402490851e-07
1.4514439020308578e-06
-3.7870135921567135e-07
1.4997606224071324e-06
-1.541756404495101e-07
1.5937037365122996e-06
5.643736554548405e-08
1.6307439636557253e-06
1.7279532163389291e-07
1.5885295431535716e-06
2.1921349496401284e-07
1.513005849458759e-06
2.497293730874096e-07
1.4518501667845908e-06
3.027966920169078e-07
1.4201959814929665e-06
3.603544829463296e-07
1.3855357482751851e-06
4.053916370181854e-07
1.3510896254900412e-06
4.508515856744858e-07
1.3272028619671497e-06
5.023683770292824e-07
1.3142184719708402e-06
5.566298565707687e-07
1.3066560690304393e-06
6.09252283495383e-07
1.3015024999821203e-06
6.597205763558622e-07
1.298863602627595e-06
7.080801075559924e-07
1.2979055313701582e-06
7.538195173562433e-07
1.2977993657531197e-06
7.964025166148578e-07
1.2981584038815984e-06
8.366622231055113e-07
1.3002261777453435e-06
8.760789971473142e-07
1.3046998459547676e-06
9.149600626080518e-07
1.311228402094311e-06
9.530870781723256e-07
1.319485959985257e-06
9.905054914048807e-07
1.3294655328479482e-06
1.027474203084476e-06
1.341210455793173e-06
1.0641087729108736e-06
1.3545716561632302e-06
1.1003836279097935e-06
1.3693661662689434e-06
1.1362873698341977e-06
1.3854782315169019e-06
1.1718842182182904e-06
1.4028641294821197e-06
1.2072606538687455e-06
1.4214753368028358e-06
1.2424740548468496e-06
1.4412574972788453e-06
1.2775915444038959e-06
1.4621882804422698e-06
1.3126986038797727e-06
1.4842571579723267e-06
1.347870792866619e-06
1.5074417820120799e-06
1.3831620063672618e-06
1.5317099490020757e-06
1.418618073878962e-06
1.5570345465512874e-06
1.4542866389165039e-06
1.5833955448884976e-06
1.490214409517038e-06
1.6107748860614917e-06
1.5264432796757276e-06
1.6391544474306501e-06
1.5630113022764688e-06
1.6685186880727426e-06
1.5999563286493777e-06
1.698856659453291e-06
1.6373162144441944e-06
1.7301604263656855e-06
1.675127347382612e-06
1.7624238651904383e-06
1.713424514625833e-06
1.7956428269333045e-06
1.7522415082874823e-06
1.8298152731045455e-06
1.7916111486251257e-06
1.864940789561273e-06
1.8315649752615376e-06
1.9010202140795905e-06
1.8721333316576704e-06
1.9380557056848336e-06
1.9133457064869495e-06
1.9760508792310408e-06
1.955230962260714e-06
2.015010746823367e-06
1.997817354492819e-06
2.0549415555675397e-06
2.041132562404714e-06
2.0958507318234946e-06
2.0852038161111013e-06
2.137746881043506e-06
2.130058007875089e-06
2.180639743412992e-06
2.1757217393439864e-06
2.2245401121686344e-06
2.222221354964699e-06
2.269459775174728e-06
2.2695829980357132e-06
2.315411479591537e-06
2.3178326700303943e-06
2.3624088973489996e-06
2.3669962778556213e-06
2.4104665868680993e-06
2.4170996762411183e-06
2.4595999617151197e-06
2.4681687134492212e-06
2.509825268815236e-06
2.5202292791780506e-06
2.561159570238416e-06
2.573307345315177e-06
2.6136207213088222e-06
2.627429001905723e-06
2.6672273522466007e-06
2.6826204921145025e-06
2.721998852801797e-06
2.7389082471880025e-06
2.7779553602416993e-06
2.7963189182692396e-06
2.8351177471759646e-06
2.854879406233811e-06
2.8935076117413377e-06
2.9146168900014494e-06
2.9531472691155056e-06
2.9755588543475147e-06
3.0140597462452185e-06
3.0377331167796633e-06
3.0762687766683707e-06
3.101167852670087e-06
3.139798797277115e-06
3.165891619624447e-06
3.204674946443169e-06
3.2319333818569087e-06
3.2709230636874848e-06
3.299322532967575e-06
3.3385696902586996e-06
3.368088918530781e-06
3.4076420707158527e-06
3.438262857629004e-06
3.478168155413269e-06
3.50987516408707e-06
3.550176604541265e-06
3.582957167591857e-06
3.6236967926050356e-06
3.657540733930311e-06
3.6987588139340178e-06
3.7336582847665134e-06
3.7753934887652904e-06
3.8113428181323425e-06
3.8536323711474765e-06
3.890627927417926e-06
3.933507756203312e-06
3.971547820897186e-06
4.015052688706088e-06
4.054137340903731e-06
4.0983009728418575e-06
4.138431982943611e-06
4.183287181948947e-06
4.224467914849615e-06
4.2700466697552065e-06
4.312281996199939e-06
4.358615581336727e-06
4.401911796550644e-06
4.449030864856404e-06
4.493395614672067e-06
4.5413302840447185e-06
4.586772498072359e-06
4.635552432152607e-06
4.682082261976243e-06
4.731736745025528e-06
4.779365508490651e-06
4.82992351517138e-06
4.8786636464032834e-06
4.930153907418489e-06
4.980018910497215e-06
5.032469973293547e-06
5.083474381203826e-06
5.136914667481498e-06
5.1890740050223325e-06
5.2435318640145175e-06
5.296862614410984e-06
5.352366373408119e-06
5.406885948391237e-06
5.463463959959683e-06
5.519190673287325e-06
5.576871359760146e-06
5.633824403495236e-06
5.692636299032519e-06
5.750835723157945e-06
5.810807513635468e-06
5.870274207719949e-06
5.931434768112823e-06
5.992190445740334e-06
6.054568875923954e-06
6.11663606112225e-06
6.18026171984523e-06
6.243663735977869e-06
6.308566273252689e-06
6.3733272336178085e-06
6.43953662164985e-06
6.505681421934456e-06
6.573227984769307e-06
6.640782297283624e-06
6.709696739201225e-06
6.778687008825725e-06
6.849000441902911e-06
6.919453883234499e-06
6.99119785356129e-06
7.063142449680073e-06
7.136348963122722e-06
7.209813465677561e-06
7.284515012663446e-06
7.3595289432987494e-06
7.435758522851713e-06
7.51235217537509e-06
7.590143318756894e-06
7.668347762827753e-06
7.747734556463245e-06
7.827581642336466e-06
7.908598750447009e-06
7.990121114554078e-06
8.07280380140668e-06
8.15603487288333e-06
8.240419024388852e-06
8.32539303251044e-06
8.411515177876756e-06
8.498267160298996e-06
8.586164493452376e-06
8.674730305706932e-06
8.764440706369048e-06
8.85485703142454e-06
8.946419086032064e-06
9.038723444983014e-06
9.132176467583405e-06
9.226407231408733e-06
9.321791284720975e-06
9.417987686021365e-06
9.515343602117653e-06
9.613545748212515e-06
9.712915149351594e-06
9.813164035560877e-06
9.91458935525042e-06
1.0016926878880705e-05
1.0120451382723999e-05
1.022492035856661e-05
1.0330588165471211e-05
1.0437232340238762e-05
1.0545088443773057e-05
1.0653952512332749e-05
1.0764042801818644e-05
1.087517242424272e-05
1.098754370643155e-05
1.1100985524236694e-05
1.121568554483759e-05
1.1331487199807631e-05
1.1448564666615321e-05
1.1566774818461924e-05
1.1686279422813991e-05
1.1806947767961214e-05
1.1928930207302866e-05
1.205210749863279e-05
1.2176619499573087e-05
1.2302357566692711e-05
1.2429451908125821e-05
1.2557803677246852e-05
1.2687534214280169e-05
1.2818553729809263e-05
1.2950975417107086e-05
1.3084717863480708e-05
1.3219886779959722e-05
1.3356408503534441e-05
1.3494381876700092e-05
1.3633740409072869e-05
1.3774576640563363e-05
1.3916830721527612e-05
1.4060589412014175e-05
1.4205799013994322e-05
1.435254098954384e-05
1.4500767341800127e-05
1.4650554680192257e-05
1.4801860294351988e-05
1.495475635200462e-05
1.5109205047548555e-05
1.5265274486631595e-05
1.5422931417483996e-05
1.5582240234019e-05
1.5743171915401736e-05
1.5905787467675517e-05
1.607006180390951e-05
1.6236052841259456e-05
1.6403739153631e-05
1.657317584586454e-05
1.6744344901817136e-05
1.6917298869470812e-05
1.7092022911946447e-05
1.726856725678405e-05
1.7446920034434876e-05
1.762712937059506e-05
1.780918616854643e-05
1.7993136654423023e-05
1.8178974325912256e-05
1.836674369675058e-05
1.855644069511872e-05
1.8748108295885135e-05
1.894174470765987e-05
1.9137391526981642e-05
1.933504910523777e-05
1.9534757809658862e-05
1.9736520008570833e-05
1.9940374977911977e-05
2.0146326987602976e-05
2.0354414350658157e-05
2.0564643133084808e-05
2.0777050804088402e-05
2.099164512963953e-05
2.120846284564982e-05
2.1427513330411025e-05
2.1648832689455562e-05
2.1872431833228935e-05
2.2098346333031173e-05
2.2326588558650414e-05
2.2557193636209044e-05
2.2790175328903485e-05
2.3025568400970907e-05
2.3263387949086847e-05
2.350366845359805e-05
2.3746426290131774e-05
2.3991695727912843e-05
2.423949437281017e-05
2.4489856350809643e-05
2.474280045406058e-05
2.4998360729220834e-05
2.5256557115007098e-05
2.5517423638915472e-05
2.5780981350764526e-05
2.6047264315275575e-05
2.6316294662026736e-05
2.658810654591686e-05
2.6862723148586044e-05
2.714017876525969e-05
2.7420497605025332e-05
2.77037141509541e-05
2.7989853618100215e-05
2.8278950722109182e-05
2.857103166583046e-05
2.886613143989787e-05
2.9164277219253772e-05
2.946550431041537e-05
2.9769840847191915e-05
3.007732249037142e-05
3.038797832080511e-05
3.0701844391316365e-05
3.1018950721518825e-05
3.1339333791007766e-05
3.166302455191738e-05
3.1990059944464564e-05
3.232047184805224e-05
3.265429769669831e-05
3.2991570294314604e-05
3.33323276001824e-05
3.3676603340930826e-05
3.402443603199026e-05
3.437586032319361e-05
3.4730915315567875e-05
3.5089636584126804e-05
3.545206384422965e-05
3.581823359902962e-05
3.6188186206498286e-05
3.656195910229412e-05
3.693959331474336e-05
3.732112721787766e-05
3.770660253731023e-05
3.8096058591799567e-05
3.8489537831204327e-05
3.888708052715475e-05
3.9288729879798534e-05
3.969452712260257e-05
4.0104516232075324e-05
4.051873941357531e-05
4.09372414454203e-05
4.1360065516419815e-05
4.178725723182053e-05
4.22188607757403e-05
4.265492260573751e-05
4.309548791443969e-05
4.354060403631067e-05
4.399031718699866e-05
4.444467560201786e-05
4.490372653529124e-05
4.536751914756374e-05
4.583610174717888e-05
4.630952444468681e-05
4.678783661858399e-05
4.7271089355114876e-05
4.775933311892841e-05
4.8252619997773754e-05
4.875100155993673e-05
4.925453091969144e-05
4.976326076813471e-05
5.0277245271025325e-05
5.079653826127548e-05
5.132119498270978e-05
5.18512704280762e-05
5.2386820947453e-05
5.29279027112633e-05
5.347457320333503e-05
5.402688979224074e-05
5.458491112133885e-05
5.5148695780546115e-05
5.571830359755683e-05
5.629379440681595e-05
5.687522925022987e-05
5.746266922459779e-05
5.8056176621821024e-05
5.865581381674166e-05
5.926164438711996e-05
5.987373200501368e-05
6.049214156279739e-05
6.111693805944257e-05
6.174818771991408e-05
6.238595690321135e-05
6.303031319001781e-05
6.368132432135504e-05
6.433905926948185e-05
6.500358717055366e-05
6.5674978431421e-05
6.635330359841074e-05
6.703863455440311e-05
6.773104326383839e-05
6.843060316815905e-05
6.913738757895194e-05
6.98514717093722e-05
7.057292996595112e-05
7.130183973363784e-05
7.203827621797554e-05
7.278231927172448e-05
7.353404496012318e-05
7.429353526140553e-05
7.50608678949799e-05
7.583612616912129e-05
7.661939042612025e-05
7.741074450581548e-05
7.82102717001125e-05
7.901805638972897e-05
7.983418487766784e-05
8.065874159114391e-05
8.149181639022923e-05
8.233349248673409e-05
8.31838650698362e-05
8.40430145930477e-05
8.491104172843886e-05
8.578802587081401e-05
8.667407042967567e-05
8.756925784044302e-05
8.847369036363544e-05
8.938745604496114e-05
9.03106561466803e-05
9.124338322593923e-05
9.218573887800029e-05
9.313781825774029e-05
9.40997247479689e-05
9.507155724474507e-05
9.605341479593624e-05
9.704540747072119e-05
9.80476249690164e-05
9.906019020732898e-05
0.00010008318179908888
0.00010111673729642103
0.00010216092748579139
0.00010321589932390883
0.00010428172057325852
0.00010535855061284666
0.00010644644247001983
0.00010754558652757544
0.00010865600280977617
0.00010977792638564135
0.00011091133370876861
0.00011205649947547126
0.00011321337396092413
0.00011438224521031256
0.00011556305774800381
0.00011675610142323936
0.00011796131028965137
0.00011917900887760749
0.00012040906656234085
0.0001216519051894932
0.00012290729351830537
0.00012417577545514868
0.00012545698058111926
0.00012675165861148613
0.00012805914387881145
0.00012938065122359427
0.0001307148184592754
0.00013206388404070167
0.00013342510308534089
0.00013480222719929974
0.00013619207997525427
0.00013759795815692041
0.00013901865938473285
0.00014045320159144373
0.00014190612551247248
0.00014337160958255527
0.0001448574689374798
0.00014635453004730175
0.00014787153952228895
0.0001493993187535806
0.00015094809223712606
0.00015250388735691008
0.0001540813612515367
0.0001556642852295531
0.00015727036652832428
0.00015888213094192581
0.00016051175414089923
0.00016215860064641943
0.00016381649138759186
0.0001654975763110428
0.00016718676677578788
0.00016890418610583581
0.0001706272198635604
0.00017237856914528984
0.00017413530838712485
0.00017592286787173516
0.00017770652038799324
0.0001795296597463734
0.0001813345993418719
0.0001831914107495535
0.00018501547800027623
0.00018690526399319792
0.00018875143050596413
0.00019067229649869457
0.00019255517657471298
0.00019451802879032266
0.00019644016351695568
0.0001984611190041996
0.00020040189500158064
0.00020248730423255844
0.00020446070775363728
0.00020658051424315123
0.00020858682387197672
0.00021071833182268845
0.00021273996193567696
0.00021487480977771764
0.00021689318070440024
0.00021905979669860256
0.00022106387764553716
0.00022330113346272885
0.00022529634943003346
0.00022761821877161732
0.00022961665046757691
0.00023206957779931372
0.00023401291679224457
0.0002366720243583225
0.0002384375270948003
0.00024145232308606232
0.00024286846959060862
0.00024636863812444983
0.00024739223193885
0.0002501918566305704
0.0002621931707932172
0.0002665551703721975
0.00028125333446528823
0.0002761173752045343
0.0002875140443348549
0.0002934755195950852
0.000294327900154895
0.00028855093085321617
0.00028885348128343313
0.0002787842957603858
0.00026963562843286895
0.0002568054397334835
0.0002452646019518352
0.0002514132274699701
0.00024629479123375347
0.00026496169879720595
0.0002560138560903072
0.0002826144915252656
0.00026905407798390586
0.0002901920480293923
0.00026822143246988127
0.0002907827573185842
0.000275912214521442
0.00028262988492279754
0.0002621606218141011
0.00027397917050195906
0.00022023536232327134
0.0002587302593799353
0.0001989002302061094
0.0002394073296165865
0.00019327535268768775
0.00023674408882748069
0.00020123691617433153
0.00024144175625739813
0.00021115276374716972
0.00024635867533769805
0.00021864539629142638
0.00026471507640318
0.00020543665576359656
0.00025709167932782385
0.00021147449948959084
0.00023462266947060008
0.00020579459804832807
0.0002120849538492129
0.00020284279348175427
0.00020471343258504174
0.00019321070029536014
0.00019675818419487713
0.00019368085432450302
0.00019942840386581018
0.00019880570262653544
0.00020441782986710814
0.00020268820692445822
0.00022123582188569662
0.00020922938796259557
0.0002374388586815846
0.00022902651460017986
0.00024327682050469322
0.00023845127359274295
0.00024770792739271645
0.00024317412278197626
0.0002455880868010591
0.0002385482889480752
0.0002958352509394954
0.00021705554207642781
0.0002011961256047
0.00016204960302957456
0.0002097311838457051
0.00018026239658521485
0.0001514341620949022
0.0002127584457431557
0.00012474770868492783
0.00024449346372999167
8.121364487714464e-05
0.00018882285051422432
4.441793571721838e-05
0.00020294533885477492
2.1415268004192946e-05
0.00015956767868337577
6.762549419376271e-05
0.00011465032831448909
0.00012239054628202537
8.992174264720347e-05
7.84743861269346e-05
0.00013581635569964582
1.1078786830802368e-05
9.807047728371688e-05
-1.996881816592193e-05
4.237867236708088e-05
-8.793400578779094e-05
-1.4122495692692931e-05
-5.9020503622302675e-05
-8.723274597874662e-05
-0.00013006077046275597
-5.6893646428562126e-05
-0.00017347216444888957
-9.016656857723825e-05
-0.00019691688957047072
-0.00015044372413796026
-0.0001643146115109369
-0.00011920175712673183
-0.0001252915255679099
-2.3358485227569837e-05
-0.00013538962514031576
-5.284554437674489e-05
-5.805085082739464e-05
-3.401388292355168e-05
-1.4384956724346356e-05
2.310443388915063e-05
-4.8401302407455684e-05
5.955457670738884e-05
-4.363626686730801e-06
1.9304182229006296e-05
-2.9942886171970283e-05
-3.8626027151611e-05
-1.6691050043600225e-05
-5.337661973377325e-06
-5.5532866164139134e-05
3.733151081719444e-05
-8.205483273923022e-05
-8.21111735772672e-06
-4.661423503937106e-05
8.882301247449946e-06
-9.71970796024031e-06
5.820808209466677e-05
7.139262639288486e-05
0.00010999144853652957
0.00016128181844785071
0.00016554724796931586
0.00020803285055540367
0.00022364852429667054
0.00017933338777156404
0.0001952391014543459
0.00013501224981721585
0.0001363923415912558
0.00014898256640182285
0.00016509939848926723
0.00017672744673400483
0.00021832722657266806
0.0002605060873459657
0.00020655989558614665
0.0003069366650797678
0.0001798554034690645
0.0003231846709948279
0.00022623905553587507
0.0003484261545702032
0.00028969106695579536
0.0003282143663502357
0.00026165402061951055
0.00035805987293965034
0.00029723517044460274
0.00032094672479396856
0.0003386455286975448
0.00038905574939687086
0.0003870717822531677
0.0004551204025036688
0.00038039715631896324
0.00038572322356458653
0.0003404156570907536
0.0003982622484915245
0.0003013834123718215
0.0003636009441491682
0.00023653898073218812
0.00031427648895854374
0.00020654553013676547
0.0002321586726614312
0.00012892829046882274
0.0001806881399911364
8.32013254067484e-05
0.00014294607592568406
4.8634557662040334e-05
0.000107257376232699
2.129439845723405e-05
4.556546311546873e-05
5.869454510793945e-05
4.644623941478553e-05
6.0247365799310365e-05
2.9375697390913134e-05
0.00012321586881521365
1.5268183906859065e-06
0.00010141002345992033
7.721521912714227e-05
6.366475311628646e-05
4.348296253684717e-05
-1.0120487876010172e-05
8.502776611093218e-07
1.1379266639383046e-07
-0.00011536483611998679
1.0966746667729005e-05
-0.00017750391829524895
3.0155075782580645e-05
-0.0002039148180870185
1.1065166171766695e-05
-0.00016034725461188765
-7.479049524846807e-05
-0.00022209608459867303
-2.6687312678304544e-05
-0.0003053356931196421
-8.188887741463803e-05
-0.0003127506521299494
-0.00012377289870493837
-0.0002700481547121105
-0.00023151637915056568
-0.0002344132462280902
-0.00031394595670756077
-0.00030085145415047654
-0.00028134781342915047
-0.0002370088615094587
-0.00015799100518478268
-0.00013237067582696403
9.424248912498664e-05
8.267488842500059e-05
6.555501163793579e-05
-0.0001564080778292164
-0.00019633269685585464
-0.0003798406005708024
-0.00043757522059496184
-0.000547116017250263
-0.0004868355738371868
-0.0007607963229102033
-0.0006225848602059354
-0.0009208477665892966
-0.0005326669644572814
-0.0010106895836462344
-0.0005234087406338684
-0.0007335101876677636
-0.00020852337434715016
-0.0007414495165682912
0.0006444959176315958
-0.0008078013799607356
0.0005934301001158757
-0.0017511966281855578
0.0026507474660473255
-0.007812402293451742
0.03533091623659687
0.10197658599446176
0.0662136480390505
0.17304577278708097
0.2044636730008575
0.013992742031147847
-0.1528051895809465
-0.1315625570641884
-0.09051954279887117
-0.0738166919522528
-0.0621990021313562
-0.014320753299300406
-0.0027727267017167564
-0.033754687463999455
-0.0488057716961002
-0.02032375039071449
0.03963217558069333
0.05028447148209865
0.02886888107611406
0.011809095872552307
0.030016065197229116
0.014635135775824617
0.0065151116571660304
0.00459092898343793
0.01988553603876389
0.023004972888899935
-0.00018714282350110883
-0.018395355336479114
-0.004540396845057403
-0.004312514764428928
-0.014986886502661851
-0.027662587755384993
0.00805717059376248
0.013846042785881335
0.003551079908189971
-0.03179848414894209
-0.021341444498250057
-0.009621311700382705
0.0017927996622516505
0.00643909598934587
0.010074510265418859
0.014022319132673274
-0.0037888802059755427
-0.019942483696438557
-0.011489250020338735
0.012502153417783372
0.02313150321765132
0.01011026026242228
0.0015137971691972282
-0.003234978125630547
4.6882964534246136e-05
-0.002078082098321842
0.01013964857299713
0.011014217232867921
0.010971626741964783
-0.005928983085424585
-0.014886528929038667
-0.010672390809918365
-0.0011581854104207134
-0.0021935201525652218
-0.005238260663716125
-0.004285204319968788
-0.0003834008331441115
-0.002691373697573889
-0.007023719411788558
-0.0018845124346458983
0.010601390145493305
0.016622909762286177
0.006400698063560872
-0.003768142972444341
-0.0019337846685341064
-0.00510380007135741
-0.009982326087030154
-0.015131252362680888
-0.009083673046804325
-0.002661068858418851
-0.004222279181939899
-0.00943266525274964
-0.0070839212274388785
-0.0008987269546752931
0.003429616427954217
0.0011314644384458111
0.004478799443704249
0.010939341404262226
0.011710763183721063
0.004341615010506156
-0.0020875112050005255
-0.003286429236499311
-0.001895910187784445
-0.001958172711768089
-0.0014725684663755914
-0.0015741184680204078
-0.0026490655119599583
-0.0067004808969166
-0.007760173514736647
-0.0045202945757114015
-0.0006693572646605543
-0.000915211282161686
-0.0024316439540089125
-0.002671306892780745
-0.0014689915773949058
-0.0018332777322342144
-0.0012630179721392575
0.0006327842311772683
0.002493224081103383
0.001032013692636954
-0.0022757373241459977
-0.0025845289416277445
-0.0008349967853031898
0.0002979697312046692
-0.00044410961614117295
-0.002089437148418585
-0.0016721218072513998
-0.001555641394795605
-0.0024035579280698577
-0.0033229656076857288
-0.002177721826532771
-0.0007850737887161521
-0.001641974765356785
-0.0017675443560580789
-0.0013821224998999565
-0.0013486628530640248
-0.0019343492708034532
-0.002489274074538774
-0.0019496521153814584
-0.0010111864846138068
-0.0006366169055072373
-0.000908351484592248
-0.0007627693420843103
0.0009014897897642541
-0.0005646391986749181
0.00106902698089672
-0.0003874844996465518
0.0006631279477428481
-0.0002377967236966772
0.0006234691154582241
-0.00035732271591689194
0.00045235371952366066
-0.0003645567201032841
0.0003990872614555419
-0.0003645850797905028
0.00028413772195235755
-0.00034884794352001104
0.0002867217578185605
-0.00032771722657974113
0.00023783823693886803
-0.0003227351332006415
0.00022386712259855283
-0.0002922441632406472
0.00021584914617645262
-0.000264033780867635
0.00021097557142626174
-0.0002274588460669533
0.00021557220500510559
-0.00019653742056233273
0.00020120679251178254
-0.0001745369030213145
0.00018725305290078604
-0.00016300426783229412
0.00017018196550285664
-0.00015320756833595755
0.00015492694421571657
-0.0001429280337259132
0.00014022830404620927
-0.00013380261716968486
0.0001279113392562473
-0.00012430919400218912
0.00011747464766149887
-0.00011528851302731926
0.00010775726656815296
-0.00010633279754596818
9.949348319897994e-05
-9.79213576007506e-05
9.183639918542482e-05
-8.996851016525916e-05
8.504255270750305e-05
-8.252480035975904e-05
7.876558659417087e-05
-7.571716633842516e-05
7.286141996195737e-05
-6.962876881009303e-05
6.723581685672521e-05
-6.42190142765961e-05
6.19127702483071e-05
-5.927108847219684e-05
5.698214376208754e-05
-5.4731181844889165e-05
5.2435130857705594e-05
-5.052722976909763e-05
4.827605956258586e-05
-4.663102074278032e-05
4.445480143865305e-05
-4.3018910483135636e-05
4.0952606512191514e-05
-3.96716505907356e-05
3.77392175025526e-05
-3.657712147941278e-05
3.478332839440979e-05
-3.37193027437066e-05
3.206120451596656e-05
-3.108510494819264e-05
2.9551084831973967e-05
-2.8658125807875384e-05
2.7234347385291218e-05
-2.642606645372888e-05
2.5093103350739762e-05
-2.437347612105345e-05
2.3115148910114042e-05
-2.2484529367476636e-05
2.1289719433777166e-05
-2.0744512999702237e-05
1.9606718600055032e-05
-1.9140363642864715e-05
1.8055675483160463e-05
-1.7661298630639473e-05
1.662625534613279e-05
-1.6297514701425994e-05
1.530895104395339e-05
-1.5040158918013975e-05
1.409482077792084e-05
-1.3881041686741844e-05
1.2975576929201587e-05
-1.2812753639402192e-05
1.1943564855881467e-05
-1.1828363127262772e-05
1.0991850292267e-05
-1.0921393598132506e-05
1.0114076448359584e-05
-1.0085855697684201e-05
9.304423669090293e-06
-9.316171178176794e-06
8.557574892740868e-06
-8.607168903777585e-06
7.868659146156354e-06
-7.95405167083521e-06
7.233193818585052e-06
-7.352413930559791e-06
6.647021246309378e-06
-6.798220359992445e-06
6.106285972321207e-06
-6.287769455015873e-06
5.607422938041552e-06
-5.817653743798925e-06
5.147144096991172e-06
-5.384733478480956e-06
4.722416254611861e-06
-4.986117119047841e-06
4.330442901724269e-06
-4.6191376058920175e-06
3.96864822502143e-06
-4.2813343565654806e-06
3.634660196006607e-06
-3.970436899354047e-06
3.326294024286758e-06
-3.6843512079436417e-06
3.0415365212015577e-06
-3.4211463864159894e-06
2.778532414857149e-06
-3.179042218930464e-06
2.535571519553595e-06
-2.956398039037633e-06
2.311076779212937e-06
-2.751702283192159e-06
2.103593535714328e-06
-2.5635624664697987e-06
1.911780186548452e-06
-2.3906954983244147e-06
1.7343996519733878e-06
-2.2319189468122534e-06
1.5703113119660064e-06
-2.086143096051603e-06
1.4184635035794767e-06
-1.952363664296103e-06
1.2778865974886165e-06
-1.8296550870525955e-06
1.1476866167074544e-06
-1.7171643504965747e-06
1.0270393053260453e-06
-1.6141053493183414e-06
9.151846377397361e-07
-1.5197536927224467e-06
8.114217633543603e-07
-1.4334419001656005e-06
7.151043665261456e-07
-1.3545549706123672e-06
6.256363821662578e-07
-1.2825262851418962e-06
5.424680463190102e-07
-1.2168338608335824e-06
4.6509227494078396e-07
-1.1569968250170753e-06
3.930413330058193e-07
-1.1025722241887184e-06
3.258837514205355e-07
-1.0531520496312186e-06
2.6322148766698677e-07
-1.0083605169372545e-06
2.046873078758284e-07
-9.678515423044358e-07
1.499423740537525e-07
-9.31306437140008e-07
9.867400958807598e-08
-8.98431764941119e-07
5.059365390774461e-08
-8.689573797951845e-07
5.434963085349442e-09
-8.426346077437043e-07
-3.704793092872995e-08
-8.192345814374388e-07
-7.708203474720622e-08
-7.98546693917744e-07
-1.1487696928490308e-07
-7.80377181838906e-07
-1.5062634382636306e-07
-7.645478128306931e-07
-1.845090084451939e-07
-7.508946818383716e-07
-2.1669022482786722e-07
-7.39267097594924e-07
-2.473227279857432e-07
-7.295265556211668e-07
-2.7654771951105797e-07
-7.215457952809278e-07
-3.0449577585468486e-07
-7.152079304468227e-07
-3.3128769112459943e-07
-7.104056452994126e-07
-3.570352444937216e-07
-7.070404526619909e-07
-3.8184192040354673e-07
-7.05022018284698e-07
-4.058035632164219e-07
-7.042675277183473e-07
-4.2900898528924346e-07
-7.047011100537741e-07
-4.515405250185697e-07
-7.062533042539722e-07
-4.73474565563164e-07
-7.088605685229304e-07
-4.948820078823379e-07
-7.124648253905696e-07
-5.158287105720932e-07
-7.170130476411604e-07
-5.363758954871642e-07
-7.224568712655213e-07
-5.56580519085303e-07
-7.28752243434451e-07
-5.764956186802271e-07
-7.358590947649437e-07
-5.961706283031184e-07
-7.43741040628318e-07
-6.156516739778354e-07
-7.52365103809838e-07
-6.349818416842437e-07
-7.617014592272396e-07
-6.542014289664944e-07
-7.717232001079773e-07
-6.733481719449139e-07
-7.824061205652984e-07
-6.924574619972647e-07
-7.937285194528979e-07
-7.115625382426863e-07
-8.056710141833351e-07
-7.306946705658095e-07
-8.182163744497207e-07
-7.498833257430382e-07
-8.313493660085276e-07
-7.691563219195665e-07
-8.450566090722166e-07
-7.885399719719682e-07
-8.593264450643665e-07
-8.080592135555368e-07
-8.741488190823206e-07
-8.277377319935335e-07
-8.895151653023827e-07
-8.47598073170253e-07
-9.054183103774315e-07
-8.676617468430495e-07
-9.21852372461821e-07
-8.879493209185621e-07
-9.388126811501552e-07
-9.084805127107016e-07
-9.56295694131414e-07
-9.29274271485217e-07
-9.742989314586554e-07
-9.503488540079329e-07
-9.928208997370548e-07
-9.717218932595267e-07
-1.0118610384602387e-06
-9.93410467049363e-07
-1.0314196612311376e-06
-1.0154311556428888e-06
-1.0514979043977659e-06
-1.0378001001336724e-06
-1.0720976808426008e-06
-1.060533053044989e-06
-1.093221638220741e-06
-1.0836454291526722e-06
-1.1148731182170795e-06
-1.1071523471121948e-06
-1.1370561219833892e-06
-1.1310686748650702e-06
-1.15977527709989e-06
-1.1554090655352682e-06
-1.183035808656691e-06
-1.1801879973180563e-06
-1.2068435127117884e-06
-1.2054198037157423e-06
-1.2312047303345485e-06
-1.2311187080605007e-06
-1.256126327477941e-06
-1.2572988509320163e-06
-1.2816156740449796e-06
-1.283974320762316e-06
-1.3076806275805338e-06
-1.3111591769447793e-06
-1.3343295147615303e-06
-1.3388674760571664e-06
-1.3615711197699552e-06
-1.3671132948771172e-06
-1.389414670147581e-06
-1.3959107512918835e-06
-1.4178698258939464e-06
-1.4252740247178413e-06
-1.4469466686366553e-06
-1.455217376204851e-06
-1.4766556955739924e-06
-1.4857551668075219e-06
-1.507007809332158e-06
-1.5169018743056142e-06
-1.5380143133718154e-06
-1.5486721095575497e-06
-1.5696869054373e-06
-1.5810806337725918e-06
-1.602037674582342e-06
-1.6141423725257172e-06
-1.6350790970611699e-06
-1.647872430662645e-06
-1.6688240337167485e-06
-1.682286106177041e-06
-1.7032857277440709e-06
-1.7173989029351357e-06
-1.7384778042625276e-06
-1.7532265450391724e-06
-1.774414269677631e-06
-1.7897849886002105e-06
-1.811109512200957e-06
-1.8270904336328397e-06
-1.8485783014471346e-06
-1.8651593362440516e-06
-1.8868357909880562e-06
-1.9040084207142677e-06
-1.925897521352221e-06
-1.9436546903685596e-06
-1.9657794193168876e-06
-1.9841154385502255e-06
-2.006497804046825e-06
-2.0254082597264897e-06
-2.0480693884534704e-06
-2.0675510605460638e-06
-2.0905112839578817e-06
-2.110562070401119e-06
-2.1338410049606335e-06
-2.154459850594757e-06
-2.178076472614948e-06
-2.1992633078738062e-06
-2.223236019239941e-06
-2.2449917015806512e-06
-2.2693383973760368e-06
-2.291664654926883e-06
-2.316402778575486e-06
-2.339302167664109e-06
-2.364448772194095e-06
-2.3879246252345683e-06
-2.413496415380296e-06
-2.4375528059059678e-06
-2.4635661921974237e-06
-2.4882078941125904e-06
-2.5146790338096393e-06
-2.539911491921197e-06
-2.566856333670324e-06
-2.592685627707371e-06
-2.620119944559505e-06
-2.6465527660812e-06
-2.6744921961819186e-06
-2.7015358211109915e-06
-2.7299958984848614e-06
-2.7576581645787193e-06
-2.7866543520593808e-06
-2.814943638633779e-06
-2.844491354700566e-06
-2.873416564416009e-06
-2.903531214301472e-06
-2.9331017570298793e-06
-2.963798754762438e-06
-2.9940245316516993e-06
-3.025319328750541e-06
-3.0562107207621615e-06
-3.0881188246929727e-06
-3.119686679973945e-06
-3.1522236799169006e-06
-3.1844793048617663e-06
-3.2176608893735344e-06
-3.250616038694013e-06
-3.284458017227414e-06
-3.3181248879988524e-06
-3.3526432073719445e-06
-3.387034431205459e-06
-3.4222451959529737e-06
-3.4573738355702516e-06
-3.4932933225603887e-06
-3.5291728652064695e-06
-3.565817541281713e-06
-3.602461898066789e-06
-3.6398484346035487e-06
-3.6772719364808193e-06
-3.715417225498563e-06
-3.7536346222761738e-06
-3.7925557896667517e-06
-3.83158224858543e-06
-3.8712966686747785e-06
-3.911147775755713e-06
-3.951673084843371e-06
-3.992364843900722e-06
-4.033718953347343e-06
-4.075267788493722e-06
-4.117468897668619e-06
-4.1598916541880915e-06
-4.202958262693179e-06
-4.246272210357838e-06
-4.290223130675071e-06
-4.334445966380513e-06
-4.379300335701289e-06
-4.424450186587929e-06
-4.470227479138082e-06
-4.516322907354049e-06
-4.563042945343425e-06
-4.610102952187084e-06
-4.6577859183997424e-06
-4.705829948856849e-06
-4.75449639734493e-06
-4.803544345680132e-06
-4.853215213604725e-06
-4.903287429781911e-06
-4.9539840479948145e-06
-5.005101342621561e-06
-5.05684544874728e-06
-5.109029100695481e-06
-5.16184284887148e-06
-5.215114611237855e-06
-5.269020583879185e-06
-5.323402692573084e-06
-5.378423911821771e-06
-5.433939091898862e-06
-5.490099031616054e-06
-5.5467705057273e-06
-5.604093101960802e-06
-5.661944599106954e-06
-5.720454262065321e-06
-5.779510025465031e-06
-5.8392316501036635e-06
-5.89951644677279e-06
-5.960475427480686e-06
-6.022014556506883e-06
-6.0842367963858356e-06
-6.147056101852948e-06
-6.210568026149971e-06
-6.274693900232319e-06
-6.3395224636866344e-06
-6.404981864868275e-06
-6.471154572514374e-06
-6.537975030358354e-06
-6.605519943621708e-06
-6.673729572873478e-06
-6.742675323387663e-06
-6.8123028330282684e-06
-6.882678636427808e-06
-6.953753342394569e-06
-7.025589010859097e-06
-7.098140847746747e-06
-7.1714668022665896e-06
-7.245526334138507e-06
-7.320373619611057e-06
-7.3959720536277956e-06
-7.4723723498407515e-06
-7.549541548736768e-06
-7.6275271877284355e-06
-7.706299682258512e-06
-7.785903659072112e-06
-7.86631266155597e-06
-7.947568650171991e-06
-8.029648068612311e-06
-8.112590436094012e-06
-8.196374887076705e-06
-8.281038708886313e-06
-8.366563533230599e-06
-8.452984606542938e-06
-8.540285881855104e-06
-8.628500743387835e-06
-8.717615301131977e-06
-8.807661240701407e-06
-8.898626680099329e-06
-8.990541757497431e-06
-9.083396460769495e-06
-9.177219521090078e-06
-9.272002670503848e-06
-9.367773361793584e-06
-9.464524955855955e-06
-9.562283745193317e-06
-9.66104461262577e-06
-9.760832803418391e-06
-9.861644622375558e-06
-9.963504371153118e-06
-1.0066409684974511e-05
-1.017038401914265e-05
-1.0275426254057352e-05
-1.0381559087876751e-05
-1.0488782569960018e-05
-1.0597118724408987e-05
-1.0706568696939667e-05
-1.0817153917707127e-05
-1.0928876561202422e-05
-1.1041757536349992e-05
-1.1155799987761904e-05
-1.1271024366236548e-05
-1.1387434738723066e-05
-1.1505051150780638e-05
-1.1623878549855146e-05
-1.174393662838058e-05
-1.1865231169567655e-05
-1.19877815668544e-05
-1.211159439547943e-05
-1.223668879945898e-05
-1.2363072111711178e-05
-1.2490763264156506e-05
-1.2619770325952287e-05
-1.2750112046464295e-05
-1.2881797208348558e-05
-1.3014844420879731e-05
-1.3149263141128522e-05
-1.3285071891065182e-05
-1.3422280762235422e-05
-1.3560908236906824e-05
-1.3700965009813548e-05
-1.3842469548978279e-05
-1.3985433150849602e-05
-1.4129874269751307e-05
-1.4275804805393127e-05
-1.4423243223253557e-05
-1.457220198892474e-05
-1.4722699646924596e-05
-1.4874749152308988e-05
-1.5028369235747276e-05
-1.5183573253578497e-05
-1.5340380198531917e-05
-1.54988038038571e-05
-1.5658863337966863e-05
-1.5820572930037337e-05
-1.598395208813816e-05
-1.614901542209852e-05
-1.63157825256513e-05
-1.6484268795334718e-05
-1.6654493309606333e-05
-1.6826473317786174e-05
-1.7000225717879805e-05
-1.717577183266497e-05
-1.73531242182504e-05
-1.7532309551298447e-05
-1.771333637671374e-05
-1.7896233780244613e-05
-1.808101175300187e-05
-1.8267694409110705e-05
-1.845630071251915e-05
-1.864684272309767e-05
-1.883935314400762e-05
-1.9033831654337308e-05
-1.923032122138138e-05
-1.9428813749665028e-05
-1.9629361113477294e-05
-1.9831945579053527e-05
-2.0036632243963966e-05
-2.024338962239823e-05
-2.0452296989776535e-05
-2.0663313899899755e-05
-2.087652125378793e-05
-2.109188720292917e-05
-2.130947216695024e-05
-2.1529271507924816e-05
-2.1751318998141137e-05
-2.1975624944882985e-05
-2.220221656132671e-05
-2.243110910725497e-05
-2.2662320267715567e-05
-2.2895877150338464e-05
-2.3131783543998963e-05
-2.3370095285362704e-05
-2.3610771742362614e-05
-2.3853916145713766e-05
-2.409946515980957e-05
-2.4347519326311964e-05
-2.4598035912072873e-05
-2.485109078919788e-05
-2.5106672217477862e-05
-2.5364810643579982e-05
-2.5625523591948918e-05
-2.5888841491142345e-05
-2.615474141196006e-05
-2.642329782170938e-05
-2.6694449461628356e-05
-2.6968303161434802e-05
-2.7244806873272243e-05
-2.752399304083164e-05
-2.7805981986615824e-05
-2.8090607218304864e-05
-2.837815928957016e-05
-2.8668371159672364e-05
-2.896154069513654e-05
-2.925753263109329e-05
-2.9556315556816815e-05
-2.9858251138888126e-05
-3.0162602943344802e-05
-3.0470739634344546e-05
-3.078027614085606e-05
-3.109520845305438e-05
-3.140920344640752e-05
-3.173191423769419e-05
-3.204927396194375e-05
-3.238017625333422e-05
-3.27053323546483e-05
-3.303755964633863e-05
-3.3374912601098826e-05
-3.370067272386024e-05
-3.405080975686976e-05
-3.436829052812075e-05
-3.472351400454424e-05
-3.503712599340947e-05
-3.5389582051559385e-05
-3.57141055579207e-05
-3.606354456749418e-05
-3.639378724395526e-05
-3.675863166367269e-05
-3.709900924605984e-05
-3.7463462456002885e-05
-3.781778838602872e-05
-3.818187370389826e-05
-3.855088303132238e-05
-3.888528512656738e-05
-3.9267844098818805e-05
-3.959242203194774e-05
-3.994543892607078e-05
-4.025779875112929e-05
-4.0612750277895676e-05
-4.0898710790061724e-05
-4.124985624249779e-05
-4.1530174220375015e-05
-4.1892951476728106e-05
-4.216184301304845e-05
-4.2524591020325075e-05
-4.281789496459276e-05
-4.316390562766133e-05
-4.347660269192817e-05
-4.381664264972924e-05
-4.417524321431054e-05
-4.449326933010539e-05
-4.482082889825889e-05
-4.5108077686171666e-05
-4.537354375551249e-05
-4.562449086584501e-05
-4.5817016642750626e-05
-4.610121654301247e-05
-4.6336594312168175e-05
-4.658806268563638e-05
-4.6956741063697294e-05
-4.721323247784302e-05
-4.7609698313182125e-05
-4.7905756245724025e-05
-4.8174965757707966e-05
-4.866265219795069e-05
-4.8590015272207375e-05
-4.932562218796957e-05
-4.89614588991101e-05
-5.0025193280554305e-05
-4.883303489929946e-05
-5.0903078791195286e-05
-4.8340607415556236e-05
-5.191551903061973e-05
-4.73761588595746e-05
-5.362794765034328e-05
-4.638939265747184e-05
-5.11829092388732e-05
-8.547729033048208e-05
-2.3795547287120176e-05
-5.4051095240882836e-05
1.2349186752161302e-05
-5.310058877532029e-06
5.689887686313798e-05
5.001820154636061e-05
5.192671666582677e-06
1.2452966066803955e-05
-3.8229936586696303e-05
-5.00399760300267e-05
-8.730771003530595e-05
-3.8700125794930454e-05
-5.8071512557792684e-05
-4.604915183793615e-07
-4.378357434010698e-06
8.009091990549686e-05
5.159934361881845e-05
0.00012527191718252447
0.00014018543412536025
0.00017535109457959445
0.00011702542442156765
0.00022423458396011835
7.956265738601946e-05
0.0001747016661780335
0.00014753530616025943
0.00012652873731966522
0.00018333191415995437
0.00011251226432057551
0.00013167390651167135
8.388128990477586e-05
0.00014763710129953286
4.217600563555894e-05
0.00017338215720367068
9.335243629743194e-05
0.00013128074289606918
0.00014964404387489357
0.00017072794888257055
0.00012805715352323546
0.0001477590538715776
8.838723904906547e-05
0.00016685946188412692
5.709901034256929e-05
0.00019185196403942995
0.00010340070034196069
0.00023342564932493979
9.862892028825654e-05
0.0001979507701294201
0.00013652620810674921
0.00015537799801371795
0.00010645152776751892
0.00010974718326738997
0.00012379355161120796
0.0001468007573190942
9.81517860241336e-05
0.0001950008660641066
6.497472935282318e-05
0.00022447464675600423
0.00011990593603820251
0.00018078010825845503
0.00019849922909673088
0.00022426480435546386
